time,flux,flux_err,time_original,timecorr,cadenceno,centroid_col,centroid_row,sap_flux,sap_flux_err,sap_bkg,sap_bkg_err,pdcsap_flux,pdcsap_flux_err,quality,psf_centr1,psf_centr1_err,psf_centr2,psf_centr2_err,mom_centr1,mom_centr1_err,mom_centr2,mom_centr2_err,pos_corr1,pos_corr2
-0.5816590534561783,1.000243855017932,0.00028211892949769034,1712.084340946745,-2.8943145e-03,348935,1328.20780,1818.98720,1.5861817e+05,4.4647026e+01,2.9289910e+03,1.1006938e+01,1.6631211e+05,4.6908360e+01,0,nan,nan,nan,nan,1328.20780,2.5705239e-04,1818.98720,2.2689384e-04,5.4502208e-03,5.2116481e-03
-0.5816105403423535,1.0000117907594432,0.00029911923883968455,1761.1634294598593,-2.9501934e-03,384272,1042.63153,1775.56550,1.5923598e+05,4.7606503e+01,1.0102126e+04,1.6380465e+01,1.6663012e+05,4.9841690e+01,0,nan,nan,nan,nan,1042.63153,2.8047958e-04,1775.56550,2.5021951e-04,8.5849212e-03,3.5338175e-02
-0.5815674278314873,1.0004938108289891,0.0002909059873228137,1755.0285925723701,-3.0676194e-03,379855,1042.61052,1775.56745,1.5914512e+05,4.6285809e+01,5.3079360e+03,1.4120021e+01,1.6666180e+05,4.8458984e+01,0,nan,nan,nan,nan,1042.61052,2.7082884e-04,1775.56745,2.4157403e-04,-1.5121859e-02,3.5807144e-02
-0.5813695028450638,1.0002424971175892,0.00029320188621328335,1742.7590304973564,-3.1907721e-03,371021,1042.61545,1775.51907,1.5905994e+05,4.6633224e+01,6.5663403e+03,1.4783725e+01,1.6655606e+05,4.8822708e+01,0,nan,nan,nan,nan,1042.61545,2.7340127e-04,1775.51907,2.4418463e-04,-1.0242826e-02,-1.6232979e-02
-0.5810417413322284,0.9998029378858525,0.00028194353916821067,1920.6708782588712,3.1838235e-03,499113,471.02134,463.88636,1.6416652e+05,4.6223564e+01,2.5860647e+03,1.3421182e+01,1.6981958e+05,4.7888973e+01,0,nan,nan,nan,nan,471.02134,2.5837054e-04,463.88636,2.9320276e-04,2.3425877e-02,-1.4862762e-02
-0.5810315941339468,0.9998475110260905,0.00028408292056939405,1730.4896084060674,-3.1744004e-03,362187,1328.20151,1819.02630,1.5839577e+05,4.4919502e+01,4.0076589e+03,1.1602145e+01,1.6610445e+05,4.7194633e+01,0,nan,nan,nan,nan,1328.20151,2.5971886e-04,1819.02630,2.2889185e-04,-2.4708004e-03,4.8655324e-02
-0.5808916605383274,1.00003373374205,0.000287707295819467,1914.536148339665,3.1735140e-03,494696,471.01847,463.88187,1.6415505e+05,4.7174503e+01,5.7071636e+03,1.5258201e+01,1.6988039e+05,4.8874180e+01,0,nan,nan,nan,nan,471.01847,2.6474826e-04,463.88187,3.0025453e-04,2.0743975e-02,-2.0456733e-02
-0.580769790860586,0.9999781926203234,0.00028215915187304,1908.4013902093427,3.1349936e-03,490279,471.00168,463.88442,1.6395270e+05,4.6238041e+01,2.6048179e+03,1.3519180e+01,1.6977273e+05,4.7903973e+01,0,nan,nan,nan,nan,471.00168,2.5816224e-04,463.88442,2.9337578e-04,1.3095583e-03,-1.7044118e-02
-0.5806942372007597,0.9994003854965028,0.0002823920014301249,1902.2665857630025,3.0501573e-03,485862,470.98349,463.84723,1.6379830e+05,4.6291576e+01,2.9125168e+03,1.3661635e+01,1.6973102e+05,4.7959438e+01,0,nan,nan,nan,nan,470.98349,2.5862458e-04,463.84723,2.9422101e-04,-1.7155660e-02,-5.8460023e-02
-0.5805558309468779,1.0002894627891175,0.00028445031489608474,1718.2203241692544,-3.0195324e-03,353353,1328.20652,1818.98255,1.5799394e+05,4.4985237e+01,4.4840801e+03,1.1830043e+01,1.6620611e+05,4.7263699e+01,0,nan,nan,nan,nan,1328.20652,2.6095597e-04,1818.98255,2.3088725e-04,4.1254358e-03,7.8133313e-04
-0.5802701986992815,1.0000258372445945,0.0002820200338111387,1712.0857298015019,-2.8943480e-03,348936,1328.20895,1818.98452,1.5859298e+05,4.4632210e+01,2.9286292e+03,1.0941327e+01,1.6627898e+05,4.6892792e+01,0,nan,nan,nan,nan,1328.20895,2.5716730e-04,1818.98452,2.2714700e-04,6.5953298e-03,2.6787629e-03
-0.5802216213446627,0.9998511470449978,0.00029904227655789796,1761.164818378857,-2.9501626e-03,384273,1042.62897,1775.57464,1.5923714e+05,4.7593891e+01,1.0096057e+04,1.6320551e+01,1.6660208e+05,4.9828484e+01,0,nan,nan,nan,nan,1042.62897,2.8079038e-04,1775.57464,2.5010080e-04,5.3996909e-03,4.4351391e-02
-0.5801785174485303,0.9997833654475893,0.0002909049680582927,1755.029981482753,-3.0675973e-03,379856,1042.61419,1775.56404,1.5911234e+05,4.6285847e+01,5.3120605e+03,1.4098207e+01,1.6654417e+05,4.8459026e+01,0,nan,nan,nan,nan,1042.61419,2.7095436e-04,1775.56404,2.4168605e-04,-1.1420778e-02,3.2933440e-02
-0.5799806078298388,1.0001241969642654,0.0002932003147271313,1742.7604193923717,-3.1907654e-03,371022,1042.61420,1775.52121,1.5888319e+05,4.6632980e+01,6.5733496e+03,1.4779261e+01,1.6653639e+05,4.8822456e+01,0,nan,nan,nan,nan,1042.61420,2.7383017e-04,1775.52121,2.4476708e-04,-1.2317302e-02,-1.4294198e-02
-0.579652853733478,0.9998210624760544,0.00028199975966161373,1920.67226714647,3.1838228e-03,499114,471.02715,463.88804,1.6412050e+05,4.6232307e+01,2.5861221e+03,1.3465734e+01,1.6982094e+05,4.7898033e+01,0,nan,nan,nan,nan,471.02715,2.5848302e-04,463.88804,2.9354909e-04,2.9319683e-02,-1.2608988e-02
-0.5796427146970018,1.000527124310341,0.0002840322388118237,1730.4909972855044,-3.1744093e-03,362188,1328.20328,1819.02211,1.5841222e+05,4.4911533e+01,4.0144756e+03,1.1599654e+01,1.6621753e+05,4.7186264e+01,0,nan,nan,nan,nan,1328.20328,2.5937482e-04,1819.02211,2.2893939e-04,-5.6522881e-04,4.2866170e-02
-0.5795027680496787,0.9997157223848516,0.00028795419834233386,1914.5375372321537,3.1735182e-03,494697,471.01572,463.90015,1.6419997e+05,4.7215179e+01,5.7341157e+03,1.5353626e+01,1.6982705e+05,4.8916317e+01,0,nan,nan,nan,nan,471.01572,2.6461703e-04,463.90015,2.9988080e-04,1.7830918e-02,-4.7183491e-04
-0.5793808871962938,0.9999049253280573,0.00028204705542050494,1908.402779113007,3.1350090e-03,490280,470.99935,463.87198,1.6390028e+05,4.6219795e+01,2.6120576e+03,1.3493167e+01,1.6976075e+05,4.7885071e+01,0,nan,nan,nan,nan,470.99935,2.5814577e-04,463.87198,2.9360742e-04,-5.5598904e-04,-3.0937236e-02
-0.5793053263191723,1.0001586792103807,0.0002826001542380424,1902.267974673884,3.0501799e-03,485863,470.98996,463.85683,1.6398736e+05,4.6325745e+01,2.8968306e+03,1.3725451e+01,1.6985997e+05,4.7994835e+01,0,nan,nan,nan,nan,470.98996,2.5827004e-04,463.85683,2.9375881e-04,-1.1381091e-02,-4.7562394e-02
-0.5791669666443795,0.9999428047317259,0.00028430478814699134,1718.2217130335569,-3.0195564e-03,353354,1328.20540,1818.99115,1.5792050e+05,4.4962330e+01,4.4737783e+03,1.1829176e+01,1.6614892e+05,4.7239635e+01,0,nan,nan,nan,nan,1328.20540,2.6065760e-04,1818.99115,2.3079784e-04,2.5052181e-03,9.3163811e-03
-0.5788813439430669,0.9995965421193922,0.0002820259147114374,1712.087118656258,-2.8943815e-03,348937,1328.21042,1818.98358,1.5855075e+05,4.4633953e+01,2.9239502e+03,1.0976521e+01,1.6621061e+05,4.6894619e+01,0,nan,nan,nan,nan,1328.21042,2.5720612e-04,1818.98358,2.2704132e-04,8.1110746e-03,1.4360331e-03
-0.5788327025802573,1.000258137290287,0.0002989398723426902,1761.1662072976214,-2.9501321e-03,384274,1042.63302,1775.57087,1.5928627e+05,4.7577232e+01,1.0076225e+04,1.6277554e+01,1.6666864e+05,4.9811043e+01,0,nan,nan,nan,nan,1042.63302,2.8030237e-04,1775.57087,2.5007786e-04,1.0278739e-02,4.0456437e-02
-0.5787896070660281,1.0002921673022973,0.00029088819878029225,1755.0313703931356,-3.0675752e-03,379857,1042.61290,1775.57202,1.5914012e+05,4.6283371e+01,5.3164438e+03,1.4120847e+01,1.6662962e+05,4.8456432e+01,0,nan,nan,nan,nan,1042.61290,2.7093338e-04,1775.57202,2.4163254e-04,-1.2428413e-02,4.1032545e-02
-0.5785917130472171,0.999697550619799,0.00029300137461270374,1742.7618082871543,-3.1907589e-03,371023,1042.61337,1775.52020,1.5892648e+05,4.6601349e+01,6.5738901e+03,1.4732242e+01,1.6646538e+05,4.8789341e+01,0,nan,nan,nan,nan,1042.61337,2.7357726e-04,1775.52020,2.4445177e-04,-1.2695152e-02,-1.5050096e-02
-0.5782639663671034,0.9995316593180428,0.0002819995113771872,1920.6736560338363,3.1838219e-03,499115,471.02612,463.89667,1.6405800e+05,4.6231815e+01,2.6076987e+03,1.3488220e+01,1.6977011e+05,4.7897522e+01,0,nan,nan,nan,nan,471.02612,2.5880081e-04,463.89667,2.9328128e-04,2.8916931e-02,-4.1395039e-03
-0.5782538352598294,1.0002395982304422,0.00028395445251469976,1730.4923861649415,-3.1744181e-03,362189,1328.20029,1819.02362,1.5835742e+05,4.4899288e+01,4.0006858e+03,1.1591930e+01,1.6616997e+05,4.7173401e+01,0,nan,nan,nan,nan,1328.20029,2.5943553e-04,1819.02362,2.2895912e-04,-3.6732680e-03,4.5405582e-02
-0.57811387556103,1.0000611924874678,0.0002877451069703362,1914.5389261246423,3.1735224e-03,494698,471.01465,463.89391,1.6426809e+05,4.7181068e+01,5.7137500e+03,1.5272078e+01,1.6988639e+05,4.8880981e+01,0,nan,nan,nan,nan,471.01465,2.6429287e-04,463.89391,2.9959047e-04,1.6668988e-02,-8.0479244e-03
-0.5779919835322289,0.9997739999751009,0.0002819216996192241,1908.404168016671,3.1350243e-03,490281,470.99653,463.86960,1.6381398e+05,4.6199375e+01,2.6110688e+03,1.3492259e+01,1.6973897e+05,4.7863914e+01,0,nan,nan,nan,nan,470.99653,2.5805790e-04,463.86960,2.9402482e-04,-3.8637116e-03,-3.3496827e-02
-0.5779164154369028,0.9998794022161511,0.00028250583256399746,1902.2693635847663,3.0502025e-03,485864,470.98307,463.84300,1.6390744e+05,4.6310333e+01,2.9060786e+03,1.3687601e+01,1.6981270e+05,4.7978867e+01,0,nan,nan,nan,nan,470.98307,2.5830383e-04,463.84300,2.9419141e-04,-1.8127974e-02,-6.2775090e-02
-0.5777781023414263,1.0001850207437284,0.0002843945625542751,1718.2231018978598,-3.0195804e-03,353355,1328.20675,1818.98344,1.5801441e+05,4.4976627e+01,4.4699849e+03,1.1818895e+01,1.6618955e+05,4.7254658e+01,0,nan,nan,nan,nan,1328.20675,2.6062838e-04,1818.98344,2.3087271e-04,4.5011817e-03,1.2521483e-03
-0.5774924891859428,0.9994453874191088,0.0002820303076042639,1712.0885075110152,-2.8944151e-03,348938,1328.21131,1818.99590,1.5840556e+05,4.4635426e+01,2.9322700e+03,1.1002391e+01,1.6618839e+05,4.6896172e+01,0,nan,nan,nan,nan,1328.21131,2.5747466e-04,1818.99590,2.2761506e-04,8.8880975e-03,1.4735055e-02
-0.5774437835825665,1.0000030651067287,0.00029902360776447713,1761.1675962166191,-2.9501014e-03,384275,1042.62591,1775.56729,1.5933217e+05,4.7590202e+01,1.0060255e+04,1.6296261e+01,1.6662489e+05,4.9824623e+01,0,nan,nan,nan,nan,1042.62591,2.8034102e-04,1775.56729,2.5010828e-04,2.3921400e-03,3.6455262e-02
-0.5774006966830711,0.9999056114824985,0.00029102151277918183,1755.0327593035186,-3.0675530e-03,379858,1042.61047,1775.55999,1.5915627e+05,4.6304764e+01,5.3447480e+03,1.4155985e+01,1.6656589e+05,4.8478832e+01,0,nan,nan,nan,nan,1042.61047,2.7083108e-04,1775.55999,2.4165654e-04,-1.5141026e-02,2.8323166e-02
-0.57720281803131,0.9994866591913366,0.00029303901334945564,1742.7631971821702,-3.1907521e-03,371024,1042.61232,1775.52789,1.5900441e+05,4.6607346e+01,6.5884268e+03,1.4714118e+01,1.6643030e+05,4.8795620e+01,0,nan,nan,nan,nan,1042.61232,2.7343023e-04,1775.52789,2.4414630e-04,-1.3605042e-02,-6.4280508e-03
-0.5768750787678982,0.9998309379990988,0.00028222147577468184,1920.6750449214355,3.1838212e-03,499116,471.02496,463.88797,1.6415581e+05,4.6267757e+01,2.6009441e+03,1.3500309e+01,1.6981931e+05,4.7934761e+01,0,nan,nan,nan,nan,471.02496,2.5877877e-04,463.88797,2.9344184e-04,2.6735032e-02,-1.3666377e-02
-0.5768649558228844,1.0003006771990783,0.0002839217458283933,1730.4937750443785,-3.1744270e-03,362190,1328.20154,1819.01857,1.5826314e+05,4.4894188e+01,4.0110806e+03,1.1589972e+01,1.6618038e+05,4.7168041e+01,0,nan,nan,nan,nan,1328.20154,2.5967279e-04,1819.01857,2.3000085e-04,-1.0958080e-03,3.8195245e-02
-0.5767249830723813,1.000285957252249,0.00028777306302286705,1914.540315017131,3.1735266e-03,494699,471.02076,463.89560,1.6427628e+05,4.7185825e+01,5.7150840e+03,1.5257300e+01,1.6992517e+05,4.8885906e+01,0,nan,nan,nan,nan,471.02076,2.6453636e-04,463.89560,2.9973243e-04,2.3483317e-02,-5.7805381e-03
-0.5766030798686188,0.9999436926002361,0.0002819710934036047,1908.4055569203347,3.1350397e-03,490282,470.99979,463.88807,1.6392039e+05,4.6207588e+01,2.6048418e+03,1.3472240e+01,1.6976822e+05,4.7872425e+01,0,nan,nan,nan,nan,470.99979,2.5796643e-04,463.88807,2.9338192e-04,-4.8020331e-04,-1.3389186e-02
-0.5765275045546332,0.9994683833410855,0.000282508763873386,1902.2707524956486,3.0502251e-03,485865,470.98592,463.85898,1.6388255e+05,4.6310852e+01,2.8885312e+03,1.3639291e+01,1.6974306e+05,4.7979408e+01,0,nan,nan,nan,nan,470.98592,2.5847511e-04,463.85898,2.9445789e-04,-1.5153842e-02,-4.5242935e-02
-0.5763892380384732,1.0001793444014533,0.0002844813590917691,1718.2244907621628,-3.0196044e-03,353356,1328.20235,1818.98197,1.5792586e+05,4.4990448e+01,4.4846216e+03,1.1844735e+01,1.6618892e+05,4.7269176e+01,0,nan,nan,nan,nan,1328.20235,2.6078816e-04,1818.98197,2.3146575e-04,-6.7252811e-04,1.8259125e-04
-0.5761036344283639,1.0001354842835777,0.00028217110120378456,1712.0898963657728,-2.8944486e-03,348939,1328.20178,1818.97411,1.5858923e+05,4.4658466e+01,2.9428909e+03,1.1040215e+01,1.6630597e+05,4.6920380e+01,0,nan,nan,nan,nan,1328.20178,2.5732972e-04,1818.97411,2.2776521e-04,-9.2754333e-04,-9.5799351e-03
-0.5760548645848758,0.9998024214677725,0.00029899637572291897,1761.1689851356168,-2.9500707e-03,384276,1042.63557,1775.57400,1.5926958e+05,4.7585522e+01,1.0068412e+04,1.6327095e+01,1.6659025e+05,4.9819721e+01,0,nan,nan,nan,nan,1042.63557,2.8034291e-04,1775.57400,2.5005854e-04,1.2812490e-02,4.3761753e-02
-0.5758139230151755,0.9997004831122052,0.00029304885093609607,1742.7645860771863,-3.1907454e-03,371025,1042.61535,1775.52104,1.5890975e+05,4.6608921e+01,6.5994634e+03,1.4727949e+01,1.6646594e+05,4.8797268e+01,0,nan,nan,nan,nan,1042.61535,2.7368203e-04,1775.52104,2.4452448e-04,-1.0098567e-02,-1.4557312e-02
-0.5754861914024332,0.9996083564564746,0.00028209394754526276,1920.676433808801,3.1838203e-03,499117,471.01781,463.88308,1.6413245e+05,4.6246426e+01,2.6116401e+03,1.3486429e+01,1.6977994e+05,4.7912659e+01,0,nan,nan,nan,nan,471.01781,2.5852473e-04,463.88308,2.9325683e-04,1.9562250e-02,-1.8371126e-02
-0.5754760763866216,1.0002149039847688,0.00028398130074208666,1730.4951639238147,-3.1744358e-03,362191,1328.20112,1819.02499,1.5833452e+05,4.4903687e+01,4.0089624e+03,1.1594710e+01,1.6616641e+05,4.7178017e+01,0,nan,nan,nan,nan,1328.20112,2.5933151e-04,1819.02499,2.2939879e-04,-2.5000148e-03,4.6236318e-02
-0.5753360905837326,0.999833788343297,0.00028775963214958014,1914.5417039096196,3.1735308e-03,494700,471.01204,463.89628,1.6431164e+05,4.7183777e+01,5.7032925e+03,1.5263652e+01,1.6984892e+05,4.8883785e+01,0,nan,nan,nan,nan,471.01204,2.6404398e-04,463.89628,2.9938089e-04,1.3361700e-02,-5.4846564e-03
-0.5752141762040992,0.999675930131069,0.00028193835737003116,1908.4069458239992,3.1350551e-03,490283,470.99443,463.86607,1.6386214e+05,4.6202343e+01,2.6019597e+03,1.3465785e+01,1.6972319e+05,4.7866989e+01,0,nan,nan,nan,nan,470.99443,2.5807420e-04,463.86607,2.9345928e-04,-6.2767090e-03,-3.7118193e-02
-0.5751385936732731,1.0002802483727313,0.000282494707172252,1902.27214140653,3.0502477e-03,485866,470.98473,463.85984,1.6389352e+05,4.6308590e+01,2.8905178e+03,1.3678005e+01,1.6988109e+05,4.7977066e+01,0,nan,nan,nan,nan,470.98473,2.5855174e-04,463.85984,2.9428705e-04,-1.6399750e-02,-4.4918664e-02
-0.57500037373552,1.0002055222793094,0.00028442060443513976,1718.2258796264657,-3.0196283e-03,353357,1328.20491,1818.98753,1.5792944e+05,4.4980915e+01,4.4726426e+03,1.1878515e+01,1.6619356e+05,4.7259163e+01,0,nan,nan,nan,nan,1328.20491,2.6079034e-04,1818.98753,2.3103686e-04,1.9331200e-03,5.4911771e-03
-0.5747147796714671,1.000102337964464,0.0002822038532780227,1712.0912852205297,-2.8944821e-03,348940,1328.20566,1818.98580,1.5866055e+05,4.4664383e+01,2.9270068e+03,1.1016128e+01,1.6630317e+05,4.6926594e+01,0,nan,nan,nan,nan,1328.20566,2.5709625e-04,1818.98580,2.2710169e-04,2.4091769e-03,3.5257675e-03
-0.5746659458204704,0.9996210580666346,0.00029883955584651055,1761.1703740543812,-2.9500402e-03,384277,1042.63018,1775.56793,1.5917192e+05,4.7560223e+01,1.0044840e+04,1.6283253e+01,1.6655884e+05,4.9793236e+01,0,nan,nan,nan,nan,1042.63018,2.8046616e-04,1775.56793,2.5005743e-04,6.5088728e-03,3.7019782e-02
-0.574622875917612,0.9998523060384543,0.0002909718939369548,1755.035537124284,-3.0675088e-03,379860,1042.60637,1775.56654,1.5908750e+05,4.6297211e+01,5.3468223e+03,1.4149555e+01,1.6655823e+05,4.8470924e+01,0,nan,nan,nan,nan,1042.60637,2.7144127e-04,1775.56654,2.4188384e-04,-1.9226104e-02,3.4315865e-02
-0.5744250279994958,0.9999225909319684,0.00029330670742405734,1742.765974972202,-3.1907386e-03,371026,1042.61362,1775.53024,1.5904044e+05,4.6649940e+01,6.6207900e+03,1.4811859e+01,1.6650295e+05,4.8840214e+01,0,nan,nan,nan,nan,1042.61362,2.7354655e-04,1775.53024,2.4422561e-04,-1.1937384e-02,-3.7012792e-03
-0.5740973040369681,0.999890696138262,0.00028194786265557187,1920.6778226961665,3.1838194e-03,499118,471.02802,463.89243,1.6412502e+05,4.6222061e+01,2.5957961e+03,1.3436419e+01,1.6982636e+05,4.7887417e+01,0,nan,nan,nan,nan,471.02802,2.5858005e-04,463.89243,2.9340605e-04,3.0244172e-02,-8.4704859e-03
-0.5740871969503587,1.0000079180830461,0.0002840185304902667,1730.496552803251,-3.1744447e-03,362192,1328.19986,1819.01791,1.5829977e+05,4.4909657e+01,4.0148909e+03,1.1613440e+01,1.6613234e+05,4.7184292e+01,0,nan,nan,nan,nan,1328.19986,2.5963853e-04,1819.01791,2.2942948e-04,-3.6045418e-03,3.8885027e-02
-0.573947198328824,1.0002248852536246,0.0002877283768386473,1914.5430928018745,3.1735348e-03,494701,471.01559,463.88588,1.6432083e+05,4.7178799e+01,5.7065938e+03,1.5224194e+01,1.6991588e+05,4.8878628e+01,0,nan,nan,nan,nan,471.01559,2.6406732e-04,463.88588,3.0007196e-04,1.6836036e-02,-1.6275579e-02
-0.5738252725395796,0.9999016321560045,0.00028185227976735335,1908.4083347276637,3.1350704e-03,490284,470.99968,463.88513,1.6394617e+05,4.6188354e+01,2.5849412e+03,1.3397843e+01,1.6976194e+05,4.7852497e+01,0,nan,nan,nan,nan,470.99968,2.5799859e-04,463.88513,2.9301157e-04,-6.9423881e-04,-1.6381117e-02
-0.5737496827910036,1.0002383327693007,0.00028243898701719094,1902.2735303174122,3.0502703e-03,485867,470.99059,463.85504,1.6401002e+05,4.6299503e+01,2.9032083e+03,1.3625828e+01,1.6987412e+05,4.7967648e+01,0,nan,nan,nan,nan,470.99059,2.5838416e-04,463.85504,2.9376565e-04,-1.0189278e-02,-5.0256580e-02
-0.5736115094330216,1.0004951440363767,0.00028444155079304043,1718.2272684907682,-3.0196523e-03,353358,1328.20342,1818.98441,1.5797344e+05,4.4984299e+01,4.4634336e+03,1.1853487e+01,1.6624194e+05,4.7262711e+01,0,nan,nan,nan,nan,1328.20342,2.6067768e-04,1818.98441,2.3115707e-04,7.4983470e-04,1.5368974e-03
-0.5733259249152525,1.0001028726342722,0.00028209198619129946,1712.092674075286,-2.8945156e-03,348941,1328.21096,1818.98826,1.5853578e+05,4.4647377e+01,2.9331814e+03,1.1027753e+01,1.6630588e+05,4.6908730e+01,0,nan,nan,nan,nan,1328.21096,2.5752527e-04,1818.98826,2.2716979e-04,9.0614399e-03,6.4287307e-03
-0.5732770268227796,0.9997932236078605,0.0002989619173309496,1761.171762973379,-2.9500094e-03,384278,1042.62933,1775.57108,1.5927353e+05,4.7579361e+01,1.0046906e+04,1.6284248e+01,1.6658636e+05,4.9813274e+01,0,nan,nan,nan,nan,1042.62933,2.8053459e-04,1775.57108,2.5004815e-04,5.3143357e-03,4.0877182e-02
-0.573233965534655,1.0004719517377039,0.00029108439845537427,1755.036926034667,-3.0674867e-03,379861,1042.61115,1775.56851,1.5927345e+05,4.6315269e+01,5.3486875e+03,1.4156622e+01,1.6666205e+05,4.8489834e+01,0,nan,nan,nan,nan,1042.61115,2.7074979e-04,1775.56851,2.4146764e-04,-1.4468661e-02,3.7762582e-02
-0.5730361329833613,1.0004773633458186,0.0002932368974296573,1742.7673638672181,-3.1907319e-03,371027,1042.61314,1775.51195,1.5904870e+05,4.6638844e+01,6.5991279e+03,1.4786840e+01,1.6659538e+05,4.8828598e+01,0,nan,nan,nan,nan,1042.61314,2.7336553e-04,1775.51195,2.4423678e-04,-1.2990170e-02,-2.3637811e-02
-0.5727084164382177,1.0000958383089344,0.00028207581960301763,1920.6792115837652,3.1838187e-03,499119,471.02352,463.89292,1.6418848e+05,4.6242630e+01,2.6040679e+03,1.3461738e+01,1.6985972e+05,4.7908730e+01,0,nan,nan,nan,nan,471.02352,2.5843503e-04,463.89292,2.9314752e-04,2.5416540e-02,-8.6194323e-03
-0.5726983175134137,1.0002657923980252,0.00028403719179645616,1730.497941682688,-3.1744535e-03,362193,1328.19881,1819.01669,1.5841552e+05,4.4912704e+01,4.0051628e+03,1.1608158e+01,1.6617553e+05,4.7187492e+01,0,nan,nan,nan,nan,1328.19881,2.5927773e-04,1819.01669,2.2916701e-04,-4.6482780e-03,3.7024770e-02
-0.57255830584063,1.000053311580187,0.0002877396883004554,1914.5444816943627,3.1735389e-03,494702,471.01399,463.89382,1.6423602e+05,4.7180786e+01,5.7139106e+03,1.5270703e+01,1.6988722e+05,4.8880688e+01,0,nan,nan,nan,nan,471.01399,2.6423982e-04,463.89382,3.0007184e-04,1.5672350e-02,-7.1804314e-03
-0.5724363691078906,1.0003072906578088,0.00028195116676859976,1908.4097236310954,3.1350856e-03,490285,470.99815,463.86876,1.6394789e+05,4.6204670e+01,2.5922969e+03,1.3439307e+01,1.6983122e+05,4.7869400e+01,0,nan,nan,nan,nan,470.99815,2.5802295e-04,463.86876,2.9347924e-04,-2.2539957e-03,-3.4358703e-02
-0.5723607719078245,0.9999298150209264,0.0002825331295650833,1902.2749192282954,3.0502928e-03,485868,470.98568,463.86298,1.6398308e+05,4.6314972e+01,2.9165203e+03,1.3647561e+01,1.6982189e+05,4.7983677e+01,0,nan,nan,nan,nan,470.98568,2.5840563e-04,463.86298,2.9390882e-04,-1.4860536e-02,-4.1199118e-02
-0.5722226451300685,1.0000921354765198,0.00028428223368779553,1718.2286573550712,-3.0196763e-03,353359,1328.20669,1818.99129,1.5788400e+05,4.4959152e+01,4.4628877e+03,1.1825840e+01,1.6617516e+05,4.7236294e+01,0,nan,nan,nan,nan,1328.20669,2.6079256e-04,1818.99129,2.3070979e-04,3.9979448e-03,9.3820961e-03
-0.5719370701588105,0.9996586467075107,0.0002820271529848894,1712.0940629300424,-2.8945492e-03,348942,1328.20528,1818.97946,1.5855259e+05,4.4637798e+01,2.9344709e+03,1.0991703e+01,1.6623455e+05,4.6898663e+01,0,nan,nan,nan,nan,1328.20528,2.5735178e-04,1818.97946,2.2738216e-04,2.9224530e-03,-3.9532846e-03
-0.5718881078255436,0.9998968579039678,0.00029898122481966167,1761.1731518923762,-2.9499787e-03,384279,1042.63132,1775.57193,1.5929186e+05,4.7582108e+01,1.0032765e+04,1.6304762e+01,1.6660247e+05,4.9816151e+01,0,nan,nan,nan,nan,1042.63132,2.8028234e-04,1775.57193,2.4997597e-04,8.0694221e-03,4.1613109e-02
-0.5718450551521528,1.0002656654994446,0.0002911495176613197,1755.0383149450495,-3.0674646e-03,379862,1042.61099,1775.56579,1.5918609e+05,4.6325787e+01,5.3709072e+03,1.4174326e+01,1.6662822e+05,4.8500843e+01,0,nan,nan,nan,nan,1042.61099,2.7093553e-04,1775.56579,2.4182891e-04,-1.4467309e-02,3.4236088e-02
-0.5716472379672268,1.0000391966327697,0.00029331485032242134,1742.7687527622343,-3.1907251e-03,371028,1042.61770,1775.52798,1.5910211e+05,4.6651257e+01,6.6281479e+03,1.4766330e+01,1.6652244e+05,4.8841591e+01,0,nan,nan,nan,nan,1042.61770,2.7335066e-04,1775.52798,2.4439595e-04,-8.0986228e-03,-6.2797442e-03
-0.5713195290718431,0.9997499200486821,0.0002820146018351069,1920.6806004711316,3.1838177e-03,499120,471.02356,463.88731,1.6417878e+05,4.6232204e+01,2.6120303e+03,1.3439535e+01,1.6979953e+05,4.7897926e+01,0,nan,nan,nan,nan,471.02356,2.5841501e-04,463.88731,2.9301055e-04,2.5230139e-02,-1.3959381e-02
-0.5713094380755592,1.000041542127217,0.00028397753345399347,1730.4993305621258,-3.1744624e-03,362194,1328.20142,1819.02283,1.5838970e+05,4.4903374e+01,4.0134700e+03,1.1578506e+01,1.6613867e+05,4.7177689e+01,0,nan,nan,nan,nan,1328.20142,2.5943771e-04,1819.02283,2.2886833e-04,-2.4755630e-03,4.4360295e-02
-0.5711694133528908,0.9998464504494532,0.000287786350131054,1914.5458705868505,3.1735431e-03,494703,471.01413,463.88628,1.6427622e+05,4.7188560e+01,5.7224956e+03,1.5276000e+01,1.6985252e+05,4.8888741e+01,0,nan,nan,nan,nan,471.01413,2.6437128e-04,463.88628,2.9990266e-04,1.5420680e-02,-1.4885108e-02
-0.571047465443371,1.000274243297415,0.00028196242266780236,1908.41111253476,3.1351009e-03,490286,470.99958,463.87453,1.6397270e+05,4.6206631e+01,2.6019653e+03,1.3440019e+01,1.6982602e+05,4.7871429e+01,0,nan,nan,nan,nan,470.99958,2.5796978e-04,463.87453,2.9307470e-04,-9.6757623e-04,-2.7669722e-02
-0.5709718612583856,1.000214273720135,0.0002824671779737801,1902.2763081389448,3.0503152e-03,485869,470.98034,463.84218,1.6386217e+05,4.6304203e+01,2.9015322e+03,1.3652973e+01,1.6987036e+05,4.7972519e+01,0,nan,nan,nan,nan,470.98034,2.5860310e-04,463.84218,2.9489491e-04,-2.0761784e-02,-6.4387739e-02
-0.5708337808264332,1.0002093038357753,0.00028443555442485806,1718.2300462193748,-3.0197003e-03,353360,1328.20463,1818.98295,1.5799209e+05,4.4983440e+01,4.4535288e+03,1.1860286e+01,1.6619480e+05,4.7261814e+01,0,nan,nan,nan,nan,1328.20463,2.6058356e-04,1818.98295,2.3097773e-04,1.1451588e-03,6.7921611e-04
-0.5705482154019137,0.9997279432625413,0.00028211344413989155,1712.0954517847993,-2.8945827e-03,348943,1328.21360,1818.99348,1.5854494e+05,4.4652115e+01,2.9264763e+03,1.1014217e+01,1.6624850e+05,4.6913700e+01,0,nan,nan,nan,nan,1328.21360,2.5733304e-04,1818.99348,2.2739235e-04,1.1397612e-02,1.2138647e-02
-0.5704991888278528,0.9995608905112243,0.0002988100543633061,1761.1745408113738,-2.9499480e-03,384280,1042.62979,1775.56748,1.5915395e+05,4.7554546e+01,1.0028155e+04,1.6276426e+01,1.6654538e+05,4.9787292e+01,0,nan,nan,nan,nan,1042.62979,2.8030612e-04,1775.56748,2.5013069e-04,6.1355978e-03,3.6514528e-02
-0.5704561447691958,1.0001441573778629,0.0002910264444258837,1755.0397038554324,-3.0674424e-03,379863,1042.61062,1775.56286,1.5914145e+05,4.6306351e+01,5.3761250e+03,1.4135243e+01,1.6660852e+05,4.8480492e+01,0,nan,nan,nan,nan,1042.61062,2.7114010e-04,1775.56286,2.4200669e-04,-1.4611291e-02,3.1620234e-02
-0.5702583429515471,0.9999578991289837,0.00029327767100257,1742.77014165725,-3.1907184e-03,371029,1042.61140,1775.52555,1.5911473e+05,4.6645351e+01,6.6233579e+03,1.4758724e+01,1.6650894e+05,4.8835411e+01,0,nan,nan,nan,nan,1042.61140,2.7344195e-04,1775.52555,2.4420553e-04,-1.4818992e-02,-8.6627295e-03
-0.5699306417050138,1.0005426423686818,0.0002821470972043666,1920.6819893584984,3.1838168e-03,499121,471.02486,463.88845,1.6421578e+05,4.6253548e+01,2.5868196e+03,1.3456793e+01,1.6993278e+05,4.7920036e+01,0,nan,nan,nan,nan,471.02486,2.5839437e-04,463.88845,2.9349580e-04,2.6639225e-02,-1.3827372e-02
-0.5699205586379321,1.0001120437559547,0.0002839845314116537,1730.5007194415634,-3.1744712e-03,362195,1328.20353,1819.02262,1.5839398e+05,4.4904598e+01,4.0125657e+03,1.1585451e+01,1.6615080e+05,4.7178974e+01,0,nan,nan,nan,nan,1328.20353,2.5947060e-04,1819.02262,2.2882460e-04,4.2778839e-04,4.3871824e-02
-0.5697805208642421,1.0010821831016743,0.000288115806163212,1914.5472594793391,3.1735473e-03,494704,471.01133,463.89654,1.6453494e+05,4.7242695e+01,5.6973545e+03,1.5342508e+01,1.7006286e+05,4.8944828e+01,0,nan,nan,nan,nan,471.01133,2.6383635e-04,463.89654,2.9935778e-04,1.2107514e-02,-3.6621199e-03
-0.5696585617795336,1.0000361741709545,0.00028184634509774176,1908.4125014384238,3.1351163e-03,490287,470.99732,463.87109,1.6386288e+05,4.6187717e+01,2.5876187e+03,1.3423990e+01,1.6978600e+05,4.7851833e+01,0,nan,nan,nan,nan,470.99732,2.5810683e-04,463.87109,2.9356501e-04,-2.8086521e-03,-3.2293599e-02
-0.5695829503770256,1.0003660965504462,0.000282477237126086,1902.2776970498262,3.0503378e-03,485870,470.98978,463.86182,1.6402898e+05,4.6305893e+01,2.9014307e+03,1.3647616e+01,1.6989628e+05,4.7974270e+01,0,nan,nan,nan,nan,470.98978,2.5846818e-04,463.86182,2.9366324e-04,-1.0542758e-02,-4.2577770e-02
-0.5694449165234801,0.9995338250189384,0.00028438692809828477,1718.2314350836778,-3.0197243e-03,353361,1328.20492,1818.98760,1.5784441e+05,4.4975784e+01,4.4694048e+03,1.1895962e+01,1.6608267e+05,4.7253769e+01,0,nan,nan,nan,nan,1328.20492,2.6081281e-04,1818.98760,2.3109998e-04,2.2316675e-03,5.1281378e-03
-0.5691593606450169,0.9999242573053458,0.0002821785132397346,1712.0968406395561,-2.8946162e-03,348944,1328.20986,1818.98515,1.5859209e+05,4.4663040e+01,2.9409749e+03,1.1017191e+01,1.6628350e+05,4.6925186e+01,0,nan,nan,nan,nan,1328.20986,2.5728031e-04,1818.98515,2.2725819e-04,7.4188923e-03,3.0321698e-03
-0.5691102700629926,1.0000246111304019,0.00029882107845268,1761.1759297301387,-2.9499175e-03,384281,1042.63346,1775.57353,1.5931200e+05,4.7555988e+01,1.0006227e+04,1.6249857e+01,1.6662153e+05,4.9788803e+01,0,nan,nan,nan,nan,1042.63346,2.8011779e-04,1775.57353,2.4984995e-04,1.0042152e-02,4.3347117e-02
-0.5690672343864662,0.9995846722474445,0.00029102382431719454,1755.0410927658152,-3.0674203e-03,379864,1042.61200,1775.56624,1.5913352e+05,4.6306072e+01,5.3875791e+03,1.4140379e+01,1.6651581e+05,4.8480206e+01,0,nan,nan,nan,nan,1042.61200,2.7105433e-04,1775.56624,2.4180814e-04,-1.3251060e-02,3.4939796e-02
-0.5688694481682433,0.9997015004105797,0.0002931307157833148,1742.7715305520333,-3.1907118e-03,371030,1042.61578,1775.51887,1.5898898e+05,4.6621986e+01,6.6170703e+03,1.4756196e+01,1.6646628e+05,4.8810951e+01,0,nan,nan,nan,nan,1042.61578,2.7347004e-04,1775.51887,2.4421202e-04,-9.3468549e-03,-1.6238511e-02
-0.5685417543386393,1.0001601506203481,0.0002820875077316852,1920.6833782458648,3.1838159e-03,499122,471.02696,463.89054,1.6421123e+05,4.6243408e+01,2.5911104e+03,1.3472215e+01,1.6986645e+05,4.7909534e+01,0,nan,nan,nan,nan,471.02696,2.5837577e-04,463.89054,2.9317616e-04,2.8665742e-02,-1.0212348e-02
-0.5685316792016692,1.000331323098999,0.00028410455167048173,1730.5021083209997,-3.1744801e-03,362196,1328.19886,1819.02221,1.5840444e+05,4.4923695e+01,4.0159390e+03,1.1631289e+01,1.6618769e+05,4.7199039e+01,0,nan,nan,nan,nan,1328.19886,2.5940608e-04,1819.02221,2.2922209e-04,-5.1621632e-03,4.3361735e-02
-0.5683916283751387,0.9999373971044399,0.00028788587881252615,1914.5486483718282,3.1735515e-03,494705,471.01438,463.88479,1.6426859e+05,4.7205105e+01,5.7070356e+03,1.5291755e+01,1.6986875e+05,4.8905876e+01,0,nan,nan,nan,nan,471.01438,2.6453941e-04,463.88479,3.0013896e-04,1.6075512e-02,-1.7549373e-02
-0.5682696581156961,1.0006174644057038,0.00028215900707608227,1908.4138903420876,3.1351317e-03,490288,470.99790,463.87805,1.6399367e+05,4.6239059e+01,2.5969543e+03,1.3511623e+01,1.6988509e+05,4.7905029e+01,0,nan,nan,nan,nan,470.99790,2.5815936e-04,463.87805,2.9358963e-04,-2.7097361e-03,-2.4354339e-02
-0.5681940394956655,0.9998764747727952,0.000282618069993619,1902.2790859607076,3.0503604e-03,485871,470.98540,463.85451,1.6393777e+05,4.6329018e+01,2.8861934e+03,1.3731710e+01,1.6981327e+05,4.7998226e+01,0,nan,nan,nan,nan,470.98540,2.5865951e-04,463.85451,2.9408935e-04,-1.5584584e-02,-5.0478838e-02
-0.568056052221209,1.000359127145421,0.00028434965894450333,1718.23282394798,-3.0197483e-03,353362,1328.20723,1818.98229,1.5793545e+05,4.4969917e+01,4.4616489e+03,1.1841358e+01,1.6621988e+05,4.7247601e+01,0,nan,nan,nan,nan,1328.20723,2.6090955e-04,1818.98229,2.3101461e-04,5.2416651e-03,-1.4763472e-04
-0.5677705056559716,1.0000312950002137,0.0002820938997516631,1712.0982294945452,-2.8946495e-03,348945,1328.20669,1818.98482,1.5858117e+05,4.4650257e+01,2.9279661e+03,1.0977878e+01,1.6630356e+05,4.6911755e+01,0,nan,nan,nan,nan,1328.20669,2.5742801e-04,1818.98482,2.2728363e-04,4.1760178e-03,3.0616927e-03
-0.5677213510657566,0.9998888157161843,0.00029883567197019613,1761.177318649136,-2.9498867e-03,384282,1042.62825,1775.57009,1.5931534e+05,4.7558002e+01,9.9766006e+03,1.6258596e+01,1.6659783e+05,4.9790913e+01,0,nan,nan,nan,nan,1042.62825,2.8011957e-04,1775.57009,2.4991270e-04,5.0410759e-03,3.9175972e-02
-0.5676783240037366,0.9999974188192559,0.00029118035584652443,1755.042481676198,-3.0673982e-03,379865,1042.60895,1775.56757,1.5920394e+05,4.6331116e+01,5.3867500e+03,1.4203900e+01,1.6658505e+05,4.8506416e+01,0,nan,nan,nan,nan,1042.60895,2.7097642e-04,1775.56757,2.4178675e-04,-1.6596636e-02,3.5906699e-02
-0.5674805531530183,0.9999104151448001,0.00029317518863359373,1742.7729194470485,-3.1907051e-03,371031,1042.61654,1775.52733,1.5903453e+05,4.6629078e+01,6.6471938e+03,1.4747143e+01,1.6650111e+05,4.8818367e+01,0,nan,nan,nan,nan,1042.61654,2.7346463e-04,1775.52733,2.4443050e-04,-8.6263064e-03,-7.8388201e-03
-0.5671528667398889,0.999906835090476,0.0002820884568494756,1920.6847671334635,3.1838152e-03,499123,471.02305,463.88700,1.6415373e+05,4.6243202e+01,2.6008662e+03,1.3468163e+01,1.6982214e+05,4.7909325e+01,0,nan,nan,nan,nan,471.02305,2.5838168e-04,463.88700,2.9325296e-04,2.4901964e-02,-1.3860320e-02
-0.5671427997654064,0.9996958967600609,0.0002840389765889099,1730.503497200436,-3.1744889e-03,362197,1328.20099,1819.02215,1.5833080e+05,4.4913456e+01,4.0203171e+03,1.1622611e+01,1.6608259e+05,4.7188282e+01,0,nan,nan,nan,nan,1328.20099,2.5963102e-04,1819.02215,2.2901298e-04,-2.5153449e-03,4.3184169e-02
-0.56700273588649,0.9994690848832601,0.0002878184531425538,1914.5500372643169,3.1735557e-03,494706,471.01343,463.89318,1.6423472e+05,4.7194141e+01,5.6952690e+03,1.5299568e+01,1.6978953e+05,4.8894520e+01,0,nan,nan,nan,nan,471.01343,2.6412608e-04,463.89318,2.9984262e-04,1.5447723e-02,-8.9544989e-03
-0.5668807544511765,0.9997790701329341,0.0002820493876228789,1908.4152792457521,3.1351470e-03,490289,470.99998,463.88179,1.6391814e+05,4.6221199e+01,2.5993936e+03,1.3490122e+01,1.6974312e+05,4.7886524e+01,0,nan,nan,nan,nan,470.99998,2.5821413e-04,463.88179,2.9340576e-04,-3.0580192e-04,-2.0478554e-02
-0.5668051286138507,1.0005668236968206,0.00028258903205860786,1902.2804748715894,3.0503829e-03,485872,470.98666,463.85572,1.6405750e+05,4.6324295e+01,2.9018459e+03,1.3669945e+01,1.6993064e+05,4.7993336e+01,0,nan,nan,nan,nan,470.98666,2.5844458e-04,463.85572,2.9383058e-04,-1.4534097e-02,-4.8676558e-02
-0.5666671879187106,0.9997059203061874,0.0002842447957391698,1718.2342128122825,-3.0197722e-03,353363,1328.20477,1818.98869,1.5779520e+05,4.4953339e+01,4.4579370e+03,1.1839098e+01,1.6611139e+05,4.7230186e+01,0,nan,nan,nan,nan,1328.20477,2.6074713e-04,1818.98869,2.3120748e-04,1.9816428e-03,6.4092581e-03
-0.5663816508988475,0.9992355151395489,0.000281981347270641,1712.0996183493023,-2.8946830e-03,348946,1328.20840,1818.98492,1.5857569e+05,4.4633026e+01,2.9248491e+03,1.0953929e+01,1.6617341e+05,4.6893650e+01,0,nan,nan,nan,nan,1328.20840,2.5711817e-04,1818.98492,2.2700998e-04,5.8810930e-03,3.0635444e-03
-0.5663324320680658,1.0004000759778444,0.00029909071024367465,1761.1787075681336,-2.9498560e-03,384283,1042.63133,1775.56789,1.5936191e+05,4.7598286e+01,9.9625098e+03,1.6364389e+01,1.6668195e+05,4.9833088e+01,0,nan,nan,nan,nan,1042.63133,2.8003159e-04,1775.56789,2.4980566e-04,7.7462178e-03,3.7370272e-02
-0.5662894136207797,0.9996418585182006,0.00029092207770539696,1755.0438705865809,-3.0673761e-03,379866,1042.61245,1775.56978,1.5908794e+05,4.6290142e+01,5.3952021e+03,1.4127131e+01,1.6652627e+05,4.8463524e+01,0,nan,nan,nan,nan,1042.61245,2.7100573e-04,1775.56978,2.4173359e-04,-1.3647592e-02,3.8403120e-02
-0.5660916581377933,0.999779921564928,0.00029336954903000194,1742.7743083420637,-3.1906983e-03,371032,1042.61191,1775.52350,1.5896677e+05,4.6659996e+01,6.6551143e+03,1.4811251e+01,1.6647942e+05,4.8850742e+01,0,nan,nan,nan,nan,1042.61191,2.7395942e-04,1775.52350,2.4464936e-04,-1.3999042e-02,-1.1233375e-02
-0.5657639793744238,1.0006147359052555,0.00028212114031211477,1920.686156020829,3.1838142e-03,499124,471.02689,463.89105,1.6427289e+05,4.6248219e+01,2.5882908e+03,1.3463580e+01,1.6994109e+05,4.7914520e+01,0,nan,nan,nan,nan,471.02689,2.5849414e-04,463.89105,2.9300660e-04,2.8546682e-02,-9.8099597e-03
-0.565753920328234,0.9999970917412259,0.0002839509142550782,1730.5048860798731,-3.1744977e-03,362198,1328.20171,1819.01917,1.5828698e+05,4.4899666e+01,4.0157019e+03,1.1611513e+01,1.6613314e+05,4.7173794e+01,0,nan,nan,nan,nan,1328.20171,2.5964261e-04,1819.01917,2.2918684e-04,-1.4160300e-03,3.9936002e-02
-0.565613843398296,1.0000854019520071,0.00028785621832530555,1914.551426156805,3.1735599e-03,494707,471.01619,463.89348,1.6433194e+05,4.7200417e+01,5.7067158e+03,1.5294992e+01,1.6989453e+05,4.8901024e+01,0,nan,nan,nan,nan,471.01619,2.6401225e-04,463.89348,2.9956541e-04,1.7572977e-02,-8.1397444e-03
-0.5654918507862021,1.0003982413312849,0.00028203455517773605,1908.416668149417,3.1351624e-03,490290,470.99867,463.87275,1.6398056e+05,4.6218872e+01,2.5963416e+03,1.3483459e+01,1.6984862e+05,4.7884113e+01,0,nan,nan,nan,nan,470.99867,2.5791908e-04,463.87275,2.9348701e-04,-1.4473655e-03,-3.0534560e-02
-0.5654162177311264,1.0000940477966107,0.0002825712899675064,1902.281863782472,3.0504055e-03,485873,470.98740,463.85195,1.6399817e+05,4.6321426e+01,2.8957317e+03,1.3598166e+01,1.6985048e+05,4.7990360e+01,0,nan,nan,nan,nan,470.98740,2.5834274e-04,463.85195,2.9455795e-04,-1.3173794e-02,-5.3512748e-02
-0.5652783238485881,0.9994546205977879,0.00028428439097867694,1718.2356016763526,-3.0197965e-03,353364,1328.20153,1818.98213,1.5786541e+05,4.4959606e+01,4.4458130e+03,1.1830694e+01,1.6606964e+05,4.7236771e+01,0,nan,nan,nan,nan,1328.20153,2.6070341e-04,1818.98213,2.3118599e-04,-1.2994637e-03,-4.0178170e-04
-0.5649927961412686,0.9998945082496167,0.00028203946834036653,1712.10100720406,-2.8947166e-03,348947,1328.21151,1818.98523,1.5860662e+05,4.4642788e+01,2.9351526e+03,1.0983650e+01,1.6628509e+05,4.6903904e+01,0,nan,nan,nan,nan,1328.21151,2.5715074e-04,1818.98523,2.2719285e-04,8.9050140e-03,3.4768153e-03
-0.5649435130706024,1.0003424429344894,0.00029878433424525345,1761.180096487131,-2.9498253e-03,384284,1042.63205,1775.57155,1.5930248e+05,4.7549236e+01,9.9604883e+03,1.6242788e+01,1.6667131e+05,4.9781731e+01,0,nan,nan,nan,nan,1042.63205,2.8007268e-04,1775.57155,2.4981709e-04,8.9671845e-03,4.1794308e-02
-0.5649005032382775,0.9996812431043304,0.00029104016630699113,1755.0452594969634,-3.0673540e-03,379867,1042.61082,1775.56911,1.5909494e+05,4.6309052e+01,5.4102544e+03,1.4173415e+01,1.6653325e+05,4.8483322e+01,0,nan,nan,nan,nan,1042.61082,2.7110643e-04,1775.56911,2.4181759e-04,-1.4144517e-02,3.7271265e-02
-0.5647027631216588,1.0000285931045663,0.00029322815043592883,1742.7756972370798,-3.1906916e-03,371033,1042.61251,1775.52000,1.5896938e+05,4.6637516e+01,6.6525205e+03,1.4757457e+01,1.6652086e+05,4.8827209e+01,0,nan,nan,nan,nan,1042.61251,2.7402578e-04,1775.52000,2.4470285e-04,-1.4134125e-02,-1.5769908e-02
-0.5643750920089587,1.0004311307037055,0.00028212099128770255,1920.6875449081945,3.1838133e-03,499125,471.02133,463.88757,1.6423956e+05,4.6247864e+01,2.6031614e+03,1.3458311e+01,1.6990869e+05,4.7914150e+01,0,nan,nan,nan,nan,471.02133,2.5841329e-04,463.88757,2.9302170e-04,2.3453185e-02,-1.3721946e-02
-0.564365040891289,1.0005502607110381,0.00028414841341890015,1730.50627495931,-3.1745066e-03,362199,1328.20447,1819.02386,1.5844841e+05,4.4931042e+01,4.0197190e+03,1.1634564e+01,1.6622558e+05,4.7206757e+01,0,nan,nan,nan,nan,1328.20447,2.5980585e-04,1819.02386,2.2935082e-04,1.3204103e-03,4.5399144e-02
-0.5642249509105568,1.0001188280968498,0.00028780938602096994,1914.5528150492928,3.1735641e-03,494708,471.01363,463.89377,1.6427292e+05,4.7192814e+01,5.7140537e+03,1.5301991e+01,1.6990050e+05,4.8893147e+01,0,nan,nan,nan,nan,471.01363,2.6421322e-04,463.89377,2.9982315e-04,1.5119665e-02,-7.3904335e-03
-0.5641029471216825,1.000340618696848,0.00028208412084166875,1908.4180570530816,3.1351778e-03,490291,470.99825,463.87420,1.6390384e+05,4.6227093e+01,2.5977637e+03,1.3487185e+01,1.6983922e+05,4.7892632e+01,0,nan,nan,nan,nan,470.99825,2.5817734e-04,463.87420,2.9380686e-04,-2.2813044e-03,-2.8560473e-02
-0.5640273068479473,1.000362037861006,0.0002828372038868232,1902.2832526933553,3.0504281e-03,485874,470.98631,463.85791,1.6399398e+05,4.6365047e+01,2.8961516e+03,1.3797100e+01,1.6989614e+05,4.8035557e+01,0,nan,nan,nan,nan,470.98631,2.5849350e-04,463.85791,2.9419942e-04,-1.4420320e-02,-4.6655335e-02
-0.563889459545635,0.9996307291330729,0.0002842779227088008,1718.2369905406556,-3.0198204e-03,353365,1328.20969,1818.98926,1.5775453e+05,4.4958569e+01,4.4582583e+03,1.1868413e+01,1.6609888e+05,4.7235683e+01,0,nan,nan,nan,nan,1328.20969,2.6143546e-04,1818.98926,2.3111513e-04,7.9352362e-03,7.6979701e-03
-0.5636039413843719,1.0004326283956109,0.00028221734332376587,1712.1023960588168,-2.8947501e-03,348948,1328.20660,1818.98849,1.5869908e+05,4.4671482e+01,2.9309648e+03,1.1016726e+01,1.6637659e+05,4.6934052e+01,0,nan,nan,nan,nan,1328.20660,2.5721421e-04,1818.98849,2.2702546e-04,3.4705177e-03,6.9973660e-03
-0.5635545943059697,0.9999988084169689,0.0002987530534122638,1761.1814854058957,-2.9497948e-03,384285,1042.63279,1775.56942,1.5921352e+05,4.7543968e+01,9.9538672e+03,1.6241983e+01,1.6661305e+05,4.9776215e+01,0,nan,nan,nan,nan,1042.63279,2.8068124e-04,1775.56942,2.4990732e-04,9.8612066e-03,3.9273504e-02
-0.5635115928553205,1.0002429753137647,0.000291149914473051,1755.0466484073463,-3.0673319e-03,379868,1042.61505,1775.56770,1.5919562e+05,4.6326630e+01,5.4303970e+03,1.4174281e+01,1.6662723e+05,4.8501720e+01,0,nan,nan,nan,nan,1042.61505,2.7106187e-04,1775.56770,2.4188672e-04,-1.0586447e-02,3.6471125e-02
-0.563313868105979,0.9999239055721252,0.00029312852384548525,1742.7770861320955,-3.1906848e-03,371034,1042.61349,1775.52742,1.5895480e+05,4.6621685e+01,6.6685601e+03,1.4750104e+01,1.6650347e+05,4.8810631e+01,0,nan,nan,nan,nan,1042.61349,2.7358049e-04,1775.52742,2.4445212e-04,-1.2413660e-02,-7.5156041e-03
-0.5629862044102083,1.0002797037317483,0.0002821874977111017,1920.6889337957932,3.1838126e-03,499126,471.02504,463.88997,1.6425056e+05,4.6258446e+01,2.5981338e+03,1.3485789e+01,1.6988178e+05,4.7925114e+01,0,nan,nan,nan,nan,471.02504,2.5851498e-04,463.88997,2.9306984e-04,2.7461844e-02,-1.1140023e-02
-0.562976161454344,1.0001682799097624,0.00028405362549617985,1730.507663838747,-3.1745154e-03,362200,1328.20001,1819.02247,1.5844917e+05,4.4916199e+01,4.0223662e+03,1.1604393e+01,1.6616267e+05,4.7191166e+01,0,nan,nan,nan,nan,1328.20001,2.5935125e-04,1819.02247,2.2886494e-04,-3.5443080e-03,4.3939117e-02
-0.5628360584223628,0.9999687074752902,0.0002879226931466639,1914.554203941781,3.1735683e-03,494709,471.01514,463.88879,1.6429533e+05,4.7211460e+01,5.7099419e+03,1.5311158e+01,1.6987523e+05,4.8912464e+01,0,nan,nan,nan,nan,471.01514,2.6440632e-04,463.88879,2.9993651e-04,1.6748844e-02,-1.2579788e-02
-0.5627140434576177,0.9998572916623727,0.0002819818162927756,1908.4194459567457,3.1351931e-03,490292,470.99760,463.87687,1.6391950e+05,4.6210426e+01,2.5986860e+03,1.3430605e+01,1.6975752e+05,4.7875366e+01,0,nan,nan,nan,nan,470.99760,2.5829041e-04,463.87687,2.9339400e-04,-3.0729671e-03,-2.4831049e-02
-0.5626383961994179,0.9996175575073428,0.00028240840144114004,1902.2846416040038,3.0504505e-03,485875,470.98349,463.85083,1.6384675e+05,4.6294792e+01,2.8966553e+03,1.3679416e+01,1.6976983e+05,4.7962769e+01,0,nan,nan,nan,nan,470.98349,2.5832493e-04,463.85083,2.9412852e-04,-1.7200494e-02,-5.4400489e-02
-0.5625005952426818,0.9997899399183761,0.00028428085442821805,1718.2383794049586,-3.0198444e-03,353366,1328.20218,1818.99079,1.5779728e+05,4.4959019e+01,4.4538774e+03,1.1828517e+01,1.6612527e+05,4.7236156e+01,0,nan,nan,nan,nan,1328.20218,2.6088103e-04,1818.99079,2.3141637e-04,-1.2632919e-03,8.1418874e-03
-0.5622150866281572,1.0002729979054632,0.0002821387088524798,1712.103784913573,-2.8947836e-03,348949,1328.20640,1818.98236,1.5853378e+05,4.4659554e+01,2.9252244e+03,1.1000113e+01,1.6635197e+05,4.6921520e+01,0,nan,nan,nan,nan,1328.20640,2.5734521e-04,1818.98236,2.2811818e-04,3.4870040e-03,-4.5168609e-04
-0.5621656753082789,1.0005260407526717,0.00029893536986435974,1761.1828743248934,-2.9497640e-03,384286,1042.63033,1775.57349,1.5934598e+05,4.7572693e+01,9.9418643e+03,1.6282467e+01,1.6669988e+05,4.9806290e+01,0,nan,nan,nan,nan,1042.63033,2.8022745e-04,1775.57349,2.4981512e-04,7.3483493e-03,4.3787468e-02
-0.5621226824723635,1.0003083764461023,0.0002910270643749693,1755.0480373177293,-3.0673097e-03,379869,1042.60840,1775.56211,1.5918602e+05,4.6307182e+01,5.4322773e+03,1.4140199e+01,1.6663852e+05,4.8481365e+01,0,nan,nan,nan,nan,1042.60840,2.7098972e-04,1775.56211,2.4170430e-04,-1.6955454e-02,3.0457804e-02
-0.5619249730898446,1.0000065326472714,0.00029336791385340424,1742.7784750271117,-3.1906781e-03,371035,1042.61193,1775.51655,1.5910278e+05,4.6659767e+01,6.6891060e+03,1.4770068e+01,1.6651727e+05,4.8850506e+01,0,nan,nan,nan,nan,1042.61193,2.7379976e-04,1775.51655,2.4439703e-04,-1.3432804e-02,-1.8153584e-02
-0.5615973170438338,1.0000820348099453,0.000282054817690625,1920.6903226831596,3.1838117e-03,499127,471.02218,463.88795,1.6423256e+05,4.6236382e+01,2.5998481e+03,1.3431689e+01,1.6984706e+05,4.7902256e+01,0,nan,nan,nan,nan,471.02218,2.5827109e-04,463.88795,2.9291736e-04,2.3739906e-02,-1.2843312e-02
-0.561587282017399,1.0000490174829184,0.0002840042866311941,1730.509052718184,-3.1745243e-03,362201,1328.20090,1819.01904,1.5843869e+05,4.4908558e+01,4.0227935e+03,1.1582053e+01,1.6614344e+05,4.7183136e+01,0,nan,nan,nan,nan,1328.20090,2.5926309e-04,1819.01904,2.2902488e-04,-2.1848693e-03,3.9732669e-02
-0.5614471659337141,1.0000651830835998,0.000287651506968596,1914.5555928342696,3.1735725e-03,494710,471.01345,463.89183,1.6430059e+05,4.7167053e+01,5.6900674e+03,1.5210828e+01,1.6989183e+05,4.8866455e+01,0,nan,nan,nan,nan,471.01345,2.6411319e-04,463.89183,2.9994504e-04,1.5020703e-02,-9.6144862e-03
-0.5613251397940076,1.000269617324619,0.00028204162300963115,1908.4208348604093,3.1352085e-03,490293,470.99689,463.88033,1.6390716e+05,4.6220325e+01,2.6019070e+03,1.3477029e+01,1.6982788e+05,4.7885620e+01,0,nan,nan,nan,nan,470.99689,2.5812763e-04,463.88033,2.9372473e-04,-3.7756527e-03,-2.1437420e-02
-0.5612494853176031,0.9996496579846946,0.0002823769712373522,1902.2860305148856,3.0504731e-03,485876,470.98616,463.84171,1.6386755e+05,4.6289673e+01,2.9106985e+03,1.3633470e+01,1.6977541e+05,4.7957466e+01,0,nan,nan,nan,nan,470.98616,2.5857479e-04,463.84171,2.9419770e-04,-1.4627839e-02,-6.4724915e-02
-0.5611117309401834,0.9999852290685647,0.00028429987746524295,1718.239768269261,-3.0198684e-03,353367,1328.20289,1818.98711,1.5774494e+05,4.4962006e+01,4.4515215e+03,1.1848654e+01,1.6615762e+05,4.7239288e+01,0,nan,nan,nan,nan,1328.20289,2.6109032e-04,1818.98711,2.3160533e-04,6.4659119e-04,4.8213280e-03
-0.5608262318719426,0.9997003728267191,0.0002819433318759791,1712.1051737683292,-2.8948172e-03,348950,1328.21110,1818.98849,1.5847180e+05,4.4629124e+01,2.9355547e+03,1.0992146e+01,1.6625858e+05,4.6889549e+01,0,nan,nan,nan,nan,1328.21110,2.5750572e-04,1818.98849,2.2723216e-04,9.1720521e-03,6.1886129e-03
-0.5607767563110428,1.0004522004602325,0.0002988072826401685,1761.1842632438907,-2.9497333e-03,384287,1042.62801,1775.56928,1.5932262e+05,4.7552029e+01,9.9057568e+03,1.6260612e+01,1.6668661e+05,4.9784657e+01,0,nan,nan,nan,nan,1042.62801,2.8000603e-04,1775.56928,2.4973429e-04,3.9225216e-03,3.9312400e-02
-0.5607337718570307,0.9996908636543209,0.00029104534857011307,1755.0494262283446,-3.0672874e-03,379870,1042.61230,1775.56595,1.5916564e+05,4.6310192e+01,5.4280757e+03,1.4148247e+01,1.6653600e+05,4.8484516e+01,0,nan,nan,nan,nan,1042.61230,2.7113722e-04,1775.56595,2.4178041e-04,-1.2713802e-02,3.4819674e-02
-0.5605360780741648,0.9997718693263102,0.00029337695310242053,1742.7798639221273,-3.1906713e-03,371036,1042.61671,1775.52737,1.5914491e+05,4.6661217e+01,6.6688086e+03,1.4797367e+01,1.6647823e+05,4.8852020e+01,0,nan,nan,nan,nan,1042.61671,2.7340473e-04,1775.52737,2.4419211e-04,-8.3451178e-03,-6.9494206e-03
-0.5602084296770045,1.0004219130076197,0.0002822531861459664,1920.6917115705264,3.1838107e-03,499128,471.02528,463.89109,1.6422920e+05,4.6268600e+01,2.5902703e+03,1.3525219e+01,1.6990369e+05,4.7935635e+01,0,nan,nan,nan,nan,471.02528,2.5847129e-04,463.89109,2.9308553e-04,2.6957845e-02,-9.2674550e-03
-0.5601984025809088,1.0001352547506717,0.00028403389752475704,1730.5104415976205,-3.1745331e-03,362202,1328.20301,1819.02266,1.5840762e+05,4.4913403e+01,4.0425632e+03,1.1586366e+01,1.6615836e+05,4.7188225e+01,0,nan,nan,nan,nan,1328.20301,2.5955154e-04,1819.02266,2.2922170e-04,-5.0504645e-04,4.4169325e-02
-0.5600582734446107,0.9999030354409489,0.0002876133289440503,1914.5569817267587,3.1735767e-03,494711,471.01558,463.89904,1.6425823e+05,4.7160839e+01,5.7094756e+03,1.5215927e+01,1.6986445e+05,4.8860020e+01,0,nan,nan,nan,nan,471.01558,2.6414805e-04,463.89904,2.9965138e-04,1.7399400e-02,-1.9989761e-03
-0.5599362361299427,0.9994001546453897,0.00028197933663571693,1908.4222237640734,3.1352239e-03,490294,470.99970,463.87567,1.6378506e+05,4.6210217e+01,2.5986990e+03,1.3525630e+01,1.6968061e+05,4.7875145e+01,0,nan,nan,nan,nan,470.99970,2.5811375e-04,463.87567,2.9385259e-04,-8.3466741e-04,-2.7499469e-02
-0.5598605744353335,0.999798462021926,0.000282489583075841,1902.287419425768,3.0504956e-03,485877,470.98561,463.86558,1.6398670e+05,4.6308170e+01,2.9127373e+03,1.3650123e+01,1.6980080e+05,4.7976627e+01,0,nan,nan,nan,nan,470.98561,2.5834946e-04,463.86558,2.9385209e-04,-1.5848080e-02,-3.8393185e-02
-0.5597228666372303,0.9999832657483487,0.0002843810560782022,1718.241157133564,-3.0198924e-03,353368,1328.20074,1818.97543,1.5793906e+05,4.4974804e+01,4.4530122e+03,1.1855317e+01,1.6615716e+05,4.7252739e+01,0,nan,nan,nan,nan,1328.20074,2.6088423e-04,1818.97543,2.3093785e-04,-2.2633439e-03,-7.6104291e-03
-0.5594373771148184,0.9993034068940668,0.0002819080572331534,1712.1065626230863,-2.8948507e-03,348951,1328.20920,1818.98383,1.5851331e+05,4.4624016e+01,2.9342649e+03,1.0950500e+01,1.6619434e+05,4.6884182e+01,0,nan,nan,nan,nan,1328.20920,2.5736340e-04,1818.98383,2.2718689e-04,6.5279943e-03,1.9899460e-03
-0.5593878373133521,0.9994956249557353,0.00029855231058180544,1761.1856521628883,-2.9497026e-03,384288,1042.63448,1775.57073,1.5912197e+05,4.7511177e+01,9.9155547e+03,1.6214447e+01,1.6652627e+05,4.9741890e+01,0,nan,nan,nan,nan,1042.63448,2.8019049e-04,1775.57073,2.4993200e-04,1.1534627e-02,4.0301412e-02
-0.5593448614740737,0.999907177076285,0.00029106410692605135,1755.0508151387276,-3.0672653e-03,379871,1042.61261,1775.56480,1.5909786e+05,4.6313274e+01,5.4413013e+03,1.4161329e+01,1.6657238e+05,4.8487740e+01,0,nan,nan,nan,nan,1042.61261,2.7122631e-04,1775.56480,2.4193290e-04,-1.2858670e-02,3.3141516e-02
-0.5591471830580304,0.9996952479653434,0.0002935649606119873,1742.7812528171435,-3.1906646e-03,371037,1042.61431,1775.52351,1.5902488e+05,4.6691135e+01,6.6970425e+03,1.4861261e+01,1.6646552e+05,4.8883343e+01,0,nan,nan,nan,nan,1042.61431,2.7362871e-04,1775.52351,2.4471147e-04,-1.1593587e-02,-1.0908693e-02
-0.5588195423106299,0.9999307027338138,0.000281971535871209,1920.6931004578928,3.1838098e-03,499129,471.02323,463.88946,1.6413636e+05,4.6222141e+01,2.6022634e+03,1.3409538e+01,1.6981920e+05,4.7887501e+01,0,nan,nan,nan,nan,471.02323,2.5847126e-04,463.88946,2.9309164e-04,2.5414275e-02,-1.2107758e-02
-0.5588095231439638,1.0001863060987597,0.00028405322452327875,1730.5118304770574,-3.1745420e-03,362203,1328.20073,1819.02566,1.5835384e+05,4.4916630e+01,4.0302659e+03,1.1570139e+01,1.6616748e+05,4.7191616e+01,0,nan,nan,nan,nan,1328.20073,2.5960262e-04,1819.02566,2.2966419e-04,-2.6643381e-03,4.6918992e-02
-0.5586693811887926,0.9998484211290792,0.00028776856498537634,1914.5583706190146,3.1735806e-03,494712,471.01506,463.88850,1.6427206e+05,4.7186337e+01,5.7097388e+03,1.5273273e+01,1.6985533e+05,4.8886436e+01,0,nan,nan,nan,nan,471.01506,2.6421165e-04,463.88850,2.9984090e-04,1.6941771e-02,-1.2963899e-02
-0.558547332697799,1.0003097848280142,0.000282073106196598,1908.4236126675055,3.1352390e-03,490295,470.99682,463.87252,1.6388764e+05,4.6225670e+01,2.5919575e+03,1.3542042e+01,1.6983539e+05,4.7891159e+01,0,nan,nan,nan,nan,470.99682,2.5811873e-04,463.87252,2.9353297e-04,-3.1078875e-03,-3.0064393e-02
-0.5584716635526092,0.9997676125864339,0.00028251999795650114,1902.2888083366506,3.0505182e-03,485878,470.98593,463.85454,1.6398378e+05,4.6313183e+01,2.9101279e+03,1.3659367e+01,1.6979567e+05,4.7981823e+01,0,nan,nan,nan,nan,470.98593,2.5833829e-04,463.85454,2.9378664e-04,-1.4777764e-02,-5.0199207e-02
-0.558334002333595,0.9999963901210303,0.0002842147890403519,1718.2425459978676,-3.0199164e-03,353369,1328.20072,1818.97120,1.5760419e+05,4.4948467e+01,4.4294839e+03,1.1919069e+01,1.6615917e+05,4.7225067e+01,0,nan,nan,nan,nan,1328.20072,2.6139527e-04,1818.97120,2.3288466e-04,-1.7710081e-03,-1.3342927e-02
-0.558048522125091,0.9995898691442038,0.00028194600449402146,1712.107951478076,-2.8948840e-03,348952,1328.21245,1818.98813,1.5850103e+05,4.4630478e+01,2.9294875e+03,1.0985098e+01,1.6624367e+05,4.6890972e+01,0,nan,nan,nan,nan,1328.21245,2.5740021e-04,1818.98813,2.2725468e-04,9.7758006e-03,6.1529046e-03
-0.5579989185487193,0.9998035454740476,0.00029872152089189933,1761.187041081653,-2.9496721e-03,384289,1042.63062,1775.56711,1.5919311e+05,4.7537838e+01,9.9158008e+03,1.6229757e+01,1.6657662e+05,4.9769798e+01,0,nan,nan,nan,nan,1042.63062,2.8048447e-04,1775.56711,2.4997219e-04,7.1248566e-03,3.6611259e-02
-0.5579559510920262,0.999579779801722,0.0002911222421853432,1755.0522040491096,-3.0672431e-03,379872,1042.61247,1775.56983,1.5902347e+05,4.6322613e+01,5.4571289e+03,1.4239688e+01,1.6651816e+05,4.8497517e+01,0,nan,nan,nan,nan,1042.61247,2.7122910e-04,1775.56983,2.4200151e-04,-1.2699408e-02,3.8558666e-02
-0.5577582880418959,1.0003999120312148,0.0002933019910615118,1742.7826417121596,-3.1906578e-03,371038,1042.61240,1775.51944,1.5909573e+05,4.6649323e+01,6.6995879e+03,1.4764317e+01,1.6658291e+05,4.8839565e+01,0,nan,nan,nan,nan,1042.61240,2.7371562e-04,1775.51944,2.4426341e-04,-1.3419142e-02,-1.5341055e-02
-0.5574306547118795,1.0001560750323562,0.0002821280237128466,1920.6944893454915,3.1838091e-03,499130,471.02803,463.89237,1.6423595e+05,4.6247509e+01,2.6009436e+03,1.3429395e+01,1.6985644e+05,4.7913784e+01,0,nan,nan,nan,nan,471.02803,2.5840302e-04,463.89237,2.9308564e-04,2.9551854e-02,-8.6335028e-03
-0.5574206437063367,0.9994122812835695,0.000284018292634366,1730.513219356495,-3.1745508e-03,362204,1328.20045,1819.01271,1.5833870e+05,4.4911282e+01,4.0400098e+03,1.1623412e+01,1.6603953e+05,4.7185997e+01,0,nan,nan,nan,nan,1328.20045,2.5942133e-04,1819.01271,2.2935735e-04,-2.8476324e-03,3.2891113e-02
-0.5572804887010534,0.9997078290632563,0.0002878377715508704,1914.5597595115023,3.1735848e-03,494713,471.01393,463.89112,1.6415247e+05,4.7197720e+01,5.7085405e+03,1.5324527e+01,1.6983156e+05,4.8898228e+01,0,nan,nan,nan,nan,471.01393,2.6473604e-04,463.89112,3.0039778e-04,1.5801871e-02,-1.0312047e-02
-0.5571584290325973,1.0001252859298893,0.00028208006068760434,1908.4250015711707,3.1352544e-03,490296,470.99856,463.87707,1.6388952e+05,4.6226902e+01,2.5984985e+03,1.3560802e+01,1.6980441e+05,4.7892433e+01,0,nan,nan,nan,nan,470.99856,2.5816605e-04,463.87707,2.9341344e-04,-1.6434983e-03,-2.5588315e-02
-0.5570827526703397,1.00059706971163,0.00028262808160216897,1902.290197247533,3.0505408e-03,485879,470.98119,463.85476,1.6404736e+05,4.6330933e+01,2.9122676e+03,1.3706079e+01,1.6993667e+05,4.8000214e+01,0,nan,nan,nan,nan,470.98119,2.5825988e-04,463.85476,2.9388882e-04,-1.9820502e-02,-4.9868014e-02
-0.5569451380306418,0.9996462694866722,0.00028436766026999926,1718.2439348621706,-3.0199403e-03,353370,1328.19873,1818.98428,1.5781088e+05,4.4972588e+01,4.4375366e+03,1.1915362e+01,1.6610081e+05,4.7250412e+01,0,nan,nan,nan,nan,1328.19873,2.6072675e-04,1818.98428,2.3110384e-04,-5.1464569e-03,1.8657764e-03
-0.5566596673688764,1.0006389215425158,0.0002821807023956522,1712.1093403328323,-2.8949175e-03,348953,1328.21134,1818.98791,1.5866552e+05,4.4668060e+01,2.9299988e+03,1.1039907e+01,1.6641977e+05,4.6930462e+01,0,nan,nan,nan,nan,1328.21134,2.5730257e-04,1818.98791,2.2722932e-04,8.6800531e-03,6.2043322e-03
-0.5566099995512559,0.9999140731183385,0.0002987118001208273,1761.1884300006504,-2.9496413e-03,384290,1042.63159,1775.57166,1.5926030e+05,4.7536030e+01,9.8896094e+03,1.6229456e+01,1.6659412e+05,4.9767906e+01,0,nan,nan,nan,nan,1042.63159,2.8005426e-04,1775.57166,2.4970493e-04,8.5998457e-03,4.1636016e-02
-0.5565670407099788,0.9998691648160444,0.00029099704019596334,1755.0535929594917,-3.0672210e-03,379873,1042.60777,1775.56303,1.5909408e+05,4.6302776e+01,5.4407275e+03,1.4152745e+01,1.6656666e+05,4.8476746e+01,0,nan,nan,nan,nan,1042.60777,2.7109575e-04,1775.56303,2.4188278e-04,-1.7161146e-02,3.1417422e-02
-0.5563693930262161,1.000341106207332,0.00029344071196089395,1742.7840306071753,-3.1906511e-03,371039,1042.61674,1775.52544,1.5919883e+05,4.6671394e+01,6.7194438e+03,1.4783357e+01,1.6657316e+05,4.8862675e+01,0,nan,nan,nan,nan,1042.61674,2.7354236e-04,1775.52544,2.4412925e-04,-9.5753325e-03,-8.5327066e-03
-0.5560417673464144,1.0000033999036602,0.00028194742463482264,1920.695878232857,3.1838082e-03,499131,471.02003,463.88001,1.6409234e+05,4.6217640e+01,2.5909634e+03,1.3423907e+01,1.6982952e+05,4.7882835e+01,0,nan,nan,nan,nan,471.02003,2.5850086e-04,463.88001,2.9354147e-04,2.2145299e-02,-2.1897880e-02
-0.5560317640365611,0.9993837437294657,0.00028401999684392657,1730.5146082361648,-3.1745594e-03,362205,1328.19961,1819.02478,1.5822073e+05,4.4911728e+01,4.0447358e+03,1.1649992e+01,1.6603547e+05,4.7186470e+01,0,nan,nan,nan,nan,1328.19961,2.5991185e-04,1819.02478,2.2943821e-04,-4.1471538e-03,4.6286494e-02
-0.5558915962128594,0.9998810162983582,0.0002876593217150606,1914.5611484039905,3.1735890e-03,494714,471.01330,463.89292,1.6420191e+05,4.7168484e+01,5.7013633e+03,1.5263274e+01,1.6986108e+05,4.8867935e+01,0,nan,nan,nan,nan,471.01330,2.6423100e-04,463.89292,2.9995880e-04,1.5363933e-02,-9.0658404e-03
-0.5557695253687598,1.0002126571718215,0.0002820353909895306,1908.4263904748345,3.1352697e-03,490297,470.99826,463.87727,1.6398433e+05,4.6219669e+01,2.5850437e+03,1.3493011e+01,1.6981956e+05,4.7884941e+01,0,nan,nan,nan,nan,470.99826,2.5796020e-04,463.87727,2.9316873e-04,-1.8324504e-03,-2.5344966e-02
-0.5556938420218103,0.999577551212014,0.00028234887393722936,1902.2915861581814,3.0505632e-03,485880,470.98435,463.85457,1.6393081e+05,4.6285194e+01,2.9045056e+03,1.3614557e+01,1.6976362e+05,4.7952824e+01,0,nan,nan,nan,nan,470.98435,2.5832627e-04,463.85457,2.9392465e-04,-1.5987795e-02,-5.0942719e-02
-0.5555562737283708,0.9998685830909727,0.00028422815089329344,1718.2453237264729,-3.0199643e-03,353371,1328.20050,1818.98382,1.5779495e+05,4.4950466e+01,4.4297988e+03,1.1837404e+01,1.6613753e+05,4.7227169e+01,0,nan,nan,nan,nan,1328.20050,2.6063187e-04,1818.98382,2.3138728e-04,-2.2375062e-03,5.9792615e-04
-0.5552708126126618,0.9996963554130446,0.00028149671733396534,1712.1107291875885,-2.8949510e-03,348954,1328.20195,1818.97914,1.5795739e+05,4.4560207e+01,2.9307617e+03,1.0972410e+01,1.6626455e+05,4.6817139e+01,0,nan,nan,nan,nan,1328.20195,2.5792106e-04,1818.97914,2.2990223e-04,3.0522866e-04,-7.3246663e-03
-0.5552210805535651,1.000369490321546,0.0002987894458083828,1761.1898189196481,-2.9496106e-03,384291,1042.62935,1775.56732,1.5938217e+05,4.7548130e+01,9.8522012e+03,1.6246714e+01,1.6666909e+05,4.9780571e+01,0,nan,nan,nan,nan,1042.62935,2.7990021e-04,1775.56732,2.4956500e-04,6.1306790e-03,3.7041727e-02
-0.5551781303270218,0.9997734090186559,0.0002911192323099692,1755.0549818698746,-3.0671989e-03,379874,1042.61520,1775.57013,1.5915778e+05,4.6322292e+01,5.4610903e+03,1.4179985e+01,1.6655098e+05,4.8497185e+01,0,nan,nan,nan,nan,1042.61520,2.7118131e-04,1775.57013,2.4174654e-04,-9.9662971e-03,3.8735881e-02
-0.5549804980109911,0.9998127461974712,0.0002934195871232731,1742.7854195021905,-3.1906443e-03,371040,1042.61757,1775.52146,1.5905642e+05,4.6668045e+01,6.7174453e+03,1.4825051e+01,1.6648522e+05,4.8859173e+01,0,nan,nan,nan,nan,1042.61757,2.7364271e-04,1775.52146,2.4434607e-04,-8.1337914e-03,-1.3221361e-02
-0.554652879980722,0.9998897256626459,0.00028207393771886906,1920.6972671202227,3.1838072e-03,499132,471.02711,463.89565,1.6409073e+05,4.6238113e+01,2.5968811e+03,1.3508109e+01,1.6980927e+05,4.7904049e+01,0,nan,nan,nan,nan,471.02711,2.5869533e-04,463.89565,2.9331073e-04,2.9841578e-02,-4.9358285e-03
-0.5546428845993887,0.9998814615984019,0.000284116080983965,1730.515997115602,-3.1745683e-03,362206,1328.20325,1819.01890,1.5838436e+05,4.4927116e+01,4.0377036e+03,1.1652871e+01,1.6611884e+05,4.7202633e+01,0,nan,nan,nan,nan,1328.20325,2.5939938e-04,1819.01890,2.2908200e-04,-8.3464163e-04,4.0468168e-02
-0.5545027037251202,1.000407298687077,0.0002877121864514823,1914.5625372964782,3.1735932e-03,494715,471.01430,463.89950,1.6428581e+05,4.7177166e+01,5.6939722e+03,1.5254619e+01,1.6995055e+05,4.8876934e+01,0,nan,nan,nan,nan,471.01430,2.6433237e-04,463.89950,3.0005348e-04,1.6889920e-02,-1.2260214e-03
-0.5543806217051497,0.999997542775399,0.0002819564450871258,1908.4277793784981,3.1352851e-03,490298,470.99515,463.87062,1.6386300e+05,4.6206825e+01,2.5918459e+03,1.3463033e+01,1.6978336e+05,4.7871632e+01,0,nan,nan,nan,nan,470.99515,2.5831728e-04,463.87062,2.9344056e-04,-5.7073478e-03,-3.1883106e-02
-0.5543049311399955,0.9996525401426132,0.0002822950958428325,1902.2929750690632,3.0505857e-03,485881,470.98837,463.85534,1.6385678e+05,4.6276409e+01,2.8867244e+03,1.3616854e+01,1.6977647e+05,4.7943722e+01,0,nan,nan,nan,nan,470.98837,2.5864638e-04,463.85534,2.9404074e-04,-1.2471393e-02,-4.9662579e-02
-0.5541674094258724,1.0004307762943618,0.0002844136265411091,1718.2467125907754,-3.0199883e-03,353372,1328.20682,1818.98242,1.5802784e+05,4.4979736e+01,4.4250376e+03,1.1845136e+01,1.6623070e+05,4.7257919e+01,0,nan,nan,nan,nan,1328.20682,2.6059875e-04,1818.98242,2.3085171e-04,4.7721849e-03,1.5367613e-04
-0.5538819578548555,0.9996617707972526,0.0002819155771268264,1712.1121180423463,-2.8949846e-03,348955,1328.20959,1818.98886,1.5841722e+05,4.4626904e+01,2.9222903e+03,1.0978906e+01,1.6626027e+05,4.6887218e+01,0,nan,nan,nan,nan,1328.20959,2.5738607e-04,1818.98886,2.2754421e-04,7.0715840e-03,7.0795002e-03
-0.5538321615563291,1.0002726865511147,0.00029859942050534374,1761.1912078386454,-2.9495799e-03,384292,1042.62927,1775.57307,1.5931214e+05,4.7517632e+01,9.8377305e+03,1.6175367e+01,1.6665208e+05,4.9748646e+01,0,nan,nan,nan,nan,1042.62927,2.7989747e-04,1775.57307,2.4969777e-04,5.0826361e-03,4.3077312e-02
-0.5537892199445196,0.999793618288037,0.00029116973314272104,1755.056370780257,-3.0671768e-03,379875,1042.61193,1775.56746,1.5908430e+05,4.6330399e+01,5.4718457e+03,1.4217301e+01,1.6655461e+05,4.8505672e+01,0,nan,nan,nan,nan,1042.61193,2.7128417e-04,1775.56746,2.4202201e-04,-1.4039848e-02,3.5972286e-02
-0.5535916029957662,1.0005173939774021,0.0002933995960186092,1742.7868083972057,-3.1906376e-03,371041,1042.61051,1775.52265,1.5906603e+05,4.6664883e+01,6.7240977e+03,1.4811977e+01,1.6660259e+05,4.8855858e+01,0,nan,nan,nan,nan,1042.61051,2.7381195e-04,1775.52265,2.4449869e-04,-1.5655562e-02,-1.2628655e-02
-0.5532639926145748,0.999625184422311,0.0002820056592027634,1920.6986560075889,3.1838063e-03,499133,471.01969,463.88547,1.6414247e+05,4.6226665e+01,2.6000107e+03,1.3439150e+01,1.6976341e+05,4.7892193e+01,0,nan,nan,nan,nan,471.01969,2.5836486e-04,463.88547,2.9312033e-04,2.1160170e-02,-1.5713131e-02
-0.5532540051624437,1.0000390141301945,0.00028392976442835513,1730.517385995039,-3.1745771e-03,362207,1328.19867,1819.02147,1.5836080e+05,4.4897842e+01,4.0252405e+03,1.1573226e+01,1.6614573e+05,4.7171879e+01,0,nan,nan,nan,nan,1328.19867,2.5940282e-04,1819.02147,2.2911723e-04,-5.3322720e-03,4.2511165e-02
-0.5531138112364715,0.9996979928858997,0.0002877007776645413,1914.563926188967,3.1735974e-03,494716,471.01515,463.89230,1.6424997e+05,4.7175304e+01,5.6901616e+03,1.5261518e+01,1.6983008e+05,4.8875008e+01,0,nan,nan,nan,nan,471.01515,2.6413627e-04,463.89230,2.9992618e-04,1.6654057e-02,-9.4372630e-03
-0.5529917180410848,0.9999071767325075,0.00028197525230833553,1908.4291682821622,3.1353005e-03,490299,470.99980,463.87022,1.6383819e+05,4.6209988e+01,2.6046262e+03,1.3499232e+01,1.6976833e+05,4.7874912e+01,0,nan,nan,nan,nan,470.99980,2.5807839e-04,463.87022,2.9385011e-04,-7.5233012e-04,-3.3404764e-02
-0.5529160202577259,1.0000318906794874,0.00028245452566529717,1902.2943639799455,3.0506083e-03,485882,470.98456,463.85801,1.6393175e+05,4.6302570e+01,2.8957437e+03,1.3661913e+01,1.6984100e+05,4.7970829e+01,0,nan,nan,nan,nan,470.98456,2.5830488e-04,463.85801,2.9409715e-04,-1.6563136e-02,-4.6678741e-02
-0.5527785451229192,1.0002889256083745,0.00028434664364911365,1718.2481014550783,-3.0200123e-03,353373,1328.20186,1818.99133,1.5793748e+05,4.4969063e+01,4.4246313e+03,1.1853479e+01,1.6620684e+05,4.7246708e+01,0,nan,nan,nan,nan,1328.20186,2.6062602e-04,1818.99133,2.3075132e-04,-1.0020266e-03,9.4544552e-03
-0.552493102864446,0.9994585132572579,0.00028198422197883526,1712.1135068973367,-2.8950179e-03,348956,1328.20915,1818.98787,1.5846767e+05,4.4638145e+01,2.9318467e+03,1.1009602e+01,1.6622788e+05,4.6899029e+01,0,nan,nan,nan,nan,1328.20915,2.5750615e-04,1818.98787,2.2730583e-04,6.9103232e-03,5.8734026e-03
-0.5524432425586383,0.9997304324103441,0.00029849926391502084,1761.192596757643,-2.9495491e-03,384293,1042.63180,1775.56586,1.5920303e+05,4.7501450e+01,9.8357793e+03,1.6182627e+01,1.6656086e+05,4.9731701e+01,0,nan,nan,nan,nan,1042.63180,2.7995816e-04,1775.56586,2.4979259e-04,8.6367941e-03,3.5572615e-02
-0.5524003095615626,1.000610266226393,0.00029151295905367936,1755.05775969064,-3.0671547e-03,379876,1042.61146,1775.56973,1.5925023e+05,4.6385075e+01,5.4850835e+03,1.4226307e+01,1.6669089e+05,4.8562916e+01,0,nan,nan,nan,nan,1042.61146,2.7130291e-04,1775.56973,2.4236758e-04,-1.3956030e-02,3.8548179e-02
-0.5522027079796317,0.9997910926821556,0.0002933412360821339,1742.7881972922219,-3.1906308e-03,371042,1042.61548,1775.51800,1.5898830e+05,4.6655613e+01,6.7664478e+03,1.4797239e+01,1.6648170e+05,4.8846153e+01,0,nan,nan,nan,nan,1042.61548,2.7387094e-04,1775.51800,2.4451892e-04,-1.0085611e-02,-1.6510766e-02
-0.5518751050153696,0.9998821436766795,0.00028235406043751915,1920.700044895188,3.1838056e-03,499134,471.02598,463.88778,1.6416097e+05,4.6283539e+01,2.5964358e+03,1.3616952e+01,1.6980616e+05,4.7951111e+01,0,nan,nan,nan,nan,471.02598,2.5860514e-04,463.88778,2.9321818e-04,2.8183768e-02,-1.3271620e-02
-0.5518651257261808,1.0001475210322899,0.00028395840927234974,1730.5187748744752,-3.1745860e-03,362208,1328.20111,1819.01410,1.5833580e+05,4.4902573e+01,4.0347664e+03,1.1607117e+01,1.6616448e+05,4.7176846e+01,0,nan,nan,nan,nan,1328.20111,2.5953149e-04,1819.01410,2.3021245e-04,-1.8786535e-03,3.2746319e-02
-0.5517249187469133,0.9992426971881012,0.0002876581407126416,1914.5653150814564,3.1736016e-03,494717,471.01718,463.89314,1.6417119e+05,4.7168320e+01,5.6948364e+03,1.5252216e+01,1.6975275e+05,4.8867767e+01,0,nan,nan,nan,nan,471.01718,2.6434107e-04,463.89314,2.9982085e-04,1.8954910e-02,-8.0405269e-03
-0.5516028146093959,0.9996809984099809,0.00028194461830733937,1908.430557185594,3.1353156e-03,490300,470.99921,463.88764,1.6391128e+05,4.6205051e+01,2.6118594e+03,1.3465425e+01,1.6973023e+05,4.7869797e+01,0,nan,nan,nan,nan,470.99921,2.5797478e-04,463.88764,2.9312656e-04,-1.1549981e-03,-1.3487877e-02
-0.5515271093754563,0.9999280810972424,0.00028251322326206045,1902.2957528908278,3.0506309e-03,485883,470.98434,463.84481,1.6396377e+05,4.6312218e+01,2.8939797e+03,1.3689111e+01,1.6982347e+05,4.7980827e+01,0,nan,nan,nan,nan,470.98434,2.5826975e-04,463.84481,2.9388932e-04,-1.6927918e-02,-6.1509661e-02
-0.5513896808199661,0.9999499638516578,0.00028430979591319007,1718.2494903193813,-3.0200363e-03,353374,1328.20055,1818.98400,1.5788403e+05,4.4963158e+01,4.4199658e+03,1.1826062e+01,1.6615023e+05,4.7240501e+01,0,nan,nan,nan,nan,1328.20055,2.6077032e-04,1818.98400,2.3099392e-04,-3.2203344e-03,2.0215455e-03
-0.5511042481082313,1.0008521942700526,0.0002820176012721509,1712.114895752093,-2.8950514e-03,348957,1328.20553,1818.98480,1.5852145e+05,4.4643791e+01,2.9252634e+03,1.1003128e+01,1.6646100e+05,4.6904957e+01,0,nan,nan,nan,nan,1328.20553,2.5750606e-04,1818.98480,2.2760444e-04,3.7840195e-03,2.7071368e-03
-0.5510543237940055,0.9998708053639584,0.0002985195856600665,1761.1939856764077,-2.9495186e-03,384294,1042.63624,1775.57869,1.5923909e+05,4.7504436e+01,9.8354600e+03,1.6173679e+01,1.6658339e+05,4.9734833e+01,0,nan,nan,nan,nan,1042.63624,2.7987949e-04,1775.57869,2.4963651e-04,1.2727138e-02,4.8653428e-02
-0.5510113989462297,1.0003627198862501,0.0002912575662737995,1755.0591486012554,-3.0671323e-03,379877,1042.61486,1775.56540,1.5917686e+05,4.6344501e+01,5.4948516e+03,1.4200274e+01,1.6664988e+05,4.8520435e+01,0,nan,nan,nan,nan,1042.61486,2.7109295e-04,1775.56540,2.4209129e-04,-1.0368424e-02,3.3796623e-02
-0.5508138129634972,0.9997497333097431,0.0002934191974950564,1742.789586187238,-3.1906241e-03,371043,1042.61178,1775.52006,1.5901797e+05,4.6668026e+01,6.7613970e+03,1.4836735e+01,1.6647486e+05,4.8859146e+01,0,nan,nan,nan,nan,1042.61178,2.7374289e-04,1775.52006,2.4446260e-04,-1.4498469e-02,-1.4777461e-02
-0.5504862176494498,1.000275979046028,0.0002820781869913031,1920.701433782554,3.1838047e-03,499135,471.02654,463.89311,1.6424469e+05,4.6238083e+01,2.5878491e+03,1.3415927e+01,1.6987219e+05,4.7904018e+01,0,nan,nan,nan,nan,471.02654,2.5845575e-04,463.89311,2.9295805e-04,2.8417736e-02,-7.6329224e-03
-0.550476246289918,0.9998321947787049,0.00028400856131219517,1730.5201637539114,-3.1745948e-03,362209,1328.20668,1819.02330,1.5831048e+05,4.4910702e+01,4.0405447e+03,1.1620078e+01,1.6611284e+05,4.7185390e+01,0,nan,nan,nan,nan,1328.20668,2.5990771e-04,1819.02330,2.2924351e-04,3.7739417e-03,4.4724770e-02
-0.5503360262582646,1.0001715220443956,0.0002878229021043915,1914.566703973945,3.1736058e-03,494718,471.01083,463.89061,1.6427361e+05,4.7195332e+01,5.6991338e+03,1.5277000e+01,1.6991053e+05,4.8895756e+01,0,nan,nan,nan,nan,471.01083,2.6426272e-04,463.89061,2.9995694e-04,1.2339305e-02,-1.0684878e-02
-0.5502139109444215,0.9996511599564922,0.00028178941841420634,1908.4319460892589,3.1353310e-03,490301,471.00154,463.87133,1.6378042e+05,4.6179699e+01,2.5882300e+03,1.3448316e+01,1.6972547e+05,4.7843529e+01,0,nan,nan,nan,nan,471.00154,2.5821061e-04,463.87133,2.9361987e-04,1.6098246e-03,-3.2037724e-02
-0.5501381987260174,1.0004693258434567,0.00028244689188896465,1902.2971418014772,3.0506533e-03,485884,470.98318,463.85894,1.6400008e+05,4.6301373e+01,2.8871462e+03,1.3649004e+01,1.6991548e+05,4.7969589e+01,0,nan,nan,nan,nan,470.98318,2.5815002e-04,463.85894,2.9395355e-04,-1.8027255e-02,-4.5207705e-02
-0.5500008165174677,1.0003117920170839,0.0002844272256012475,1718.2508791836838,-3.0200602e-03,353375,1328.20679,1818.98406,1.5792866e+05,4.4981640e+01,4.4311860e+03,1.1847991e+01,1.6621002e+05,4.7259922e+01,0,nan,nan,nan,nan,1328.20679,2.6087073e-04,1818.98406,2.3093454e-04,4.5505222e-03,2.1211312e-03
-0.5497153933520167,1.0000787609559196,0.0002821057213695673,1712.1162846068491,-2.8950849e-03,348958,1328.20554,1818.97870,1.5859814e+05,4.4658077e+01,2.9362207e+03,1.1033905e+01,1.6633362e+05,4.6919971e+01,0,nan,nan,nan,nan,1328.20554,2.5707204e-04,1818.97870,2.2750675e-04,3.1995790e-03,-4.1320650e-03
-0.5496654047965421,1.0000510003515681,0.00029844342755870216,1761.1953745954052,-2.9494879e-03,384295,1042.62980,1775.56807,1.5922750e+05,4.7492081e+01,9.7990303e+03,1.6159163e+01,1.6661258e+05,4.9721893e+01,0,nan,nan,nan,nan,1042.62980,2.7986581e-04,1775.56807,2.4980510e-04,6.0189865e-03,3.7848484e-02
-0.5496224885632728,1.0003966756005587,0.00029121324976458745,1755.0605375116384,-3.0671102e-03,379878,1042.60853,1775.56294,1.5926803e+05,4.6337505e+01,5.4985874e+03,1.4173114e+01,1.6665572e+05,4.8513111e+01,0,nan,nan,nan,nan,1042.60853,2.7101696e-04,1775.56294,2.4175341e-04,-1.7341340e-02,3.1517431e-02
-0.5494249179478174,0.999788851998647,0.0002933976003870448,1742.7909750822537,-3.1906173e-03,371044,1042.61292,1775.51927,1.5901514e+05,4.6664604e+01,6.7828140e+03,1.4805026e+01,1.6648142e+05,4.8855564e+01,0,nan,nan,nan,nan,1042.61292,2.7406015e-04,1775.51927,2.4461743e-04,-1.2959965e-02,-1.5524711e-02
-0.5490973302830753,0.9999711479027034,0.00028226523769306,1920.7028226699204,3.1838038e-03,499136,471.02583,463.88910,1.6420578e+05,4.6268520e+01,2.6036436e+03,1.3510675e+01,1.6981961e+05,4.7935555e+01,0,nan,nan,nan,nan,471.02583,2.5835467e-04,463.88910,2.9330858e-04,2.7436269e-02,-1.2292281e-02
-0.549087366852973,0.9998120528846011,0.00028405193297463213,1730.5215526333484,-3.1746037e-03,362210,1328.19753,1819.02103,1.5826700e+05,4.4917767e+01,4.0369766e+03,1.1653096e+01,1.6611027e+05,4.7192810e+01,0,nan,nan,nan,nan,1328.19753,2.5984869e-04,1819.02103,2.2979283e-04,-5.4859752e-03,4.1144211e-02
-0.5489471337705254,1.0003372508471438,0.00028780775233841325,1914.5680928664328,3.1736100e-03,494719,471.01200,463.88314,1.6431595e+05,4.7192837e+01,5.6906313e+03,1.5289654e+01,1.6993864e+05,4.8893169e+01,0,nan,nan,nan,nan,471.01200,2.6430827e-04,463.88314,2.9994847e-04,1.2981129e-02,-1.9338449e-02
-0.5488250072799019,1.0003751995257482,0.00028206565167980904,1908.4333349929234,3.1353463e-03,490302,470.99860,463.88003,1.6391025e+05,4.6225052e+01,2.6000903e+03,1.3538798e+01,1.6984869e+05,4.7890514e+01,0,nan,nan,nan,nan,470.99860,2.5816946e-04,463.88003,2.9348841e-04,-1.3558952e-03,-2.2329735e-02
-0.5487492878437479,1.0007755557442823,0.0002824099553753196,1902.2985307123595,3.0506758e-03,485885,470.98810,463.84501,1.6385031e+05,4.6295345e+01,2.9021335e+03,1.3663416e+01,1.6996759e+05,4.7963341e+01,0,nan,nan,nan,nan,470.98810,2.5874187e-04,463.84501,2.9488862e-04,-1.2317268e-02,-6.0374126e-02
-0.548611951982366,0.9999655025375078,0.00028424344661996914,1718.2522680482189,-3.0200840e-03,353376,1328.20321,1818.98543,1.5781700e+05,4.4952480e+01,4.4263276e+03,1.1836875e+01,1.6615212e+05,4.7229282e+01,0,nan,nan,nan,nan,1328.20321,2.6087364e-04,1818.98543,2.3138362e-04,6.2808557e-04,2.7803269e-03
-0.5483265385948926,1.0002202660029804,0.00028211490512350515,1712.1176734616063,-2.8951184e-03,348959,1328.21224,1818.98708,1.5862428e+05,4.4659855e+01,2.9350718e+03,1.1031844e+01,1.6635836e+05,4.6921841e+01,0,nan,nan,nan,nan,1328.21224,2.5730496e-04,1818.98708,2.2713118e-04,1.0016763e-02,5.2434220e-03
-0.5482764857988514,1.000143623408072,0.0002984797200530435,1761.1967635144028,-2.9494571e-03,384296,1042.62305,1775.56814,1.5926738e+05,4.7497620e+01,9.7439199e+03,1.6175367e+01,1.6662720e+05,4.9727695e+01,0,nan,nan,nan,nan,1042.62305,2.7992669e-04,1775.56814,2.4963295e-04,-6.4374332e-04,3.7546121e-02
-0.5482335781803158,1.000435387196276,0.0002913443346078134,1755.0619264220213,-3.0670881e-03,379879,1042.61205,1775.56651,1.5918569e+05,4.6358414e+01,5.5050737e+03,1.4256331e+01,1.6666236e+05,4.8535004e+01,0,nan,nan,nan,nan,1042.61205,2.7115626e-04,1775.56651,2.4196661e-04,-1.3490947e-02,3.5330132e-02
-0.548036022931683,0.9994755054508724,0.000293453609256992,1742.7923639772698,-3.1906106e-03,371045,1042.61948,1775.52793,1.5905059e+05,4.6673523e+01,6.7887173e+03,1.4812080e+01,1.6642930e+05,4.8864906e+01,0,nan,nan,nan,nan,1042.61948,2.7392298e-04,1775.52793,2.4451717e-04,-6.2932763e-03,-5.6321868e-03
-0.5477084429167007,1.000279974160665,0.00028225863283109706,1920.7042115572867,3.1838028e-03,499137,471.02202,463.88295,1.6423303e+05,4.6267227e+01,2.6220647e+03,1.3528410e+01,1.6987127e+05,4.7934212e+01,0,nan,nan,nan,nan,471.02202,2.5835319e-04,463.88295,2.9295130e-04,2.4283119e-02,-1.8614514e-02
-0.5476984874151185,1.000217688797562,0.00028392112235680223,1730.5229415127862,-3.1746125e-03,362211,1328.21000,1819.03122,1.5825388e+05,4.4897293e+01,4.0425034e+03,1.1614720e+01,1.6617844e+05,4.7171299e+01,0,nan,nan,nan,nan,1328.21000,2.5991566e-04,1819.03122,2.2996881e-04,7.2960891e-03,5.1876109e-02
-0.5475582412825588,0.9998077371353795,0.0002877015028304733,1914.5694817589208,3.1736142e-03,494720,471.01955,463.89928,1.6426803e+05,4.7175396e+01,5.6977812e+03,1.5262257e+01,1.6984862e+05,4.8875103e+01,0,nan,nan,nan,nan,471.01955,2.6439209e-04,463.89928,2.9951040e-04,2.1952353e-02,-1.4802365e-03
-0.5474361036160644,0.9997276348957611,0.0002820483825293927,1908.4347238965872,3.1353617e-03,490303,470.99621,463.87698,1.6388627e+05,4.6222294e+01,2.6050815e+03,1.3518106e+01,1.6973903e+05,4.7887661e+01,0,nan,nan,nan,nan,470.99621,2.5813773e-04,463.87698,2.9340194e-04,-4.4705900e-03,-2.5040837e-02
-0.5473603769623878,0.999748832018481,0.00028246951385163424,1902.2999196232408,3.0506984e-03,485886,470.98755,463.86055,1.6395703e+05,4.6305134e+01,2.8965068e+03,1.3667372e+01,1.6979331e+05,4.7973484e+01,0,nan,nan,nan,nan,470.98755,2.5836963e-04,463.86055,2.9390590e-04,-1.2983592e-02,-4.3575283e-02
-0.5472230876787307,1.000554932497227,0.0002843788274248628,1718.2536569125225,-3.0201080e-03,353377,1328.20922,1818.98556,1.5797620e+05,4.4973785e+01,4.4156074e+03,1.1831736e+01,1.6624969e+05,4.7251671e+01,0,nan,nan,nan,nan,1328.20922,2.6089160e-04,1818.98556,2.3112110e-04,6.7028650e-03,2.6967726e-03
-0.5469376836051651,0.9999096592997714,0.00028198116458273356,1712.119062316596,-2.8951517e-03,348960,1328.20574,1818.98438,1.5850141e+05,4.4638985e+01,2.9336448e+03,1.0976158e+01,1.6630784e+05,4.6899914e+01,0,nan,nan,nan,nan,1328.20574,2.5742434e-04,1818.98438,2.2761352e-04,3.2921191e-03,1.6333546e-03
-0.5468875668016153,1.000353772941539,0.0002984979152698473,1761.1981524334,-2.9494264e-03,384297,1042.62433,1775.56256,1.5931669e+05,4.7500290e+01,9.7555996e+03,1.6151085e+01,1.6666141e+05,4.9730488e+01,0,nan,nan,nan,nan,1042.62433,2.7987082e-04,1775.56256,2.4957940e-04,7.9344277e-04,3.1653624e-02
-0.5468446677978136,1.0000086762605358,0.00029119850131362825,1755.0633153324038,-3.0670660e-03,379880,1042.61152,1775.56800,1.5917131e+05,4.6335258e+01,5.5014976e+03,1.4192427e+01,1.6659144e+05,4.8510757e+01,0,nan,nan,nan,nan,1042.61152,2.7112800e-04,1775.56800,2.4195724e-04,-1.4079425e-02,3.6661647e-02
-0.5466471279157759,0.9998350568757132,0.00029334214561583144,1742.7937528722857,-3.1906038e-03,371046,1042.61637,1775.51615,1.5892714e+05,4.6655807e+01,6.7809819e+03,1.4799829e+01,1.6648922e+05,4.8846359e+01,0,nan,nan,nan,nan,1042.61637,2.7408070e-04,1775.51615,2.4490335e-04,-9.1178520e-03,-1.9151054e-02
-0.5463195555503262,0.9997220100997455,0.00028198169150733175,1920.705600444653,3.1838019e-03,499138,471.01963,463.88091,1.6408272e+05,4.6221626e+01,2.6029541e+03,1.3439531e+01,1.6977575e+05,4.7886967e+01,0,nan,nan,nan,nan,471.01963,2.5856058e-04,463.88091,2.9333908e-04,2.1179464e-02,-2.1533996e-02
-0.5463096079774914,1.0001206542800998,0.0002841618217388131,1730.5243303922239,-3.1746214e-03,362212,1328.20060,1819.02139,1.5831689e+05,4.4935566e+01,4.0520081e+03,1.1654404e+01,1.6616309e+05,4.7211514e+01,0,nan,nan,nan,nan,1328.20060,2.5979013e-04,1819.02139,2.3006274e-04,-2.6509576e-03,4.2020436e-02
-0.5461693487945922,1.0004799077224225,0.0002878134988779711,1914.5708706514088,3.1736183e-03,494721,471.00874,463.89245,1.6440189e+05,4.7193733e+01,5.6816465e+03,1.5259237e+01,1.6996273e+05,4.8894104e+01,0,nan,nan,nan,nan,471.00874,2.6403269e-04,463.89245,2.9937740e-04,9.8241623e-03,-9.0095159e-03
-0.546047199952227,1.000272561739024,0.00028226837347401204,1908.436112800251,3.1353771e-03,490304,471.00478,463.88236,1.6398153e+05,4.6258427e+01,2.5896687e+03,1.3580029e+01,1.6983183e+05,4.7925091e+01,0,nan,nan,nan,nan,471.00478,2.5820397e-04,463.88236,2.9330948e-04,4.5664995e-03,-1.9493835e-02
-0.5459714660801183,0.9999012336122857,0.0002826120656591755,1902.301308534123,3.0507210e-03,485887,470.98569,463.85244,1.6393219e+05,4.6328526e+01,2.9053694e+03,1.3709919e+01,1.6981928e+05,4.7997719e+01,0,nan,nan,nan,nan,470.98569,2.5837199e-04,463.85244,2.9418868e-04,-1.4751216e-02,-5.2955780e-02
-0.5458342233750955,1.0001763818964868,0.0002843104833670395,1718.2550457768261,-3.0201320e-03,353378,1328.20500,1818.99260,1.5790302e+05,4.4962868e+01,4.4071987e+03,1.1823770e+01,1.6618639e+05,4.7240200e+01,0,nan,nan,nan,nan,1328.20500,2.6098915e-04,1818.99260,2.3082594e-04,2.3006843e-03,1.1035300e-02
-0.5455488288489505,1.0003214057751109,0.0002820882179212238,1712.1204511713522,-2.8951853e-03,348961,1328.20898,1818.98487,1.5860772e+05,4.4656223e+01,2.9393518e+03,1.1029441e+01,1.6637741e+05,4.6918022e+01,0,nan,nan,nan,nan,1328.20898,2.5729291e-04,1818.98487,2.2718858e-04,6.3104550e-03,2.5440741e-03
-0.5454986478039245,0.9994709982296482,0.0002984911760195864,1761.1995413523978,-2.9493957e-03,384298,1042.62817,1775.57149,1.5917292e+05,4.7498993e+01,9.7373428e+03,1.6162384e+01,1.6651355e+05,4.9729130e+01,0,nan,nan,nan,nan,1042.62817,2.7990708e-04,1775.57149,2.4982833e-04,4.6033040e-03,4.0770601e-02
-0.545455757182026,0.9998982602493386,0.0002912192512306501,1755.0647042430196,-3.0670436e-03,379881,1042.61282,1775.56339,1.5921253e+05,4.6338600e+01,5.5138906e+03,1.4186444e+01,1.6657319e+05,4.8514256e+01,0,nan,nan,nan,nan,1042.61282,2.7102447e-04,1775.56339,2.4186543e-04,-1.3054507e-02,3.1999789e-02
-0.5452582328998687,1.0000787650053375,0.0002934871115104993,1742.7951417673016,-3.1905971e-03,371047,1042.60861,1775.52803,1.5906922e+05,4.6678883e+01,6.8036519e+03,1.4828671e+01,1.6652984e+05,4.8870514e+01,0,nan,nan,nan,nan,1042.60861,2.7401312e-04,1775.52803,2.4440754e-04,-1.7383527e-02,-6.2198327e-03
-0.544930667951121,1.000046977162111,0.0002822127025866793,1920.7069893322523,3.1838012e-03,499139,471.02965,463.89954,1.6417373e+05,4.6259296e+01,2.5937920e+03,1.3489514e+01,1.6983020e+05,4.7925991e+01,0,nan,nan,nan,nan,471.02965,2.5899307e-04,463.89954,2.9321847e-04,3.2124355e-02,8.8848086e-05
-0.5449207285405464,0.9995211998850431,0.00028389388700083456,1730.5257192716608,-3.1746302e-03,362213,1328.20280,1819.01916,1.5829289e+05,4.4893414e+01,4.0372747e+03,1.1580058e+01,1.6606431e+05,4.7167225e+01,0,nan,nan,nan,nan,1328.20280,2.5977771e-04,1819.01916,2.2968526e-04,-2.8453520e-04,3.9424960e-02
-0.5447804563059435,0.9994944794609191,0.0002876256113810758,1914.5722595438974,3.1736225e-03,494722,471.01366,463.89460,1.6407489e+05,4.7162903e+01,5.6876152e+03,1.5282259e+01,1.6979522e+05,4.8862156e+01,0,nan,nan,nan,nan,471.01366,2.6472029e-04,463.89460,3.0054848e-04,1.6402507e-02,-7.3595834e-03
-0.5446582965214475,0.9998524322933463,0.0002821017798387174,1908.4375017036818,3.1353922e-03,490305,470.99921,463.87164,1.6389747e+05,4.6231197e+01,2.6198618e+03,1.3529516e+01,1.6976077e+05,4.7896881e+01,0,nan,nan,nan,nan,470.99921,2.5830735e-04,463.87164,2.9351216e-04,-1.2663457e-03,-3.1767722e-02
-0.5445825551978487,0.999963670052538,0.00028243631938945315,1902.3026974450054,3.0507436e-03,485888,470.98398,463.86039,1.6397053e+05,4.6299740e+01,2.9007576e+03,1.3645023e+01,1.6982997e+05,4.7967896e+01,0,nan,nan,nan,nan,470.98398,2.5834120e-04,463.86039,2.9383056e-04,-1.7068416e-02,-4.4236667e-02
-0.5444453590719149,1.0004200546793947,0.0002842424094605787,1718.2564346411293,-3.0201559e-03,353379,1328.20533,1818.98427,1.5794519e+05,4.4951992e+01,4.3910293e+03,1.1800347e+01,1.6622645e+05,4.7228771e+01,0,nan,nan,nan,nan,1328.20533,2.6064881e-04,1818.98427,2.3105356e-04,2.2214125e-03,1.8283954e-03
-0.5441599740927359,1.0000171516473833,0.00028195547644527594,1712.1218400261084,-2.8952188e-03,348962,1328.20546,1818.98067,1.5847156e+05,4.4635487e+01,2.9267598e+03,1.0988124e+01,1.6632780e+05,4.6896233e+01,0,nan,nan,nan,nan,1328.20546,2.5758496e-04,1818.98067,2.2793991e-04,2.9490772e-03,-2.0510815e-03
-0.5441097288062338,0.9997885683548982,0.00029843843731691347,1761.2009302713955,-2.9493649e-03,384299,1042.63291,1775.57146,1.5912856e+05,4.7490383e+01,9.7325576e+03,1.6168146e+01,1.6656569e+05,4.9720116e+01,0,nan,nan,nan,nan,1042.63291,2.8034046e-04,1775.57146,2.4985799e-04,9.3310652e-03,4.0860776e-02
-0.5440668467992964,1.0003086529748912,0.00029135688501012144,1755.0660931534023,-3.0670215e-03,379882,1042.60576,1775.56676,1.5919347e+05,4.6360538e+01,5.5408159e+03,1.4229431e+01,1.6664169e+05,4.8537220e+01,0,nan,nan,nan,nan,1042.60576,2.7162209e-04,1775.56676,2.4198380e-04,-1.9828517e-02,3.5727475e-02
-0.5438693378837343,1.00016233398239,0.0002934225116170829,1742.7965306623178,-3.1905903e-03,371048,1042.61339,1775.51984,1.5894594e+05,4.6668621e+01,6.8198521e+03,1.4832228e+01,1.6654381e+05,4.8859772e+01,0,nan,nan,nan,nan,1042.61339,2.7406871e-04,1775.51984,2.4494424e-04,-1.1909647e-02,-1.5647082e-02
-0.5435417805856559,1.0001398724827666,0.0002818937227899935,1920.7083782196178,3.1838003e-03,499140,471.02497,463.88470,1.6403994e+05,4.6206818e+01,2.5857522e+03,1.3420431e+01,1.6984530e+05,4.7871624e+01,0,nan,nan,nan,nan,471.02497,2.5865462e-04,463.88470,2.9356222e-04,2.7144084e-02,-1.7575484e-02
-0.5435318488714529,1.0000485301017963,0.0002841393985825243,1730.52710815133,-3.1746388e-03,362214,1328.19932,1819.02146,1.5840891e+05,4.4932465e+01,4.0438315e+03,1.1635252e+01,1.6615275e+05,4.7208252e+01,0,nan,nan,nan,nan,1328.19932,2.5967864e-04,1819.02146,2.2914828e-04,-3.8700686e-03,4.2437404e-02
-0.5433915638168401,0.9999246098803217,0.00028763889118488793,1914.5736484363865,3.1736267e-03,494723,471.01846,463.89507,1.6416497e+05,4.7165047e+01,5.7005029e+03,1.5260677e+01,1.6986816e+05,4.8864376e+01,0,nan,nan,nan,nan,471.01846,2.6459742e-04,463.89507,3.0015022e-04,2.1637404e-02,-6.6180141e-03
-0.5432693928560184,1.000044958835063,0.000281942590747023,1908.4388906073473,3.1354076e-03,490306,470.99732,463.87190,1.6395666e+05,4.6205181e+01,2.5997085e+03,1.3440778e+01,1.6979372e+05,4.7869930e+01,0,nan,nan,nan,nan,470.99732,2.5801887e-04,463.87190,2.9318713e-04,-2.9360303e-03,-3.0540684e-02
-0.5431936445493193,0.9997798295699865,0.0002824347307577287,1902.304086355654,3.0507660e-03,485889,470.98548,463.84682,1.6392122e+05,4.6299503e+01,2.9012798e+03,1.3657640e+01,1.6979883e+05,4.7967648e+01,0,nan,nan,nan,nan,470.98548,2.5837982e-04,463.84682,2.9404098e-04,-1.5661003e-02,-5.8421303e-02
-0.5430564947696439,0.9999040285766246,0.0002843853833077841,1718.2578235054316,-3.0201799e-03,353380,1328.19811,1818.97806,1.5788578e+05,4.4974483e+01,4.4186641e+03,1.1890194e+01,1.6614028e+05,4.7252399e+01,0,nan,nan,nan,nan,1328.19811,2.6058927e-04,1818.97806,2.3106861e-04,-5.5436734e-03,-5.0136168e-03
-0.5427711191030085,0.9999755904204256,0.0002819361885016879,1712.1232288810982,-2.8952521e-03,348963,1328.21202,1818.98724,1.5853367e+05,4.4632683e+01,2.9339832e+03,1.0980453e+01,1.6632184e+05,4.6893291e+01,0,nan,nan,nan,nan,1328.21202,2.5748572e-04,1818.98724,2.2713169e-04,1.0133598e-02,5.6030429e-03
-0.5427208100418284,0.9999034488352291,0.00029836015317323853,1761.2023191901599,-2.9493344e-03,384300,1042.62863,1775.56781,1.5921381e+05,4.7477707e+01,9.6823730e+03,1.6133728e+01,1.6658408e+05,4.9706848e+01,0,nan,nan,nan,nan,1042.62863,2.7977719e-04,1775.56781,2.4970988e-04,5.2577495e-03,3.7360754e-02
-0.5426779364165668,0.9998972606998681,0.0002914311731757273,1755.067482063785,-3.0669994e-03,379883,1042.61137,1775.57082,1.5913848e+05,4.6372391e+01,5.5386807e+03,1.4254880e+01,1.6657327e+05,4.8549633e+01,0,nan,nan,nan,nan,1042.61137,2.7175006e-04,1775.57082,2.4215682e-04,-1.4031655e-02,3.9343331e-02
-0.5424804428685093,1.0001069876888284,0.00029355745981722223,1742.797919557333,-3.1905835e-03,371049,1042.61636,1775.52589,1.5910803e+05,4.6690102e+01,6.8235933e+03,1.4804469e+01,1.6653466e+05,4.8882259e+01,0,nan,nan,nan,nan,1042.61636,2.7405695e-04,1775.52589,2.4485012e-04,-9.7572338e-03,-8.3654029e-03
-0.5421528932201909,1.0005649129088208,0.00028213188164927195,1920.7097671069832,3.1837993e-03,499141,471.02381,463.89284,1.6420700e+05,4.6245674e+01,2.6125359e+03,1.3463673e+01,1.6991680e+05,4.7911884e+01,0,nan,nan,nan,nan,471.02381,2.5833055e-04,463.89284,2.9359982e-04,2.5087710e-02,-8.8373804e-03
-0.5421429694349627,0.9999958459329121,0.0002843110526580702,1730.5284970307664,-3.1746477e-03,362215,1328.20253,1819.02000,1.5845900e+05,4.4959831e+01,4.0506589e+03,1.1722690e+01,1.6614481e+05,4.7237007e+01,0,nan,nan,nan,nan,1328.20253,2.5971801e-04,1819.02000,2.2888994e-04,-1.1882691e-03,4.1381456e-02
-0.5420026713281914,0.9995489646244232,0.00028759868023544004,1914.5750373288752,3.1736309e-03,494724,471.01434,463.89185,1.6417855e+05,4.7158409e+01,5.6874097e+03,1.5246757e+01,1.6980420e+05,4.8857502e+01,0,nan,nan,nan,nan,471.01434,2.6439267e-04,463.89185,2.9999294e-04,1.6569348e-02,-9.9146152e-03
-0.541880489191044,0.99940435012754,0.00028206021662974647,1908.4402795110122,3.1354229e-03,490307,470.99865,463.87321,1.6381352e+05,4.6224529e+01,2.5995728e+03,1.3544008e+01,1.6968522e+05,4.7889977e+01,0,nan,nan,nan,nan,470.99865,2.5817650e-04,463.87321,2.9358370e-04,-1.7424207e-03,-2.9049795e-02
-0.5418047336670497,0.9993478055121491,0.00028240652311249616,1902.3054752665362,3.0507885e-03,485890,470.98046,463.85037,1.6383625e+05,4.6294895e+01,2.9001233e+03,1.3662672e+01,1.6972553e+05,4.7962875e+01,0,nan,nan,nan,nan,470.98046,2.5829460e-04,463.85037,2.9426796e-04,-2.0871617e-02,-5.4732941e-02
-0.5416676304673729,0.9998727824746849,0.0002840115853385482,1718.2592123697339,-3.0202039e-03,353381,1328.22041,1819.00610,1.5761300e+05,4.4915249e+01,4.4099961e+03,1.1816083e+01,1.6613462e+05,4.7190163e+01,0,nan,nan,nan,nan,1328.22041,2.6141718e-04,1819.00610,2.3202697e-04,1.9321306e-02,2.3353398e-02
-0.5413822643452022,1.0002906602924186,0.0002820743637028216,1712.124617735856,-2.8952856e-03,348964,1328.20992,1818.98729,1.5863550e+05,4.4654800e+01,2.9271560e+03,1.0990906e+01,1.6637514e+05,4.6916527e+01,0,nan,nan,nan,nan,1328.20992,2.5716313e-04,1818.98729,2.2698913e-04,7.2161453e-03,6.3387039e-03
-0.5413318910441376,1.0002129710570213,0.0002983144569051035,1761.2037081091576,-2.9493037e-03,384301,1042.62541,1775.56925,1.5934458e+05,4.7470230e+01,9.6846230e+03,1.6096441e+01,1.6663491e+05,4.9699017e+01,0,nan,nan,nan,nan,1042.62541,2.7951880e-04,1775.56925,2.4931773e-04,1.5344999e-03,3.8405217e-02
-0.5412890260336098,0.9998319505641704,0.0002912590934194824,1755.068870974168,-3.0669773e-03,379884,1042.61005,1775.55992,1.5918259e+05,4.6345032e+01,5.5467725e+03,1.4215151e+01,1.6656248e+05,4.8520992e+01,0,nan,nan,nan,nan,1042.61005,2.7111638e-04,1775.55992,2.4197728e-04,-1.5414052e-02,2.8343357e-02
-0.5410915478532843,1.000213556154367,0.0002935460694767047,1742.7993084523482,-3.1905768e-03,371050,1042.61420,1775.52681,1.5899302e+05,4.6688305e+01,6.8522856e+03,1.4858035e+01,1.6655245e+05,4.8880379e+01,0,nan,nan,nan,nan,1042.61420,2.7412153e-04,1775.52681,2.4486150e-04,-1.1487637e-02,-7.8380285e-03
-0.5407640058542711,1.0000561167258173,0.00028233815776179227,1920.7111559943492,3.1837984e-03,499142,471.02452,463.88689,1.6413369e+05,4.6279312e+01,2.5921577e+03,1.3619061e+01,1.6982977e+05,4.7946732e+01,0,nan,nan,nan,nan,471.02452,2.5854862e-04,463.88689,2.9315604e-04,2.6376911e-02,-1.4289862e-02
-0.5407540899980177,1.0006629728971626,0.00028416168151790825,1730.5298859102033,-3.1746565e-03,362216,1328.19887,1819.02036,1.5850820e+05,4.4936436e+01,4.0463650e+03,1.1609493e+01,1.6625650e+05,4.7212425e+01,0,nan,nan,nan,nan,1328.19887,2.5945477e-04,1819.02036,2.2914569e-04,-4.7912351e-03,4.1266546e-02
-0.5406137788399974,1.0001152347745172,0.0002878318373392051,1914.5764262213634,3.1736351e-03,494725,471.01889,463.89598,1.6432836e+05,4.7196590e+01,5.6852051e+03,1.5296325e+01,1.6990023e+05,4.8897060e+01,0,nan,nan,nan,nan,471.01889,2.6443327e-04,463.89598,2.9949323e-04,2.1176508e-02,-4.6704812e-03
-0.5404915855269792,0.9994341577454217,0.0002819052118876059,1908.4416684146763,3.1354383e-03,490308,470.99860,463.86782,1.6379286e+05,4.6199196e+01,2.6146184e+03,1.3472737e+01,1.6969053e+05,4.7863728e+01,0,nan,nan,nan,nan,470.99860,2.5817833e-04,463.86782,2.9413219e-04,-1.3479705e-03,-3.5071980e-02
-0.5404158227838707,1.0002327418043664,0.0002825092040416392,1902.3068641774194,3.0508111e-03,485891,470.98934,463.85841,1.6403766e+05,4.6311749e+01,2.8853398e+03,1.3646840e+01,1.6987589e+05,4.7980339e+01,0,nan,nan,nan,nan,470.98934,2.5849478e-04,463.85841,2.9375523e-04,-1.1582397e-02,-4.6370022e-02
-0.5402787661644197,0.9995332866820688,0.0002843834214594262,1718.2606012340368,-3.0202279e-03,353382,1328.20344,1818.98497,1.5789689e+05,4.4973919e+01,4.4049487e+03,1.1835144e+01,1.6607773e+05,4.7251808e+01,0,nan,nan,nan,nan,1328.20344,2.6096153e-04,1818.98497,2.3098761e-04,8.2181214e-04,2.3567080e-03
-0.5399934095883054,1.00041412589927,0.0002821815005182542,1712.1260065906129,-2.8953191e-03,348965,1328.21043,1818.98755,1.5870705e+05,4.4671986e+01,2.9209517e+03,1.1001964e+01,1.6639652e+05,4.6934582e+01,0,nan,nan,nan,nan,1328.21043,2.5719064e-04,1818.98755,2.2717503e-04,7.1953521e-03,5.4359497e-03
-0.5399429720469016,1.000153910852155,0.00029848692254626083,1761.2050970281548,-2.9492730e-03,384302,1042.63084,1775.57205,1.5930275e+05,4.7497467e+01,9.6794619e+03,1.6134851e+01,1.6662434e+05,4.9727531e+01,0,nan,nan,nan,nan,1042.63084,2.7993132e-04,1775.57205,2.4957754e-04,6.7849983e-03,4.2013958e-02
-0.539900115418277,0.9999152344402751,0.00029132822792594796,1755.0702598847834,-3.0669549e-03,379885,1042.60795,1775.56346,1.5918077e+05,4.6356064e+01,5.5458716e+03,1.4236851e+01,1.6657645e+05,4.8532536e+01,0,nan,nan,nan,nan,1042.60795,2.7128568e-04,1775.56346,2.4197283e-04,-1.8041193e-02,3.2172780e-02
-0.5397026526045465,1.000075388149797,0.0002935102538372536,1742.800697347597,-3.1905698e-03,371051,1042.61556,1775.51800,1.5900314e+05,4.6682621e+01,6.8627769e+03,1.4837064e+01,1.6652950e+05,4.8874432e+01,0,nan,nan,nan,nan,1042.61556,2.7411978e-04,1775.51800,2.4487873e-04,-1.0153483e-02,-1.7372457e-02
-0.539375118488806,0.9999306067325037,0.00028211672148307235,1920.7125448817146,3.1837975e-03,499143,471.02335,463.89349,1.6414398e+05,4.6242851e+01,2.6001152e+03,1.3499283e+01,1.6980784e+05,4.7908955e+01,0,nan,nan,nan,nan,471.02335,2.5833244e-04,463.89349,2.9314804e-04,2.5121655e-02,-7.2220387e-03
-0.5393652105610727,0.9996038884272045,0.0002839856355956927,1730.5312747896403,-3.1746654e-03,362217,1328.20125,1819.01353,1.5835353e+05,4.4908825e+01,4.0595430e+03,1.1595760e+01,1.6608139e+05,4.7183418e+01,0,nan,nan,nan,nan,1328.20125,2.5958291e-04,1819.01353,2.2963450e-04,-1.7377040e-03,3.4038439e-02
-0.5392248863522582,0.9994654116697304,0.00028771588455569667,1914.577815113851,3.1736393e-03,494726,471.01047,463.88620,1.6424080e+05,4.7177525e+01,5.6925420e+03,1.5270085e+01,1.6978964e+05,4.8877308e+01,0,nan,nan,nan,nan,471.01047,2.6420515e-04,463.88620,2.9966087e-04,1.1675464e-02,-1.5815249e-02
-0.5391026820961997,1.0001116072910916,0.00028196729453165275,1908.443057318107,3.1354534e-03,490309,470.99900,463.87822,1.6381134e+05,4.6209435e+01,2.5895837e+03,1.3527169e+01,1.6980580e+05,4.7874336e+01,0,nan,nan,nan,nan,470.99900,2.5828075e-04,463.87822,2.9387407e-04,-1.2147143e-03,-2.4260558e-02
-0.5390269121344318,1.0001972879716523,0.0002824021812359788,1902.3082530880688,3.0508335e-03,485892,470.98458,463.86306,1.6399805e+05,4.6294228e+01,2.8854094e+03,1.3622849e+01,1.6986995e+05,4.7962181e+01,0,nan,nan,nan,nan,470.98458,2.5839303e-04,463.86306,2.9354368e-04,-1.5978439e-02,-4.1010737e-02
-0.5388899018614666,0.9999146980166185,0.0002844295606550938,1718.2619900983398,-3.0202519e-03,353383,1328.20111,1818.98265,1.5790244e+05,4.4981083e+01,4.3984614e+03,1.1822932e+01,1.6614061e+05,4.7259331e+01,0,nan,nan,nan,nan,1328.20111,2.6078185e-04,1818.98265,2.3124275e-04,-2.0550329e-03,1.7685679e-04
-0.5386045545992602,1.000177372798742,0.00028206468250989956,1712.127395445602,-2.8953524e-03,348966,1328.20764,1818.98675,1.5861783e+05,4.4653694e+01,2.9312512e+03,1.0967403e+01,1.6635791e+05,4.6915367e+01,0,nan,nan,nan,nan,1328.20764,2.5744736e-04,1818.98675,2.2727564e-04,5.7974854e-03,4.6441383e-03
-0.5385540530485287,0.9999915528308198,0.00029825300880585,1761.2064859471532,-2.9492422e-03,384303,1042.63204,1775.56904,1.5919098e+05,4.7460045e+01,9.6541572e+03,1.6119698e+01,1.6659658e+05,4.9688351e+01,0,nan,nan,nan,nan,1042.63204,2.7967076e-04,1775.56904,2.4943714e-04,8.7492857e-03,3.8627781e-02
-0.5385112050348653,0.9999127974337504,0.00029126755686951264,1755.0716487951668,-3.0669328e-03,379886,1042.61078,1775.56715,1.5915488e+05,4.6346428e+01,5.5561494e+03,1.4227665e+01,1.6657611e+05,4.8522449e+01,0,nan,nan,nan,nan,1042.61078,2.7132317e-04,1775.56715,2.4195161e-04,-1.5433869e-02,3.5712987e-02
-0.5383137575877299,1.0005623028454014,0.00029373345791234244,1742.8020862426138,-3.1905631e-03,371052,1042.61551,1775.52352,1.5909866e+05,4.6718143e+01,6.8671548e+03,1.4907441e+01,1.6661064e+05,4.8911617e+01,0,nan,nan,nan,nan,1042.61551,2.7395564e-04,1775.52352,2.4467247e-04,-1.0692033e-02,-1.1270419e-02
-0.537986231121522,1.000207581603476,0.0002821131455943009,1920.713933769082,3.1837965e-03,499144,471.02746,463.88954,1.6421342e+05,4.6242104e+01,2.5939771e+03,1.3457488e+01,1.6985430e+05,4.7908184e+01,0,nan,nan,nan,nan,471.02746,2.5830767e-04,463.88954,2.9301314e-04,2.9544290e-02,-1.2000320e-02
-0.5379763311241277,1.0001063254455425,0.00028404699269924815,1730.5326636690772,-3.1746742e-03,362218,1328.19739,1819.02028,1.5837166e+05,4.4918762e+01,4.0561997e+03,1.1619369e+01,1.6616573e+05,4.7193859e+01,0,nan,nan,nan,nan,1328.19739,2.5955410e-04,1819.02028,2.2946925e-04,-6.1416691e-03,4.0657345e-02
-0.5378359938642916,0.9999425449680265,0.00028775676155285524,1914.579204006339,3.1736435e-03,494727,471.01780,463.90086,1.6428995e+05,4.7184174e+01,5.6907383e+03,1.5255537e+01,1.6987050e+05,4.8884193e+01,0,nan,nan,nan,nan,471.01780,2.6425562e-04,463.90086,2.9958613e-04,1.9794207e-02,6.4986911e-05
-0.5377137784321349,0.9997164693406949,0.00028188528144619524,1908.4444462217712,3.1354688e-03,490310,471.00015,463.87976,1.6381931e+05,4.6196060e+01,2.6043992e+03,1.3478373e+01,1.6973895e+05,4.7860481e+01,0,nan,nan,nan,nan,471.00015,2.5822772e-04,463.87976,2.9367348e-04,4.2896337e-04,-2.2345489e-02
-0.5376380012530717,0.9999143061684774,0.00028252631862496047,1902.3096419989502,3.0508561e-03,485893,470.98770,463.85284,1.6395902e+05,4.6314590e+01,2.8990073e+03,1.3677696e+01,1.6982195e+05,4.7983280e+01,0,nan,nan,nan,nan,470.98770,2.5835945e-04,463.85284,2.9385311e-04,-1.2729208e-02,-5.2635830e-02
-0.5375010375589682,1.0003316813530279,0.00028430240276342976,1718.2633789626423,-3.0202758e-03,353384,1328.20439,1818.98632,1.5789641e+05,4.4960827e+01,4.3958711e+03,1.1843765e+01,1.6620938e+05,4.7238056e+01,0,nan,nan,nan,nan,1328.20439,2.6082655e-04,1818.98632,2.3142953e-04,2.0611563e-03,3.7878156e-03
-0.5372156998423634,0.9999389301722448,0.00028194920939794086,1712.1287843003588,-2.8953860e-03,348967,1328.20626,1818.98251,1.5850181e+05,4.4635612e+01,2.9467434e+03,1.0992750e+01,1.6631897e+05,4.6896366e+01,0,nan,nan,nan,nan,1328.20626,2.5720775e-04,1818.98251,2.2753452e-04,3.3217410e-03,1.8590438e-04
-0.5371651340501558,1.0010911944582235,0.00029829236602298245,1761.2078748661515,-2.9492115e-03,384304,1042.62805,1775.57215,1.5939067e+05,4.7466106e+01,9.6094141e+03,1.6082474e+01,1.6677908e+05,4.9694702e+01,0,nan,nan,nan,nan,1042.62805,2.7941487e-04,1775.57215,2.4921985e-04,3.9826669e-03,4.1402712e-02
-0.5371222946512262,0.9999377412324749,0.0002913100611629676,1755.0730377055504,-3.0669107e-03,379887,1042.61360,1775.56921,1.5919219e+05,4.6353207e+01,5.5619429e+03,1.4232694e+01,1.6658033e+05,4.8529545e+01,0,nan,nan,nan,nan,1042.61360,2.7131103e-04,1775.56921,2.4187556e-04,-1.1187434e-02,3.8362511e-02
-0.5369248625711407,0.9999586282691657,0.0002936752235246557,1742.8034751376304,-3.1905563e-03,371053,1042.61434,1775.51992,1.5899205e+05,4.6708897e+01,6.8760298e+03,1.4894774e+01,1.6651017e+05,4.8901936e+01,0,nan,nan,nan,nan,1042.61434,2.7430622e-04,1775.51992,2.4505585e-04,-1.1759876e-02,-1.5183415e-02
-0.5365973437546927,0.9996229539690947,0.00028206526173526705,1920.7153226564487,3.1837956e-03,499145,471.02166,463.88560,1.6409064e+05,4.6234104e+01,2.6059937e+03,1.3472240e+01,1.6975447e+05,4.7899899e+01,0,nan,nan,nan,nan,471.02166,2.5855729e-04,463.88560,2.9338550e-04,2.3130665e-02,-1.5407302e-02
-0.536587451454352,0.9995731833275341,0.0002840113934721966,1730.534052548747,-3.1746828e-03,362219,1328.20270,1819.02475,1.5832981e+05,4.4913368e+01,4.0653093e+03,1.1610919e+01,1.6607803e+05,4.7188190e+01,0,nan,nan,nan,nan,1328.20270,2.5998356e-04,1819.02475,2.2920928e-04,-5.0112407e-04,4.6202019e-02
-0.5364471013758703,1.0004769822191626,0.00028790661391604814,1914.5805928988275,3.1736477e-03,494728,471.01089,463.89147,1.6438448e+05,4.7208679e+01,5.6924751e+03,1.5307584e+01,1.6996106e+05,4.8909584e+01,0,nan,nan,nan,nan,471.01089,2.6396170e-04,463.89147,2.9950490e-04,1.2344741e-02,-1.0208759e-02
-0.5363248747676153,0.9993138586651222,0.0002817863681987922,1908.4458351254357,3.1354842e-03,490311,470.99751,463.87045,1.6382028e+05,4.6179913e+01,2.6029568e+03,1.3418271e+01,1.6967083e+05,4.7843754e+01,0,nan,nan,nan,nan,470.99751,2.5797155e-04,463.87045,2.9351571e-04,-3.3166751e-03,-3.2905873e-02
-0.5362490903712569,1.0002413351047224,0.00028247756135914005,1902.311030909832,3.0508786e-03,485894,470.97827,463.84881,1.6396509e+05,4.6306618e+01,2.8837947e+03,1.3639240e+01,1.6987755e+05,4.7975021e+01,0,nan,nan,nan,nan,470.97827,2.5832918e-04,463.84881,2.9399988e-04,-2.2823121e-02,-5.6339711e-02
-0.536112173256015,1.0004048791205382,0.00028440235248686723,1718.2647678269452,-3.0202998e-03,353385,1328.20109,1818.98438,1.5801333e+05,4.4976486e+01,4.3949995e+03,1.1820768e+01,1.6622100e+05,4.7254509e+01,0,nan,nan,nan,nan,1328.20109,2.6037605e-04,1818.98438,2.3088782e-04,-2.4335922e-03,2.3219907e-03
-0.5358268448524086,1.0000604167476965,0.0002819193548800234,1712.1301731553488,-2.8954193e-03,348968,1328.21046,1818.98760,1.5848383e+05,4.4631065e+01,2.9342539e+03,1.0985142e+01,1.6633984e+05,4.6891590e+01,0,nan,nan,nan,nan,1328.21046,2.5739969e-04,1818.98760,2.2717795e-04,7.6840385e-03,5.6592938e-03
-0.5357762150529197,1.00010824168584,0.0002984125558162474,1761.2092637851488,-2.9491808e-03,384305,1042.62934,1775.57180,1.5928666e+05,4.7485039e+01,9.6315908e+03,1.6144897e+01,1.6661464e+05,4.9714523e+01,0,nan,nan,nan,nan,1042.62934,2.7975778e-04,1775.57180,2.4948438e-04,5.4219635e-03,4.1706301e-02
-0.5357333842684966,1.0001578720310038,0.00029138547027163247,1755.0744266159331,-3.0668885e-03,379888,1042.60588,1775.56614,1.5912777e+05,4.6365211e+01,5.5780020e+03,1.4262131e+01,1.6661703e+05,4.8542118e+01,0,nan,nan,nan,nan,1042.60588,2.7150704e-04,1775.56614,2.4224792e-04,-1.9987235e-02,3.4961395e-02
-0.535535967555461,1.0001227602399676,0.0002936645530301504,1742.804864032646,-3.1905496e-03,371054,1042.61182,1775.51663,1.5894686e+05,4.6707214e+01,6.8824995e+03,1.4909413e+01,1.6653756e+05,4.8900177e+01,0,nan,nan,nan,nan,1042.61182,2.7411841e-04,1775.51663,2.4506057e-04,-1.3966644e-02,-1.9000981e-02
-0.5352084561559423,0.999782381153053,0.0002820976817107161,1920.7167115440475,3.1837949e-03,499146,471.02301,463.88943,1.6415505e+05,4.6239277e+01,2.6034358e+03,1.3466156e+01,1.6978102e+05,4.7905254e+01,0,nan,nan,nan,nan,471.02301,2.5847816e-04,463.88943,2.9319699e-04,2.4929868e-02,-1.2181424e-02
-0.5351985720171797,0.9998613014605378,0.0002839786611873361,1730.5354414281842,-3.1746917e-03,362220,1328.20137,1819.02073,1.5832447e+05,4.4908436e+01,4.0591104e+03,1.1615816e+01,1.6612678e+05,4.7183006e+01,0,nan,nan,nan,nan,1328.20137,2.5962965e-04,1819.02073,2.2937419e-04,-1.6856742e-03,4.1668702e-02
-0.5350582088863121,1.000229630530222,0.0002878033797134802,1914.581981791317,3.1736519e-03,494729,471.01701,463.89169,1.6436212e+05,4.7191685e+01,5.6984751e+03,1.5262310e+01,1.6991880e+05,4.8891975e+01,0,nan,nan,nan,nan,471.01701,2.6430213e-04,463.89169,2.9929462e-04,1.8664129e-02,-9.0989703e-03
-0.5349359711026409,1.0000019079590048,0.00028195346878981907,1908.4472240291007,3.1354995e-03,490312,470.99872,463.86990,1.6396505e+05,4.6207363e+01,2.6003691e+03,1.3433863e+01,1.6978788e+05,4.7872189e+01,0,nan,nan,nan,nan,470.99872,2.5810814e-04,463.86990,2.9331550e-04,-1.1923607e-03,-3.3523351e-02
-0.5348601794898968,0.9993833840027738,0.0002823909533033003,1902.3124198207133,3.0509012e-03,485895,470.98868,463.86095,1.6384812e+05,4.6292435e+01,2.9118186e+03,1.3663613e+01,1.6973191e+05,4.7960327e+01,0,nan,nan,nan,nan,470.98868,2.5851358e-04,463.86095,2.9406665e-04,-1.1598833e-02,-4.3302212e-02
-0.5347233089523797,0.9995747577106266,0.000284381937533582,1718.2661566912489,-3.0203238e-03,353386,1328.20950,1818.98533,1.5785303e+05,4.4973114e+01,4.3870415e+03,1.1838438e+01,1.6608252e+05,4.7250961e+01,0,nan,nan,nan,nan,1328.20950,2.6101814e-04,1818.98533,2.3117295e-04,7.3576332e-03,2.7277616e-03
-0.534437990096194,1.000140663298547,0.00028214863817675495,1712.131562010105,-2.8954528e-03,348969,1328.20666,1818.98337,1.5858270e+05,4.4667526e+01,2.9261379e+03,1.1013315e+01,1.6635381e+05,4.6929897e+01,0,nan,nan,nan,nan,1328.20666,2.5763895e-04,1818.98337,2.2736238e-04,3.6530036e-03,9.6754648e-04
-0.5343872960552289,1.0000174840319784,0.00029835543712971923,1761.2106527041465,-2.9491500e-03,384306,1042.63021,1775.56816,1.5923661e+05,4.7475761e+01,9.6235342e+03,1.6164843e+01,1.6659886e+05,4.9704807e+01,0,nan,nan,nan,nan,1042.63021,2.7946709e-04,1775.56816,2.4936342e-04,6.8088486e-03,3.8092226e-02
-0.534344473652709,0.9997206773929664,0.0002913527784484475,1755.075815526549,-3.0668662e-03,379889,1042.61148,1775.56838,1.5913336e+05,4.6360012e+01,5.5817104e+03,1.4241887e+01,1.6654422e+05,4.8536678e+01,0,nan,nan,nan,nan,1042.61148,2.7157701e-04,1775.56838,2.4207737e-04,-1.3698701e-02,3.7684500e-02
-0.5341470725393265,1.0003874001098687,0.0002936080903684126,1742.8062529276622,-3.1905428e-03,371055,1042.61700,1775.52685,1.5905983e+05,4.6698250e+01,6.9132471e+03,1.4863111e+01,1.6658169e+05,4.8890793e+01,0,nan,nan,nan,nan,1042.61700,2.7393631e-04,1775.52685,2.4465198e-04,-8.1399521e-03,-7.3515424e-03
-0.5338195687904772,0.9999286635382794,0.00028246792425109656,1920.718100431413,3.1837940e-03,499147,471.02681,463.89313,1.6421522e+05,4.6299828e+01,2.5987798e+03,1.3613198e+01,1.6980534e+05,4.7967987e+01,0,nan,nan,nan,nan,471.02681,2.5880127e-04,463.89313,2.9320564e-04,2.8545910e-02,-7.7488315e-03
-0.5338096925802347,0.9993578089212208,0.00028391285597273463,1730.5368303076211,-3.1747005e-03,362221,1328.20318,1819.02093,1.5822088e+05,4.4898266e+01,4.0635393e+03,1.1630213e+01,1.6604402e+05,4.7172325e+01,0,nan,nan,nan,nan,1328.20318,2.5977375e-04,1819.02093,2.2920097e-04,-1.2215973e-04,4.1587964e-02
-0.5336693163976634,1.0000637622639645,0.0002878621509110188,1914.5833706838057,3.1736561e-03,494730,471.01385,463.88997,1.6433503e+05,4.7201244e+01,5.6967065e+03,1.5266825e+01,1.6989034e+05,4.8901882e+01,0,nan,nan,nan,nan,471.01385,2.6398274e-04,463.88997,2.9975336e-04,1.4447677e-02,-1.1888876e-02
-0.533547067670952,1.0000873367763228,0.0002818699153505636,1908.4486129325323,3.1355147e-03,490313,470.99767,463.88077,1.6391175e+05,4.6193722e+01,2.5974172e+03,1.3431712e+01,1.6980261e+05,4.7858063e+01,0,nan,nan,nan,nan,470.99767,2.5811442e-04,463.88077,2.9334368e-04,-2.0696553e-03,-2.1199968e-02
-0.5334712688400032,0.9999436386886609,0.0002822810725590385,1902.3138087313632,3.0509236e-03,485896,470.98688,463.85196,1.6390133e+05,4.6274437e+01,2.8875000e+03,1.3594517e+01,1.6982711e+05,4.7941681e+01,0,nan,nan,nan,nan,470.98688,2.5836329e-04,463.85196,2.9416438e-04,-1.4223446e-02,-5.3521954e-02
-0.5333344444165959,1.000227580075278,0.00028411811338519645,1718.2675455557846,-3.0203476e-03,353387,1328.20034,1818.98279,1.5777469e+05,4.4931236e+01,4.3897529e+03,1.1809503e+01,1.6619041e+05,4.7206963e+01,0,nan,nan,nan,nan,1328.20034,2.6058196e-04,1818.98279,2.3110071e-04,-2.2011201e-03,5.5670744e-04
-0.5330491351071487,0.9998080368583565,0.0002819387230105694,1712.132950865094,-2.8954861e-03,348970,1328.21005,1818.98709,1.5858084e+05,4.4634449e+01,2.9219548e+03,1.0972770e+01,1.6629905e+05,4.6895145e+01,0,nan,nan,nan,nan,1328.21005,2.5710979e-04,1818.98709,2.2698444e-04,6.6745006e-03,6.3250293e-03
-0.5329983770577655,0.9998740829657844,0.0002982080356114311,1761.212041623144,-2.9491193e-03,384307,1042.63443,1775.57047,1.5926358e+05,4.7452122e+01,9.5709756e+03,1.6093702e+01,1.6657433e+05,4.9680058e+01,0,nan,nan,nan,nan,1042.63443,2.7939165e-04,1775.57047,2.4931700e-04,1.0909703e-02,3.9734703e-02
-0.5329555632702068,0.9997101766383942,0.00029143769212304857,1755.0772044369314,-3.0668441e-03,379890,1042.60737,1775.56216,1.5917692e+05,4.6373535e+01,5.5851562e+03,1.4263093e+01,1.6654248e+05,4.8550831e+01,0,nan,nan,nan,nan,1042.60737,2.7175559e-04,1775.56216,2.4207630e-04,-1.8276580e-02,2.9992517e-02
-0.532758177523192,0.9994942033313173,0.0002936269042865615,1742.8076418226783,-3.1905361e-03,371056,1042.60782,1775.52366,1.5885558e+05,4.6701256e+01,6.9335405e+03,1.4887153e+01,1.6643302e+05,4.8893940e+01,0,nan,nan,nan,nan,1042.60782,2.7454441e-04,1775.52366,2.4540114e-04,-1.8623807e-02,-1.0438972e-02
-0.5324306814247848,0.9995234418116334,0.00028205445676555377,1920.7194893187786,3.1837930e-03,499148,471.02228,463.88439,1.6406784e+05,4.6231926e+01,2.6009512e+03,1.3468155e+01,1.6973606e+05,4.7897640e+01,0,nan,nan,nan,nan,471.02228,2.5866338e-04,463.88439,2.9332199e-04,2.4549641e-02,-1.7100206e-02
-0.5324208131432897,0.9992096179556336,0.0002839121692792491,1730.538219187058,-3.1747094e-03,362222,1328.19951,1819.02143,1.5826961e+05,4.4898399e+01,4.0553237e+03,1.1610620e+01,1.6602028e+05,4.7172462e+01,0,nan,nan,nan,nan,1328.19951,2.5960439e-04,1819.02143,2.2912560e-04,-3.8629586e-03,4.2872064e-02
-0.5322804239099241,0.9998353153219037,0.00028780450042294534,1914.5847595762934,3.1736603e-03,494731,471.01234,463.89145,1.6426330e+05,4.7191719e+01,5.6814375e+03,1.5292870e+01,1.6985127e+05,4.8892010e+01,0,nan,nan,nan,nan,471.01234,2.6405058e-04,463.89145,2.9984897e-04,1.3926693e-02,-1.0610900e-02
-0.5321581640073418,0.9997920741228621,0.00028188923396884415,1908.450001836196,3.1355300e-03,490314,470.99802,463.87332,1.6394503e+05,4.6196957e+01,2.5953782e+03,1.3414850e+01,1.6975269e+05,4.7861404e+01,0,nan,nan,nan,nan,470.99802,2.5801177e-04,463.87332,2.9312447e-04,-2.4870418e-03,-2.8971331e-02
-0.5320823579568241,1.0001737102363506,0.00028244719157246824,1902.3151976422464,3.0509462e-03,485897,470.98767,463.85908,1.6396541e+05,4.6301682e+01,2.8841123e+03,1.3664543e+01,1.6986623e+05,4.7969910e+01,0,nan,nan,nan,nan,470.98767,2.5829067e-04,463.85908,2.9388675e-04,-1.2887992e-02,-4.5297008e-02
-0.5319455801134154,0.999957523060708,0.0002841640725146302,1718.2689344200878,-3.0203715e-03,353388,1328.20595,1818.98838,1.5787962e+05,4.4938347e+01,4.3839175e+03,1.1785214e+01,1.6614495e+05,4.7214432e+01,0,nan,nan,nan,nan,1328.20595,2.6065166e-04,1818.98838,2.3078131e-04,3.3595113e-03,5.9578554e-03
-0.5316602803502519,1.0001204922647369,0.0002818452343314716,1712.134339719851,-2.8955196e-03,348971,1328.20604,1818.98218,1.5846534e+05,4.4619781e+01,2.9267664e+03,1.0952685e+01,1.6635153e+05,4.6879738e+01,0,nan,nan,nan,nan,1328.20604,2.5740787e-04,1818.98218,2.2784344e-04,3.4993880e-03,-3.2598028e-04
-0.5316094580603021,0.9995851983933944,0.0002981054457821166,1761.2134305421414,-2.9490886e-03,384308,1042.62821,1775.57087,1.5920709e+05,4.7435616e+01,9.5557188e+03,1.6080988e+01,1.6652556e+05,4.9662777e+01,0,nan,nan,nan,nan,1042.62821,2.7944459e-04,1775.57087,2.4919939e-04,4.7824359e-03,4.0619448e-02
-0.5315666528872498,1.0003475099663637,0.000291459080525607,1755.0785933473144,-3.0668220e-03,379891,1042.60994,1775.56760,1.5925111e+05,4.6376938e+01,5.5942539e+03,1.4241353e+01,1.6664866e+05,4.8554390e+01,0,nan,nan,nan,nan,1042.60994,2.7151714e-04,1775.56760,2.4212321e-04,-1.4978891e-02,3.6139488e-02
-0.5313692825075123,1.0001067560665058,0.0002936954651668954,1742.809030717694,-3.1905293e-03,371057,1042.61559,1775.51900,1.5898200e+05,4.6712177e+01,6.9460732e+03,1.4921515e+01,1.6653508e+05,4.8905376e+01,0,nan,nan,nan,nan,1042.61559,2.7418238e-04,1775.51900,2.4522530e-04,-1.0121680e-02,-1.6029323e-02
-0.5310417940590924,0.9999748769359378,0.00028195483362980446,1920.7208782061443,3.1837921e-03,499149,471.02580,463.89287,1.6413830e+05,4.6215477e+01,2.5952795e+03,1.3395727e+01,1.6981227e+05,4.7880596e+01,0,nan,nan,nan,nan,471.02580,2.5849309e-04,463.89287,2.9325704e-04,2.7898278e-02,-7.9569453e-03
-0.5310319337061173,0.9990850509973875,0.00028388743350846396,1730.5396080664952,-3.1747182e-03,362223,1328.20586,1819.02436,1.5817180e+05,4.4894733e+01,4.0697874e+03,1.1620701e+01,1.6600048e+05,4.7168610e+01,0,nan,nan,nan,nan,1328.20586,2.6009494e-04,1819.02436,2.2963531e-04,3.3086578e-03,4.5774203e-02
-0.5308915314217302,0.9998668400531974,0.00028772212061384126,1914.5861484687816,3.1736644e-03,494732,471.01792,463.89978,1.6417973e+05,4.7178127e+01,5.6842402e+03,1.5287488e+01,1.6985633e+05,4.8877930e+01,0,nan,nan,nan,nan,471.01792,2.6439351e-04,463.89978,3.0010263e-04,2.0032685e-02,-1.0780919e-03
-0.530769260343277,1.0005531307784037,0.00028191502418776576,1908.45139073986,3.1355454e-03,490315,471.00227,463.88044,1.6399680e+05,4.6201241e+01,2.5939109e+03,1.3416374e+01,1.6988211e+05,4.7865845e+01,0,nan,nan,nan,nan,471.00227,2.5814792e-04,463.88044,2.9331548e-04,2.1620318e-03,-2.1038465e-02
-0.5306934470754641,1.0003403949434801,0.0002825260513463275,1902.3165865531278,3.0509687e-03,485898,470.98550,463.85526,1.6394995e+05,4.6314629e+01,2.9085542e+03,1.3686563e+01,1.6989459e+05,4.7983318e+01,0,nan,nan,nan,nan,470.98550,2.5852915e-04,463.85526,2.9408975e-04,-1.4935004e-02,-4.9498938e-02
-0.5305567158111444,1.000066609861899,0.0002843217784175514,1718.27032328439,-3.0203955e-03,353389,1328.20412,1818.98893,1.5794580e+05,4.4963123e+01,4.3868682e+03,1.1788528e+01,1.6616248e+05,4.7240467e+01,0,nan,nan,nan,nan,1328.20412,2.6069867e-04,1818.98893,2.3079525e-04,1.2939910e-03,7.3256004e-03
-0.530271425359615,0.9999924366091651,0.00028219416360556637,1712.1357285748416,-2.8955529e-03,348972,1328.21011,1818.98472,1.5863217e+05,4.4675152e+01,2.9433679e+03,1.1011161e+01,1.6633069e+05,4.6937904e+01,0,nan,nan,nan,nan,1328.21011,2.5745251e-04,1818.98472,2.2731650e-04,7.8004915e-03,2.8866832e-03
-0.5302205390626114,1.0003415555069048,0.00029828975254830116,1761.214819461139,-2.9490578e-03,384309,1042.63110,1775.56535,1.5938375e+05,4.7464764e+01,9.5432666e+03,1.6083450e+01,1.6665094e+05,4.9693295e+01,0,nan,nan,nan,nan,1042.63110,2.7929110e-04,1775.56535,2.4913199e-04,7.9475939e-03,3.5008091e-02
-0.5301777422714622,1.000031284075568,0.00029133404507227683,1755.0799822579302,-3.0667996e-03,379892,1042.61951,1775.57832,1.5909791e+05,4.6357040e+01,5.5927432e+03,1.4247387e+01,1.6659597e+05,4.8533558e+01,0,nan,nan,nan,nan,1042.61951,2.7156755e-04,1775.57832,2.4213757e-04,-5.2838488e-03,4.7759637e-02
-0.5299803874913778,0.9996014162153906,0.00029367701398859587,1742.8104196127101,-3.1905225e-03,371058,1042.61283,1775.52156,1.5888734e+05,4.6709267e+01,6.9349976e+03,1.4928968e+01,1.6645100e+05,4.8902325e+01,0,nan,nan,nan,nan,1042.61283,2.7443591e-04,1775.52156,2.4519756e-04,-1.2890377e-02,-1.4012499e-02
-0.5296529066927178,1.0003035150834556,0.0002822592438449811,1920.7222670935107,3.1837912e-03,499150,471.02512,463.89454,1.6424062e+05,4.6265255e+01,2.6080938e+03,1.3465995e+01,1.6986766e+05,4.7932167e+01,0,nan,nan,nan,nan,471.02512,2.5854356e-04,463.89454,2.9323087e-04,2.7406886e-02,-6.2952745e-03
-0.5296430540363417,0.9998548080597759,0.0002840259478381795,1730.540996946165,-3.1747269e-03,362224,1328.20035,1819.01760,1.5832177e+05,4.4916882e+01,4.0710295e+03,1.1634949e+01,1.6612930e+05,4.7191883e+01,0,nan,nan,nan,nan,1328.20035,2.5963006e-04,1819.01760,2.2961426e-04,-3.0338748e-03,3.8601812e-02
-0.529502638933991,0.999661097138478,0.000287814485797447,1914.5875373612694,3.1736686e-03,494733,471.01189,463.88280,1.6425652e+05,4.7193184e+01,5.6933062e+03,1.5319024e+01,1.6982106e+05,4.8893532e+01,0,nan,nan,nan,nan,471.01189,2.6432774e-04,463.88280,2.9973552e-04,1.3787873e-02,-1.9093528e-02
-0.5293803569124975,1.0005965216797832,0.0002819498472395401,1908.4527796432908,3.1355605e-03,490316,470.99830,463.87937,1.6399772e+05,4.6207001e+01,2.5985950e+03,1.3437146e+01,1.6988967e+05,4.7871815e+01,0,nan,nan,nan,nan,470.99830,2.5790429e-04,463.87937,2.9330162e-04,-2.1393667e-03,-2.2150781e-02
-0.5293045364264799,1.0002790981362695,0.0002824816287024476,1902.3179754637767,3.0509911e-03,485899,470.98860,463.85918,1.6394412e+05,4.6307358e+01,2.8961287e+03,1.3676894e+01,1.6988423e+05,4.7975784e+01,0,nan,nan,nan,nan,470.98860,2.5841378e-04,463.85918,2.9382925e-04,-1.2110144e-02,-4.5928128e-02
-0.5291678515088734,1.0000859000837903,0.00028431618790572007,1718.2717121486924,-3.0204195e-03,353390,1328.20332,1818.98109,1.5788366e+05,4.4962078e+01,4.3798984e+03,1.1839703e+01,1.6616508e+05,4.7239365e+01,0,nan,nan,nan,nan,1328.20332,2.6096159e-04,1818.98109,2.3106158e-04,3.6207336e-04,-1.6538576e-03
-0.5288825706027183,1.0005155163188628,0.00028208967643823037,1712.1371174295984,-2.8955864e-03,348973,1328.21119,1818.99078,1.5864125e+05,4.4658718e+01,2.9259065e+03,1.0991773e+01,1.6641812e+05,4.6920643e+01,0,nan,nan,nan,nan,1328.21119,2.5723196e-04,1818.99078,2.2721362e-04,8.8583967e-03,9.6858712e-03
-0.528831620298206,0.9999200976515044,0.0002980333080878057,1761.2162083799035,-2.9490273e-03,384310,1042.62878,1775.57315,1.5922827e+05,4.7423782e+01,9.5104512e+03,1.6056837e+01,1.6658012e+05,4.9650391e+01,0,nan,nan,nan,nan,1042.62878,2.7946141e-04,1775.57315,2.4903173e-04,4.8701745e-03,4.2707842e-02
-0.52878883188896,0.9998268065420016,0.0002915223501682894,1755.0813711683127,-3.0667775e-03,379893,1042.60356,1775.55448,1.5914209e+05,4.6386990e+01,5.6052314e+03,1.4308578e+01,1.6656188e+05,4.8564919e+01,0,nan,nan,nan,nan,1042.60356,2.7164628e-04,1775.55448,2.4228008e-04,-2.1823291e-02,2.2629468e-02
-0.5285914922433221,0.9996243386023231,0.00029374810311546515,1742.8118085079582,-3.1905156e-03,371059,1042.61374,1775.52671,1.5898561e+05,4.6720589e+01,6.9383955e+03,1.4878728e+01,1.6645488e+05,4.8914181e+01,0,nan,nan,nan,nan,1042.61374,2.7467654e-04,1775.52671,2.4518307e-04,-1.2554766e-02,-7.6428563e-03
-0.5282640193263433,1.0002046834087461,0.0002823851072327627,1920.723655980877,3.1837902e-03,499151,471.02307,463.88421,1.6415408e+05,4.6285774e+01,2.5910669e+03,1.3596424e+01,1.6985047e+05,4.7953426e+01,0,nan,nan,nan,nan,471.02307,2.5894569e-04,463.88421,2.9322211e-04,2.4927488e-02,-1.7174700e-02
-0.5282541745993967,0.9996975716979919,0.0002840937644726557,1730.542385825602,-3.1747357e-03,362225,1328.19440,1819.02212,1.5825639e+05,4.4927849e+01,4.0832383e+03,1.1705996e+01,1.6610408e+05,4.7203407e+01,0,nan,nan,nan,nan,1328.19440,2.5957971e-04,1819.02212,2.2943020e-04,-9.7792260e-03,4.3002184e-02
-0.5281137464453423,0.9996761176912126,0.0002876345571611051,1914.588926253758,3.1736728e-03,494734,471.01281,463.88151,1.6406036e+05,4.7163593e+01,5.7026621e+03,1.5296944e+01,1.6982328e+05,4.8862869e+01,0,nan,nan,nan,nan,471.01281,2.6457763e-04,463.88151,3.0043619e-04,1.4721660e-02,-2.1248503e-02
-0.5279914532479779,0.999910744434488,0.00028202222707903265,1908.4541685469553,3.1355759e-03,490317,470.99885,463.87544,1.6389495e+05,4.6218918e+01,2.5877561e+03,1.3518476e+01,1.6977344e+05,4.7884159e+01,0,nan,nan,nan,nan,470.99885,2.5805293e-04,463.87544,2.9337822e-04,-1.0004046e-03,-2.7070178e-02
-0.5279156255442103,1.0000619269377542,0.0002825515083114934,1902.319364374659,3.0510137e-03,485900,470.98505,463.85232,1.6392803e+05,4.6318825e+01,2.9044485e+03,1.3697645e+01,1.6984739e+05,4.7987667e+01,0,nan,nan,nan,nan,470.98505,2.5833194e-04,463.85232,2.9411417e-04,-1.5404345e-02,-5.3361855e-02
-0.5277789872059202,0.9996586159398222,0.0002842002347507303,1718.2731010129953,-3.0204435e-03,353391,1328.20131,1818.98550,1.5780988e+05,4.4943565e+01,4.3803130e+03,1.1827768e+01,1.6609347e+05,4.7219921e+01,0,nan,nan,nan,nan,1328.20131,2.6064221e-04,1818.98550,2.3086066e-04,-1.7944061e-03,3.0448630e-03
-0.527493715613673,1.0001865613048053,0.000282012130003585,1712.1385062845875,-2.8956197e-03,348974,1328.20906,1818.98235,1.5860744e+05,4.4646545e+01,2.9294778e+03,1.0992224e+01,1.6636377e+05,4.6907848e+01,0,nan,nan,nan,nan,1328.20906,2.5714270e-04,1818.98235,2.2729124e-04,5.9947856e-03,-1.3727708e-04
-0.5274427013005152,1.0003257897780087,0.00029818643420945944,1761.2175972989012,-2.9489966e-03,384311,1042.63171,1775.56960,1.5936141e+05,4.7447979e+01,9.5121738e+03,1.6045301e+01,1.6664711e+05,4.9675724e+01,0,nan,nan,nan,nan,1042.63171,2.7942291e-04,1775.56960,2.4911232e-04,8.3812056e-03,3.9291274e-02
-0.527399921506003,1.000099368764107,0.00029144417504789997,1755.0827600786956,-3.0667554e-03,379894,1042.61472,1775.56992,1.5915388e+05,4.6374542e+01,5.5798823e+03,1.4306896e+01,1.6660725e+05,4.8551884e+01,0,nan,nan,nan,nan,1042.61472,2.7130949e-04,1775.56992,2.4213563e-04,-1.0809593e-02,3.8709164e-02
-0.5272025972280971,0.9997851484368769,0.00029373252952197043,1742.8131974029734,-3.1905088e-03,371060,1042.61136,1775.52182,1.5888481e+05,4.6718132e+01,6.9765156e+03,1.4944518e+01,1.6648172e+05,4.8911606e+01,0,nan,nan,nan,nan,1042.61136,2.7451356e-04,1775.52182,2.4521761e-04,-1.4610731e-02,-1.2882574e-02
-0.5268751319599687,1.0003460227317922,0.0002821595015752384,1920.7250448682435,3.1837893e-03,499152,471.02835,463.89247,1.6425752e+05,4.6248692e+01,2.5956565e+03,1.3468952e+01,1.6987409e+05,4.7915009e+01,0,nan,nan,nan,nan,471.02835,2.5847877e-04,463.89247,2.9285581e-04,3.0124793e-02,-8.2790209e-03
-0.5268652951631339,1.0003037772626044,0.00028424267772500094,1730.5437747050382,-3.1747445e-03,362226,1328.20207,1819.02364,1.5843514e+05,4.4951653e+01,4.0633960e+03,1.1646020e+01,1.6620572e+05,4.7228413e+01,0,nan,nan,nan,nan,1328.20207,2.5992701e-04,1819.02364,2.2945186e-04,-1.6059660e-03,4.5008805e-02
-0.5267248539557841,1.0002280212816224,0.0002881114951777034,1914.5903151462476,3.1736770e-03,494735,471.02265,463.91179,1.6430888e+05,4.7241699e+01,5.6742305e+03,1.5433868e+01,1.6991670e+05,4.8943794e+01,0,nan,nan,nan,nan,471.02265,2.6436104e-04,463.91179,3.0000502e-04,2.5192177e-02,1.1588733e-02
-0.5266025495825488,1.0001180719998675,0.00028206591784401045,1908.4555574506207,3.1355913e-03,490318,470.99959,463.87187,1.6403162e+05,4.6226128e+01,2.5907209e+03,1.3474613e+01,1.6980884e+05,4.7891632e+01,0,nan,nan,nan,nan,470.99959,2.5793831e-04,463.87187,2.9306041e-04,-9.0002612e-04,-3.0972110e-02
-0.526526714661486,1.0000442913275835,0.00028237956060814836,1902.3207532855417,3.0510363e-03,485901,470.98618,463.85640,1.6395867e+05,4.6290646e+01,2.8974133e+03,1.3621818e+01,1.6984444e+05,4.7958473e+01,0,nan,nan,nan,nan,470.98618,2.5839626e-04,463.85640,2.9374700e-04,-1.4651217e-02,-4.8693594e-02
-0.526390122902967,0.9997703167685696,0.00028413281474495443,1718.2744898772983,-3.0204675e-03,353392,1328.20716,1818.98474,1.5782853e+05,4.4932735e+01,4.3722363e+03,1.1789845e+01,1.6611139e+05,4.7208542e+01,0,nan,nan,nan,nan,1328.20716,2.6068281e-04,1818.98474,2.3081453e-04,4.2545982e-03,2.4788205e-03
-0.5261048608567762,1.0005973147980445,0.00028204864530085287,1712.1398951393444,-2.8956532e-03,348975,1328.21532,1818.99002,1.5864458e+05,4.4652412e+01,2.9240730e+03,1.1006973e+01,1.6643242e+05,4.6914017e+01,0,nan,nan,nan,nan,1328.21532,2.5725263e-04,1818.99002,2.2709717e-04,1.2917493e-02,8.7895263e-03
-0.5260537823030518,0.9995243395476757,0.00029807821816014383,1761.2189862178986,-2.9489659e-03,384312,1042.62983,1775.56791,1.5921009e+05,4.7430595e+01,9.5007939e+03,1.6069714e+01,1.6651302e+05,4.9657520e+01,0,nan,nan,nan,nan,1042.62983,2.7940213e-04,1775.56791,2.4913449e-04,6.5529482e-03,3.7794363e-02
-0.5260110108906701,0.9995382025894813,0.00029123883644290613,1755.084148989311,-3.0667330e-03,379895,1042.61770,1775.57079,1.5903684e+05,4.6341850e+01,5.6050439e+03,1.4235813e+01,1.6651370e+05,4.8517662e+01,0,nan,nan,nan,nan,1042.61770,2.7162879e-04,1775.57079,2.4231939e-04,-7.1686516e-03,4.0223919e-02
-0.5258137022119627,1.0001401838068285,0.00029388893563430296,1742.8145862979895,-3.1905021e-03,371061,1042.61687,1775.52704,1.5900311e+05,4.6743023e+01,6.9784385e+03,1.4965234e+01,1.6654091e+05,4.8937668e+01,0,nan,nan,nan,nan,1042.61687,2.7436815e-04,1775.52704,2.4543158e-04,-8.5638678e-03,-7.5451382e-03
-0.5254862445935942,0.999857314704237,0.0002820851861706456,1920.7264337556098,3.1837884e-03,499153,471.02060,463.87796,1.6405095e+05,4.6236416e+01,2.5906897e+03,1.3504389e+01,1.6979075e+05,4.7902290e+01,0,nan,nan,nan,nan,471.02060,2.5880805e-04,463.87796,2.9354694e-04,2.2503147e-02,-2.4192335e-02
-0.5254764154940403,1.0002578198567942,0.00028418860251080584,1730.5451635847073,-3.1747532e-03,362227,1328.20693,1819.02396,1.5849472e+05,4.4943352e+01,4.0692314e+03,1.1669129e+01,1.6619902e+05,4.7219688e+01,0,nan,nan,nan,nan,1328.20693,2.5946411e-04,1819.02396,2.2888737e-04,3.3147512e-03,4.5939602e-02
-0.5253359614673627,1.0001113013211005,0.0002878208936366323,1914.591704038736,3.1736812e-03,494736,471.01116,463.88535,1.6424941e+05,4.7193951e+01,5.7054443e+03,1.5314254e+01,1.6989653e+05,4.8894325e+01,0,nan,nan,nan,nan,471.01116,2.6412361e-04,463.88535,2.9988546e-04,1.2642267e-02,-1.7255105e-02
-0.5252136461508599,1.000353628665853,0.0002821207658446751,1908.4569463540524,3.1356064e-03,490319,470.99759,463.87739,1.6403356e+05,4.6235165e+01,2.5912463e+03,1.3479696e+01,1.6984902e+05,4.7900993e+01,0,nan,nan,nan,nan,470.99759,2.5791567e-04,463.87739,2.9320896e-04,-3.5558746e-03,-2.4371415e-02
-0.5251378040120471,1.0001072444104206,0.0002826446110082749,1902.3221421961912,3.0510586e-03,485902,470.98578,463.84878,1.6399748e+05,4.6334110e+01,2.8860647e+03,1.3697829e+01,1.6985517e+05,4.8003502e+01,0,nan,nan,nan,nan,470.98578,2.5822158e-04,463.84878,2.9428393e-04,-1.5389390e-02,-5.7524301e-02
-0.525001258367638,1.000846798691474,0.00028449219968545433,1718.2758787418336,-3.0204912e-03,353393,1328.20286,1818.98650,1.5804402e+05,4.4989395e+01,4.3696172e+03,1.1879452e+01,1.6628959e+05,4.7268066e+01,0,nan,nan,nan,nan,1328.20286,2.6052032e-04,1818.98650,2.3062907e-04,-6.1902922e-04,3.9383047e-03
-0.5247160058670488,0.9998657286646844,0.00028203096211703964,1712.1412839943341,-2.8956865e-03,348976,1328.20233,1818.98194,1.5854495e+05,4.4649689e+01,2.9341724e+03,1.1030201e+01,1.6631102e+05,4.6911152e+01,0,nan,nan,nan,nan,1328.20233,2.5710993e-04,1818.98194,2.2736743e-04,-5.3052249e-04,-2.0016823e-04
-0.5246648633055884,0.9999233211943456,0.0002982244609083579,1761.220375136896,-2.9489351e-03,384313,1042.62876,1775.56901,1.5929070e+05,4.7453709e+01,9.4777070e+03,1.6068977e+01,1.6657891e+05,4.9681717e+01,0,nan,nan,nan,nan,1042.62876,2.7940731e-04,1775.56901,2.4943761e-04,5.4204674e-03,3.8631815e-02
-0.5246221005083953,0.9992090332278484,0.0002912518633386208,1755.0855378996932,-3.0667109e-03,379896,1042.60385,1775.55951,1.5901892e+05,4.6343910e+01,5.6220659e+03,1.4241250e+01,1.6645881e+05,4.8519814e+01,0,nan,nan,nan,nan,1042.60385,2.7160777e-04,1775.55951,2.4229001e-04,-2.2915959e-02,2.7966669e-02
-0.5244248071962829,0.9996574697271952,0.00029381219752506706,1742.8159751930052,-3.1904953e-03,371062,1042.61442,1775.52348,1.5885244e+05,4.6730843e+01,6.9949351e+03,1.4972143e+01,1.6646059e+05,4.8924911e+01,0,nan,nan,nan,nan,1042.61442,2.7486065e-04,1775.52348,2.4534322e-04,-1.0165412e-02,-1.1325915e-02
-0.5240973572281291,0.9998025443888952,0.00028212016909662685,1920.7278226429753,3.1837875e-03,499154,471.02312,463.89604,1.6406111e+05,4.6242054e+01,2.6012571e+03,1.3523173e+01,1.6978111e+05,4.7908134e+01,0,nan,nan,nan,nan,471.02312,2.5838506e-04,463.89604,2.9330820e-04,2.4698442e-02,-4.4750478e-03
-0.5240875360570953,1.000227695986204,0.00028419423724048906,1730.5465524641443,-3.1747620e-03,362228,1328.19705,1819.01845,1.5848548e+05,4.4944492e+01,4.0702197e+03,1.1660443e+01,1.6619492e+05,4.7220890e+01,0,nan,nan,nan,nan,1328.19705,2.5932581e-04,1819.01845,2.2927990e-04,-7.2195362e-03,3.9358862e-02
-0.5239470689793961,0.9997501485681414,0.00028762660440599766,1914.593092931224,3.1736854e-03,494737,471.01329,463.89387,1.6411072e+05,4.7161995e+01,5.6904385e+03,1.5271152e+01,1.6983481e+05,4.8861217e+01,0,nan,nan,nan,nan,471.01329,2.6428772e-04,463.89387,3.0045531e-04,1.5846996e-02,-7.7321171e-03
-0.5238247424872498,0.9992972466672153,0.00028192761017150735,1908.458335257716,3.1356218e-03,490320,470.99935,463.87196,1.6380814e+05,4.6203556e+01,2.5920488e+03,1.3488922e+01,1.6966983e+05,4.7868248e+01,0,nan,nan,nan,nan,470.99935,2.5818308e-04,463.87196,2.9379249e-04,-6.3383160e-04,-3.0470237e-02
-0.5237488931302323,1.0000615202313021,0.0002825158266053316,1902.323531107073,3.0510812e-03,485903,470.98616,463.85888,1.6399750e+05,4.6313004e+01,2.8898601e+03,1.3669342e+01,1.6984744e+05,4.7981636e+01,0,nan,nan,nan,nan,470.98616,2.5835860e-04,463.85888,2.9392878e-04,-1.4878046e-02,-4.5763727e-02
-0.5236123940646848,0.9996282646584098,0.000284244557320922,1718.2772676061365,-3.0205152e-03,353394,1328.21018,1818.98756,1.5782775e+05,4.4950050e+01,4.3767612e+03,1.1804237e+01,1.6608648e+05,4.7226734e+01,0,nan,nan,nan,nan,1328.21018,2.6076453e-04,1818.98756,2.3123564e-04,7.8155287e-03,5.2864472e-03
-0.5233271511099247,1.0002859404121067,0.0002820299515845444,1712.1426728490912,-2.8957201e-03,348977,1328.21473,1818.98886,1.5864867e+05,4.4649590e+01,2.9279773e+03,1.0993521e+01,1.6638114e+05,4.6911053e+01,0,nan,nan,nan,nan,1328.21473,2.5726366e-04,1818.98886,2.2698280e-04,1.2544361e-02,7.0503671e-03
-0.5232759443078976,1.0002248570083656,0.00029814657549395897,1761.2217640558938,-2.9489044e-03,384314,1042.63198,1775.57535,1.5927580e+05,4.7441151e+01,9.4603311e+03,1.6033306e+01,1.6662859e+05,4.9668575e+01,0,nan,nan,nan,nan,1042.63198,2.7951450e-04,1775.57535,2.4940292e-04,8.1570763e-03,4.5013737e-02
-0.5232331898932898,0.9996994874381231,0.0002914072242658639,1755.0869268103083,-3.0666885e-03,379897,1042.61770,1775.57562,1.5914959e+05,4.6368614e+01,5.5995737e+03,1.4285002e+01,1.6654044e+05,4.8545677e+01,0,nan,nan,nan,nan,1042.61770,2.7143332e-04,1775.57562,2.4199454e-04,-8.1172576e-03,4.5007210e-02
-0.5230359121801484,1.001062826133855,0.00029379932454093717,1742.8173640880213,-3.1904886e-03,371063,1042.60559,1775.51786,1.5896403e+05,4.6728813e+01,7.0062930e+03,1.4926160e+01,1.6669469e+05,4.8922791e+01,0,nan,nan,nan,nan,1042.60559,2.7457674e-04,1775.51786,2.4564983e-04,-2.0141067e-02,-1.6547129e-02
-0.5227084698622093,1.0000252066950164,0.0002820601281940703,1920.7292115303412,3.1837865e-03,499155,471.02511,463.89007,1.6406483e+05,4.6232132e+01,2.5859304e+03,1.3485272e+01,1.6981861e+05,4.7897854e+01,0,nan,nan,nan,nan,471.02511,2.5870101e-04,463.89007,2.9355675e-04,2.7116679e-02,-1.1223068e-02
-0.5226986566192409,0.9993777207825787,0.0002840262229302732,1730.5479413435821,-3.1747709e-03,362229,1328.20810,1819.02732,1.5822628e+05,4.4918171e+01,4.0800732e+03,1.1620972e+01,1.6605462e+05,4.7193237e+01,0,nan,nan,nan,nan,1328.20810,2.6002622e-04,1819.02732,2.2968580e-04,5.6695980e-03,4.9236968e-02
-0.5225581764916569,0.9996712323828326,0.00028772121009126953,1914.5944818237117,3.1736896e-03,494738,471.01464,463.89299,1.6413631e+05,4.7177402e+01,5.6869199e+03,1.5295266e+01,1.6982102e+05,4.8877178e+01,0,nan,nan,nan,nan,471.01464,2.6450396e-04,463.89299,3.0023357e-04,1.7238842e-02,-8.2439622e-03
-0.5224358390564703,0.9996246695714626,0.00028180437718723633,1908.4597241611468,3.1356369e-03,490321,470.99720,463.87677,1.6374923e+05,4.6183411e+01,2.6112693e+03,1.3454603e+01,1.6972559e+05,4.7847374e+01,0,nan,nan,nan,nan,470.99720,2.5835802e-04,463.87677,2.9373477e-04,-2.4027515e-03,-2.5360808e-02
-0.5223599822488723,1.0001864884661515,0.00028238169373066325,1902.3249200179544,3.0511038e-03,485904,470.98277,463.84717,1.6393208e+05,4.6291023e+01,2.8763560e+03,1.3627677e+01,1.6986869e+05,4.7958866e+01,0,nan,nan,nan,nan,470.98277,2.5820883e-04,463.84717,2.9410358e-04,-1.8179234e-02,-5.8895171e-02
-0.5222235297610496,0.9992222771140191,0.00028414200655209673,1718.2786564704402,-3.0205392e-03,353395,1328.20070,1818.97962,1.5783123e+05,4.4933655e+01,4.3512524e+03,1.1796010e+01,1.6601836e+05,4.7209507e+01,0,nan,nan,nan,nan,1328.20070,2.6034904e-04,1818.97962,2.3087735e-04,-2.8076649e-03,-3.2235915e-03
-0.5219382961208794,1.0001621330382995,0.0002819820356508739,1712.1440617040803,-2.8957534e-03,348978,1328.20707,1818.98289,1.5859498e+05,4.4642059e+01,2.9397717e+03,1.0973433e+01,1.6636075e+05,4.6903137e+01,0,nan,nan,nan,nan,1328.20707,2.5711872e-04,1818.98289,2.2756300e-04,4.1283844e-03,4.2055181e-04
-0.5218870253106616,0.9996058740078587,0.00029793394670783784,1761.223152974891,-2.9488737e-03,384315,1042.62909,1775.57028,1.5920341e+05,4.7407162e+01,9.4229570e+03,1.6016710e+01,1.6652492e+05,4.9632988e+01,0,nan,nan,nan,nan,1042.62909,2.7959095e-04,1775.57028,2.4904232e-04,5.8583817e-03,4.0341940e-02
-0.5218442795107876,0.9996923603773346,0.00029160712294113957,1755.0883157206908,-3.0666664e-03,379898,1042.60728,1775.55926,1.5910008e+05,4.6400394e+01,5.6066470e+03,1.4321825e+01,1.6653917e+05,4.8578953e+01,0,nan,nan,nan,nan,1042.60728,2.7175411e-04,1775.55926,2.4263687e-04,-1.7921127e-02,2.7236843e-02
-0.5216470169316381,1.000924088128252,0.00029404273343770765,1742.8187529832699,-3.1904816e-03,371064,1042.61652,1775.52801,1.5900770e+05,4.6767548e+01,7.0116431e+03,1.4968431e+01,1.6667164e+05,4.8963341e+01,0,nan,nan,nan,nan,1042.61652,2.7445206e-04,1775.52801,2.4602620e-04,-9.0436880e-03,-6.3641975e-03
-0.5213195824960621,0.9999449158091477,0.000281978778804602,1920.7306004177074,3.1837856e-03,499156,471.02352,463.89052,1.6403161e+05,4.6218719e+01,2.6068992e+03,1.3451614e+01,1.6980469e+05,4.7883957e+01,0,nan,nan,nan,nan,471.02352,2.5876870e-04,463.89052,2.9343754e-04,2.5924439e-02,-1.0935671e-02
-0.5213097771816138,0.9997922925565527,0.00028405472303952403,1730.5493302230198,-3.1747797e-03,362230,1328.19912,1819.01842,1.5836623e+05,4.4922928e+01,4.0833054e+03,1.1639163e+01,1.6612444e+05,4.7198235e+01,0,nan,nan,nan,nan,1328.19912,2.5972657e-04,1819.01842,2.2949668e-04,-4.5267143e-03,3.8516149e-02
-0.5211692840030082,1.0004874968312618,0.00028780745842340915,1914.5958707162004,3.1736938e-03,494739,471.01718,463.89374,1.6434875e+05,4.7191437e+01,5.6951338e+03,1.5269392e+01,1.6995930e+05,4.8891720e+01,0,nan,nan,nan,nan,471.01718,2.6397273e-04,463.89374,2.9963205e-04,1.8094359e-02,-7.9453606e-03
-0.5210469353919507,1.0000723568524237,0.0002819890376272695,1908.4611130648113,3.1356523e-03,490322,470.99567,463.87898,1.6398452e+05,4.6213718e+01,2.5872188e+03,1.3448997e+01,1.6980178e+05,4.7878777e+01,0,nan,nan,nan,nan,470.99567,2.5795828e-04,463.87898,2.9330529e-04,-4.8950543e-03,-2.3114065e-02
-0.5209710715994333,1.0000922948288336,0.00028267495633179496,1902.3263089286038,3.0511261e-03,485905,470.98577,463.85596,1.6396947e+05,4.6339104e+01,2.8934685e+03,1.3735870e+01,1.6985272e+05,4.8008678e+01,0,nan,nan,nan,nan,470.98577,2.5835194e-04,463.85596,2.9418283e-04,-1.5342153e-02,-4.9043126e-02
-0.520834665457869,1.0000493364313308,0.00028430881656409324,1718.2800453347434,-3.0205632e-03,353396,1328.20694,1818.98940,1.5792680e+05,4.4959854e+01,4.3694731e+03,1.1825909e+01,1.6615509e+05,4.7237030e+01,0,nan,nan,nan,nan,1328.20694,2.6053286e-04,1818.98940,2.3086568e-04,3.5656877e-03,7.8283539e-03
-0.5205494413646647,1.000009520537505,0.0002820495684611686,1712.1454505588365,-2.8957869e-03,348979,1328.20900,1818.98474,1.5863520e+05,4.4652786e+01,2.9450239e+03,1.0999273e+01,1.6633550e+05,4.6914410e+01,0,nan,nan,nan,nan,1328.20900,2.5722079e-04,1818.98474,2.2692804e-04,6.5237745e-03,3.0119028e-03
-0.5204981063129708,0.999327138228118,0.00029786998159248533,1761.2245418938887,-2.9488429e-03,384316,1042.62951,1775.56978,1.5912503e+05,4.7396835e+01,9.4393877e+03,1.6039734e+01,1.6647795e+05,4.9622177e+01,0,nan,nan,nan,nan,1042.62951,2.7940539e-04,1775.56978,2.4901054e-04,5.9866086e-03,3.9378870e-02
-0.5204553691278306,1.0005740991193464,0.0002914819942808655,1755.0897046310738,-3.0666443e-03,379899,1042.61339,1775.56798,1.5926120e+05,4.6380463e+01,5.6139473e+03,1.4267117e+01,1.6668597e+05,4.8558079e+01,0,nan,nan,nan,nan,1042.61339,2.7131310e-04,1775.56798,2.4197136e-04,-1.2005721e-02,3.6850967e-02
-0.5202581219155036,0.9999187472359035,0.00029397146129967556,1742.820141878286,-3.1904748e-03,371065,1042.61187,1775.50886,1.5897581e+05,4.6756233e+01,7.0349326e+03,1.4948364e+01,1.6650431e+05,4.8951496e+01,0,nan,nan,nan,nan,1042.61187,2.7456312e-04,1775.50886,2.4575696e-04,-1.3803693e-02,-2.6641244e-02
-0.5199306948970843,0.9998007911477116,0.00028209357102656585,1920.7319893053063,3.1837849e-03,499157,471.02313,463.88511,1.6413345e+05,4.6237465e+01,2.5869868e+03,1.3445734e+01,1.6977994e+05,4.7903374e+01,0,nan,nan,nan,nan,471.02313,2.5871891e-04,463.88511,2.9336981e-04,2.5520479e-02,-1.5991574e-02
-0.5199208975118381,0.9997784615569117,0.00028403706671190147,1730.5507191026895,-3.1747883e-03,362231,1328.20101,1819.02019,1.5838977e+05,4.4920383e+01,4.0763423e+03,1.1622583e+01,1.6612308e+05,4.7195564e+01,0,nan,nan,nan,nan,1328.20101,2.5956842e-04,1819.02019,2.2907734e-04,-2.0838480e-03,4.1197252e-02
-0.5197803915143595,0.9996638669527265,0.0002875089663480833,1914.597259608689,3.1736980e-03,494740,471.01609,463.89818,1.6401953e+05,4.7142380e+01,5.6937446e+03,1.5242352e+01,1.6981898e+05,4.8840893e+01,0,nan,nan,nan,nan,471.01609,2.6474445e-04,463.89818,3.0045613e-04,1.9046998e-02,-3.1897260e-03
-0.5196580317265216,0.9995674627159927,0.00028193556154242115,1908.4625019684768,3.1356676e-03,490323,471.00130,463.88043,1.6389953e+05,4.6205002e+01,2.6022410e+03,1.3455862e+01,1.6971622e+05,4.7869743e+01,0,nan,nan,nan,nan,471.00130,2.5807522e-04,463.88043,2.9340366e-04,1.2364739e-03,-2.1601858e-02
-0.5195821607171638,1.0000303004729278,0.0002824857229886769,1902.327697839486,3.0511487e-03,485906,470.99077,463.85557,1.6393236e+05,4.6308086e+01,2.8941758e+03,1.3693242e+01,1.6984222e+05,4.7976547e+01,0,nan,nan,nan,nan,470.99077,2.5838127e-04,463.85557,2.9437253e-04,-1.0184836e-02,-4.9528126e-02
-0.5194458011549159,1.0001324957793922,0.00028426712119163306,1718.2814341990463,-3.0205871e-03,353397,1328.20798,1818.98848,1.5790127e+05,4.4953075e+01,4.3604419e+03,1.1795237e+01,1.6616823e+05,4.7229908e+01,0,nan,nan,nan,nan,1328.20798,2.6089701e-04,1818.98848,2.3080726e-04,5.9981109e-03,6.7892205e-03
-0.5191605863749373,1.0008466261163769,0.00028207504686627433,1712.1468394138262,-2.8958202e-03,348980,1328.20500,1818.98656,1.5870247e+05,4.4656849e+01,2.9273389e+03,1.0992116e+01,1.6647486e+05,4.6918682e+01,0,nan,nan,nan,nan,1328.20500,2.5690460e-04,1818.98656,2.2709153e-04,2.2862940e-03,4.2467606e-03
-0.51910918731528,0.9998456613331318,0.000298046542434727,1761.2259308128864,-2.9488122e-03,384317,1042.62954,1775.56886,1.5934042e+05,4.7424786e+01,9.4059668e+03,1.6026127e+01,1.6656381e+05,4.9651436e+01,0,nan,nan,nan,nan,1042.62954,2.7908676e-04,1775.56886,2.4892841e-04,6.3050748e-03,3.8340017e-02
-0.5190664585124978,0.9994730593555614,0.00029151112792782566,1755.0910935416891,-3.0666220e-03,379900,1042.60848,1775.56523,1.5912808e+05,4.6385071e+01,5.6259482e+03,1.4263121e+01,1.6650244e+05,4.8562904e+01,0,nan,nan,nan,nan,1042.60848,2.7208726e-04,1775.56523,2.4238271e-04,-1.6825011e-02,3.4533031e-02
-0.5188692268993691,0.999994794984319,0.0002938685153318376,1742.8215307733021,-3.1904681e-03,371066,1042.61857,1775.51925,1.5897450e+05,4.6739876e+01,7.0532793e+03,1.4944880e+01,1.6651705e+05,4.8934372e+01,0,nan,nan,nan,nan,1042.61857,2.7467290e-04,1775.51925,2.4536959e-04,-6.0813958e-03,-1.5855182e-02
-0.5185418075311645,1.0000792372543879,0.00028199684675223345,1920.7333781926723,3.1837840e-03,499158,471.02412,463.89140,1.6412208e+05,4.6221535e+01,2.6020852e+03,1.3430172e+01,1.6982697e+05,4.7886875e+01,0,nan,nan,nan,nan,471.02412,2.5841882e-04,463.89140,2.9320511e-04,2.6164958e-02,-9.5432010e-03
-0.5185320180755753,0.9997139066584032,0.00028402243510437125,1730.5521079821258,-3.1747972e-03,362232,1328.20796,1819.02202,1.5812936e+05,4.4918324e+01,4.0925420e+03,1.1677365e+01,1.6611328e+05,4.7193401e+01,0,nan,nan,nan,nan,1328.20796,2.6050868e-04,1819.02202,2.3065208e-04,6.0362937e-03,4.2462870e-02
-0.5183914990261655,1.000107304144779,0.0002877753861185185,1914.5986485011772,3.1737022e-03,494741,471.01331,463.88578,1.6426494e+05,4.7185944e+01,5.6999087e+03,1.5293295e+01,1.6989389e+05,4.8886032e+01,0,nan,nan,nan,nan,471.01331,2.6424765e-04,463.88578,2.9992010e-04,1.5268717e-02,-1.6085356e-02
-0.5182691282948326,1.0004215102754381,0.00028213712148462,1908.4638908719085,3.1356828e-03,490324,470.99688,463.87995,1.6402388e+05,4.6238075e+01,2.5921228e+03,1.3491463e+01,1.6986139e+05,4.7904011e+01,0,nan,nan,nan,nan,470.99688,2.5827822e-04,463.87995,2.9329435e-04,-3.5244715e-03,-2.2340389e-02
-0.5181932498348942,0.999915645607928,0.00028250623273766244,1902.3290867503683,3.0511713e-03,485907,470.98307,463.86267,1.6396273e+05,4.6311462e+01,2.8942012e+03,1.3684649e+01,1.6982277e+05,4.7980038e+01,0,nan,nan,nan,nan,470.98307,2.5821070e-04,463.86267,2.9393277e-04,-1.8254437e-02,-4.1385692e-02
-0.5180569366198142,0.9996101996283598,0.00028415562143699173,1718.2828230635814,-3.0206109e-03,353398,1328.20156,1818.98045,1.5781888e+05,4.4935253e+01,4.3721582e+03,1.1782422e+01,1.6608077e+05,4.7211185e+01,0,nan,nan,nan,nan,1328.20156,2.6061921e-04,1818.98045,2.3145502e-04,-1.3453620e-03,-2.6090124e-03
-0.5177717313843004,0.999902671009521,0.00028199117224285685,1712.1482282688169,-2.8958535e-03,348981,1328.21132,1818.98659,1.5850559e+05,4.4643597e+01,2.9361843e+03,1.1004828e+01,1.6631792e+05,4.6904751e+01,0,nan,nan,nan,nan,1328.21132,2.5754122e-04,1818.98659,2.2714307e-04,8.4249880e-03,4.4046231e-03
-0.517720268318044,1.0000076965717146,0.00029796620974287746,1761.2273197318837,-2.9487815e-03,384318,1042.62965,1775.56746,1.5929578e+05,4.7411854e+01,9.4164014e+03,1.6014215e+01,1.6659031e+05,4.9637897e+01,0,nan,nan,nan,nan,1042.62965,2.7911385e-04,1775.56746,2.4902943e-04,6.4299661e-03,3.7237350e-02
-0.5176775481295408,1.0001375291524466,0.0002914672444312557,1755.092482452072,-3.0665998e-03,379901,1042.61020,1775.56872,1.5922112e+05,4.6378056e+01,5.6381660e+03,1.4251202e+01,1.6661302e+05,4.8555561e+01,0,nan,nan,nan,nan,1042.61020,2.7142547e-04,1775.56872,2.4213301e-04,-1.5390200e-02,3.7077956e-02
-0.5174803318836894,1.0006456631721017,0.0002937965401190982,1742.8229196683178,-3.1904613e-03,371067,1042.60635,1775.53493,1.5889389e+05,4.6728447e+01,7.0479507e+03,1.4948980e+01,1.6662550e+05,4.8922409e+01,0,nan,nan,nan,nan,1042.60635,2.7484132e-04,1775.53493,2.4549951e-04,-1.9203976e-02,3.1160386e-04
-0.5171529201656995,1.000094789657395,0.00028197194271180505,1920.7347670800377,3.1837830e-03,499159,471.02937,463.88954,1.6413861e+05,4.6217392e+01,2.5781235e+03,1.3418228e+01,1.6982938e+05,4.7882584e+01,0,nan,nan,nan,nan,471.02937,2.5858235e-04,463.88954,2.9313067e-04,3.2107830e-02,-1.1401213e-02
-0.517143138639085,1.0000889365418575,0.00028409879868744354,1730.5534968615623,-3.1748060e-03,362233,1328.19855,1819.02388,1.5841155e+05,4.4930656e+01,4.0870256e+03,1.1647555e+01,1.6617653e+05,4.7206352e+01,0,nan,nan,nan,nan,1328.19855,2.5941737e-04,1819.02388,2.2910988e-04,-5.2852379e-03,4.4915203e-02
-0.5170026065375168,0.9999328511834791,0.00028770622716588646,1914.6000373936658,3.1737064e-03,494742,471.01026,463.89541,1.6405291e+05,4.7174488e+01,5.6932173e+03,1.5320214e+01,1.6986383e+05,4.8874165e+01,0,nan,nan,nan,nan,471.01026,2.6466401e-04,463.89541,3.0066600e-04,1.3803658e-02,-5.6263404e-03
-0.5168802246312225,1.000544245507472,0.0002820367448629895,1908.465279775572,3.1356981e-03,490325,470.99997,463.86919,1.6399064e+05,4.6221661e+01,2.5936814e+03,1.3480103e+01,1.6988238e+05,4.7887009e+01,0,nan,nan,nan,nan,470.99997,2.5805042e-04,463.86919,2.9364150e-04,1.0149012e-05,-3.4143742e-02
-0.5168043391854553,1.0000243625281886,0.000282470414377942,1902.3304756610178,3.0511937e-03,485908,470.98511,463.85830,1.6393536e+05,4.6305592e+01,2.8764370e+03,1.3687168e+01,1.6984125e+05,4.7973957e+01,0,nan,nan,nan,nan,470.98511,2.5835980e-04,463.85830,2.9386344e-04,-1.5833255e-02,-4.6695828e-02
-0.5166680723175432,1.000336509928794,0.00028429587519533775,1718.2842119278837,-3.0206349e-03,353399,1328.20345,1818.98478,1.5795284e+05,4.4957241e+01,4.3536431e+03,1.1784358e+01,1.6620073e+05,4.7234287e+01,0,nan,nan,nan,nan,1328.20345,2.6045641e-04,1818.98478,2.3108473e-04,6.3575688e-04,2.0999911e-03
-0.5163828766274037,1.0005173399097165,0.00028206803177319113,1712.1496171235738,-2.8958870e-03,348982,1328.20491,1818.97955,1.5865114e+05,4.4655769e+01,2.9225540e+03,1.1006252e+01,1.6642020e+05,4.6917545e+01,0,nan,nan,nan,nan,1328.20491,2.5717216e-04,1818.97955,2.2730864e-04,2.1416883e-03,-3.1205730e-03
-0.5163313493203532,0.9996209981277155,0.0002979329058742281,1761.2287086508813,-2.9487507e-03,384319,1042.63066,1775.57611,1.5921681e+05,4.7406410e+01,9.3829883e+03,1.6019604e+01,1.6652539e+05,4.9632202e+01,0,nan,nan,nan,nan,1042.63066,2.7941997e-04,1775.57611,2.4884520e-04,7.0591806e-03,4.6132781e-02
-0.5162886375137532,1.0000778428697676,0.0002914925127138792,1755.0938713626879,-3.0665775e-03,379902,1042.61189,1775.56711,1.5921158e+05,4.6382038e+01,5.6370020e+03,1.4277659e+01,1.6660295e+05,4.8559734e+01,0,nan,nan,nan,nan,1042.61189,2.7154761e-04,1775.56711,2.4214877e-04,-1.4169234e-02,3.6031675e-02
-0.5160914366356337,0.9999292047585839,0.0002939244895293983,1742.8243085635659,-3.1904543e-03,371068,1042.61511,1775.52539,1.5907792e+05,4.6748821e+01,7.0483262e+03,1.4947472e+01,1.6650628e+05,4.8943737e+01,0,nan,nan,nan,nan,1042.61511,2.7448114e-04,1775.52539,2.4502448e-04,-1.0675366e-02,-9.2451740e-03
-0.5157640327993249,0.999569888761301,0.0002820434803364105,1920.736155967404,3.1837821e-03,499160,471.02615,463.89094,1.6394769e+05,4.6229061e+01,2.6112649e+03,1.3512910e+01,1.6974003e+05,4.7894669e+01,0,nan,nan,nan,nan,471.02615,2.5904077e-04,463.89094,2.9344638e-04,2.8816590e-02,-1.0039917e-02
-0.5157542589693094,1.0002799868290841,0.0002843268010872376,1730.554885741232,-3.1748146e-03,362234,1328.20171,1819.01817,1.5843388e+05,4.4966969e+01,4.0974829e+03,1.1714260e+01,1.6620920e+05,4.7244503e+01,0,nan,nan,nan,nan,1328.20171,2.5981202e-04,1819.01817,2.2932938e-04,-2.0892229e-03,3.9443333e-02
-0.5156137140488681,0.9996521671207438,0.000287850499634476,1914.6014262861545,3.1737105e-03,494743,471.01691,463.88383,1.6414080e+05,4.7198025e+01,5.7043535e+03,1.5360570e+01,1.6981572e+05,4.8898548e+01,0,nan,nan,nan,nan,471.01691,2.6430810e-04,463.88383,3.0037714e-04,1.8999504e-02,-1.8176127e-02
-0.5154913209671577,0.9997139842870333,0.00028202980751551506,1908.4666686792361,3.1357135e-03,490326,470.99561,463.87166,1.6389542e+05,4.6220566e+01,2.6037141e+03,1.3527175e+01,1.6974155e+05,4.7885872e+01,0,nan,nan,nan,nan,470.99561,2.5805700e-04,463.87166,2.9355357e-04,-4.3904143e-03,-3.1231208e-02
-0.5154154283040953,1.0002411992481435,0.0002825108087793032,1902.3318645718991,3.0512162e-03,485909,470.98564,463.85085,1.6401919e+05,4.6312214e+01,2.8643535e+03,1.3663582e+01,1.6987808e+05,4.7980820e+01,0,nan,nan,nan,nan,470.98564,2.5839059e-04,463.85085,2.9371859e-04,-1.5541553e-02,-5.4017551e-02
-0.51527920801459,0.9996317919328596,0.0002842447594133059,1718.2856007921866,-3.0206589e-03,353400,1328.20690,1818.98482,1.5795234e+05,4.4948967e+01,4.3614775e+03,1.1789496e+01,1.6608294e+05,4.7225594e+01,0,nan,nan,nan,nan,1328.20690,2.6044584e-04,1818.98482,2.3067430e-04,3.8215574e-03,2.8055948e-03
-0.5149940216383584,1.000038568903357,0.00028194105748237397,1712.1510059785628,-2.8959203e-03,348983,1328.21702,1818.98915,1.5855778e+05,4.4635666e+01,2.9356919e+03,1.0983006e+01,1.6634056e+05,4.6896423e+01,0,nan,nan,nan,nan,1328.21702,2.5743243e-04,1818.98915,2.2725940e-04,1.4639781e-02,7.7432450e-03
-0.5149424303231172,1.000119644872573,0.00029785843643412383,1761.2300975698786,-2.9487200e-03,384320,1042.63231,1775.56803,1.5919628e+05,4.7394424e+01,9.3618848e+03,1.6015608e+01,1.6660797e+05,4.9619656e+01,0,nan,nan,nan,nan,1042.63231,2.7932134e-04,1775.56803,2.4897431e-04,8.9716827e-03,3.7527964e-02
-0.514899727131251,1.0004124682031152,0.00029142701326342977,1755.0952602730704,-3.0665554e-03,379903,1042.61097,1775.56402,1.5917416e+05,4.6371578e+01,5.6348848e+03,1.4272018e+01,1.6665856e+05,4.8548782e+01,0,nan,nan,nan,nan,1042.61097,2.7141697e-04,1775.56402,2.4218875e-04,-1.3824048e-02,3.2226071e-02
-0.5147025416204087,1.0002873963942183,0.0002938803969999428,1742.825697458581,-3.1904476e-03,371069,1042.60833,1775.51459,1.5896989e+05,4.6741829e+01,7.0652603e+03,1.4952243e+01,1.6656600e+05,4.8936417e+01,0,nan,nan,nan,nan,1042.60833,2.7462741e-04,1775.51459,2.4540423e-04,-1.8114623e-02,-2.1231754e-02
-0.5143751454320409,1.0000956433919352,0.0002822435312328918,1920.7375448547714,3.1837812e-03,499161,471.02493,463.89059,1.6426231e+05,4.6261799e+01,2.5918711e+03,1.3506599e+01,1.6982912e+05,4.7928585e+01,0,nan,nan,nan,nan,471.02493,2.5839216e-04,463.89059,2.9284108e-04,2.6401924e-02,-1.0876526e-02
-0.5143653795323644,1.000055889424149,0.0002841620419564593,1730.556274620669,-3.1748235e-03,362235,1328.20400,1819.02352,1.5848638e+05,4.4941162e+01,4.0802239e+03,1.1644382e+01,1.6617291e+05,4.7217392e+01,0,nan,nan,nan,nan,1328.20400,2.5948355e-04,1819.02352,2.2890359e-04,1.7996131e-04,4.5407835e-02
-0.5142248215611289,1.0002422313731563,0.00028777415905809794,1914.6028151786422,3.1737147e-03,494744,471.01405,463.89387,1.6434184e+05,4.7185387e+01,5.7006406e+03,1.5271108e+01,1.6991552e+05,4.8885452e+01,0,nan,nan,nan,nan,471.01405,2.6404791e-04,463.89387,2.9967967e-04,1.5855055e-02,-8.2856249e-03
-0.5141024175354687,0.9999003862806546,0.000281953170430586,1908.4680575826678,3.1357286e-03,490327,470.99554,463.87622,1.6390875e+05,4.6208046e+01,2.5878269e+03,1.3463137e+01,1.6977334e+05,4.7872898e+01,0,nan,nan,nan,nan,470.99554,2.5802871e-04,463.87622,2.9342089e-04,-4.0415651e-03,-2.6364917e-02
-0.5140265174218257,0.9998872782502788,0.00028240749408104055,1902.3332534827814,3.0512388e-03,485910,470.98731,463.85380,1.6394328e+05,4.6295284e+01,2.8900107e+03,1.3620988e+01,1.6981798e+05,4.7963280e+01,0,nan,nan,nan,nan,470.98731,2.5838119e-04,463.85380,2.9392313e-04,-1.3790603e-02,-5.0519280e-02
-0.5138903437116369,0.9997096417892335,0.0002841647544710757,1718.2869896564896,-3.0206828e-03,353401,1328.20670,1818.98519,1.5780289e+05,4.4936123e+01,4.3474883e+03,1.1814244e+01,1.6609516e+05,4.7212097e+01,0,nan,nan,nan,nan,1328.20670,2.6065076e-04,1818.98519,2.3078280e-04,3.9858003e-03,3.2578357e-03
-0.513605166648631,1.00048531136426,0.00028218466981996235,1712.1523948335525,-2.8959536e-03,348984,1328.20258,1818.98580,1.5862783e+05,4.4674225e+01,2.9249668e+03,1.1038630e+01,1.6641483e+05,4.6936935e+01,0,nan,nan,nan,nan,1328.20258,2.5721753e-04,1818.98580,2.2743858e-04,-8.3283038e-04,3.7159438e-03
-0.5135535113254264,1.000522220901239,0.00029795067576830823,1761.2314864888763,-2.9486893e-03,384321,1042.63033,1775.56847,1.5936259e+05,4.7408966e+01,9.3411787e+03,1.6029705e+01,1.6667456e+05,4.9634880e+01,0,nan,nan,nan,nan,1042.63033,2.7877616e-04,1775.56847,2.4865294e-04,6.8673347e-03,3.7881877e-02
-0.5135108165154634,1.0000250179309722,0.0002915014585479538,1755.0966491836862,-3.0665330e-03,379904,1042.61285,1775.55824,1.5912247e+05,4.6383385e+01,5.6440952e+03,1.4276169e+01,1.6659388e+05,4.8561142e+01,0,nan,nan,nan,nan,1042.61285,2.7175434e-04,1775.55824,2.4248855e-04,-1.2380584e-02,2.6315657e-02
-0.5133136466042743,0.9995083846488942,0.00029380896798957717,1742.8270863535972,-3.1904408e-03,371070,1042.61755,1775.51589,1.5890848e+05,4.6730495e+01,7.0708228e+03,1.4942711e+01,1.6643636e+05,4.8924549e+01,0,nan,nan,nan,nan,1042.61755,2.7459601e-04,1775.51589,2.4539072e-04,-7.7494974e-03,-1.9412018e-02
-0.5129862580656663,0.9999580530515529,0.0002820773322605964,1920.7389337421378,3.1837802e-03,499162,471.02357,463.88252,1.6407409e+05,4.6234505e+01,2.6002834e+03,1.3477815e+01,1.6980558e+05,4.7900314e+01,0,nan,nan,nan,nan,471.02357,2.5861416e-04,463.88252,2.9351359e-04,2.5921011e-02,-1.9975355e-02
-0.5129765000954194,1.0001405074270793,0.0002844189978747656,1730.557663500106,-3.1748323e-03,362236,1328.19879,1819.02345,1.5843050e+05,4.4982052e+01,4.0960317e+03,1.1748045e+01,1.6618791e+05,4.7260353e+01,0,nan,nan,nan,nan,1328.19879,2.5968996e-04,1819.02345,2.2958027e-04,-5.2684750e-03,4.4670783e-02
-0.5128359290724802,0.9998875394584272,0.0002878737793819962,1914.6042040711309,3.1737189e-03,494745,471.01562,463.89444,1.6431322e+05,4.7201595e+01,5.6995938e+03,1.5309207e+01,1.6985481e+05,4.8902245e+01,0,nan,nan,nan,nan,471.01562,2.6420451e-04,463.89444,2.9952716e-04,1.7302833e-02,-6.8379422e-03
-0.5127135138711765,1.000849455229477,0.00028210420861822814,1908.4694464863321,3.1357440e-03,490328,470.99986,463.88698,1.6405244e+05,4.6232838e+01,2.5950381e+03,1.3500665e+01,1.6993461e+05,4.7898582e+01,0,nan,nan,nan,nan,470.99986,2.5781654e-04,463.88698,2.9339065e-04,6.2529696e-05,-1.4331187e-02
-0.5126376067723868,0.9998749602127751,0.00028253353425777643,1902.3346423934308,3.0512612e-03,485911,470.98627,463.86383,1.6401436e+05,4.6315948e+01,2.8758362e+03,1.3677220e+01,1.6981591e+05,4.7984688e+01,0,nan,nan,nan,nan,470.98627,2.5834524e-04,463.86383,2.9360171e-04,-1.4814027e-02,-3.9724682e-02
-0.5125014794091385,0.9999582921608159,0.0002841127562424898,1718.288378520792,-3.0207068e-03,353402,1328.20409,1818.98699,1.5788402e+05,4.4927708e+01,4.3369399e+03,1.1748423e+01,1.6613575e+05,4.7203255e+01,0,nan,nan,nan,nan,1328.20409,2.6063522e-04,1818.98699,2.3085291e-04,1.3279549e-03,4.7866711e-03
-0.5122163118915068,0.9998837292826134,0.0002821174965997933,1712.1537836883097,-2.8959871e-03,348985,1328.21136,1818.98601,1.5863323e+05,4.4663570e+01,2.9352625e+03,1.1039585e+01,1.6631470e+05,4.6925739e+01,0,nan,nan,nan,nan,1328.21136,2.5725955e-04,1818.98601,2.2696661e-04,9.4963918e-03,4.3380214e-03
-0.5121645923277356,1.000273623021788,0.00029773794942891067,1761.232875407874,-2.9486585e-03,384322,1042.62834,1775.57279,1.5930309e+05,4.7374989e+01,9.3080811e+03,1.5954157e+01,1.6663270e+05,4.9599304e+01,0,nan,nan,nan,nan,1042.62834,2.7890739e-04,1775.57279,2.4869249e-04,4.6481015e-03,4.2945310e-02
-0.5121219061327338,0.9998130557403275,0.0002913694727451251,1755.098038094069,-3.0665109e-03,379905,1042.60775,1775.57857,1.5911488e+05,4.6362339e+01,5.6369619e+03,1.4258494e+01,1.6655842e+05,4.8539112e+01,0,nan,nan,nan,nan,1042.60775,2.7163638e-04,1775.57857,2.4224413e-04,-1.7527625e-02,4.7654301e-02
-0.5119247515881398,0.9998913012267476,0.0002939580148467469,1742.8284752486134,-3.1904341e-03,371071,1042.61375,1775.52713,1.5908023e+05,4.6754219e+01,7.0911724e+03,1.4943624e+01,1.6650020e+05,4.8949390e+01,0,nan,nan,nan,nan,1042.61375,2.7439429e-04,1775.52713,2.4516604e-04,-1.2216455e-02,-7.3947520e-03
-0.5115973707002013,0.9999945139655048,0.00028202637735144106,1920.7403226295032,3.1837793e-03,499163,471.02352,463.89057,1.6413744e+05,4.6226112e+01,2.5946182e+03,1.3427526e+01,1.6981161e+05,4.7891617e+01,0,nan,nan,nan,nan,471.02352,2.5856588e-04,463.89057,2.9329406e-04,2.5384555e-02,-1.0730057e-02
-0.5115876204254164,0.9995567673825567,0.00028398402653708545,1730.559052379776,-3.1748409e-03,362237,1328.20859,1819.02583,1.5833967e+05,4.4913517e+01,4.1024458e+03,1.1612374e+01,1.6609183e+05,4.7188343e+01,0,nan,nan,nan,nan,1328.20859,2.5967610e-04,1819.02583,2.2920182e-04,5.0276527e-03,4.7668889e-02
-0.5114470365838315,1.0001469250411055,0.0002877821080556591,1914.6055929636195,3.1737231e-03,494746,471.01292,463.89516,1.6430652e+05,4.7186440e+01,5.6854072e+03,1.5259749e+01,1.6989841e+05,4.8886539e+01,0,nan,nan,nan,nan,471.01292,2.6400763e-04,463.89516,3.0006337e-04,1.4943283e-02,-6.5635992e-03
-0.5113246104397149,1.0000916548983922,0.0002819549409102957,1908.4708353897636,3.1357592e-03,490329,470.99635,463.86948,1.6393916e+05,4.6208408e+01,2.6049509e+03,1.3455430e+01,1.6980608e+05,4.7873276e+01,0,nan,nan,nan,nan,470.99635,2.5795127e-04,463.86948,2.9334924e-04,-4.2434530e-03,-3.3405308e-02
-0.5112486958907994,0.9994999216440126,0.0002823721217461115,1902.3360313043124,3.0512838e-03,485912,470.98403,463.84272,1.6382306e+05,4.6289490e+01,2.8748628e+03,1.3662848e+01,1.6975220e+05,4.7957275e+01,0,nan,nan,nan,nan,470.98403,2.5836538e-04,463.84272,2.9433836e-04,-1.6798407e-02,-6.3721031e-02
-0.5111126148733547,0.999196626721195,0.0002841531412279053,1718.2897673853279,-3.0207306e-03,353403,1328.20408,1818.98980,1.5777022e+05,4.4933899e+01,4.3358115e+03,1.1832803e+01,1.6600848e+05,4.7209759e+01,0,nan,nan,nan,nan,1328.20408,2.6067291e-04,1818.98980,2.3077428e-04,1.2307822e-03,7.7379206e-03
-0.5108274569024616,0.9997019561537867,0.00028202270641759135,1712.1551725432987,-2.8960204e-03,348986,1328.20841,1818.98237,1.5849277e+05,4.4648537e+01,2.9466570e+03,1.1022547e+01,1.6628436e+05,4.6909946e+01,0,nan,nan,nan,nan,1328.20841,2.5766055e-04,1818.98237,2.2758459e-04,6.2926011e-03,-1.2624676e-04
-0.5107756733304996,0.999671213498944,0.0002977419518561192,1761.2342643268712,-2.9486278e-03,384323,1042.63782,1775.56894,1.5924828e+05,4.7375500e+01,9.3200303e+03,1.5965715e+01,1.6653189e+05,4.9599838e+01,0,nan,nan,nan,nan,1042.63782,2.7885818e-04,1775.56894,2.4877844e-04,1.4538392e-02,3.8378458e-02
-0.5107329957500042,0.9994469793444596,0.0002912871413892057,1755.0994270044516,-3.0664888e-03,379906,1042.61230,1775.56559,1.5903716e+05,4.6349197e+01,5.6327500e+03,1.4249261e+01,1.6649728e+05,4.8525352e+01,0,nan,nan,nan,nan,1042.61230,2.7161327e-04,1775.56559,2.4229007e-04,-1.3076519e-02,3.4381066e-02
-0.5105358563396294,0.9999543046403442,0.000294142660544432,1742.8298641438619,-3.1904271e-03,371072,1042.61758,1775.52225,1.5911500e+05,4.6783611e+01,7.0986572e+03,1.4983778e+01,1.6651078e+05,4.8980164e+01,0,nan,nan,nan,nan,1042.61758,2.7452735e-04,1775.52225,2.4534448e-04,-8.0292420e-03,-1.2693810e-02
-0.5102084833345089,0.999525993491889,0.0002821419164671986,1920.741711516869,3.1837784e-03,499164,471.02479,463.88887,1.6408742e+05,4.6245014e+01,2.6029246e+03,1.3522029e+01,1.6973191e+05,4.7911194e+01,0,nan,nan,nan,nan,471.02479,2.5862400e-04,463.88887,2.9306929e-04,2.6861804e-02,-1.2314778e-02
-0.5101987409884714,1.0004634054817376,0.00028424552565102284,1730.560441259213,-3.1748498e-03,362238,1328.19433,1819.01193,1.5840559e+05,4.4955120e+01,4.1020688e+03,1.1697773e+01,1.6624342e+05,4.7232059e+01,0,nan,nan,nan,nan,1328.19433,2.5955823e-04,1819.01193,2.3002470e-04,-9.2784613e-03,3.1457275e-02
-0.5100581440960923,1.0003890818838905,0.00028781807552676747,1914.6069818561073,3.1737273e-03,494747,471.01511,463.88956,1.6438609e+05,4.7192204e+01,5.7195015e+03,1.5257959e+01,1.6993906e+05,4.8892513e+01,0,nan,nan,nan,nan,471.01511,2.6393784e-04,463.88956,2.9953208e-04,1.6486285e-02,-1.2394379e-02
-0.5099357067751953,1.0001411085372192,0.0002819820635353897,1908.472224293428,3.1357745e-03,490330,470.99811,463.88085,1.6396005e+05,4.6212891e+01,2.5982515e+03,1.3464477e+01,1.6981461e+05,4.7877918e+01,0,nan,nan,nan,nan,470.99811,2.5796695e-04,463.88085,2.9337677e-04,-1.9437433e-03,-2.0742269e-02
-0.5098597852415878,0.9994253074190653,0.00028232809538861843,1902.3374202149616,3.0513061e-03,485913,470.98899,463.86887,1.6388461e+05,4.6282272e+01,2.8845444e+03,1.3633013e+01,1.6973953e+05,4.7949799e+01,0,nan,nan,nan,nan,470.98899,2.5842895e-04,463.86887,2.9371883e-04,-1.1670138e-02,-3.4308977e-02
-0.5097237505697194,0.999680594998865,0.0002842721727504702,1718.2911562496315,-3.0207545e-03,353404,1328.20123,1818.98469,1.5774891e+05,4.4952522e+01,4.3290747e+03,1.1816609e+01,1.6608816e+05,4.7229328e+01,0,nan,nan,nan,nan,1328.20123,2.6088156e-04,1818.98469,2.3137385e-04,-1.4755487e-03,2.0124963e-03
-0.5094386019134163,1.0001745562464035,0.00028198846685738646,1712.1565613982877,-2.8960537e-03,348987,1328.20949,1818.98765,1.5858681e+05,4.4643074e+01,2.9506770e+03,1.0993191e+01,1.6636281e+05,4.6904209e+01,0,nan,nan,nan,nan,1328.20949,2.5717902e-04,1818.98765,2.2715735e-04,6.8406174e-03,5.7847155e-03
-0.5093867543328088,1.0003362695132856,0.0002979823843732659,1761.235653245869,-2.9485971e-03,384324,1042.62711,1775.57273,1.5931059e+05,4.7413631e+01,9.2844248e+03,1.6054977e+01,1.6664225e+05,4.9639759e+01,0,nan,nan,nan,nan,1042.62711,2.7901225e-04,1775.57273,2.4881453e-04,3.1062546e-03,4.2221952e-02
-0.5093440851342166,0.9998851986898033,0.00029148814592747324,1755.1008159150674,-3.0664664e-03,379907,1042.61249,1775.57293,1.5914575e+05,4.6381134e+01,5.6277021e+03,1.4306108e+01,1.6657011e+05,4.8558788e+01,0,nan,nan,nan,nan,1042.61249,2.7140693e-04,1775.57293,2.4221254e-04,-1.2945414e-02,4.2037554e-02
-0.5091469613234949,1.000281760705102,0.0002940762604086499,1742.831253038878,-3.1904203e-03,371073,1042.61558,1775.51775,1.5909988e+05,4.6773075e+01,7.1324448e+03,1.4981733e+01,1.6656539e+05,4.8969128e+01,0,nan,nan,nan,nan,1042.61558,2.7447869e-04,1775.51775,2.4521109e-04,-1.0195310e-02,-1.6593728e-02
-0.5088195959688164,1.0001323420600752,0.0002821902605371633,1920.7431004042346,3.1837774e-03,499165,471.02206,463.89078,1.6413667e+05,4.6252899e+01,2.6007239e+03,1.3529771e+01,1.6983473e+05,4.7919369e+01,0,nan,nan,nan,nan,471.02206,2.5858404e-04,463.89078,2.9312208e-04,2.4675515e-02,-9.8716943e-03
-0.5088098615515264,1.0001616393613195,0.000284263495219171,1730.5618301386498,-3.1748586e-03,362239,1328.20122,1819.02284,1.5846169e+05,4.4958214e+01,4.1068940e+03,1.1717681e+01,1.6619420e+05,4.7235310e+01,0,nan,nan,nan,nan,1328.20122,2.5944304e-04,1819.02284,2.2908719e-04,-2.5750620e-03,4.3943219e-02
-0.5086692516074436,1.0002313840497863,0.00028769553487987073,1914.608370748596,3.1737315e-03,494748,471.01411,463.88452,1.6425547e+05,4.7171978e+01,5.7047598e+03,1.5245881e+01,1.6991180e+05,4.8871559e+01,0,nan,nan,nan,nan,471.01411,2.6409305e-04,463.88452,3.0003572e-04,1.5738154e-02,-1.7618129e-02
-0.5085468033439611,0.9999171075322943,0.00028219835347357403,1908.4736131968593,3.1357897e-03,490331,470.99871,463.86641,1.6392614e+05,4.6248367e+01,2.5938650e+03,1.3566286e+01,1.6977669e+05,4.7914673e+01,0,nan,nan,nan,nan,470.99871,2.5839618e-04,463.86641,2.9349313e-04,-1.5492704e-03,-3.7230697e-02
-0.5084708743584088,0.9999606407092101,0.00028250856446665175,1902.3388091258448,3.0513287e-03,485914,470.98858,463.85181,1.6401512e+05,4.6311852e+01,2.8918879e+03,1.3667074e+01,1.6983045e+05,4.7980446e+01,0,nan,nan,nan,nan,470.98858,2.5830953e-04,463.85181,2.9377264e-04,-1.2117514e-02,-5.2907601e-02
-0.5083348862665389,0.9994230510188395,0.00028425899368750166,1718.2925451139347,-3.0207785e-03,353405,1328.20581,1818.97776,1.5776889e+05,4.4950241e+01,4.3418672e+03,1.1803902e+01,1.6604464e+05,4.7226929e+01,0,nan,nan,nan,nan,1328.20581,2.6097620e-04,1818.97776,2.3148433e-04,3.7101153e-03,-5.1801396e-03
-0.5080497471565195,1.0004313558000972,0.0002819676829749788,1712.1579502530446,-2.8960872e-03,348988,1328.20882,1818.98754,1.5856788e+05,4.4639740e+01,2.9298560e+03,1.0987548e+01,1.6640536e+05,4.6900703e+01,0,nan,nan,nan,nan,1328.20882,2.5726794e-04,1818.98754,2.2711029e-04,6.9367876e-03,5.6105764e-03
-0.5079978353353454,1.0004625421164903,0.00029768355252227205,1761.2370421648664,-2.9485663e-03,384325,1042.62700,1775.56940,1.5929131e+05,4.7365959e+01,9.2914189e+03,1.5936869e+01,1.6666286e+05,4.9589851e+01,0,nan,nan,nan,nan,1042.62700,2.7882581e-04,1775.56940,2.4864433e-04,2.7977135e-03,3.8783323e-02
-0.5079551747517144,1.0002411689534914,0.000291440526146172,1755.10220482545,-3.0664443e-03,379908,1042.60967,1775.56447,1.5913481e+05,4.6373508e+01,5.6643135e+03,1.4266430e+01,1.6662923e+05,4.8550804e+01,0,nan,nan,nan,nan,1042.60967,2.7155899e-04,1775.56447,2.4248094e-04,-1.5969155e-02,3.3107042e-02
-0.5077580663075878,0.9999128826255783,0.00029406141144928645,1742.832641933894,-3.1904136e-03,371074,1042.61573,1775.52314,1.5899905e+05,4.6770737e+01,7.1284106e+03,1.4984997e+01,1.6650405e+05,4.8966682e+01,0,nan,nan,nan,nan,1042.61573,2.7457008e-04,1775.52314,2.4541974e-04,-9.4012469e-03,-1.1300993e-02
-0.5074307086033514,1.0000311897373422,0.0002821695767203823,1920.7444892916,3.1837765e-03,499166,471.02358,463.88640,1.6411447e+05,4.6249477e+01,2.5999475e+03,1.3503742e+01,1.6981745e+05,4.7915825e+01,0,nan,nan,nan,nan,471.02358,2.5848963e-04,463.88640,2.9353192e-04,2.5411887e-02,-1.5812391e-02
-0.5074209818815234,0.9998535761923103,0.00028400689147561084,1730.5632190183198,-3.1748672e-03,362240,1328.20765,1819.02553,1.5834825e+05,4.4917885e+01,4.0881047e+03,1.1618472e+01,1.6614392e+05,4.7192932e+01,0,nan,nan,nan,nan,1328.20765,2.5979700e-04,1819.02553,2.2933673e-04,5.0624073e-03,4.7376193e-02
-0.5072803591187949,1.0004434829535167,0.0002880941582990865,1914.6097596410846,3.1737357e-03,494749,471.01714,463.90570,1.6436745e+05,4.7237202e+01,5.7002261e+03,1.5361905e+01,1.6994734e+05,4.8939133e+01,0,nan,nan,nan,nan,471.01714,2.6437384e-04,463.90570,2.9990534e-04,1.8600725e-02,5.1136781e-03
-0.5071578996794415,0.9997937563319664,0.00028185736260376624,1908.4750021005239,3.1358050e-03,490332,470.99431,463.87727,1.6383600e+05,4.6192516e+01,2.6036926e+03,1.3408678e+01,1.6975586e+05,4.7856808e+01,0,nan,nan,nan,nan,470.99431,2.5834329e-04,463.87727,2.9365710e-04,-6.5034032e-03,-2.4628703e-02
-0.5070819634761392,1.000058047502519,0.0002825769537349792,1902.340198036727,3.0513513e-03,485915,470.98244,463.85530,1.6397070e+05,4.6323063e+01,2.8836575e+03,1.3653732e+01,1.6984698e+05,4.7992062e+01,0,nan,nan,nan,nan,470.98244,2.5862764e-04,463.85530,2.9411563e-04,-1.8650064e-02,-5.0219405e-02
-0.5069460217307551,0.9998768513636624,0.0002841419486347748,1718.2939339784705,-3.0208023e-03,353406,1328.20534,1818.99606,1.5788906e+05,4.4931534e+01,4.3386348e+03,1.1773118e+01,1.6611930e+05,4.7207275e+01,0,nan,nan,nan,nan,1328.20534,2.6045728e-04,1818.99606,2.3036667e-04,1.9201312e-03,1.5027059e-02
-0.5066608921667921,0.9998288888497413,0.00028210349425190884,1712.1593391080344,-2.8961205e-03,348989,1328.20962,1818.98499,1.5849444e+05,4.4661186e+01,2.9411626e+03,1.1048646e+01,1.6630495e+05,4.6923237e+01,0,nan,nan,nan,nan,1328.20962,2.5753229e-04,1818.98499,2.2777807e-04,7.3086242e-03,2.9055311e-03
-0.506608916337882,1.0000402546110683,0.00029781261667316344,1761.2384310838638,-2.9485356e-03,384326,1042.63170,1775.56894,1.5929103e+05,4.7386379e+01,9.2604580e+03,1.5952175e+01,1.6659209e+05,4.9611229e+01,0,nan,nan,nan,nan,1042.63170,2.7919223e-04,1775.56894,2.4879351e-04,9.3958881e-03,3.8756244e-02
-0.5065662641359268,0.9997227946369575,0.0002913316689121644,1755.1035937360657,-3.0664220e-03,379909,1042.60967,1775.56665,1.5902986e+05,4.6356140e+01,5.6552729e+03,1.4258195e+01,1.6654270e+05,4.8532619e+01,0,nan,nan,nan,nan,1042.60967,2.7177038e-04,1775.56665,2.4221267e-04,-1.6320832e-02,3.5366327e-02
-0.50636917105885,1.0003417900238813,0.000294055293045326,1742.8340308291426,-3.1904066e-03,371075,1042.61337,1775.52257,1.5907430e+05,4.6769787e+01,7.1359834e+03,1.4982408e+01,1.6657556e+05,4.8965687e+01,0,nan,nan,nan,nan,1042.61337,2.7446609e-04,1775.52257,2.4525521e-04,-1.2274696e-02,-1.2309823e-02
-0.5060418212369768,0.9997637769143752,0.0002820348736656244,1920.7458781789664,3.1837756e-03,499167,471.02593,463.88885,1.6415712e+05,4.6227375e+01,2.6170557e+03,1.3427999e+01,1.6977195e+05,4.7892925e+01,0,nan,nan,nan,nan,471.02593,2.5833776e-04,463.88885,2.9302997e-04,2.7975988e-02,-1.2418593e-02
-0.5060321024445784,0.9997823636066792,0.000284214305569008,1730.5646078977568,-3.1748761e-03,362241,1328.20070,1819.02041,1.5842217e+05,4.4950935e+01,4.1131299e+03,1.1709342e+01,1.6613302e+05,4.7227657e+01,0,nan,nan,nan,nan,1328.20070,2.5959758e-04,1819.02041,2.2905320e-04,-3.0121815e-03,4.1804325e-02
-0.5058914666306009,0.9999381559970236,0.0002879076973840407,1914.6111485335728,3.1737399e-03,494750,471.01440,463.89186,1.6433161e+05,4.7206490e+01,5.7222451e+03,1.5303903e+01,1.6986102e+05,4.8907318e+01,0,nan,nan,nan,nan,471.01440,2.6405352e-04,463.89186,2.9964882e-04,1.5507868e-02,-9.7764265e-03
-0.5057689962477525,1.0003213615795066,0.00028209159833609106,1908.4763910039555,3.1358202e-03,490333,471.00163,463.88065,1.6402114e+05,4.6230930e+01,2.5986799e+03,1.3488732e+01,1.6984556e+05,4.7896610e+01,0,nan,nan,nan,nan,471.00163,2.5818872e-04,463.88065,2.9314042e-04,1.7850654e-03,-2.1126108e-02
-0.5056930528276098,1.0002560648316354,0.00028246095491033587,1902.3415869473756,3.0513736e-03,485916,470.98707,463.85023,1.6393120e+05,4.6304043e+01,2.8750759e+03,1.3682544e+01,1.6988061e+05,4.7972355e+01,0,nan,nan,nan,nan,470.98707,2.5842179e-04,463.85023,2.9404528e-04,-1.3703509e-02,-5.5452041e-02
-0.5055571574284841,1.0003062957580282,0.0002841638798273182,1718.2953228427727,-3.0208263e-03,353407,1328.20252,1818.98432,1.5794853e+05,4.4934795e+01,4.3234087e+03,1.1774356e+01,1.6618989e+05,4.7210705e+01,0,nan,nan,nan,nan,1328.20252,2.6042649e-04,1818.98432,2.3049259e-04,-1.2723664e-04,1.8855550e-03
-0.5052720371770647,0.9997028869513671,0.0002819360105593681,1712.160727963024,-2.8961538e-03,348990,1328.20706,1818.98648,1.5849959e+05,4.4634609e+01,2.9277078e+03,1.1008846e+01,1.6628377e+05,4.6895313e+01,0,nan,nan,nan,nan,1328.20706,2.5732422e-04,1818.98648,2.2704090e-04,4.9131573e-03,4.3327082e-03
-0.5052199973401912,0.9997095533019409,0.0002977351517500257,1761.2398200028615,-2.9485049e-03,384327,1042.63004,1775.57225,1.5926005e+05,4.7373943e+01,9.2547363e+03,1.5949727e+01,1.6653659e+05,4.9598206e+01,0,nan,nan,nan,nan,1042.63004,2.7921810e-04,1775.57225,2.4882605e-04,6.2880302e-03,4.2200919e-02
-0.5051773537531972,0.9997246986103,0.0002914809193606794,1755.1049826464484,-3.0663998e-03,379910,1042.61564,1775.56275,1.5909311e+05,4.6379833e+01,5.6304175e+03,1.4263849e+01,1.6654283e+05,4.8557426e+01,0,nan,nan,nan,nan,1042.61564,2.7173580e-04,1775.56275,2.4254073e-04,-9.7811352e-03,3.1303585e-02
-0.5049802760427156,1.0000155219689562,0.00029402661214264204,1742.8354197241588,-3.1903998e-03,371076,1042.61577,1775.52226,1.5903938e+05,4.6765251e+01,7.1513608e+03,1.4984399e+01,1.6652131e+05,4.8960938e+01,0,nan,nan,nan,nan,1042.61577,2.7455427e-04,1775.52226,2.4529704e-04,-1.0219765e-02,-1.2533098e-02
-0.5046529338696928,1.0000142096331175,0.0002820308432001617,1920.7472670663337,3.1837747e-03,499168,471.02247,463.88362,1.6401839e+05,4.6226692e+01,2.6088960e+03,1.3472098e+01,1.6981441e+05,4.7892216e+01,0,nan,nan,nan,nan,471.02247,2.5862639e-04,463.88362,2.9376007e-04,2.4196889e-02,-1.8573528e-02
-0.5046432227748028,0.9996483018449513,0.00028404242272683474,1730.5659967774266,-3.1748847e-03,362242,1328.20043,1819.01816,1.5838230e+05,4.4923992e+01,4.0997051e+03,1.1615615e+01,1.6611166e+05,4.7199356e+01,0,nan,nan,nan,nan,1328.20043,2.5953748e-04,1819.01816,2.2942128e-04,-3.0734707e-03,3.8809802e-02
-0.5045025741419522,0.9997953519301972,0.0002878306906095983,1914.6125374260614,3.1737441e-03,494751,471.01613,463.89249,1.6417119e+05,4.7193729e+01,5.7168335e+03,1.5326507e+01,1.6983627e+05,4.8894093e+01,0,nan,nan,nan,nan,471.01613,2.6435553e-04,463.89249,3.0014807e-04,1.8166726e-02,-8.8622477e-03
-0.5043800925841424,0.9999276845861701,0.00028188552989043926,1908.4777799076192,3.1358355e-03,490334,470.99467,463.85947,1.6380711e+05,4.6197189e+01,2.5871440e+03,1.3465988e+01,1.6977881e+05,4.7861652e+01,0,nan,nan,nan,nan,470.99467,2.5818089e-04,463.85947,2.9405486e-04,-6.1580879e-03,-4.4831596e-02
-0.504304141945795,1.0009072417106035,0.00028233384585677596,1902.3429758582574,3.0513962e-03,485917,470.99113,463.85861,1.6407681e+05,4.6283207e+01,2.8557456e+03,1.3571229e+01,1.6999119e+05,4.7950764e+01,0,nan,nan,nan,nan,470.99113,2.5822880e-04,463.85861,2.9358460e-04,-9.5554246e-03,-4.6120316e-02
-0.504168293126213,0.9996762727657952,0.00028405583617012215,1718.296711707075,-3.0208502e-03,353408,1328.20426,1818.98699,1.5778042e+05,4.4917507e+01,4.3259712e+03,1.1764049e+01,1.6608448e+05,4.7192543e+01,0,nan,nan,nan,nan,1328.20426,2.6079139e-04,1818.98699,2.3068362e-04,1.3420013e-03,4.4438289e-03
-0.5038831821871099,1.000052036784925,0.00028190427561969225,1712.162116818014,-2.8961871e-03,348991,1328.20950,1818.98347,1.5849641e+05,4.4629513e+01,2.9329189e+03,1.0988279e+01,1.6634156e+05,4.6889961e+01,0,nan,nan,nan,nan,1328.20950,2.5719739e-04,1818.98347,2.2739742e-04,7.2061266e-03,1.3234206e-03
-0.5038310783429552,1.0018627526869957,0.0002979800469279539,1761.2412089218587,-2.9484741e-03,384328,1042.62777,1775.56640,1.5952342e+05,4.7412792e+01,9.2296836e+03,1.5966030e+01,1.6689489e+05,4.9638885e+01,0,nan,nan,nan,nan,1042.62777,2.7891260e-04,1775.56640,2.4872829e-04,4.7009890e-03,3.4970898e-02
-0.5037884431376369,1.0001966450520519,0.00029144026210590893,1755.106371557064,-3.0663775e-03,379911,1042.60754,1775.56690,1.5918509e+05,4.6373314e+01,5.6434678e+03,1.4246680e+01,1.6662125e+05,4.8550598e+01,0,nan,nan,nan,nan,1042.60754,2.7151190e-04,1775.56690,2.4217927e-04,-1.7906023e-02,3.5747897e-02
-0.5035913810274906,1.000404528760831,0.0002942321170353166,1742.836808619174,-3.1903931e-03,371077,1042.61172,1775.51751,1.5896764e+05,4.6797955e+01,7.1459766e+03,1.5090519e+01,1.6658617e+05,4.8995182e+01,0,nan,nan,nan,nan,1042.61172,2.7507669e-04,1775.51751,2.4555702e-04,-1.4431052e-02,-1.7369613e-02
-0.5032640467361489,0.9995431413719937,0.00028218411474966175,1920.7486559534673,3.1837735e-03,499169,471.02185,463.88971,1.6410019e+05,4.6251801e+01,2.6056372e+03,1.3475710e+01,1.6973434e+05,4.7918228e+01,0,nan,nan,nan,nan,471.02185,2.5853980e-04,463.88971,2.9371036e-04,2.3685539e-02,-1.1256718e-02
-0.5032543433385399,1.0002317738216087,0.0002841677605603159,1730.5673856568628,-3.1748936e-03,362243,1328.20309,1819.02157,1.5842219e+05,4.4944065e+01,4.1142358e+03,1.1682260e+01,1.6620953e+05,4.7220444e+01,0,nan,nan,nan,nan,1328.20309,2.5959275e-04,1819.02157,2.2914291e-04,-3.6355623e-04,4.2781111e-02
-0.5031136816535309,1.0003567074880846,0.0002878815535546109,1914.6139263185498,3.1737483e-03,494752,471.00988,463.89328,1.6438328e+05,4.7201927e+01,5.7281851e+03,1.5266213e+01,1.6993112e+05,4.8902592e+01,0,nan,nan,nan,nan,471.00988,2.6403207e-04,463.89328,2.9950921e-04,1.1068971e-02,-8.4936731e-03
-0.5029911891524534,1.0003014381102528,0.00028213899158095913,1908.4791688110508,3.1358507e-03,490335,471.00245,463.88739,1.6399698e+05,4.6238758e+01,2.6048438e+03,1.3547993e+01,1.6984238e+05,4.7904716e+01,0,nan,nan,nan,nan,471.00245,2.5797536e-04,463.88739,2.9307633e-04,2.2014230e-03,-1.3449361e-02
-0.5029152312972656,0.9998463449535315,0.00028229909863724666,1902.344364768906,3.0514186e-03,485918,470.98240,463.85590,1.6390158e+05,4.6277504e+01,2.8901365e+03,1.3602489e+01,1.6981100e+05,4.7944859e+01,0,nan,nan,nan,nan,470.98240,2.5850738e-04,463.85590,2.9381673e-04,-1.8877450e-02,-4.8793890e-02
-0.5027794288232599,1.0000612225779233,0.0002841250114694548,1718.298100571378,-3.0208742e-03,353409,1328.20374,1818.98493,1.5788261e+05,4.4928246e+01,4.3204033e+03,1.1762482e+01,1.6614769e+05,4.7203823e+01,0,nan,nan,nan,nan,1328.20374,2.6045990e-04,1818.98493,2.3074241e-04,1.3585024e-03,2.4517269e-03
-0.5024943271973825,1.0003708765128483,0.00028189415889010754,1712.1635056730038,-2.8962204e-03,348992,1328.20247,1818.98136,1.5853088e+05,4.4627834e+01,2.9429771e+03,1.0961569e+01,1.6639431e+05,4.6888195e+01,0,nan,nan,nan,nan,1328.20247,2.5725469e-04,1818.98136,2.2734846e-04,-1.9794875e-06,-1.4073987e-03
-0.5024421593452644,0.9998098527154791,0.00029753500200719,1761.2425978408564,-2.9484434e-03,384329,1042.63111,1775.57296,1.5922883e+05,4.7341873e+01,9.2299619e+03,1.5911770e+01,1.6655253e+05,4.9564632e+01,0,nan,nan,nan,nan,1042.63111,2.7883481e-04,1775.57296,2.4857849e-04,7.5360783e-03,4.3316714e-02
-0.5023995325218493,1.000048994998865,0.0002915810400823858,1755.1077604676798,-3.0663551e-03,379912,1042.61561,1775.56627,1.5916098e+05,4.6395657e+01,5.6515459e+03,1.4332676e+01,1.6659645e+05,4.8573990e+01,0,nan,nan,nan,nan,1042.61561,2.7156196e-04,1775.56627,2.4225305e-04,-9.0444926e-03,3.4188859e-02
-0.5022024857794349,1.0005927374886885,0.00029403526410175175,1742.838197514422,-3.1903861e-03,371078,1042.61756,1775.52292,1.5906388e+05,4.6766674e+01,7.1372158e+03,1.4971084e+01,1.6661761e+05,4.8962429e+01,0,nan,nan,nan,nan,1042.61756,2.7463591e-04,1775.52292,2.4524375e-04,-8.2666799e-03,-1.1232679e-02
-0.5018751593706838,0.9999447904089286,0.00028208577396924395,1920.7500448408327,3.1837726e-03,499170,471.02500,463.89065,1.6416755e+05,4.6235668e+01,2.5974597e+03,1.3452700e+01,1.6980250e+05,4.7901516e+01,0,nan,nan,nan,nan,471.02500,2.5863183e-04,463.89065,2.9321335e-04,2.7282108e-02,-1.0503948e-02
-0.501865463902277,0.9997771494944001,0.00028418788502839593,1730.568774536299,-3.1749024e-03,362244,1328.20122,1819.02319,1.5836616e+05,4.4947495e+01,4.1137578e+03,1.1709205e+01,1.6613489e+05,4.7224045e+01,0,nan,nan,nan,nan,1328.20122,2.5956897e-04,1819.02319,2.2926499e-04,-1.9071852e-03,4.4265758e-02
-0.5017247891655643,1.000318119072866,0.0002877625565440396,1914.6153152110378,3.1737525e-03,494753,471.01711,463.89399,1.6420066e+05,4.7182278e+01,5.7032827e+03,1.5289937e+01,1.6992405e+05,4.8882229e+01,0,nan,nan,nan,nan,471.01711,2.6450850e-04,463.89399,3.0062225e-04,1.9384732e-02,-7.5642215e-03
-0.5016022854879338,0.9999066271678368,0.00028207966167634194,1908.4805577147154,3.1358660e-03,490336,470.99567,463.87122,1.6394398e+05,4.6229061e+01,2.5955510e+03,1.3529962e+01,1.6977544e+05,4.7894669e+01,0,nan,nan,nan,nan,470.99567,2.5804411e-04,463.87122,2.9350759e-04,-4.6465653e-03,-3.1545568e-02
-0.5015263204140865,1.0003428561841936,0.00028238447263574727,1902.3457536797891,3.0514412e-03,485919,470.98503,463.84930,1.6399319e+05,4.6291496e+01,2.8714392e+03,1.3597878e+01,1.6989531e+05,4.7959354e+01,0,nan,nan,nan,nan,470.98503,2.5831637e-04,463.84930,2.9399648e-04,-1.5729265e-02,-5.6354847e-02
-0.5013905642872487,0.9997285294359413,0.0002840902579997156,1718.299489435914,-3.0208980e-03,353410,1328.20751,1818.99001,1.5788364e+05,4.4922554e+01,4.3186758e+03,1.1743408e+01,1.6609167e+05,4.7197838e+01,0,nan,nan,nan,nan,1328.20751,2.6043819e-04,1818.99001,2.3071398e-04,4.5159459e-03,8.1405556e-03
-0.5011054724404858,1.0002114526632124,0.0002819840324224564,1712.1648945277607,-2.8962540e-03,348993,1328.21272,1818.98351,1.5842322e+05,4.4641975e+01,2.9262864e+03,1.0996569e+01,1.6636747e+05,4.6903053e+01,0,nan,nan,nan,nan,1328.21272,2.5760502e-04,1818.98351,2.2813844e-04,1.0567387e-02,8.8317721e-04
-0.501053240347801,0.9994283596206055,0.0002975215237591626,1761.243986759854,-2.9484127e-03,384330,1042.63087,1775.57154,1.5920133e+05,4.7339622e+01,9.2050957e+03,1.5920445e+01,1.6648861e+05,4.9562279e+01,0,nan,nan,nan,nan,1042.63087,2.7874322e-04,1775.57154,2.4854689e-04,7.3275054e-03,4.1208770e-02
-0.5010106221393471,0.9996453752421356,0.00029137425776900737,1755.1091493780623,-3.0663330e-03,379913,1042.61067,1775.56589,1.5903256e+05,4.6362694e+01,5.6461167e+03,1.4295605e+01,1.6652902e+05,4.8539482e+01,0,nan,nan,nan,nan,1042.61067,2.7163030e-04,1775.56589,2.4232027e-04,-1.4747187e-02,3.4276705e-02
-0.5008135907635278,0.9996643752937986,0.00029408566715408027,1742.839586409438,-3.1903794e-03,371079,1042.61408,1775.52121,1.5901194e+05,4.6774723e+01,7.1759824e+03,1.4993169e+01,1.6646311e+05,4.8970852e+01,0,nan,nan,nan,nan,1042.61408,2.7464013e-04,1775.52121,2.4546738e-04,-1.2009144e-02,-1.3811283e-02
-0.500486272004764,1.000440051119518,0.0002821709577484838,1920.7514337281987,3.1837716e-03,499171,471.02555,463.89232,1.6422958e+05,4.6249615e+01,2.5857573e+03,1.3445563e+01,1.6988656e+05,4.7915970e+01,0,nan,nan,nan,nan,471.02555,2.5865319e-04,463.89232,2.9302359e-04,2.7769307e-02,-8.2027065e-03
-0.5004765842325014,0.999715694319811,0.0002841203447106665,1730.5701634159689,-3.1749110e-03,362245,1328.20165,1819.02255,1.5829583e+05,4.4937061e+01,4.1290435e+03,1.1690713e+01,1.6612558e+05,4.7213081e+01,0,nan,nan,nan,nan,1328.20165,2.5979712e-04,1819.02255,2.2940694e-04,-1.9706767e-03,4.3654323e-02
-0.5003358966769156,1.0002085400222767,0.00028785582524771256,1914.6167041035264,3.1737566e-03,494754,471.01569,463.89278,1.6434102e+05,4.7197430e+01,5.7018428e+03,1.5298321e+01,1.6990492e+05,4.8897926e+01,0,nan,nan,nan,nan,471.01569,2.6418015e-04,463.89278,2.9936535e-04,1.7464167e-02,-8.9331241e-03
-0.5002133820571544,0.9999647506271536,0.0002819894004568444,1908.4819466181461,3.1358812e-03,490337,471.00293,463.87881,1.6392075e+05,4.6214291e+01,2.6102271e+03,1.3484658e+01,1.6978539e+05,4.7879368e+01,0,nan,nan,nan,nan,471.00293,2.5818558e-04,463.87881,2.9328823e-04,2.7458461e-03,-2.3334002e-02
-0.5001374095313622,0.9999981778961471,0.00028247721351043866,1902.3471425906719,3.0514637e-03,485920,470.98410,463.85458,1.6397016e+05,4.6306690e+01,2.8782656e+03,1.3661920e+01,1.6983675e+05,4.7975098e+01,0,nan,nan,nan,nan,470.98410,2.5827548e-04,463.85458,2.9399502e-04,-1.6454913e-02,-5.0695833e-02
-0.5000016999842956,0.999923772456615,0.0002842291733239173,1718.300878300217,-3.0209220e-03,353411,1328.20561,1818.98539,1.5790275e+05,4.4944309e+01,4.2999771e+03,1.1805079e+01,1.6612336e+05,4.7220703e+01,0,nan,nan,nan,nan,1328.20561,2.6077291e-04,1818.98539,2.3060154e-04,3.0747089e-03,3.2658707e-03
-0.49971661745144047,1.0003214106540876,0.00028189418067088313,1712.1662833827497,-2.8962872e-03,348994,1328.20094,1818.98467,1.5842395e+05,4.4627663e+01,2.9267883e+03,1.1007345e+01,1.6638542e+05,4.6888012e+01,0,nan,nan,nan,nan,1328.20094,2.5729768e-04,1818.98467,2.2777689e-04,-2.0497595e-03,1.6191407e-03
-0.4996643211175069,0.9998928530580318,0.00029767551743475857,1761.2453756790842,-2.9483817e-03,384331,1042.63111,1775.57140,1.5928945e+05,4.7364021e+01,9.1776484e+03,1.5939365e+01,1.6656562e+05,4.9587822e+01,0,nan,nan,nan,nan,1042.63111,2.7906054e-04,1775.57140,2.4864194e-04,7.3626745e-03,4.0903125e-02
-0.4996217115235595,1.0003394777438497,0.00029150414611004105,1755.110538288678,-3.0663107e-03,379914,1042.61146,1775.56773,1.5926108e+05,4.6383301e+01,5.6432070e+03,1.4251784e+01,1.6664444e+05,4.8561054e+01,0,nan,nan,nan,nan,1042.61146,2.7139465e-04,1775.56773,2.4209113e-04,-1.3776384e-02,3.6458507e-02
-0.4994246957476207,0.9999054476522896,0.0002941171463786399,1742.8409753044539,-3.1903726e-03,371080,1042.62155,1775.52079,1.5894566e+05,4.6779747e+01,7.1844126e+03,1.5046866e+01,1.6650334e+05,4.8976116e+01,0,nan,nan,nan,nan,1042.62155,2.7475317e-04,1775.52079,2.4576654e-04,-4.3510799e-03,-1.3723276e-02
-0.499097384639299,0.9996911735234725,0.00028220856612100114,1920.7528226155641,3.1837707e-03,499172,471.02543,463.88650,1.6411739e+05,4.6255775e+01,2.5927690e+03,1.3521434e+01,1.6975938e+05,4.7922348e+01,0,nan,nan,nan,nan,471.02543,2.5865700e-04,463.88650,2.9347296e-04,2.7387209e-02,-1.5134156e-02
-0.4990877047946469,0.9997071892774575,0.00028405258118811974,1730.5715522954067,-3.1749199e-03,362246,1328.20769,1819.03074,1.5830886e+05,4.4926586e+01,4.1208008e+03,1.1661458e+01,1.6612506e+05,4.7202076e+01,0,nan,nan,nan,nan,1328.20769,2.5982934e-04,1819.03074,2.2931122e-04,5.3412654e-03,5.2750487e-02
-0.4989470041882669,1.0006252102447633,0.0002879370582914716,1914.618092996015,3.1737608e-03,494755,471.01110,463.89551,1.6443830e+05,4.7210602e+01,5.6866528e+03,1.5292122e+01,1.6997519e+05,4.8911575e+01,0,nan,nan,nan,nan,471.01110,2.6392148e-04,463.89551,2.9936174e-04,1.1947425e-02,-5.7032756e-03
-0.4988244783926348,0.9998492625383605,0.00028180216701431497,1908.4833355218107,3.1358965e-03,490338,470.99900,463.87657,1.6382920e+05,4.6183628e+01,2.5895540e+03,1.3435557e+01,1.6976588e+05,4.7847603e+01,0,nan,nan,nan,nan,470.99900,2.5825860e-04,463.87657,2.9339123e-04,-6.9836370e-04,-2.5833193e-02
-0.4987484988826054,1.0000508802394803,0.00028235320919678457,1902.3485315013206,3.0514861e-03,485921,470.98764,463.85930,1.6394119e+05,4.6286362e+01,2.8852759e+03,1.3615303e+01,1.6984567e+05,4.7954033e+01,0,nan,nan,nan,nan,470.98764,2.5839236e-04,463.85930,2.9383856e-04,-1.2949452e-02,-4.5439873e-02
-0.4986128356813424,1.0001482878764287,0.0002842118567339988,1718.30226716452,-3.0209459e-03,353412,1328.20192,1818.98569,1.5795603e+05,4.4941376e+01,4.3126353e+03,1.1749672e+01,1.6615991e+05,4.7217617e+01,0,nan,nan,nan,nan,1328.20192,2.6050291e-04,1818.98569,2.3067583e-04,-1.5279365e-03,3.5766754e-03
-0.4983277624621678,0.999847712914448,0.0002819555092988757,1712.167672237739,-2.8963205e-03,348995,1328.20780,1818.98831,1.5851922e+05,4.4637272e+01,2.9333801e+03,1.0991580e+01,1.6630627e+05,4.6898109e+01,0,nan,nan,nan,nan,1328.20780,2.5733843e-04,1818.98831,2.2712669e-04,5.1706326e-03,6.5084053e-03
-0.49827540211981614,0.9999624169964162,0.00029745700260725685,1761.2467645980819,-2.9483510e-03,384332,1042.62824,1775.56694,1.5922222e+05,4.7329159e+01,9.1660879e+03,1.5908400e+01,1.6657686e+05,4.9551319e+01,0,nan,nan,nan,nan,1042.62824,2.7865483e-04,1775.56694,2.4848644e-04,4.5466167e-03,3.6481652e-02
-0.49823280114060253,1.0001682192218928,0.00029164580048518355,1755.111927199061,-3.0662885e-03,379915,1042.61147,1775.56454,1.5921202e+05,4.6405781e+01,5.6439092e+03,1.4351584e+01,1.6661567e+05,4.8584591e+01,0,nan,nan,nan,nan,1042.61147,2.7151144e-04,1775.56454,2.4222229e-04,-1.4215288e-02,3.3420373e-02
-0.4980358004986556,0.9995489732198432,0.0002941273148028863,1742.8423641997028,-3.1903656e-03,371081,1042.61300,1775.52157,1.5901333e+05,4.6781399e+01,7.1923047e+03,1.5016183e+01,1.6644408e+05,4.8977840e+01,0,nan,nan,nan,nan,1042.61300,2.7467328e-04,1775.52157,2.4538740e-04,-1.2762550e-02,-1.2997425e-02
-0.49770849727292443,0.9996303164904082,0.00028211076922564577,1920.7542115029305,3.1837698e-03,499173,471.02434,463.88774,1.6401855e+05,4.6239746e+01,2.5868896e+03,1.3532691e+01,1.6974903e+05,4.7905739e+01,0,nan,nan,nan,nan,471.02434,2.5871085e-04,463.88774,2.9361097e-04,2.6184706e-02,-1.3609054e-02
-0.49769882512418917,1.000139880189682,0.00028420777560731906,1730.5729411750772,-3.1749285e-03,362247,1328.19564,1819.01451,1.5841877e+05,4.4951370e+01,4.1261450e+03,1.1694621e+01,1.6619786e+05,4.7228119e+01,0,nan,nan,nan,nan,1328.19564,2.5945125e-04,1819.01451,2.2953015e-04,-8.0512902e-03,3.4520462e-02
-0.49755811170052766,1.000650339174773,0.00028788485182389584,1914.6194818885028,3.1737650e-03,494756,471.01430,463.88264,1.6434709e+05,4.7201897e+01,5.7066846e+03,1.5272079e+01,1.6997894e+05,4.8902557e+01,0,nan,nan,nan,nan,471.01430,2.6396624e-04,463.88264,3.0021855e-04,1.4979340e-02,-1.9663138e-02
-0.4974355749609458,1.0002439315765925,0.00028211046607404136,1908.4847244252423,3.1359117e-03,490339,471.00032,463.88194,1.6399995e+05,4.6234177e+01,2.6073408e+03,1.3504238e+01,1.6983295e+05,4.7899971e+01,0,nan,nan,nan,nan,471.00032,2.5785321e-04,463.88194,2.9330881e-04,1.4079855e-04,-1.9987259e-02
-0.497359588001018,1.0001380448715849,0.00028251713365812453,1902.3499204122022,3.0515087e-03,485922,470.98247,463.86042,1.6402972e+05,4.6313221e+01,2.8607595e+03,1.3639750e+01,1.6986045e+05,4.7981865e+01,0,nan,nan,nan,nan,470.98247,2.5827851e-04,463.86042,2.9387407e-04,-1.8375870e-02,-4.4308282e-02
-0.4972239711455586,0.9997524786339652,0.0002841497770014352,1718.3036560290557,-3.0209697e-03,353413,1328.20831,1818.98532,1.5787402e+05,4.4931355e+01,4.3113608e+03,1.1790943e+01,1.6609341e+05,4.7207088e+01,0,nan,nan,nan,nan,1328.20831,2.6063889e-04,1818.98532,2.3047457e-04,5.8433460e-03,2.8233847e-03
-0.4969389074724404,1.0001230109160233,0.0002820664457251155,1712.1690610927287,-2.8963538e-03,348996,1328.21335,1818.99048,1.5856483e+05,4.4654724e+01,2.9334385e+03,1.0972364e+01,1.6635164e+05,4.6916447e+01,0,nan,nan,nan,nan,1328.21335,2.5732565e-04,1818.99048,2.2717194e-04,1.0570000e-02,9.3818037e-03
-0.4968864831225801,1.0000204768865053,0.0002974329633988872,1761.2481535170791,-2.9483202e-03,384333,1042.62930,1775.56761,1.5917836e+05,4.7325233e+01,9.1501133e+03,1.5889441e+01,1.6658620e+05,4.9547211e+01,0,nan,nan,nan,nan,1042.62930,2.7888684e-04,1775.56761,2.4868787e-04,6.0439617e-03,3.7134409e-02
-0.49684389052526967,0.9994381374090087,0.00029143983370985343,1755.1133161096764,-3.0662662e-03,379916,1042.61052,1775.56483,1.5916994e+05,4.6372944e+01,5.6426885e+03,1.4273735e+01,1.6649383e+05,4.8550213e+01,0,nan,nan,nan,nan,1042.61052,2.7141170e-04,1775.56483,2.4210259e-04,-1.5224725e-02,3.3338420e-02
-0.49664690548297585,1.0003244920905896,0.00029438366149168234,1742.8437530947185,-3.1903589e-03,371082,1042.61124,1775.52336,1.5911944e+05,4.6822197e+01,7.1946055e+03,1.5032693e+01,1.6657331e+05,4.9020554e+01,0,nan,nan,nan,nan,1042.61124,2.7490847e-04,1775.52336,2.4563432e-04,-1.3912178e-02,-1.1698949e-02
-0.4963196099065499,0.9998844376429578,0.00028208215636943315,1920.7556003902969,3.1837688e-03,499174,471.02453,463.88840,1.6409650e+05,4.6235054e+01,2.5939399e+03,1.3476265e+01,1.6979219e+05,4.7900879e+01,0,nan,nan,nan,nan,471.02453,2.5850045e-04,463.88840,2.9330209e-04,2.6228555e-02,-1.2628607e-02
-0.4963099456870168,1.0001445519744707,0.0002841807104613151,1730.5743300545143,-3.1749373e-03,362248,1328.20204,1819.01802,1.5842397e+05,4.4947327e+01,4.1204390e+03,1.1680213e+01,1.6619953e+05,4.7223873e+01,0,nan,nan,nan,nan,1328.20204,2.5959554e-04,1819.01802,2.2938204e-04,-1.4572820e-03,3.8857985e-02
-0.49616921921187895,0.9995921778020208,0.00028766004530359244,1914.6208707809915,3.1737692e-03,494757,471.02158,463.90482,1.6409981e+05,4.7164890e+01,5.7072148e+03,1.5271204e+01,1.6979866e+05,4.8864216e+01,0,nan,nan,nan,nan,471.02158,2.6451884e-04,463.90482,3.0030753e-04,2.3527950e-02,4.5190738e-03
-0.4960466712964262,0.9998762357104013,0.00028192252066513215,1908.4861133289069,3.1359270e-03,490340,471.00227,463.87139,1.6395988e+05,4.6203403e+01,2.6123965e+03,1.3429890e+01,1.6977061e+05,4.7868084e+01,0,nan,nan,nan,nan,471.00227,2.5807577e-04,463.87139,2.9326387e-04,2.1566732e-03,-3.0870117e-02
-0.49597067735157907,1.0006054275215803,0.00028249262509435986,1902.3513093228516,3.0515310e-03,485923,470.98903,463.85118,1.6405609e+05,4.6309196e+01,2.8600110e+03,1.3667589e+01,1.6993980e+05,4.7977692e+01,0,nan,nan,nan,nan,470.98903,2.5813162e-04,463.85118,2.9369027e-04,-1.1940021e-02,-5.4094739e-02
-0.4958351068423781,0.9998716095226667,0.00028416581408580995,1718.3050448933589,-3.0209937e-03,353414,1328.20379,1818.98523,1.5781286e+05,4.4933693e+01,4.3062305e+03,1.1777269e+01,1.6611245e+05,4.7209541e+01,0,nan,nan,nan,nan,1328.20379,2.6077635e-04,1818.98523,2.3092183e-04,1.6094730e-03,3.0506190e-03
-0.495550052482713,0.9999621724494182,0.0002819873023836255,1712.1704499477185,-2.8963871e-03,348997,1328.20526,1818.98193,1.5853955e+05,4.4642086e+01,2.9334707e+03,1.0975535e+01,1.6632447e+05,4.6903164e+01,0,nan,nan,nan,nan,1328.20526,2.5745097e-04,1818.98193,2.2730559e-04,2.7641060e-03,-8.6171587e-04
-0.4954975641248893,1.0001721571042104,0.00029749384471262555,1761.2495424360768,-2.9482895e-03,384334,1042.63515,1775.57789,1.5933262e+05,4.7334824e+01,9.1265898e+03,1.5886844e+01,1.6661112e+05,4.9557255e+01,0,nan,nan,nan,nan,1042.63515,2.7853707e-04,1775.57789,2.4834272e-04,1.1428108e-02,4.7719449e-02
-0.4954549801423127,1.000003742676669,0.0002916000137194107,1755.1147050200593,-3.0662441e-03,379917,1042.60993,1775.56913,1.5907588e+05,4.6398373e+01,5.6489360e+03,1.4325357e+01,1.6658783e+05,4.8576832e+01,0,nan,nan,nan,nan,1042.60993,2.7180696e-04,1775.56913,2.4259767e-04,-1.5578568e-02,3.7577145e-02
-0.49525801046684137,1.000122646635928,0.0002942878073617483,1742.8451419897347,-3.1903521e-03,371083,1042.61575,1775.52017,1.5907927e+05,4.6806973e+01,7.1937383e+03,1.5075857e+01,1.6653980e+05,4.9004620e+01,0,nan,nan,nan,nan,1042.61575,2.7455584e-04,1775.52017,2.4543863e-04,-9.3236836e-03,-1.4425364e-02
-0.49493072254108483,1.0000373430197924,0.000281949715506981,1920.7569892776623,3.1837679e-03,499175,471.02115,463.89255,1.6408633e+05,4.6213356e+01,2.5930112e+03,1.3407930e+01,1.6981816e+05,4.7878395e+01,0,nan,nan,nan,nan,471.02115,2.5857266e-04,463.89255,2.9331216e-04,2.3035854e-02,-8.1575867e-03
-0.4949210660179233,1.000317905915311,0.0002841621236441882,1730.5757189341834,-3.1749459e-03,362249,1328.20100,1819.02287,1.5846078e+05,4.4944630e+01,4.1268159e+03,1.1645701e+01,1.6622920e+05,4.7221035e+01,0,nan,nan,nan,nan,1328.20100,2.5969220e-04,1819.02287,2.2911614e-04,-2.3733105e-03,4.3868940e-02
-0.49478032672323025,1.000029297101693,0.0002877646310210824,1914.6222596734801,3.1737734e-03,494758,471.00571,463.87989,1.6408761e+05,4.7181892e+01,5.7082559e+03,1.5290478e+01,1.6987238e+05,4.8881828e+01,0,nan,nan,nan,nan,471.00571,2.6461892e-04,463.87989,3.0058628e-04,7.9292050e-03,-2.3164488e-02
-0.49465776786473725,1.0002615407872195,0.0002819249632636127,1908.4875022323386,3.1359422e-03,490341,470.99976,463.87604,1.6398469e+05,4.6203819e+01,2.6140085e+03,1.3438300e+01,1.6983611e+05,4.7868515e+01,0,nan,nan,nan,nan,470.99976,2.5796564e-04,463.87604,2.9307633e-04,-3.7564969e-04,-2.6162691e-02
-0.49458176646885477,0.9999067212018723,0.0002826843772082523,1902.3526982337344,3.0515536e-03,485924,470.97914,463.84807,1.6392589e+05,4.6340618e+01,2.8762502e+03,1.3769141e+01,1.6982109e+05,4.8010250e+01,0,nan,nan,nan,nan,470.97914,2.5845965e-04,463.84807,2.9403262e-04,-2.2188777e-02,-5.7464655e-02
-0.49444624253942493,1.0001141243929486,0.00028420871414982406,1718.3064337576618,-3.0210176e-03,353415,1328.20466,1818.98329,1.5798873e+05,4.4940269e+01,4.3090615e+03,1.1759457e+01,1.6615198e+05,4.7216454e+01,0,nan,nan,nan,nan,1328.20466,2.6040882e-04,1818.98329,2.3050279e-04,1.5939231e-03,1.3213290e-03
-0.4941611974936677,1.0006470125520959,0.00028207619729416904,1712.1718388027075,-2.8964204e-03,348998,1328.20279,1818.97527,1.5861755e+05,4.4656033e+01,2.9217263e+03,1.1021176e+01,1.6643794e+05,4.6917824e+01,0,nan,nan,nan,nan,1328.20279,2.5722705e-04,1818.97527,2.2778797e-04,-2.6798443e-04,-7.9495693e-03
-0.4941086451274259,0.9996655590621771,0.00029734772888172467,1761.2509313550743,-2.9482588e-03,384335,1042.62439,1775.56378,1.5915191e+05,4.7311485e+01,9.1349941e+03,1.5880221e+01,1.6652642e+05,4.9532818e+01,0,nan,nan,nan,nan,1042.62439,2.7868873e-04,1775.56378,2.4861231e-04,5.6727102e-05,3.3209186e-02
-0.49406606952697985,0.9995387288608606,0.0002913690986066516,1755.1160939306747,-3.0662217e-03,379918,1042.61190,1775.56593,1.5906788e+05,4.6361553e+01,5.6318486e+03,1.4274508e+01,1.6651012e+05,4.8538292e+01,0,nan,nan,nan,nan,1042.61190,2.7155993e-04,1775.56593,2.4225094e-04,-1.3450123e-02,3.4272518e-02
-0.4938691152181036,1.00034168619559,0.0002940992365876972,1742.8465308849834,-3.1903451e-03,371084,1042.61645,1775.52495,1.5897998e+05,4.6777008e+01,7.1946426e+03,1.5014244e+01,1.6657638e+05,4.8973248e+01,0,nan,nan,nan,nan,1042.61645,2.7491112e-04,1775.52495,2.4569841e-04,-9.0182638e-03,-9.9644940e-03
-0.4935418351747103,1.000734636636852,0.0002821310059532134,1920.7583781650287,3.1837670e-03,499176,471.02166,463.88586,1.6422167e+05,4.6243069e+01,2.5908210e+03,1.3440168e+01,1.6993659e+05,4.7909187e+01,0,nan,nan,nan,nan,471.02166,2.5835665e-04,463.88586,2.9357267e-04,2.4450453e-02,-1.6798250e-02
-0.4935321865816604,0.9999840550698439,0.00028413519729478904,1730.5771078136197,-3.1749548e-03,362250,1328.19909,1819.02000,1.5842420e+05,4.4940605e+01,4.1330190e+03,1.1645822e+01,1.6617461e+05,4.7216808e+01,0,nan,nan,nan,nan,1328.19909,2.5961906e-04,1819.02000,2.2931591e-04,-5.2333386e-03,4.0528119e-02
-0.4933914342350363,0.9997192793422441,0.00028745127579751594,1914.6236485659683,3.1737776e-03,494759,471.01255,463.89480,1.6407298e+05,4.7130360e+01,5.7048672e+03,1.5190307e+01,1.6981919e+05,4.8828445e+01,0,nan,nan,nan,nan,471.01255,2.6438315e-04,463.89480,3.0073521e-04,1.4417730e-02,-6.7735477e-03
-0.4932688642006724,0.9993422234428468,0.0002818491482907739,1908.4888911360026,3.1359575e-03,490342,470.99982,463.87556,1.6388281e+05,4.6191410e+01,2.6035054e+03,1.3435766e+01,1.6968008e+05,4.7855663e+01,0,nan,nan,nan,nan,470.99982,2.5808235e-04,463.87556,2.9313099e-04,-4.0204290e-04,-2.6421200e-02
-0.49319285581941585,0.999453314977255,0.00028239907387562547,1902.3540871443838,3.0515760e-03,485925,470.98629,463.85501,1.6386742e+05,4.6293842e+01,2.8728726e+03,1.3629189e+01,1.6974406e+05,4.7961784e+01,0,nan,nan,nan,nan,470.98629,2.5820141e-04,463.85501,2.9431770e-04,-1.4599178e-02,-4.9889263e-02
-0.49305737800432325,1.0000323097471795,0.0002840853342719478,1718.307822622197,-3.0210414e-03,353416,1328.21458,1818.99347,1.5787412e+05,4.4920555e+01,4.3013262e+03,1.1744412e+01,1.6613766e+05,4.7195744e+01,0,nan,nan,nan,nan,1328.21458,2.6077480e-04,1818.99347,2.3040842e-04,1.2594497e-02,1.2466593e-02
-0.4927723427365436,0.9999064433512485,0.0002820216379851017,1712.1732276574646,-2.8964540e-03,348999,1328.19315,1818.96370,1.5849539e+05,4.4647274e+01,2.9368237e+03,1.1016064e+01,1.6631430e+05,4.6908619e+01,0,nan,nan,nan,nan,1328.19315,2.5702638e-04,1818.96370,2.2791130e-04,-1.0842845e-02,-2.0442322e-02
-0.4927197261299625,0.9997413133001946,0.0002975251145632757,1761.2523202740717,-2.9482280e-03,384336,1042.63069,1775.57124,1.5924208e+05,4.7339619e+01,9.1175635e+03,1.5893944e+01,1.6653873e+05,4.9562275e+01,0,nan,nan,nan,nan,1042.63069,2.7887427e-04,1775.57124,2.4854272e-04,7.3554660e-03,4.1720133e-02
-0.49267715891119224,1.000198015546955,0.00029154463100884725,1755.1174828412904,-3.0661994e-03,379919,1042.61094,1775.56288,1.5924708e+05,4.6389420e+01,5.6243047e+03,1.4295596e+01,1.6661970e+05,4.8567463e+01,0,nan,nan,nan,nan,1042.61094,2.7137474e-04,1775.56288,2.4202843e-04,-1.4554142e-02,3.1600874e-02
-0.4924802202021965,0.9998605205831301,0.00029405274776147323,1742.8479197799993,-3.1903384e-03,371085,1042.61471,1775.52646,1.5893903e+05,4.6769642e+01,7.1962744e+03,1.5006882e+01,1.6649634e+05,4.8965538e+01,0,nan,nan,nan,nan,1042.61471,2.7493667e-04,1775.52646,2.4573287e-04,-1.0901002e-02,-8.6845951e-03
-0.49215294780833574,1.000117176169935,0.00028210442924313657,1920.759767052395,3.1837660e-03,499177,471.02394,463.88886,1.6409628e+05,4.6238728e+01,2.5964119e+03,1.3484711e+01,1.6983178e+05,4.7904686e+01,0,nan,nan,nan,nan,471.02394,2.5862045e-04,463.88886,2.9341152e-04,2.6097378e-02,-1.2254392e-02
-0.4921433069118848,0.9999327111654214,0.0002840906791683225,1730.5784966932895,-3.1749634e-03,362251,1328.20287,1819.01880,1.5840398e+05,4.4933800e+01,4.1234048e+03,1.1626823e+01,1.6616694e+05,4.7209656e+01,0,nan,nan,nan,nan,1328.20287,2.5974633e-04,1819.01880,2.2932293e-04,-2.1174068e-04,3.9660159e-02
-0.4920025417472971,0.999615609703265,0.00028785285197273483,1914.625037458456,3.1737818e-03,494760,471.01897,463.89773,1.6416739e+05,4.7196056e+01,5.7159468e+03,1.5322831e+01,1.6980103e+05,4.8896507e+01,0,nan,nan,nan,nan,471.01897,2.6470440e-04,463.89773,3.0015246e-04,2.1697404e-02,-3.1874562e-03
-0.49187996076898344,0.9996232074193925,0.00028195804529232925,1908.4902800394343,3.1359727e-03,490343,470.99654,463.87326,1.6380698e+05,4.6209274e+01,2.5906138e+03,1.3468645e+01,1.6972784e+05,4.7874172e+01,0,nan,nan,nan,nan,470.99654,2.5825930e-04,463.87326,2.9378751e-04,-3.1319119e-03,-2.8847922e-02
-0.49180394493760105,1.0003353951796645,0.0002823820291326852,1902.3554760552656,3.0515986e-03,485926,470.98902,463.85707,1.6398223e+05,4.6291042e+01,2.8727356e+03,1.3614050e+01,1.6989383e+05,4.7958881e+01,0,nan,nan,nan,nan,470.98902,2.5829449e-04,463.85707,2.9384205e-04,-1.2411764e-02,-4.7560573e-02
-0.4916685137020522,1.0000968819163107,0.00028411155237579563,1718.3092114864992,-3.0210654e-03,353417,1328.20094,1818.98626,1.5789569e+05,4.4924500e+01,4.2921660e+03,1.1741160e+01,1.6614764e+05,4.7199890e+01,0,nan,nan,nan,nan,1328.20094,2.6041226e-04,1818.98626,2.3050771e-04,-2.5872099e-03,4.2519523e-03
-0.49138348774613405,0.9997023096109465,0.0002818307732988497,1712.174616512455,-2.8964872e-03,349000,1328.21017,1818.98128,1.5845381e+05,4.4616932e+01,2.9218103e+03,1.0953599e+01,1.6627986e+05,4.6876736e+01,0,nan,nan,nan,nan,1328.21017,2.5733921e-04,1818.98128,2.2755712e-04,7.4383230e-03,-1.3672176e-03
-0.49133080713227173,0.999824993235703,0.0002973819012466793,1761.2537091930694,-2.9481973e-03,384337,1042.62708,1775.56790,1.5934898e+05,4.7316750e+01,9.1019404e+03,1.5850475e+01,1.6655238e+05,4.9538330e+01,0,nan,nan,nan,nan,1042.62708,2.7824630e-04,1775.56790,2.4823056e-04,3.0528617e-03,3.7602212e-02
-0.49128824852914477,0.9999453861781463,0.0002914640227178223,1755.1188717516725,-3.0661772e-03,379920,1042.60616,1775.57098,1.5912631e+05,4.6376530e+01,5.6213403e+03,1.4292855e+01,1.6657738e+05,4.8553967e+01,0,nan,nan,nan,nan,1042.60616,2.7176365e-04,1775.57098,2.4215344e-04,-1.8944139e-02,3.9804570e-02
-0.4910913249541409,1.000103210978834,0.0002942685925134009,1742.8493086752474,-3.1903314e-03,371086,1042.61314,1775.52683,1.5904641e+05,4.6804005e+01,7.2046836e+03,1.5073351e+01,1.6653686e+05,4.9001511e+01,0,nan,nan,nan,nan,1042.61314,2.7471804e-04,1775.52683,2.4555449e-04,-1.2696434e-02,-8.1896456e-03
-0.49076406044241594,1.000012579417126,0.0002820372947110826,1920.761155939761,3.1837651e-03,499178,471.02323,463.88885,1.6421155e+05,4.6227741e+01,2.5853745e+03,1.3420502e+01,1.6981408e+05,4.7893299e+01,0,nan,nan,nan,nan,471.02323,2.5835261e-04,463.88885,2.9288416e-04,2.5070082e-02,-1.2780729e-02
-0.4907544274749398,1.0000179932807003,0.0002840935147656054,1730.5798855727264,-3.1749723e-03,362252,1328.20073,1819.02346,1.5834577e+05,4.4934483e+01,4.1281177e+03,1.1680348e+01,1.6618198e+05,4.7210373e+01,0,nan,nan,nan,nan,1328.20073,2.5973262e-04,1819.02346,2.2932363e-04,-2.4838143e-03,4.4479840e-02
-0.4906136490258177,0.9999963591830164,0.00028791558903630104,1914.6264263511775,3.1737862e-03,494761,471.01520,463.89765,1.6431055e+05,4.7206192e+01,5.7204541e+03,1.5287717e+01,1.6986517e+05,4.8907009e+01,0,nan,nan,nan,nan,471.01520,2.6427931e-04,463.89765,2.9972391e-04,1.7390838e-02,-2.8337117e-03
-0.4904910571046912,1.000158745002847,0.00028188250715052314,1908.4916689430986,3.1359880e-03,490344,470.99841,463.87420,1.6392434e+05,4.6196907e+01,2.5918013e+03,1.3428083e+01,1.6981883e+05,4.7861359e+01,0,nan,nan,nan,nan,470.99841,2.5804731e-04,463.87420,2.9335232e-04,-1.8629399e-03,-2.8853305e-02
-0.490415034056241,0.999928028862276,0.0002823713325934133,1902.356864966147,3.0516211e-03,485927,470.98557,463.84981,1.6388830e+05,4.6289268e+01,2.8701624e+03,1.3653068e+01,1.6982461e+05,4.7957050e+01,0,nan,nan,nan,nan,470.98557,2.5834865e-04,463.84981,2.9412762e-04,-1.5218579e-02,-5.6334864e-02
-0.4902796491662684,1.000598131956615,0.0002841510103770914,1718.310600351035,-3.0210891e-03,353418,1328.21100,1818.98713,1.5791656e+05,4.4930542e+01,4.2857109e+03,1.1753356e+01,1.6623016e+05,4.7206234e+01,0,nan,nan,nan,nan,1328.21100,2.6063199e-04,1818.98713,2.3077604e-04,8.4048994e-03,5.2331327e-03
-0.48999463275640665,1.0005661588753059,0.0002820442897308282,1712.1760053674448,-2.8965205e-03,349001,1328.21631,1818.99992,1.5865552e+05,4.4650593e+01,2.9221455e+03,1.0989673e+01,1.6642303e+05,4.6912106e+01,0,nan,nan,nan,nan,1328.21631,2.5734058e-04,1818.99992,2.2682296e-04,1.4191609e-02,1.9579617e-02
-0.4899418881350357,0.9998756579503227,0.000297409858315937,1761.2550981120667,-2.9481666e-03,384338,1042.62791,1775.57422,1.5924983e+05,4.7321117e+01,9.1122520e+03,1.5888256e+01,1.6656052e+05,4.9542904e+01,0,nan,nan,nan,nan,1042.62791,2.7836987e-04,1775.57422,2.4843169e-04,4.6396344e-03,4.3671817e-02
-0.48989933791426665,0.9998609531292167,0.0002915666520091123,1755.1202606622874,-3.0661549e-03,379921,1042.61330,1775.56484,1.5915198e+05,4.6392788e+01,5.6244438e+03,1.4319600e+01,1.6656306e+05,4.8570988e+01,0,nan,nan,nan,nan,1042.61330,2.7195489e-04,1775.56484,2.4209419e-04,-1.2177893e-02,3.3489063e-02
-0.4897024299389159,1.0003790990391181,0.00029406717732574796,1742.8506975702626,-3.1903246e-03,371087,1042.61397,1775.51517,1.5899012e+05,4.6771996e+01,7.1976265e+03,1.5010041e+01,1.6658291e+05,4.8967999e+01,0,nan,nan,nan,nan,1042.61397,2.7458541e-04,1775.51517,2.4539343e-04,-1.1379899e-02,-2.0445039e-02
-0.4893751730760414,0.9998905754818914,0.00028177937751267283,1920.7625448271274,3.1837642e-03,499179,471.02091,463.88569,1.6393869e+05,4.6185478e+01,2.5777327e+03,1.3378644e+01,1.6979342e+05,4.7849518e+01,0,nan,nan,nan,nan,471.02091,2.5871582e-04,463.88569,2.9410832e-04,2.3094982e-02,-1.6233845e-02
-0.48936554780516417,0.9998356389654389,0.0002842531374493866,1730.5812744523962,-3.1749809e-03,362253,1328.20430,1819.02349,1.5845281e+05,4.4959961e+01,4.1285532e+03,1.1707473e+01,1.6615253e+05,4.7237141e+01,0,nan,nan,nan,nan,1328.20430,2.5964683e-04,1819.02349,2.2901296e-04,1.2353281e-03,4.4706397e-02
-0.48922475653671427,0.9999162523130661,0.0002879784174310036,1914.6278152436666,3.1737904e-03,494762,471.01180,463.88886,1.6429134e+05,4.7216343e+01,5.7181528e+03,1.5376747e+01,1.6985102e+05,4.8917526e+01,0,nan,nan,nan,nan,471.01180,2.6408635e-04,463.88886,2.9951360e-04,1.3128998e-02,-1.2311521e-02
-0.48910215367368437,0.9997421841926254,0.00028216011496324617,1908.4930578465296,3.1360032e-03,490345,470.99830,463.87052,1.6386267e+05,4.6242424e+01,2.6087900e+03,1.3514080e+01,1.6974816e+05,4.7908512e+01,0,nan,nan,nan,nan,470.99830,2.5847051e-04,463.87052,2.9413166e-04,-1.6582154e-03,-3.2632973e-02
-0.48902612340680207,0.9996168022796075,0.0002823133567143733,1902.3582538767964,3.0516435e-03,485928,470.98421,463.85625,1.6386883e+05,4.6279758e+01,2.8781648e+03,1.3608374e+01,1.6977170e+05,4.7947193e+01,0,nan,nan,nan,nan,470.98421,2.5837086e-04,463.85625,2.9427645e-04,-1.7085923e-02,-4.8814058e-02
-0.4888907848630879,0.999928305890861,0.00028402724016556784,1718.3119892153381,-3.0211131e-03,353419,1328.19970,1818.98870,1.5778205e+05,4.4910774e+01,4.3048359e+03,1.1761145e+01,1.6611814e+05,4.7185463e+01,0,nan,nan,nan,nan,1328.19970,2.6033231e-04,1818.98870,2.3061995e-04,-3.3822614e-03,6.9885631e-03
-0.48860577776736136,0.9994904089650174,0.0002822260962844349,1712.1773942224338,-2.8965538e-03,349002,1328.20474,1818.97829,1.5851453e+05,4.4679230e+01,2.9385044e+03,1.1072291e+01,1.6624358e+05,4.6942196e+01,0,nan,nan,nan,nan,1328.20474,2.5773243e-04,1818.97829,2.2753463e-04,1.9228972e-03,-3.7699144e-03
-0.4885529691373449,1.000164224726597,0.0002974366920788769,1761.2564870310644,-2.9481358e-03,384339,1042.63304,1775.57159,1.5936394e+05,4.7325310e+01,9.0768477e+03,1.5860888e+01,1.6660831e+05,4.9547291e+01,0,nan,nan,nan,nan,1042.63304,2.7835695e-04,1775.57159,2.4814685e-04,9.7363247e-03,4.1334029e-02
-0.4885104275313097,0.999641030921268,0.00029154489479183093,1755.1216495726703,-3.0661328e-03,379922,1042.61409,1775.56749,1.5907208e+05,4.6389256e+01,5.6261284e+03,1.4317481e+01,1.6652617e+05,4.8567291e+01,0,nan,nan,nan,nan,1042.61409,2.7177468e-04,1775.56749,2.4251004e-04,-1.0957663e-02,3.6300912e-02
-0.4883135349227814,1.0001769736206907,0.0002941337137324577,1742.8520864652787,-3.1903179e-03,371088,1042.61544,1775.52716,1.5900295e+05,4.6782608e+01,7.2147275e+03,1.5018489e+01,1.6654934e+05,4.8979111e+01,0,nan,nan,nan,nan,1042.61544,2.7476842e-04,1775.52716,2.4555510e-04,-9.8302010e-03,-7.4436199e-03
-0.4879862857098942,0.9995744488183954,0.00028205709800221344,1920.7639337144935,3.1837632e-03,499180,471.02291,463.88678,1.6406616e+05,4.6231022e+01,2.5997939e+03,1.3459081e+01,1.6973981e+05,4.7896702e+01,0,nan,nan,nan,nan,471.02291,2.5873756e-04,463.88678,2.9330276e-04,2.4894377e-02,-1.4576121e-02
-0.4879766683679918,1.000244349224054,0.0002841734798203001,1730.5826633318334,-3.1749897e-03,362254,1328.19751,1819.02152,1.5839498e+05,4.4947590e+01,4.1355264e+03,1.1696439e+01,1.6622128e+05,4.7224144e+01,0,nan,nan,nan,nan,1328.19751,2.5963885e-04,1819.02152,2.2943545e-04,-6.1075022e-03,4.2245645e-02
-0.48783586404806556,0.9997881318733292,0.0002878310512023033,1914.6292041361553,3.1737946e-03,494763,471.01423,463.89928,1.6424344e+05,4.7192028e+01,5.7073501e+03,1.5290631e+01,1.6982872e+05,4.8892334e+01,0,nan,nan,nan,nan,471.01423,2.6419532e-04,463.89928,2.9996329e-04,1.6077945e-02,-1.7346912e-03
-0.4877132502419954,1.0001142671640497,0.0002820004178336729,1908.4944467499613,3.1360183e-03,490346,471.00025,463.88259,1.6395362e+05,4.6216263e+01,2.6114111e+03,1.3481462e+01,1.6981138e+05,4.7881413e+01,0,nan,nan,nan,nan,471.00025,2.5801154e-04,463.88259,2.9323963e-04,2.9953115e-04,-1.9524122e-02
-0.4876372125245325,0.9993101811212389,0.0002825595174033827,1902.3596427876787,3.0516661e-03,485929,470.98689,463.85613,1.6387411e+05,4.6320095e+01,2.8634131e+03,1.3713482e+01,1.6971958e+05,4.7988983e+01,0,nan,nan,nan,nan,470.98689,2.5841527e-04,463.85613,2.9418332e-04,-1.4585293e-02,-4.8335049e-02
-0.48750192056013475,0.9996143805632917,0.00028423553207319185,1718.313378079641,-3.0211371e-03,353420,1328.20733,1818.98722,1.5788030e+05,4.4943504e+01,4.2971572e+03,1.1799389e+01,1.6606525e+05,4.7219852e+01,0,nan,nan,nan,nan,1328.20733,2.6059939e-04,1818.98722,2.3084728e-04,4.5100530e-03,5.1778434e-03
-0.4872169227780887,0.999837001428319,0.0002818727970160664,1712.178783077423,-2.8965871e-03,349003,1328.20476,1818.98206,1.5842752e+05,4.4623154e+01,2.9352495e+03,1.0999135e+01,1.6630067e+05,4.6883278e+01,0,nan,nan,nan,nan,1328.20476,2.5739204e-04,1818.98206,2.2797774e-04,2.1548045e-03,-1.3679174e-03
-0.48716405013965414,1.0002129245350404,0.00029747200531416975,1761.257875950062,-2.9481051e-03,384340,1042.63103,1775.56924,1.5935659e+05,4.7330849e+01,9.0504258e+03,1.5864519e+01,1.6661616e+05,4.9553093e+01,0,nan,nan,nan,nan,1042.63103,2.7842924e-04,1775.56924,2.4834165e-04,6.8620713e-03,3.8622499e-02
-0.4871215169159768,0.9999684329230831,0.0002915044634740303,1755.1230384832857,-3.0661104e-03,379923,1042.61023,1775.56069,1.5913117e+05,4.6382751e+01,5.6187939e+03,1.4285579e+01,1.6658045e+05,4.8560478e+01,0,nan,nan,nan,nan,1042.61023,2.7171031e-04,1775.56069,2.4233694e-04,-1.5340546e-02,2.8975287e-02
-0.48692463967404365,0.9999453298946491,0.0002942462115970461,1742.8534753605275,-3.1903109e-03,371089,1042.61290,1775.52519,1.5911331e+05,4.6800529e+01,7.2311909e+03,1.5044839e+01,1.6651088e+05,4.8997871e+01,0,nan,nan,nan,nan,1042.61290,2.7452005e-04,1775.52519,2.4531913e-04,-1.3078065e-02,-9.3915397e-03
-0.48659739857703244,0.9998190514824453,0.0002822719409256851,1920.7653226016264,3.1837621e-03,499181,471.02309,463.89190,1.6411827e+05,4.6266258e+01,2.5964077e+03,1.3563835e+01,1.6978142e+05,4.7933205e+01,0,nan,nan,nan,nan,471.02309,2.5876384e-04,463.89190,2.9343745e-04,2.5063651e-02,-9.3456386e-03
-0.4865877886982162,0.9996240454758359,0.0002841611373298868,1730.5840522115031,-3.1749983e-03,362255,1328.20407,1819.02028,1.5837011e+05,4.4945862e+01,4.1442080e+03,1.1701917e+01,1.6611905e+05,4.7222332e+01,0,nan,nan,nan,nan,1328.20407,2.5965722e-04,1819.02028,2.2933335e-04,9.4481849e-04,4.1067768e-02
-0.4864469715598716,1.0000730485935014,0.0002879000530802569,1914.6305930286435,3.1737988e-03,494764,471.01393,463.89147,1.6421712e+05,4.7203194e+01,5.7042153e+03,1.5367613e+01,1.6987656e+05,4.8903900e+01,0,nan,nan,nan,nan,471.01393,2.6442157e-04,463.89147,2.9992222e-04,1.6372990e-02,-1.0400891e-02
-0.4863243465774758,1.0001961423423351,0.0002819343897727476,1908.4958356536258,3.1360337e-03,490347,470.99931,463.87539,1.6395450e+05,4.6205452e+01,2.6098469e+03,1.3426912e+01,1.6982533e+05,4.7870213e+01,0,nan,nan,nan,nan,470.99931,2.5823488e-04,463.87539,2.9335450e-04,-8.9234835e-04,-2.7405482e-02
-0.4862483018750936,0.9996856738182139,0.00028241527563719926,1902.3610316983281,3.0516884e-03,485930,470.98840,463.86051,1.6386650e+05,4.6296436e+01,2.8605396e+03,1.3671172e+01,1.6978330e+05,4.7964474e+01,0,nan,nan,nan,nan,470.98840,2.5855927e-04,463.86051,2.9410291e-04,-1.2290481e-02,-4.4031020e-02
-0.48611305602435095,1.0002771852986077,0.0002840824123129933,1718.3147669441769,-3.0211608e-03,353421,1328.20542,1818.98580,1.5785748e+05,4.4919094e+01,4.2827197e+03,1.1754715e+01,1.6617462e+05,4.7194206e+01,0,nan,nan,nan,nan,1328.20542,2.6081703e-04,1818.98580,2.3058959e-04,2.7458409e-03,3.9326251e-03
-0.4858280677883613,1.0002514626840746,0.0002818865504510096,1712.1801719324128,-2.8966204e-03,349004,1328.20632,1818.98258,1.5843353e+05,4.4625175e+01,2.9377478e+03,1.0976021e+01,1.6636905e+05,4.6885403e+01,0,nan,nan,nan,nan,1328.20632,2.5781314e-04,1818.98258,2.2800318e-04,4.4088401e-03,-7.9319964e-04
-0.48577513090958746,1.0000929127887328,0.00029740528012603824,1761.259264869292,-2.9480741e-03,384341,1042.63223,1775.57754,1.5936347e+05,4.7320156e+01,9.0559375e+03,1.5859377e+01,1.6659591e+05,4.9541897e+01,0,nan,nan,nan,nan,1042.63223,2.7823920e-04,1775.57754,2.4811787e-04,9.2225345e-03,4.8300385e-02
-0.4857326063001892,1.0004134950069399,0.0002916821873177488,1755.1244273939014,-3.0660881e-03,379924,1042.61295,1775.57254,1.5921222e+05,4.6410957e+01,5.6230889e+03,1.4317178e+01,1.6665434e+05,4.8590012e+01,0,nan,nan,nan,nan,1042.61295,2.7152663e-04,1775.57254,2.4249873e-04,-1.2347042e-02,4.0946722e-02
-0.48553574465813654,0.9997800310521024,0.0002942025631654319,1742.8548642555434,-3.1903042e-03,371090,1042.61686,1775.52106,1.5895742e+05,4.6793613e+01,7.2452212e+03,1.5019730e+01,1.6648345e+05,4.8990635e+01,0,nan,nan,nan,nan,1042.61686,2.7490940e-04,1775.52106,2.4574011e-04,-8.4398435e-03,-1.4222935e-02
-0.4852085112115674,0.9999316399378884,0.0002820943250794272,1920.7667114889919,3.1837611e-03,499182,471.02300,463.88548,1.6401047e+05,4.6237171e+01,2.6071382e+03,1.3499299e+01,1.6980064e+05,4.7903072e+01,0,nan,nan,nan,nan,471.02300,2.5886891e-04,463.88548,2.9397814e-04,2.5094612e-02,-1.7089736e-02
-0.4851989092612712,0.999903363145558,0.00028411825790028135,1730.58544109094,-3.1750072e-03,362256,1328.20258,1819.01876,1.5842925e+05,4.4939301e+01,4.1476372e+03,1.1644278e+01,1.6616628e+05,4.7215439e+01,0,nan,nan,nan,nan,1328.20258,2.5959854e-04,1819.01876,2.2939139e-04,-1.1118728e-03,3.9533362e-02
-0.4850580790721324,0.9996935023040521,0.00028765420912522114,1914.6319819211312,3.1738030e-03,494765,471.00771,463.89243,1.6410447e+05,4.7162735e+01,5.6828110e+03,1.5277555e+01,1.6981155e+05,4.8861980e+01,0,nan,nan,nan,nan,471.00771,2.6505094e-04,463.89243,2.9974521e-04,9.8853763e-03,-8.6719841e-03
-0.48493544314578685,1.0002150960434775,0.00028189075097997815,1908.4972245570575,3.1360488e-03,490348,471.00089,463.88754,1.6390458e+05,4.6198311e+01,2.5966006e+03,1.3456996e+01,1.6982859e+05,4.7862812e+01,0,nan,nan,nan,nan,471.00089,2.5811404e-04,463.88754,2.9331006e-04,1.1161065e-03,-1.3512250e-02
-0.48485939099282405,0.9997834817304053,0.00028230164956942244,1902.3624206092104,3.0517110e-03,485931,470.98472,463.85407,1.6389622e+05,4.6277794e+01,2.8560962e+03,1.3611221e+01,1.6979986e+05,4.7945160e+01,0,nan,nan,nan,nan,470.98472,2.5818765e-04,463.85407,2.9392590e-04,-1.6745828e-02,-5.1519256e-02
-0.4847241917211704,1.0001012140405094,0.0002841127406040102,1718.31615580848,-3.0211848e-03,353422,1328.20418,1818.98354,1.5789344e+05,4.4923695e+01,4.2936548e+03,1.1750517e+01,1.6614466e+05,4.7199039e+01,0,nan,nan,nan,nan,1328.20418,2.6054721e-04,1818.98354,2.3055407e-04,2.3060911e-03,1.0804049e-03
-0.4844392127986339,0.9997408154478319,0.0002819730998329521,1712.1815607874025,-2.8966537e-03,349005,1328.20441,1818.98380,1.5838320e+05,4.4638725e+01,2.9455540e+03,1.1053547e+01,1.6628352e+05,4.6899635e+01,0,nan,nan,nan,nan,1328.20441,2.5774402e-04,1818.98380,2.2789533e-04,2.5262809e-03,6.3582935e-04
-0.4843862119118967,0.999763962583071,0.0002972911641983372,1761.2606537882898,-2.9480434e-03,384342,1042.62800,1775.56280,1.5913619e+05,4.7301933e+01,9.0515186e+03,1.5851890e+01,1.6654086e+05,4.9522816e+01,0,nan,nan,nan,nan,1042.62800,2.7919121e-04,1775.56280,2.4860541e-04,4.5660455e-03,3.2027707e-02
-0.48434369591723225,0.9997708273173432,0.00029150134102179414,1755.1258163042844,-3.0660660e-03,379925,1042.60935,1775.56765,1.5916281e+05,4.6382111e+01,5.6121704e+03,1.4265464e+01,1.6654702e+05,4.8559807e+01,0,nan,nan,nan,nan,1042.60935,2.7156883e-04,1775.56765,2.4229797e-04,-1.5948400e-02,3.6257211e-02
-0.4841468494091714,1.0004492930872921,0.00029426245493967057,1742.8562531507923,-3.1902972e-03,371091,1042.61344,1775.51945,1.5911775e+05,4.6803177e+01,7.2361973e+03,1.5019486e+01,1.6659502e+05,4.9000641e+01,0,nan,nan,nan,nan,1042.61344,2.7471493e-04,1775.51945,2.4547844e-04,-1.2196297e-02,-1.5794074e-02
-0.4838196238456476,0.9996365610301867,0.00028193086669671446,1920.7681003763578,3.1837602e-03,499183,471.02349,463.88980,1.6404269e+05,4.6210403e+01,2.5966201e+03,1.3424383e+01,1.6975062e+05,4.7875343e+01,0,nan,nan,nan,nan,471.02349,2.5843945e-04,463.88980,2.9358797e-04,2.5255822e-02,-1.0799722e-02
-0.4838100295912682,0.9997910491026779,0.000284136495947267,1730.58682997061,-3.1750158e-03,362257,1328.19888,1819.02230,1.5836367e+05,4.4942410e+01,4.1357002e+03,1.1671430e+01,1.6614845e+05,4.7218704e+01,0,nan,nan,nan,nan,1328.19888,2.5972724e-04,1819.02230,2.2928792e-04,-4.6008518e-03,4.3884061e-02
-0.4836691865839384,0.999750704576573,0.00028773464796059674,1914.6333708136194,3.1738072e-03,494766,471.01913,463.88908,1.6422978e+05,4.7175766e+01,5.7145532e+03,1.5265471e+01,1.6982072e+05,4.8875488e+01,0,nan,nan,nan,nan,471.01913,2.6458909e-04,463.88908,2.9966395e-04,2.1846708e-02,-1.2640580e-02
-0.48354653948126725,0.9999048578540692,0.0002818870811320131,1908.498613460722,3.1360642e-03,490349,470.99314,463.86226,1.6391828e+05,4.6197720e+01,2.5897576e+03,1.3445582e+01,1.6977595e+05,4.7862202e+01,0,nan,nan,nan,nan,470.99314,2.5780188e-04,463.86226,2.9337246e-04,-7.5621540e-03,-4.1045554e-02
-0.48347048034429463,1.0002618054541232,0.0002823204821197655,1902.363809519859,3.0517334e-03,485932,470.98646,463.85955,1.6383755e+05,4.6280865e+01,2.8703848e+03,1.3627124e+01,1.6988105e+05,4.7948341e+01,0,nan,nan,nan,nan,470.98646,2.5872103e-04,463.85955,2.9412794e-04,-1.3982972e-02,-4.5246087e-02
-0.48333532718538663,1.0003410534047994,0.00028418011470422266,1718.3175446730158,-3.0212086e-03,353423,1328.20546,1818.99093,1.5802989e+05,4.4934143e+01,4.2858765e+03,1.1744734e+01,1.6618378e+05,4.7210022e+01,0,nan,nan,nan,nan,1328.20546,2.6020614e-04,1818.99093,2.3024980e-04,2.2655297e-03,9.4125597e-03
-0.4830503578095886,0.9994715169916054,0.00028189661783585833,1712.1829496423916,-2.8966870e-03,349006,1328.20946,1818.98587,1.5849069e+05,4.4626457e+01,2.9350347e+03,1.0976010e+01,1.6623812e+05,4.6886745e+01,0,nan,nan,nan,nan,1328.20946,2.5726075e-04,1818.98587,2.2718518e-04,6.6796145e-03,3.7156972e-03
-0.48299729291466065,0.9996786375199556,0.00029738380899052477,1761.262042707287,-2.9480127e-03,384343,1042.63540,1775.57801,1.5925653e+05,4.7316601e+01,9.0291387e+03,1.5866400e+01,1.6652641e+05,4.9538174e+01,0,nan,nan,nan,nan,1042.63540,2.7835817e-04,1775.57801,2.4831505e-04,1.1618657e-02,4.8331670e-02
-0.4829547853018994,1.0001720115903738,0.0002913811697852377,1755.1272052148997,-3.0660436e-03,379926,1042.61438,1775.56614,1.5920062e+05,4.6362911e+01,5.6136284e+03,1.4234665e+01,1.6661358e+05,4.8539707e+01,0,nan,nan,nan,nan,1042.61438,2.7138746e-04,1775.56614,2.4208070e-04,-1.1315517e-02,3.4441046e-02
-0.4827579543934917,1.000036629237315,0.0002943225770297086,1742.857642045808,-3.1902904e-03,371092,1042.61439,1775.53300,1.5905359e+05,4.6812767e+01,7.2312427e+03,1.5057069e+01,1.6652641e+05,4.9010685e+01,0,nan,nan,nan,nan,1042.61439,2.7475003e-04,1775.53300,2.4564163e-04,-1.0861427e-02,-1.5621552e-03
-0.4824307364788183,1.0000719011051988,0.00028205410764400147,1920.7694892637246,3.1837593e-03,499184,471.02577,463.88649,1.6410069e+05,4.6230637e+01,2.5932927e+03,1.3460135e+01,1.6982467e+05,4.7896301e+01,0,nan,nan,nan,nan,471.02577,2.5847324e-04,463.88649,2.9342045e-04,2.7696962e-02,-1.4984090e-02
-0.4824211501543232,1.0004153100161624,0.00028408349232987633,1730.588218850047,-3.1750246e-03,362258,1328.20034,1819.01818,1.5836169e+05,4.4934242e+01,4.1315195e+03,1.1671878e+01,1.6625300e+05,4.7210125e+01,0,nan,nan,nan,nan,1328.20034,2.5969173e-04,1819.01818,2.2961998e-04,-3.0850619e-03,3.8307887e-02
-0.4822802940952897,1.0001352623590951,0.0002877358083015164,1914.634759706108,3.1738114e-03,494767,471.01326,463.90028,1.6417378e+05,4.7175804e+01,5.7237749e+03,1.5265003e+01,1.6988548e+05,4.8875526e+01,0,nan,nan,nan,nan,471.01326,2.6481171e-04,463.90028,2.9999373e-04,1.5796507e-02,-9.6398515e-05
-0.4821576360504878,1.0002331677648941,0.0002819378747026028,1908.5000023641528,3.1360793e-03,490350,470.99544,463.87739,1.6390678e+05,4.6206055e+01,2.5932175e+03,1.3485943e+01,1.6983173e+05,4.7870834e+01,0,nan,nan,nan,nan,470.99544,2.5790671e-04,463.87739,2.9334470e-04,-4.6406696e-03,-2.4556981e-02
-0.4820815694620251,1.000147615892065,0.0002823394939169931,1902.3651984307412,3.0517559e-03,485933,470.98923,463.85510,1.6391648e+05,4.6283970e+01,2.8737324e+03,1.3615728e+01,1.6986159e+05,4.7951557e+01,0,nan,nan,nan,nan,470.98923,2.5829126e-04,463.85510,2.9447998e-04,-1.1686721e-02,-4.9778163e-02
-0.4819464628831156,0.9998783691392551,0.0002842942850991004,1718.3189335373181,-3.0212326e-03,353424,1328.20344,1818.97921,1.5784759e+05,4.4952007e+01,4.2808511e+03,1.1865937e+01,1.6610619e+05,4.7228786e+01,0,nan,nan,nan,nan,1328.20344,2.6063161e-04,1818.97921,2.3106059e-04,-3.6034235e-05,-3.8385238e-03
-0.4816615028196338,1.0002085146727313,0.0002820850916881057,1712.1843384973815,-2.8967203e-03,349007,1328.21239,1818.98697,1.5861606e+05,4.4656124e+01,2.9249661e+03,1.1005351e+01,1.6636008e+05,4.6917919e+01,0,nan,nan,nan,nan,1328.21239,2.5742181e-04,1818.98697,2.2729876e-04,1.0023116e-02,4.4845897e-03
-0.48160837391696987,1.000161255246053,0.000297295120260247,1761.2634316262847,-2.9479819e-03,384344,1042.62570,1775.56775,1.5925806e+05,4.7302425e+01,9.0132295e+03,1.5842134e+01,1.6660656e+05,4.9523335e+01,0,nan,nan,nan,nan,1042.62570,2.7861039e-04,1775.56775,2.4838519e-04,2.2868242e-03,3.6739606e-02
-0.4815658746861118,1.00007269207284,0.00029162388823941667,1755.1285941255155,-3.0660213e-03,379927,1042.61261,1775.56439,1.5925739e+05,4.6401459e+01,5.6169331e+03,1.4303928e+01,1.6659677e+05,4.8580063e+01,0,nan,nan,nan,nan,1042.61261,2.7137154e-04,1775.56439,2.4223747e-04,-1.3189338e-02,3.2872632e-02
-0.48136905914452655,0.9997537420929182,0.00029425935960220137,1742.859030941057,-3.1902834e-03,371093,1042.61241,1775.51665,1.5889189e+05,4.6802746e+01,7.2449014e+03,1.5070423e+01,1.6647941e+05,4.9000191e+01,0,nan,nan,nan,nan,1042.61241,2.7549898e-04,1775.51665,2.4573819e-04,-1.4425534e-02,-1.8711753e-02
-0.48104184911153425,1.0000814591704192,0.0002822665028978941,1920.770878151092,3.1837584e-03,499185,471.02129,463.89354,1.6413031e+05,4.6265476e+01,2.6088823e+03,1.3512034e+01,1.6982641e+05,4.7932400e+01,0,nan,nan,nan,nan,471.02129,2.5835147e-04,463.89354,2.9376984e-04,2.3554904e-02,-7.3783486e-03
-0.48103227048454755,0.9998428390605323,0.0002840771457840316,1730.5896077297168,-3.1750333e-03,362259,1328.20084,1819.02132,1.5834705e+05,4.4933456e+01,4.1311924e+03,1.1656056e+01,1.6615866e+05,4.7209297e+01,0,nan,nan,nan,nan,1328.20084,2.5962046e-04,1819.02132,2.2940147e-04,-2.7280163e-03,4.2366438e-02
-0.48089140160618626,1.000160533805854,0.0002877909958769927,1914.6361485985972,3.1738156e-03,494768,471.01244,463.88602,1.6424570e+05,4.7184708e+01,5.7147583e+03,1.5266537e+01,1.6988923e+05,4.8884747e+01,0,nan,nan,nan,nan,471.01244,2.6425254e-04,463.88602,3.0030150e-04,1.4028002e-02,-1.5742984e-02
-0.48076873261925357,1.0007049786054747,0.00028208029941735266,1908.501391267584,3.1360944e-03,490351,471.00047,463.88053,1.6400511e+05,4.6229401e+01,2.5899324e+03,1.3515117e+01,1.6991188e+05,4.7895023e+01,0,nan,nan,nan,nan,471.00047,2.5796943e-04,463.88053,2.9333562e-04,6.7442459e-05,-2.1954339e-02
-0.48069265881258616,0.9997821401299984,0.0002824560759360693,1902.3665873413906,3.0517783e-03,485934,470.98836,463.86005,1.6395862e+05,4.6303066e+01,2.8585508e+03,1.3664623e+01,1.6979945e+05,4.7971340e+01,0,nan,nan,nan,nan,470.98836,2.5817537e-04,463.86005,2.9372159e-04,-1.2913329e-02,-4.4170506e-02
-0.48055759858084457,0.9998887179861401,0.0002841678840721025,1718.3203224016204,-3.0212565e-03,353425,1328.20044,1818.98630,1.5786203e+05,4.4931820e+01,4.2702988e+03,1.1804618e+01,1.6610719e+05,4.7207581e+01,0,nan,nan,nan,nan,1328.20044,2.6053272e-04,1818.98630,2.3061746e-04,-2.7798060e-03,3.6534432e-03
-0.4802726478292243,0.9998268830291728,0.0002820096529797261,1712.185727352372,-2.8967536e-03,349008,1328.20692,1818.98049,1.5851858e+05,4.4644012e+01,2.9330203e+03,1.0980510e+01,1.6629597e+05,4.6905190e+01,0,nan,nan,nan,nan,1328.20692,2.5736322e-04,1818.98049,2.2752723e-04,4.5045530e-03,-1.7437203e-03
-0.4802194549192791,0.999757339936845,0.0002973010739872377,1761.2648205452824,-2.9479512e-03,384345,1042.62997,1775.56171,1.5916200e+05,4.7303310e+01,9.0176943e+03,1.5867114e+01,1.6653906e+05,4.9524261e+01,0,nan,nan,nan,nan,1042.62997,2.7838402e-04,1775.56171,2.4854016e-04,6.5553966e-03,3.1000411e-02
-0.48017696430360957,1.000169571186261,0.0002914301377495803,1755.129983035898,-3.0659991e-03,379928,1042.61115,1775.57093,1.5922514e+05,4.6370552e+01,5.6086982e+03,1.4239918e+01,1.6661262e+05,4.8547707e+01,0,nan,nan,nan,nan,1042.61115,2.7125524e-04,1775.57093,2.4209244e-04,-1.5008784e-02,3.9929945e-02
-0.47998016412839206,1.0003433302551261,0.0002943403190415107,1742.860419836073,-3.1902767e-03,371094,1042.62004,1775.51692,1.5906302e+05,4.6815655e+01,7.2354268e+03,1.5066400e+01,1.6657770e+05,4.9013706e+01,0,nan,nan,nan,nan,1042.62004,2.7477043e-04,1775.51692,2.4553615e-04,-5.0150547e-03,-1.8178653e-02
-0.4796529617460692,0.9999832096269275,0.0002821087347884478,1920.7722670384574,3.1837574e-03,499186,471.02493,463.88876,1.6417228e+05,4.6239655e+01,2.5995103e+03,1.3458218e+01,1.6980984e+05,4.7905647e+01,0,nan,nan,nan,nan,471.02493,2.5849391e-04,463.88876,2.9305409e-04,2.7036315e-02,-1.2023822e-02
-0.47964339104760256,1.0003337264445722,0.0002843317184895138,1730.5909966091538,-3.1750421e-03,362260,1328.20415,1819.02538,1.5851880e+05,4.4973938e+01,4.1419976e+03,1.1718243e+01,1.6624103e+05,4.7251831e+01,0,nan,nan,nan,nan,1328.20415,2.5950561e-04,1819.02538,2.2905682e-04,1.9068996e-04,4.7188953e-02
-0.47950250911753756,0.9997261743008582,0.00028792203099335304,1914.6375374910858,3.1738197e-03,494769,471.01629,463.89407,1.6419917e+05,4.7206032e+01,5.7150776e+03,1.5349033e+01,1.6981491e+05,4.8906845e+01,0,nan,nan,nan,nan,471.01629,2.6432742e-04,463.89407,2.9995086e-04,1.8386975e-02,-7.5619873e-03
-0.47937982895473397,0.9999774355566481,0.0002820684711560934,1908.5027801712486,3.1361098e-03,490352,471.00156,463.88161,1.6396680e+05,4.6227474e+01,2.6136021e+03,1.3512240e+01,1.6978836e+05,4.7893024e+01,0,nan,nan,nan,nan,471.00156,2.5806893e-04,463.88161,2.9331894e-04,1.2307157e-03,-2.0645158e-02
-0.47930374793077135,1.0005186690435102,0.00028246051887468535,1902.3679762522725,3.0518009e-03,485935,470.98618,463.85623,1.6405816e+05,4.6303772e+01,2.8763044e+03,1.3622711e+01,1.6992447e+05,4.7972073e+01,0,nan,nan,nan,nan,470.98618,2.5820188e-04,463.85623,2.9367080e-04,-1.4703064e-02,-4.8453841e-02
-0.4791687340450608,1.0001682967400647,0.00028414395772686477,1718.3217112661562,-3.0212803e-03,353426,1328.20604,1818.98700,1.5795527e+05,4.4927845e+01,4.2679297e+03,1.1743304e+01,1.6615292e+05,4.7203403e+01,0,nan,nan,nan,nan,1328.20604,2.6041290e-04,1818.98700,2.3036812e-04,3.2255796e-03,4.9798256e-03
-0.4788837928394969,1.000158734107382,0.0002820842494088867,1712.1871162073617,-2.8967869e-03,349009,1328.20689,1818.99077,1.5852739e+05,4.4655647e+01,2.9272205e+03,1.1009542e+01,1.6635052e+05,4.6917416e+01,0,nan,nan,nan,nan,1328.20689,2.5734716e-04,1818.99077,2.2757713e-04,4.0651066e-03,8.6592976e-03
-0.47883053592204305,0.9998766127900247,0.00029720784077199273,1761.2662094642797,-2.9479205e-03,384346,1042.63266,1775.57580,1.5924852e+05,4.7288410e+01,8.9938232e+03,1.5828671e+01,1.6655872e+05,4.9508663e+01,0,nan,nan,nan,nan,1042.63266,2.7819103e-04,1775.57580,2.4811100e-04,9.3516540e-03,4.6075128e-02
-0.47878805368782196,1.0003386943179018,0.00029141333860673176,1755.1313719465138,-3.0659768e-03,379929,1042.61218,1775.56869,1.5919964e+05,4.6367798e+01,5.6112422e+03,1.4246934e+01,1.6664052e+05,4.8544827e+01,0,nan,nan,nan,nan,1042.61218,2.7138955e-04,1775.56869,2.4201530e-04,-1.2516068e-02,3.6972281e-02
-0.47859126888033643,1.0001113982683014,0.0002942292116642242,1742.8618087313212,-3.1902697e-03,371095,1042.61043,1775.53301,1.5902747e+05,4.6798012e+01,7.2599556e+03,1.5047759e+01,1.6653919e+05,4.8995235e+01,0,nan,nan,nan,nan,1042.61043,2.7484560e-04,1775.53301,2.4535414e-04,-1.4465027e-02,-1.1209502e-03
-0.47826407461298004,0.9998328219765374,0.00028202554221691095,1920.7736559255904,3.1837563e-03,499187,471.02508,463.88548,1.6411484e+05,4.6226055e+01,2.5989639e+03,1.3446631e+01,1.6978444e+05,4.7891556e+01,0,nan,nan,nan,nan,471.02508,2.5847935e-04,463.88548,2.9338774e-04,2.6957620e-02,-1.6191971e-02
-0.47825451137850905,0.9998805514096053,0.0002840772450801395,1730.5923854888229,-3.1750507e-03,362261,1328.20293,1819.01971,1.5832359e+05,4.4933903e+01,4.1426572e+03,1.1632304e+01,1.6616652e+05,4.7209763e+01,0,nan,nan,nan,nan,1328.20293,2.6008583e-04,1819.01971,2.3019174e-04,-4.5834348e-04,3.9786484e-02
-0.47811361662979834,1.0000959572777044,0.0002879586568593836,1914.6389263835736,3.1738239e-03,494770,471.01427,463.89547,1.6434889e+05,4.7211891e+01,5.7146123e+03,1.5324817e+01,1.6987717e+05,4.8912910e+01,0,nan,nan,nan,nan,471.01427,2.6410140e-04,463.89547,2.9952760e-04,1.5827941e-02,-5.5342182e-03
-0.4779909255232724,1.0001076785699647,0.00028206599238277504,1908.50416907468,3.1361249e-03,490353,470.99853,463.87344,1.6393702e+05,4.6227070e+01,2.6089832e+03,1.3506271e+01,1.6981050e+05,4.7892609e+01,0,nan,nan,nan,nan,470.99853,2.5815610e-04,463.87344,2.9338096e-04,-1.6493794e-03,-2.9832711e-02
-0.47791483728133244,1.000018247810892,0.00028240412238359305,1902.369365162922,3.0518232e-03,485936,470.98545,463.85298,1.6406184e+05,4.6294514e+01,2.8516543e+03,1.3609977e+01,1.6983942e+05,4.7962479e+01,0,nan,nan,nan,nan,470.98545,2.5819367e-04,463.85298,2.9356655e-04,-1.5120381e-02,-5.2145373e-02
-0.4777798697421076,0.9999784139524773,0.0002841617029836805,1718.3231001304591,-3.0213043e-03,353427,1328.20899,1818.98907,1.5798262e+05,4.4930466e+01,4.2893198e+03,1.1744707e+01,1.6612067e+05,4.7206150e+01,0,nan,nan,nan,nan,1328.20899,2.6028711e-04,1818.98907,2.3037505e-04,6.5988428e-03,7.1097766e-03
-0.4774949378504516,0.9996522459055828,0.0002821735232553419,1712.1885050623507,-2.8968202e-03,349010,1328.20727,1818.98296,1.5852908e+05,4.4669598e+01,2.9279990e+03,1.1055714e+01,1.6626562e+05,4.6932076e+01,0,nan,nan,nan,nan,1328.20727,2.5725469e-04,1818.98296,2.2746065e-04,4.3049688e-03,1.0901443e-03
-0.47744161669152163,0.9994308069413753,0.0002973580058371947,1761.2675983835102,-2.9478895e-03,384347,1042.62863,1775.56785,1.5925345e+05,4.7312248e+01,9.0011221e+03,1.5875977e+01,1.6648425e+05,4.9533619e+01,0,nan,nan,nan,nan,1042.62863,2.7858210e-04,1775.56785,2.4834194e-04,4.7703409e-03,3.7173878e-02
-0.47739914307203435,0.9998028413683449,0.0002913583667246108,1755.1327608571296,-3.0659544e-03,379930,1042.61632,1775.56661,1.5918408e+05,4.6358982e+01,5.6100864e+03,1.4238583e+01,1.6655097e+05,4.8535591e+01,0,nan,nan,nan,nan,1042.61632,2.7123385e-04,1775.56661,2.4212016e-04,-8.5620657e-03,3.5568945e-02
-0.47720237386511144,1.0003317061992314,0.0002942969212646352,1742.8631976263364,-3.1902629e-03,371096,1042.61405,1775.51781,1.5908394e+05,4.6808811e+01,7.2300352e+03,1.5038649e+01,1.6657598e+05,4.9006546e+01,0,nan,nan,nan,nan,1042.61405,2.7476664e-04,1775.51781,2.4572463e-04,-1.1155251e-02,-1.7644603e-02
-0.476875187247515,0.9998347294943526,0.00028215478184117775,1920.775044812956,3.1837553e-03,499188,471.02271,463.88762,1.6407870e+05,4.6247276e+01,2.6125520e+03,1.3492683e+01,1.6978491e+05,4.7913544e+01,0,nan,nan,nan,nan,471.02271,2.5871422e-04,463.88762,2.9356970e-04,2.4782326e-02,-1.4093147e-02
-0.4768656319422462,1.000141064291471,0.000284115667688729,1730.5937743682591,-3.1750596e-03,362262,1328.19739,1819.02033,1.5843650e+05,4.4940189e+01,4.1473184e+03,1.1644126e+01,1.6621058e+05,4.7216370e+01,0,nan,nan,nan,nan,1328.19739,2.5956985e-04,1819.02033,2.2907143e-04,-6.6638375e-03,4.1206714e-02
-0.4767247241416044,0.9998317613764618,0.0002878899618569536,1914.6403152760618,3.1738281e-03,494771,471.01395,463.88928,1.6424509e+05,4.7200474e+01,5.7175586e+03,1.5317313e+01,1.6983175e+05,4.8901085e+01,0,nan,nan,nan,nan,471.01395,2.6440030e-04,463.88928,2.9973700e-04,1.5335441e-02,-1.2447945e-02
-0.47660202185898015,1.0001082967279875,0.000281942586429613,1908.5055579783443,3.1361403e-03,490354,470.99659,463.87881,1.6389631e+05,4.6206848e+01,2.6051831e+03,1.3473344e+01,1.6981061e+05,4.7871662e+01,0,nan,nan,nan,nan,470.99659,2.5802481e-04,463.87881,2.9344441e-04,-3.4348331e-03,-2.3499602e-02
-0.47652592639860814,1.0000389213447176,0.00028243546092169945,1902.3707540738046,3.0518458e-03,485937,470.98484,463.85307,1.6392456e+05,4.6299625e+01,2.8621597e+03,1.3626646e+01,1.6984286e+05,4.7967777e+01,0,nan,nan,nan,nan,470.98484,2.5873954e-04,463.85307,2.9405294e-04,-1.5564753e-02,-5.1952522e-02
-0.47639100520609645,0.999432739351699,0.00028404860384189566,1718.3244889949951,-3.0213280e-03,353428,1328.20068,1818.98309,1.5780089e+05,4.4912392e+01,4.2707856e+03,1.1744148e+01,1.6602931e+05,4.7187164e+01,0,nan,nan,nan,nan,1328.20068,2.6041636e-04,1818.98309,2.3086244e-04,-2.7587484e-03,2.4193207e-04
-0.47610608286117895,0.9993706574102103,0.00028188261861621756,1712.18989391734,-2.8968535e-03,349011,1328.20690,1818.98216,1.5834086e+05,4.4623363e+01,2.9479766e+03,1.1034283e+01,1.6621811e+05,4.6883499e+01,0,nan,nan,nan,nan,1328.20690,2.5733744e-04,1818.98216,2.2755844e-04,4.4840467e-03,-3.8924476e-04
-0.4760526976940582,1.000414755411659,0.0002974189362097824,1761.2689873025076,-2.9478588e-03,384348,1042.62645,1775.57124,1.5935739e+05,4.7321888e+01,8.9722783e+03,1.5891867e+01,1.6664797e+05,4.9543713e+01,0,nan,nan,nan,nan,1042.62645,2.7805011e-04,1775.57124,2.4809266e-04,2.5679844e-03,4.1234799e-02
-0.47601023268953213,1.0004157283003627,0.0002913141943059969,1755.134149767512,-3.0659323e-03,379931,1042.60869,1775.56543,1.5910508e+05,4.6351871e+01,5.6018823e+03,1.4232565e+01,1.6665280e+05,4.8528149e+01,0,nan,nan,nan,nan,1042.60869,2.7143990e-04,1775.56543,2.4231603e-04,-1.6855255e-02,3.3921458e-02
-0.47581347861660106,0.9999728946745311,0.00029420702989152344,1742.864586521585,-3.1902560e-03,371097,1042.61270,1775.52402,1.5898798e+05,4.6794544e+01,7.2359741e+03,1.5056844e+01,1.6651636e+05,4.8991611e+01,0,nan,nan,nan,nan,1042.61270,2.7482281e-04,1775.52402,2.4549259e-04,-1.4028964e-02,-1.0662904e-02
-0.47548629988204993,0.9999609212298561,0.0002820088496373305,1920.7764337003214,3.1837544e-03,499189,471.02415,463.88355,1.6407512e+05,4.6223392e+01,2.6096240e+03,1.3447818e+01,1.6980648e+05,4.7888802e+01,0,nan,nan,nan,nan,471.02415,2.5870081e-04,463.88355,2.9328058e-04,2.6488487e-02,-1.8343618e-02
-0.4754767522722432,1.0001189510822017,0.000284123294846483,1730.5951632479291,-3.1750682e-03,362263,1328.20395,1819.02364,1.5837034e+05,4.4941605e+01,4.1488818e+03,1.1667989e+01,1.6620766e+05,4.7217854e+01,0,nan,nan,nan,nan,1328.20395,2.5981182e-04,1819.02364,2.2925578e-04,1.0496455e-03,4.5097057e-02
-0.4753358314210345,1.0004415439372707,0.00028786452757901415,1914.6417041687823,3.1738325e-03,494772,471.01358,463.89430,1.6434678e+05,4.7196156e+01,5.7406230e+03,1.5260994e+01,1.6993478e+05,4.8896606e+01,0,nan,nan,nan,nan,471.01358,2.6405056e-04,463.89430,2.9958683e-04,1.4736162e-02,-6.8489844e-03
-0.4752131184272912,0.9997272065845972,0.0002819393929552128,1908.506946881776,3.1361554e-03,490355,470.99966,463.87312,1.6389675e+05,4.6206329e+01,2.6184722e+03,1.3474411e+01,1.6974592e+05,4.7871120e+01,0,nan,nan,nan,nan,470.99966,2.5804693e-04,463.87312,2.9333666e-04,-2.8285099e-04,-2.9222656e-02
-0.4751370157491692,0.9998113470595177,0.0002822777248240342,1902.372142984454,3.0518682e-03,485938,470.98885,463.85887,1.6386455e+05,4.6273746e+01,2.8534490e+03,1.3599491e+01,1.6980414e+05,4.7940968e+01,0,nan,nan,nan,nan,470.98885,2.5843506e-04,463.85887,2.9395209e-04,-1.2208857e-02,-4.5669306e-02
-0.4750021409031433,1.0000807345568135,0.00028406135203879184,1718.325877859298,-3.0213520e-03,353429,1328.21129,1818.99039,1.5784734e+05,4.4914219e+01,4.2753286e+03,1.1734550e+01,1.6613627e+05,4.7189083e+01,0,nan,nan,nan,nan,1328.21129,2.6060379e-04,1818.99039,2.3096189e-04,9.5121488e-03,8.4908083e-03
-0.47471722787145154,0.9998848327678219,0.00028196626924428375,1712.1912827723297,-2.8968868e-03,349012,1328.21442,1818.98616,1.5847433e+05,4.4636417e+01,2.9284521e+03,1.1020602e+01,1.6630294e+05,4.6897217e+01,0,nan,nan,nan,nan,1328.21442,2.5776293e-04,1818.98616,2.2764948e-04,1.3281212e-02,3.6062642e-03
-0.4746637786965948,1.000275217499646,0.0002972358523880007,1761.270376221505,-2.9478280e-03,384349,1042.63358,1775.57579,1.5937850e+05,4.7292706e+01,8.9572881e+03,1.5807335e+01,1.6662453e+05,4.9513157e+01,0,nan,nan,nan,nan,1042.63358,2.7810107e-04,1775.57579,2.4797878e-04,9.8034013e-03,4.5044467e-02
-0.4746213220737445,1.000125665526857,0.0002915231535634239,1755.135538678128,-3.0659100e-03,379932,1042.60937,1775.56085,1.5911188e+05,4.6385040e+01,5.5933574e+03,1.4309505e+01,1.6660419e+05,4.8562874e+01,0,nan,nan,nan,nan,1042.60937,2.7148757e-04,1775.56085,2.4244681e-04,-1.6185785e-02,2.8775638e-02
-0.4744245836004666,1.000282967379882,0.00029412301627583683,1742.865975416601,-3.1902492e-03,371098,1042.61990,1775.51492,1.5894966e+05,4.6781216e+01,7.2537729e+03,1.5028693e+01,1.6656811e+05,4.8977657e+01,0,nan,nan,nan,nan,1042.61990,2.7479330e-04,1775.51492,2.4574721e-04,-5.1549734e-03,-2.1185953e-02
-0.4740974125156754,0.9998483103430833,0.00028205474621399913,1920.7778225876878,3.1837535e-03,499190,471.02387,463.89510,1.6405112e+05,4.6230961e+01,2.6013989e+03,1.3453215e+01,1.6978752e+05,4.7896641e+01,0,nan,nan,nan,nan,471.02387,2.5879938e-04,463.89510,2.9376545e-04,2.6792673e-02,-5.7926066e-03
-0.4740878726017854,0.9996768083991768,0.0002842293981628582,1730.5965521275996,-3.1750768e-03,362264,1328.20101,1819.02166,1.5828362e+05,4.4958584e+01,4.1494717e+03,1.1752586e+01,1.6613494e+05,4.7235699e+01,0,nan,nan,nan,nan,1328.20101,2.5987727e-04,1819.02166,2.2993436e-04,-2.2832637e-03,4.2452075e-02
-0.4739469389323858,1.0002553905461513,0.0002877658902984851,1914.643093061271,3.1738367e-03,494773,471.01484,463.89767,1.6434853e+05,4.7179825e+01,5.7300361e+03,1.5228902e+01,1.6990262e+05,4.8879692e+01,0,nan,nan,nan,nan,471.01484,2.6406875e-04,463.89767,2.9945452e-04,1.6225863e-02,-4.0885545e-03
-0.473824214996057,0.9999670777915627,0.00028190634349317765,1908.5083357852072,3.1361706e-03,490356,470.99472,463.87695,1.6391520e+05,4.6200916e+01,2.5949443e+03,1.3417212e+01,1.6978666e+05,4.7865513e+01,0,nan,nan,nan,nan,470.99472,2.5807900e-04,463.87695,2.9342403e-04,-5.7126996e-03,-2.5291104e-02
-0.47374810486780916,1.0006988892488293,0.00028250949965538186,1902.3735318953354,3.0518908e-03,485939,470.98128,463.84470,1.6397911e+05,4.6311726e+01,2.8504980e+03,1.3656173e+01,1.6995480e+05,4.7980312e+01,0,nan,nan,nan,nan,470.98128,2.5840040e-04,463.84470,2.9411083e-04,-1.9578818e-02,-6.0733505e-02
-0.4736132763673595,1.0001603646973907,0.00028408989492057066,1718.3272667238339,-3.0213757e-03,353430,1328.19229,1818.97944,1.5794467e+05,4.4918541e+01,4.2605664e+03,1.1729305e+01,1.6614880e+05,4.7193626e+01,0,nan,nan,nan,nan,1328.19229,2.6005568e-04,1818.97944,2.3060702e-04,-1.1497837e-02,-3.1179511e-03
-0.47332837288172414,1.000085313249358,0.0002819822618793567,1712.1926716273194,-2.8969201e-03,349013,1328.20608,1818.98717,1.5851786e+05,4.4638760e+01,2.9368821e+03,1.1004395e+01,1.6633558e+05,4.6899677e+01,0,nan,nan,nan,nan,1328.20608,2.5707210e-04,1818.98717,2.2754306e-04,2.6334904e-03,4.5427498e-03
-0.47327485969981353,0.999819469956899,0.00029730763290314294,1761.2717651405019,-2.9477973e-03,384350,1042.63290,1775.56462,1.5922541e+05,4.7304073e+01,8.9519629e+03,1.5858573e+01,1.6654844e+05,4.9525063e+01,0,nan,nan,nan,nan,1042.63290,2.7847107e-04,1775.56462,2.4832640e-04,9.4179083e-03,3.4336817e-02
-0.4732324114581843,1.0003575368359547,0.0002913812173484648,1755.1369275887434,-3.0658876e-03,379933,1042.62160,1775.57536,1.5918070e+05,4.6362377e+01,5.5919995e+03,1.4238706e+01,1.6664253e+05,4.8539146e+01,0,nan,nan,nan,nan,1042.62160,2.7145032e-04,1775.57536,2.4214369e-04,-3.4135343e-03,4.4841386e-02
-0.47303568835150145,1.000305741715316,0.00029431225006724905,1742.86736431185,-3.1902422e-03,371099,1042.60951,1775.53143,1.5913884e+05,4.6811348e+01,7.2436802e+03,1.5051637e+01,1.6657202e+05,4.9009201e+01,0,nan,nan,nan,nan,1042.60951,2.7461682e-04,1775.53143,2.4530949e-04,-1.6583402e-02,-2.2251070e-03
-0.47270852514930084,1.000209843853773,0.0002821769950247605,1920.7792114750541,3.1837525e-03,499191,471.02464,463.88792,1.6417020e+05,4.6251045e+01,2.5889163e+03,1.3504707e+01,1.6984908e+05,4.7917446e+01,0,nan,nan,nan,nan,471.02464,2.5844036e-04,463.88792,2.9316987e-04,2.6625339e-02,-1.3000809e-02
-0.47269899316393094,0.9996261001994773,0.0002840386301788119,1730.5979410070374,-3.1750856e-03,362265,1328.19954,1819.02032,1.5828872e+05,4.4928616e+01,4.1582280e+03,1.1652260e+01,1.6612725e+05,4.7204208e+01,0,nan,nan,nan,nan,1328.19954,2.5963481e-04,1819.02032,2.2964868e-04,-4.4810311e-03,4.1259278e-02
-0.4725580464428276,0.999994030976999,0.0002879202238415418,1914.6444819537605,3.1738409e-03,494774,471.01754,463.89009,1.6429502e+05,4.7204987e+01,5.7273027e+03,1.5327244e+01,1.6985769e+05,4.8905754e+01,0,nan,nan,nan,nan,471.01754,2.6419354e-04,463.89009,2.9964937e-04,1.9069429e-02,-1.2436082e-02
-0.4724353113324469,1.000032915142224,0.00028216010662859554,1908.5097246888708,3.1361859e-03,490357,470.99838,463.87377,1.6390520e+05,4.6242504e+01,2.5957339e+03,1.3542739e+01,1.6979784e+05,4.7908600e+01,0,nan,nan,nan,nan,470.99838,2.5863445e-04,463.87377,2.9355226e-04,-2.5398626e-03,-2.8651593e-02
-0.472359194218825,1.000080417064818,0.0002823935279834033,1902.3749208059844,3.0519131e-03,485940,470.99037,463.86307,1.6396920e+05,4.6292690e+01,2.8496353e+03,1.3643835e+01,1.6984969e+05,4.7960594e+01,0,nan,nan,nan,nan,470.99037,2.5829903e-04,463.86307,2.9378140e-04,-9.9656405e-03,-4.0678505e-02
-0.472224412064179,0.9996151688347836,0.00028390984507711657,1718.328655588137,-3.0213997e-03,353431,1328.21053,1818.98923,1.5770023e+05,4.4889889e+01,4.2493872e+03,1.1747029e+01,1.6605755e+05,4.7163521e+01,0,nan,nan,nan,nan,1328.21053,2.6066179e-04,1818.98923,2.3127835e-04,8.4162550e-03,6.9276420e-03
-0.47193951789267885,0.9996983258945304,0.0002822348653163685,1712.1940604823085,-2.8969534e-03,349014,1328.21037,1818.98678,1.5849959e+05,4.4678562e+01,2.9316021e+03,1.1097539e+01,1.6627048e+05,4.6941490e+01,0,nan,nan,nan,nan,1328.21037,2.5750455e-04,1818.98678,2.2768239e-04,7.5819991e-03,5.0425879e-03
-0.47188594070303225,0.999755506968576,0.0002971846059542253,1761.2731540594987,-2.9477666e-03,384351,1042.62999,1775.57391,1.5923842e+05,4.7284454e+01,8.9493896e+03,1.5835819e+01,1.6653762e+05,4.9504520e+01,0,nan,nan,nan,nan,1042.62999,2.7807185e-04,1775.57391,2.4805288e-04,6.4405072e-03,4.4142868e-02
-0.47184350084262405,0.999594379191552,0.0002912941638101557,1755.138316499359,-3.0658653e-03,379934,1042.60799,1775.56248,1.5903855e+05,4.6348442e+01,5.5829526e+03,1.4258634e+01,1.6651511e+05,4.8524563e+01,0,nan,nan,nan,nan,1042.60799,2.7158612e-04,1775.56248,2.4239908e-04,-1.7780766e-02,3.0167893e-02
-0.4716467933358217,0.9999324191719656,0.0002943135219960337,1742.8687532068657,-3.1902355e-03,371100,1042.61499,1775.52051,1.5891123e+05,4.6811584e+01,7.2416738e+03,1.5064097e+01,1.6650997e+05,4.9009449e+01,0,nan,nan,nan,nan,1042.61499,2.7518292e-04,1775.52051,2.4587623e-04,-1.0562714e-02,-1.4506347e-02
-0.4713196377829263,0.9999517296400378,0.0002820628089419275,1920.7806003624205,3.1837516e-03,499192,471.02378,463.89195,1.6414681e+05,4.6232372e+01,2.5920347e+03,1.3456430e+01,1.6980541e+05,4.7898106e+01,0,nan,nan,nan,nan,471.02378,2.5836786e-04,463.89195,2.9303288e-04,2.5548801e-02,-8.8569559e-03
-0.4713101134941553,0.9999727810072953,0.0002841070032239169,1730.5993298867072,-3.1750943e-03,362266,1328.19900,1819.02067,1.5832961e+05,4.4939625e+01,4.1325078e+03,1.1643928e+01,1.6618561e+05,4.7215778e+01,0,nan,nan,nan,nan,1328.19900,2.5954441e-04,1819.02067,2.2992952e-04,-4.2247395e-03,4.1194558e-02
-0.4711691539541789,0.9999843467956563,0.00028782617747372325,1914.6458708462492,3.1738451e-03,494775,471.00626,463.90048,1.6431098e+05,4.7189415e+01,5.7128853e+03,1.5275730e+01,1.6985550e+05,4.8889622e+01,0,nan,nan,nan,nan,471.00626,2.6403298e-04,463.90048,2.9947929e-04,7.3703318e-03,-1.1027404e-03
-0.4710464079007579,0.9998939605169119,0.00028184946059864373,1908.5111135923025,3.1362011e-03,490358,470.99613,463.87730,1.6389155e+05,4.6191597e+01,2.5941238e+03,1.3430178e+01,1.6977425e+05,4.7855858e+01,0,nan,nan,nan,nan,470.99613,2.5788083e-04,463.87730,2.9341778e-04,-3.8062090e-03,-2.5227163e-02
-0.47097028333746493,0.9995648765792102,0.00028243338080560196,1902.3763097168658,3.0519357e-03,485941,470.98541,463.85524,1.6387564e+05,4.6299206e+01,2.8585891e+03,1.3697500e+01,1.6976205e+05,4.7967339e+01,0,nan,nan,nan,nan,470.98541,2.5831963e-04,463.85524,2.9384237e-04,-1.5481244e-02,-4.9422916e-02
-0.4708355475283952,0.9999858021691562,0.00028407514009048837,1718.3300444526728,-3.0214235e-03,353432,1328.19863,1818.98256,1.5785556e+05,4.4915844e+01,4.2621895e+03,1.1752101e+01,1.6611844e+05,4.7190788e+01,0,nan,nan,nan,nan,1328.19863,2.6042963e-04,1818.98256,2.3079790e-04,-3.8265213e-03,2.2937183e-04
-0.4705506626708029,0.999678529066384,0.0002819661924718989,1712.1954493375304,-2.8969864e-03,349015,1328.20262,1818.97654,1.5843741e+05,4.4635830e+01,2.9232751e+03,1.0981931e+01,1.6626647e+05,4.6896599e+01,0,nan,nan,nan,nan,1328.20262,2.5720682e-04,1818.97654,2.2789522e-04,-5.1356124e-04,-6.8451278e-03
-0.4704970214725108,0.9997196181531881,0.00029720988213716984,1761.2745429787292,-2.9477356e-03,384352,1042.63133,1775.56876,1.5914750e+05,4.7288429e+01,8.9354189e+03,1.5842263e+01,1.6653148e+05,4.9508682e+01,0,nan,nan,nan,nan,1042.63133,2.7825753e-04,1775.56876,2.4852983e-04,7.8198183e-03,3.7920386e-02
-0.4704545904596671,1.0001269232080972,0.0002915699441716123,1755.139705409742,-3.0658431e-03,379935,1042.61326,1775.56588,1.5917328e+05,4.6392242e+01,5.5828867e+03,1.4286515e+01,1.6660353e+05,4.8570415e+01,0,nan,nan,nan,nan,1042.61326,2.7155949e-04,1775.56588,2.4235612e-04,-1.2584016e-02,3.4186315e-02
-0.4702578980868566,0.9997041939909054,0.0002942876906751939,1742.8701421021146,-3.1902285e-03,371101,1042.61255,1775.51995,1.5902417e+05,4.6807510e+01,7.2487183e+03,1.5071843e+01,1.6647209e+05,4.9005184e+01,0,nan,nan,nan,nan,1042.61255,2.7474045e-04,1775.51995,2.4561392e-04,-1.3007639e-02,-1.5243012e-02
-0.4699307506493824,1.0001522664767504,0.0002821224966556956,1920.781989249554,3.1837504e-03,499193,471.02561,463.88232,1.6418686e+05,4.6242207e+01,2.5928105e+03,1.3458114e+01,1.6983964e+05,4.7908291e+01,0,nan,nan,nan,nan,471.02561,2.5862924e-04,463.88232,2.9315363e-04,2.7518664e-02,-1.9681983e-02
-0.46992123405789243,0.9998058870177621,0.0002843241859034893,1730.6007187661435,-3.1751031e-03,362267,1328.20020,1819.01928,1.5836338e+05,4.4974174e+01,4.1388574e+03,1.1784947e+01,1.6615858e+05,4.7252075e+01,0,nan,nan,nan,nan,1328.20020,2.5969581e-04,1819.01928,2.2953888e-04,-3.3567892e-03,4.0001806e-02
-0.4697802614664397,1.000039360274079,0.00028771717257379406,1914.647259738737,3.1738493e-03,494776,471.02289,463.88836,1.6419470e+05,4.7171391e+01,5.7299058e+03,1.5264557e+01,1.6986430e+05,4.8870953e+01,0,nan,nan,nan,nan,471.02289,2.6456278e-04,463.88836,3.0008826e-04,2.5680093e-02,-1.3885913e-02
-0.46965750446815946,0.9998052771878672,0.00028213766787654683,1908.5125024957351,3.1362162e-03,490359,471.00152,463.88119,1.6394511e+05,4.6238827e+01,2.5993494e+03,1.3530815e+01,1.6975919e+05,4.7904789e+01,0,nan,nan,nan,nan,471.00152,2.5833183e-04,463.88119,2.9328431e-04,9.0752082e-04,-2.0590320e-02
-0.4695813726871165,1.0003134357137338,0.0002822818306436923,1902.377698627516,3.0519580e-03,485942,470.98263,463.84936,1.6393959e+05,4.6274338e+01,2.8602170e+03,1.3584057e+01,1.6988909e+05,4.7941578e+01,0,nan,nan,nan,nan,470.98263,2.5819725e-04,463.84936,2.9406720e-04,-1.8605433e-02,-5.5900168e-02
-0.46944668322612415,0.9998316322270808,0.0002840119604716115,1718.331433316975,-3.0214475e-03,353433,1328.21401,1818.99223,1.5787048e+05,4.4905670e+01,4.2647520e+03,1.1717651e+01,1.6609216e+05,4.7180103e+01,0,nan,nan,nan,nan,1328.21401,2.6057856e-04,1818.99223,2.3073357e-04,1.2315765e-02,1.0696773e-02
-0.469161807680166,0.9997128594852437,0.00028194491386453424,1712.196838192521,-2.8970197e-03,349016,1328.21203,1818.99291,1.5841105e+05,4.4632267e+01,2.9370166e+03,1.1031463e+01,1.6627144e+05,4.6892853e+01,0,nan,nan,nan,nan,1328.21203,2.5772720e-04,1818.99291,2.2736785e-04,9.4888397e-03,1.1342769e-02
-0.4691081024750474,0.9999627610609704,0.00029722388066573586,1761.2759318977267,-2.9477049e-03,384353,1042.63177,1775.57331,1.5930336e+05,4.7290619e+01,8.9184648e+03,1.5817302e+01,1.6657184e+05,4.9510975e+01,0,nan,nan,nan,nan,1042.63177,2.7802831e-04,1775.57331,2.4817436e-04,8.3709992e-03,4.2926285e-02
-0.4690656798443342,0.9998991156858695,0.00029144480585795634,1755.1410943203573,-3.0658208e-03,379936,1042.61353,1775.57204,1.5918020e+05,4.6372250e+01,5.5654521e+03,1.4257772e+01,1.6656528e+05,4.8549484e+01,0,nan,nan,nan,nan,1042.61353,2.7155600e-04,1775.57204,2.4223061e-04,-1.1940614e-02,4.1071270e-02
-0.46886900307117685,0.9994501471526603,0.0002940309909570307,1742.8715309971303,-3.1902217e-03,371102,1042.61439,1775.52528,1.5883336e+05,4.6766712e+01,7.2360176e+03,1.5021083e+01,1.6642991e+05,4.8962471e+01,0,nan,nan,nan,nan,1042.61439,2.7518786e-04,1775.52528,2.4591817e-04,-1.1544260e-02,-9.5769381e-03
-0.4685418632834626,1.0002975782585244,0.00028234683281089967,1920.78337813692,3.1837495e-03,499194,471.02292,463.88705,1.6423989e+05,4.6279022e+01,2.6018828e+03,1.3541264e+01,1.6986450e+05,4.7946434e+01,0,nan,nan,nan,nan,471.02292,2.5844228e-04,463.88705,2.9314880e-04,2.4614979e-02,-1.4772759e-02
-0.4685323543887989,0.9995589164212133,0.0002839335640830128,1730.6021076458126,-3.1751117e-03,362268,1328.19843,1819.01878,1.5818377e+05,4.4912582e+01,4.1462710e+03,1.1652781e+01,1.6611825e+05,4.7187363e+01,0,nan,nan,nan,nan,1328.19843,2.5976988e-04,1819.01878,2.2998310e-04,-4.8208991e-03,3.8859423e-02
-0.4683913689787005,0.9997015732936649,0.0002877884615580141,1914.6486486312247,3.1738535e-03,494777,471.01822,463.89879,1.6410388e+05,4.7182926e+01,5.7218394e+03,1.5321902e+01,1.6980638e+05,4.8882904e+01,0,nan,nan,nan,nan,471.01822,2.6467553e-04,463.89879,3.0051376e-04,1.9797565e-02,-2.1063704e-03
-0.4682686010364705,0.9998863793409822,0.00028188448832893224,1908.5138913991668,3.1362313e-03,490360,470.99654,463.87441,1.6389352e+05,4.6197334e+01,2.5984221e+03,1.3440717e+01,1.6977295e+05,4.7861801e+01,0,nan,nan,nan,nan,470.99654,2.5815339e-04,463.87441,2.9357913e-04,-3.4453198e-03,-2.8754784e-02
-0.4681924618043922,0.9991711861281605,0.00028242141125225364,1902.3790875383988,3.0519806e-03,485943,470.98695,463.84516,1.6382747e+05,4.6297195e+01,2.8660239e+03,1.3678875e+01,1.6969502e+05,4.7965260e+01,0,nan,nan,nan,nan,470.98695,2.5839935e-04,463.84516,2.9412974e-04,-1.3788591e-02,-6.1299607e-02
-0.4680578186910225,0.9996781324660601,0.0002838866524343259,1718.3328221815102,-3.0214712e-03,353434,1328.19607,1818.98071,1.5758889e+05,4.4885681e+01,4.2605845e+03,1.1708688e+01,1.6606600e+05,4.7159100e+01,0,nan,nan,nan,nan,1328.19607,2.6063138e-04,1818.98071,2.3171834e-04,-6.6371751e-03,-2.6969889e-03
-0.4677729526897565,1.0000187575673172,0.0002818812061444205,1712.1982270475114,-2.8970530e-03,349017,1328.20701,1818.98316,1.5840127e+05,4.4621983e+01,2.9353582e+03,1.1002206e+01,1.6632156e+05,4.6882042e+01,0,nan,nan,nan,nan,1328.20701,2.5738924e-04,1818.98316,2.2828637e-04,4.3522660e-03,-1.6019409e-04
-0.467719183477584,0.9996429092313878,0.00029713470550195813,1761.277320816724,-2.9476741e-03,384354,1042.62678,1775.56798,1.5918355e+05,4.7276390e+01,8.9177305e+03,1.5856212e+01,1.6651842e+05,4.9496075e+01,0,nan,nan,nan,nan,1042.62678,2.7829688e-04,1775.56798,2.4814560e-04,3.5524655e-03,3.7347648e-02
-0.4676767692285466,0.9999777489965456,0.0002912338279950326,1755.142483230973,-3.0657984e-03,379937,1042.61096,1775.56264,1.5904259e+05,4.6338600e+01,5.5646963e+03,1.4226862e+01,1.6657809e+05,4.8514256e+01,0,nan,nan,nan,nan,1042.61096,2.7155390e-04,1775.56264,2.4232706e-04,-1.3795570e-02,3.0820815e-02
-0.4674801078222117,1.0003236663032467,0.0002941644992729989,1742.8729198923793,-3.1902147e-03,371103,1042.61394,1775.52579,1.5908827e+05,4.6787983e+01,7.2333638e+03,1.5013057e+01,1.6657550e+05,4.8984741e+01,0,nan,nan,nan,nan,1042.61394,2.7469025e-04,1775.52579,2.4535047e-04,-1.1291500e-02,-8.7580206e-03
-0.46715297591799754,1.000089425745254,0.0002820445617370636,1920.7847670242854,3.1837486e-03,499195,471.02088,463.88823,1.6411216e+05,4.6229527e+01,2.5810378e+03,1.3455016e+01,1.6982934e+05,4.7895157e+01,0,nan,nan,nan,nan,471.02088,2.5858392e-04,463.88823,2.9333372e-04,2.2266535e-02,-1.3205738e-02
-0.4671434747190233,0.9997095727279302,0.000284131580639044,1730.6034965254823,-3.1751203e-03,362269,1328.20455,1819.02104,1.5836758e+05,4.4944092e+01,4.1510947e+03,1.1671174e+01,1.6614398e+05,4.7220470e+01,0,nan,nan,nan,nan,1328.20455,2.5993804e-04,1819.02104,2.2928265e-04,1.7114112e-03,4.2727280e-02
-0.4670024764905065,0.9995689823801271,0.0002878278590891924,1914.6500375237129,3.1738577e-03,494778,471.01427,463.89129,1.6423069e+05,4.7189240e+01,5.7176216e+03,1.5301763e+01,1.6978333e+05,4.8889442e+01,0,nan,nan,nan,nan,471.01427,2.6428624e-04,463.89129,2.9965836e-04,1.5625445e-02,-1.0776463e-02
-0.4668796973728604,0.999922140618945,0.00028198718858457117,1908.5152803028304,3.1362467e-03,490361,470.99984,463.88077,1.6395105e+05,4.6214161e+01,2.5996406e+03,1.3478684e+01,1.6977902e+05,4.7879234e+01,0,nan,nan,nan,nan,470.99984,2.5803779e-04,463.88077,2.9318689e-04,-1.7801709e-04,-2.1490688e-02
-0.46680355115540806,0.9997047047652263,0.0002823177940271972,1902.3804764490478,3.0520030e-03,485944,470.98610,463.86253,1.6386148e+05,4.6280186e+01,2.8448281e+03,1.3633096e+01,1.6978553e+05,4.7947636e+01,0,nan,nan,nan,nan,470.98610,2.5830470e-04,463.86253,2.9404831e-04,-1.4526333e-02,-4.1873980e-02
-0.4666689543880693,0.9989205929170659,0.00028393801378160164,1718.3342110458132,-3.0214952e-03,353435,1328.20560,1818.98574,1.5765233e+05,4.4893623e+01,4.2571772e+03,1.1740865e+01,1.6593950e+05,4.7167446e+01,0,nan,nan,nan,nan,1328.20560,2.6047518e-04,1818.98574,2.3106390e-04,2.5667415e-03,3.8251057e-03
-0.4663840977007112,0.9996526155681119,0.00028199619562362414,1712.1996159025005,-2.8970863e-03,349018,1328.21502,1818.99594,1.5852347e+05,4.4639977e+01,2.9295393e+03,1.1008881e+01,1.6625991e+05,4.6900955e+01,0,nan,nan,nan,nan,1328.21502,2.5753773e-04,1818.99594,2.2722688e-04,1.2583982e-02,1.5382604e-02
-0.46633026447989323,0.9999954810118254,0.0002971016179102783,1761.2787097357218,-2.9476434e-03,384355,1042.62996,1775.56925,1.5924547e+05,4.7271088e+01,8.9180215e+03,1.5807849e+01,1.6657703e+05,4.9490524e+01,0,nan,nan,nan,nan,1042.62996,2.7804749e-04,1775.56925,2.4804461e-04,6.5564578e-03,3.8356196e-02
-0.4662878586129864,0.9998867837542328,0.0002913216672113333,1755.1438721415886,-3.0657761e-03,379938,1042.61155,1775.56440,1.5905317e+05,4.6352493e+01,5.5760620e+03,1.4246638e+01,1.6656264e+05,4.8528801e+01,0,nan,nan,nan,nan,1042.61155,2.7170600e-04,1775.56440,2.4240298e-04,-1.4472309e-02,3.2515369e-02
-0.4660912125732466,1.0001482360374767,0.00029432816216033323,1742.8743087876283,-3.1902078e-03,371104,1042.61302,1775.52566,1.5903402e+05,4.6814053e+01,7.2332329e+03,1.5056383e+01,1.6654641e+05,4.9012032e+01,0,nan,nan,nan,nan,1042.61302,2.7538312e-04,1775.52566,2.4589806e-04,-1.2194995e-02,-8.8736685e-03
-0.465764088551623,1.0001565966612433,0.0002822504870948421,1920.7861559116518,3.1837476e-03,499196,471.02454,463.88325,1.6419719e+05,4.6263332e+01,2.5906411e+03,1.3494367e+01,1.6984094e+05,4.7930180e+01,0,nan,nan,nan,nan,471.02454,2.5849068e-04,463.88325,2.9327249e-04,2.6132554e-02,-1.8182196e-02
-0.4657545952820783,1.0000529361859547,0.000284158770956835,1730.6048854049193,-3.1751292e-03,362270,1328.20109,1819.02484,1.5835364e+05,4.4948582e+01,4.1366880e+03,1.1645760e+01,1.6620175e+05,4.7225185e+01,0,nan,nan,nan,nan,1328.20109,2.5996953e-04,1819.02484,2.2957368e-04,-2.1685185e-03,4.5702573e-02
-0.4656135840027673,0.9999892118934491,0.00028779352635040033,1914.6514264162006,3.1738619e-03,494779,471.00762,463.89338,1.6421145e+05,4.7183464e+01,5.7200684e+03,1.5295659e+01,1.6985417e+05,4.8883461e+01,0,nan,nan,nan,nan,471.00762,2.6400932e-04,463.89338,3.0001457e-04,8.9263422e-03,-7.5773690e-03
-0.4654907939420809,0.9996757372252362,0.0002818301855871586,1908.5166692062612,3.1362618e-03,490362,470.99577,463.86372,1.6382462e+05,4.6188431e+01,2.6124946e+03,1.3444008e+01,1.6973717e+05,4.7852573e+01,0,nan,nan,nan,nan,470.99577,2.5809710e-04,463.86372,2.9355494e-04,-4.7132620e-03,-4.0200595e-02
-0.46541464050687864,1.000149921905384,0.00028212138687166896,1902.3818653596963,3.0520253e-03,485945,470.98387,463.85612,1.6389767e+05,4.6247963e+01,2.8477175e+03,1.3523623e+01,1.6986106e+05,4.7914253e+01,0,nan,nan,nan,nan,470.98387,2.5837071e-04,463.85612,2.9375491e-04,-1.6955236e-02,-4.8687715e-02
-0.46528008985205815,0.9997231828223762,0.0002840660901786832,1718.3355999103492,-3.0215189e-03,353436,1328.20125,1818.98764,1.5773123e+05,4.4913696e+01,4.2499312e+03,1.1760053e+01,1.6607217e+05,4.7188534e+01,0,nan,nan,nan,nan,1328.20125,2.6043021e-04,1818.98764,2.3134182e-04,-1.8065621e-03,4.4632740e-03
-0.4649952427116659,1.0005996506176338,0.00028191542412535396,1712.2010047574895,-2.8971196e-03,349019,1328.19613,1818.96838,1.5840752e+05,4.4626984e+01,2.9392053e+03,1.1005228e+01,1.6641666e+05,4.6887306e+01,0,nan,nan,nan,nan,1328.19613,2.5732518e-04,1818.96838,2.2913105e-04,-6.8547102e-03,-1.6435714e-02
-0.46494134524982655,0.9997215882726387,0.00029695202896797923,1761.2800986549519,-2.9476124e-03,384356,1042.63356,1775.57251,1.5920583e+05,4.7247253e+01,8.8903398e+03,1.5760506e+01,1.6653128e+05,4.9465572e+01,0,nan,nan,nan,nan,1042.63356,2.7812287e-04,1775.57251,2.4807817e-04,1.0197633e-02,4.2871047e-02
-0.4648989482302568,1.0003053570163354,0.00029140627846821926,1755.1452610519714,-3.0657540e-03,379939,1042.61219,1775.56683,1.5919188e+05,4.6365875e+01,5.5726304e+03,1.4258117e+01,1.6663208e+05,4.8542812e+01,0,nan,nan,nan,nan,1042.61219,2.7123830e-04,1775.56683,2.4210257e-04,-1.3394175e-02,3.5855189e-02
-0.4647023175580216,0.9996380553815627,0.00029420757054210927,1742.8756976826435,-3.1902010e-03,371105,1042.61441,1775.51599,1.5892808e+05,4.6794910e+01,7.2604746e+03,1.5073224e+01,1.6646158e+05,4.8991989e+01,0,nan,nan,nan,nan,1042.61441,2.7472246e-04,1775.51599,2.4576238e-04,-1.0674426e-02,-1.8829202e-02
-0.4643752014180791,1.0004071878578744,0.00028208416307324034,1920.7875447987853,3.1837465e-03,499197,471.02634,463.89392,1.6416744e+05,4.6236130e+01,2.6077681e+03,1.3413920e+01,1.6988369e+05,4.7901993e+01,0,nan,nan,nan,nan,471.02634,2.5861966e-04,463.89392,2.9344403e-04,2.8586421e-02,-6.4097382e-03
-0.4643657156120753,0.9999781934769653,0.0002841780085596904,1730.6062742845893,-3.1751378e-03,362271,1328.19755,1819.01430,1.5836692e+05,4.4951801e+01,4.1385020e+03,1.1682021e+01,1.6619000e+05,4.7228573e+01,0,nan,nan,nan,nan,1328.19755,2.5971764e-04,1819.01430,2.2963862e-04,-6.0306308e-03,3.4880728e-02
-0.4642246915132091,0.9997071454613744,0.0002879646553990298,1914.6528153086902,3.1738661e-03,494780,471.02062,463.88622,1.6422847e+05,4.7211372e+01,5.7496953e+03,1.5347293e+01,1.6980573e+05,4.8912373e+01,0,nan,nan,nan,nan,471.02062,2.6477955e-04,463.88622,2.9968176e-04,2.3096954e-02,-1.4975740e-02
-0.46410189051039197,0.999808402948015,0.00028209641260565463,1908.518058109693,3.1362770e-03,490363,471.00176,463.88690,1.6393108e+05,4.6232059e+01,2.6064592e+03,1.3484491e+01,1.6975967e+05,4.7897774e+01,0,nan,nan,nan,nan,471.00176,2.5830546e-04,463.88690,2.9336705e-04,1.6021344e-03,-1.4002782e-02
-0.4640257296246091,0.9997244402542511,0.0002822454708124659,1902.3832542705786,3.0520479e-03,485946,470.98639,463.85902,1.6389433e+05,4.6268280e+01,2.8492043e+03,1.3576426e+01,1.6978870e+05,4.7935303e+01,0,nan,nan,nan,nan,470.98639,2.5821483e-04,463.85902,2.9385599e-04,-1.4713140e-02,-4.5261852e-02
-0.463891225549105,1.000509634940786,0.00028420026642779955,1718.3369887746521,-3.0215429e-03,353437,1328.20194,1818.98177,1.5795767e+05,4.4934734e+01,4.2640337e+03,1.1787786e+01,1.6620219e+05,4.7210644e+01,0,nan,nan,nan,nan,1328.20194,2.6026904e-04,1818.98177,2.3051439e-04,-1.0952755e-03,-1.0294898e-03
-0.46360638772171114,0.9997401311986543,0.00028172296735757825,1712.2023936124795,-2.8971529e-03,349020,1328.21884,1818.99782,1.5813670e+05,4.4596313e+01,2.9425232e+03,1.1027515e+01,1.6627292e+05,4.6855076e+01,0,nan,nan,nan,nan,1328.21884,2.5836885e-04,1818.99782,2.2914830e-04,1.8438037e-02,1.5275449e-02
-0.4635524262521358,0.9995677866503498,0.00029695045312568317,1761.2814875739496,-2.9475817e-03,384357,1042.62877,1775.56911,1.5918844e+05,4.7246971e+01,8.8988613e+03,1.5766447e+01,1.6650555e+05,4.9465275e+01,0,nan,nan,nan,nan,1042.62877,2.7808311e-04,1775.56911,2.4808472e-04,5.4297037e-03,3.8486876e-02
-0.4635100376144692,0.9998811497678368,0.0002912223956444421,1755.1466499625872,-3.0657316e-03,379940,1042.60995,1775.56329,1.5904656e+05,4.6336533e+01,5.5645825e+03,1.4229760e+01,1.6656112e+05,4.8512093e+01,0,nan,nan,nan,nan,1042.60995,2.7157707e-04,1775.56329,2.4221548e-04,-1.5253708e-02,3.2097086e-02
-0.46331342230996597,1.0001113474653163,0.00029412790426371836,1742.8770865778915,-3.1901940e-03,371106,1042.61512,1775.52498,1.5893980e+05,4.6782276e+01,7.2343706e+03,1.5007751e+01,1.6654052e+05,4.8978760e+01,0,nan,nan,nan,nan,1042.61512,2.7519485e-04,1775.52498,2.4580603e-04,-9.7602997e-03,-9.5800841e-03
-0.46298631405261403,1.0006807561717215,0.0002823331422053193,1920.7889336861508,3.1837455e-03,499198,471.02157,463.88715,1.6429278e+05,4.6276993e+01,2.6071748e+03,1.3537168e+01,1.6993034e+05,4.7944332e+01,0,nan,nan,nan,nan,471.02157,2.5832522e-04,463.88715,2.9304935e-04,2.3328273e-02,-1.3845779e-02
-0.46297683594161754,0.9999495203764484,0.00028415769725321463,1730.6076631642597,-3.1751464e-03,362272,1328.20394,1819.02356,1.5833845e+05,4.4948772e+01,4.1371187e+03,1.1698703e+01,1.6618591e+05,4.7225388e+01,0,nan,nan,nan,nan,1328.20394,2.5991886e-04,1819.02356,2.2960165e-04,3.2065526e-04,4.5032181e-02
-0.462835798791275,1.000198129905536,0.000288105957852158,1914.654204201412,3.1738705e-03,494781,471.01315,463.89805,1.6428545e+05,4.7234394e+01,5.7441675e+03,1.5390311e+01,1.6988861e+05,4.8936226e+01,0,nan,nan,nan,nan,471.01315,2.6439401e-04,463.89805,2.9968814e-04,1.4928609e-02,-3.2513812e-03
-0.46271298684496287,1.000309884997383,0.0002820332283152484,1908.5194470133583,3.1362923e-03,490364,470.99579,463.87094,1.6393502e+05,4.6221691e+01,2.5919995e+03,1.3514618e+01,1.6984481e+05,4.7887039e+01,0,nan,nan,nan,nan,470.99579,2.5795802e-04,463.87094,2.9342386e-04,-4.5480616e-03,-3.2022126e-02
-0.4626368189747154,1.0002211158362544,0.0002824893852875726,1902.3846431812285,3.0520703e-03,485947,470.98671,463.85159,1.6395516e+05,4.6308235e+01,2.8478059e+03,1.3668731e+01,1.6987295e+05,4.7976700e+01,0,nan,nan,nan,nan,470.98671,2.5851454e-04,463.85159,2.9395474e-04,-1.3683734e-02,-5.3430226e-02
-0.4625023610133212,0.9995093784918206,0.0002839578888647773,1718.338377639188,-3.0215667e-03,353438,1328.20989,1818.98954,1.5774398e+05,4.4896244e+01,4.2551118e+03,1.1733712e+01,1.6603539e+05,4.7170200e+01,0,nan,nan,nan,nan,1328.20989,2.6057972e-04,1818.98954,2.3084288e-04,7.3404554e-03,7.4244048e-03
-0.4622175324991531,0.9997784249723703,0.0002817107180120639,1712.203782467702,-2.8971860e-03,349021,1328.20182,1818.97200,1.5818009e+05,4.4594166e+01,2.9400090e+03,1.0980988e+01,1.6627852e+05,4.6852821e+01,0,nan,nan,nan,nan,1328.20182,2.5816465e-04,1818.97200,2.2961374e-04,-2.2871749e-05,-1.2996994e-02
-0.46216350725467237,0.9998400417027185,0.0002970379350815951,1761.282876492947,-2.9475510e-03,384358,1042.63242,1775.57305,1.5923883e+05,4.7260864e+01,8.8958896e+03,1.5772411e+01,1.6655080e+05,4.9479820e+01,0,nan,nan,nan,nan,1042.63242,2.7804959e-04,1775.57305,2.4812325e-04,9.3816752e-03,4.2880263e-02
-0.4621211269991363,1.000116539269488,0.0002914245694998237,1755.1480388732025,-3.0657093e-03,379941,1042.61073,1775.56994,1.5926709e+05,4.6368618e+01,5.5432393e+03,1.4213952e+01,1.6660003e+05,4.8545685e+01,0,nan,nan,nan,nan,1042.61073,2.7134523e-04,1775.56994,2.4194825e-04,-1.4730125e-02,3.9087027e-02
-0.46192452729428624,1.0004258741360308,0.00029437516118007025,1742.8784754729072,-3.1901873e-03,371107,1042.61562,1775.52316,1.5919295e+05,4.6821640e+01,7.2377935e+03,1.5052033e+01,1.6659302e+05,4.9019974e+01,0,nan,nan,nan,nan,1042.61562,2.7479042e-04,1775.52316,2.4533508e-04,-1.0091871e-02,-1.1737481e-02
-0.46159742668669423,0.9999861508403131,0.0002821242273414228,1920.7903225735167,3.1837446e-03,499199,471.02627,463.88966,1.6418330e+05,4.6242809e+01,2.5982249e+03,1.3451176e+01,1.6981259e+05,4.7908913e+01,0,nan,nan,nan,nan,471.02627,2.5852543e-04,463.88966,2.9316198e-04,2.8526019e-02,-1.1665957e-02
-0.46158795650467255,0.9995507746601544,0.0002841352238952817,1730.6090520436967,-3.1751553e-03,362273,1328.20180,1819.01712,1.5835620e+05,4.4945389e+01,4.1492305e+03,1.1679835e+01,1.6612028e+05,4.7221836e+01,0,nan,nan,nan,nan,1328.20180,2.5977968e-04,1819.01712,2.2946573e-04,-1.3288280e-03,3.8024213e-02
-0.46144690630308105,0.9997364297764963,0.00028765124587849496,1914.6555930939003,3.1738747e-03,494782,471.01608,463.88757,1.6395775e+05,4.7159698e+01,5.7542539e+03,1.5297861e+01,1.6980966e+05,4.8858837e+01,0,nan,nan,nan,nan,471.01608,2.6485327e-04,463.88757,3.0089938e-04,1.8743068e-02,-1.5075981e-02
-0.4613240834132739,0.9998781006095233,0.00028190648298577936,1908.52083591679,3.1363075e-03,490365,471.00100,463.86913,1.6387498e+05,4.6200916e+01,2.6094941e+03,1.3459182e+01,1.6977147e+05,4.7865513e+01,0,nan,nan,nan,nan,471.00100,2.5812892e-04,463.86913,2.9365724e-04,4.7115883e-04,-3.3804256e-02
-0.46124790809244587,0.9999489956359537,0.00028217284371136804,1902.3860320921108,3.0520929e-03,485948,470.98395,463.85262,1.6395205e+05,4.6256321e+01,2.8417627e+03,1.3525482e+01,1.6982666e+05,4.7922913e+01,0,nan,nan,nan,nan,470.98395,2.5825124e-04,463.85262,2.9375771e-04,-1.6870165e-02,-5.2395228e-02
-0.46111349671036805,0.9995940258169399,0.0002840161230632506,1718.3397665034909,-3.0215906e-03,353439,1328.20075,1818.98513,1.5763273e+05,4.4905285e+01,4.2461460e+03,1.1767986e+01,1.6604883e+05,4.7179699e+01,0,nan,nan,nan,nan,1328.20075,2.6088231e-04,1818.98513,2.3206770e-04,-1.7196296e-03,1.9449901e-03
-0.4608286775101078,1.0000426665769495,0.0002819648802523192,1712.205171322691,-2.8972193e-03,349022,1328.21035,1818.98449,1.5853191e+05,4.4634182e+01,2.9334031e+03,1.0979954e+01,1.6632166e+05,4.6894867e+01,0,nan,nan,nan,nan,1328.21035,2.5724547e-04,1818.98449,2.2781368e-04,7.8324154e-03,2.1251726e-03
-0.46077458825720896,1.0004990210837046,0.0002970701121647673,1761.2842654119445,-2.9475202e-03,384359,1042.63238,1775.56998,1.5935175e+05,4.7265953e+01,8.8808604e+03,1.5771307e+01,1.6666047e+05,4.9485153e+01,0,nan,nan,nan,nan,1042.63238,2.7789935e-04,1775.56998,2.4784059e-04,8.7644784e-03,3.9768551e-02
-0.4607322163833487,1.0000812530388534,0.00029134998408223995,1755.1494277838183,-3.0656869e-03,379942,1042.61001,1775.56320,1.5922686e+05,4.6356674e+01,5.5481948e+03,1.4216953e+01,1.6659386e+05,4.8533176e+01,0,nan,nan,nan,nan,1042.61001,2.7128987e-04,1775.56320,2.4206014e-04,-1.5644832e-02,3.1819027e-02
-0.4605356320453211,0.9994834567288495,0.0002940941418678446,1742.8798643681562,-3.1901803e-03,371108,1042.61219,1775.52644,1.5894314e+05,4.6776978e+01,7.2259160e+03,1.5007071e+01,1.6643622e+05,4.8973217e+01,0,nan,nan,nan,nan,1042.61219,2.7491135e-04,1775.52644,2.4565597e-04,-1.4104345e-02,-7.8481613e-03
-0.4602085393203197,1.0005264379652132,0.00028207580154917893,1920.791711460883,3.1837437e-03,499200,471.02196,463.89385,1.6419908e+05,4.6234928e+01,2.5912834e+03,1.3438327e+01,1.6990456e+05,4.7900749e+01,0,nan,nan,nan,nan,471.02196,2.5857138e-04,463.89385,2.9335238e-04,2.3634793e-02,-7.1467254e-03
-0.46019907683535166,1.000643273936627,0.00028418320778987897,1730.610440923366,-3.1751639e-03,362274,1328.20037,1819.02088,1.5849631e+05,4.4953159e+01,4.1327769e+03,1.1647176e+01,1.6630248e+05,4.7229996e+01,0,nan,nan,nan,nan,1328.20037,2.5947136e-04,1819.02088,2.2919418e-04,-3.1566182e-03,4.2360429e-02
-0.46005801381534184,0.9999227689520163,0.0002879716450927973,1914.656981986388,3.1738789e-03,494783,471.01366,463.89797,1.6423666e+05,4.7212086e+01,5.7356733e+03,1.5350713e+01,1.6984080e+05,4.8913113e+01,0,nan,nan,nan,nan,471.01366,2.6448164e-04,463.89797,2.9972571e-04,1.5267450e-02,-2.9368764e-03
-0.45993517998249445,1.000074964332479,0.00028209029983154634,1908.5222248202208,3.1363226e-03,490366,470.99868,463.88495,1.6388477e+05,4.6231037e+01,2.6026953e+03,1.3524512e+01,1.6980486e+05,4.7896717e+01,0,nan,nan,nan,nan,470.99868,2.5829076e-04,463.88495,2.9372552e-04,-1.5019503e-03,-1.6659880e-02
-0.4598589974434617,0.9998483983700408,0.00028232085876406536,1902.3874210027598,3.0521152e-03,485949,470.98528,463.86530,1.6396155e+05,4.6280556e+01,2.8491489e+03,1.3609838e+01,1.6980945e+05,4.7948021e+01,0,nan,nan,nan,nan,470.98528,2.5816017e-04,463.86530,2.9373704e-04,-1.6188109e-02,-3.8133997e-02
-0.4597246321743569,1.0001402088069178,0.0002841949379100295,1718.3411553680269,-3.0216144e-03,353440,1328.20269,1818.98889,1.5785202e+05,4.4933388e+01,4.2500176e+03,1.1798124e+01,1.6613894e+05,4.7209225e+01,0,nan,nan,nan,nan,1328.20269,2.6061229e-04,1818.98889,2.3071929e-04,-5.9325452e-04,7.2558583e-03
-0.4594398225210625,1.0001965598118074,0.0002819984467078997,1712.20656017768,-2.8972526e-03,349023,1328.21201,1818.98767,1.5861661e+05,4.4639286e+01,2.9375029e+03,1.0963200e+01,1.6634647e+05,4.6900227e+01,0,nan,nan,nan,nan,1328.21201,2.5730961e-04,1818.98767,2.2712242e-04,9.9459533e-03,6.2844362e-03
-0.45938566902668754,0.9997375986412776,0.00029708114722233825,1761.285654331175,-2.9474893e-03,384360,1042.63069,1775.57073,1.5924444e+05,4.7267685e+01,8.8744053e+03,1.5802816e+01,1.6653355e+05,4.9486961e+01,0,nan,nan,nan,nan,1042.63069,2.7807464e-04,1775.57073,2.4796775e-04,7.2606737e-03,4.0309966e-02
-0.4593433057675611,1.0003738601621175,0.00029138795429875226,1755.150816694434,-3.0656646e-03,379943,1042.61013,1775.56380,1.5920228e+05,4.6362633e+01,5.5403008e+03,1.4250765e+01,1.6664230e+05,4.8539413e+01,0,nan,nan,nan,nan,1042.61013,2.7148801e-04,1775.56380,2.4203898e-04,-1.5515373e-02,3.2259144e-02
-0.459146736796356,1.0000435831927672,0.0002941697078047703,1742.8812532634051,-3.1901733e-03,371109,1042.61423,1775.51443,1.5901069e+05,4.6789032e+01,7.2292065e+03,1.5019762e+01,1.6652962e+05,4.8985836e+01,0,nan,nan,nan,nan,1042.61423,2.7478166e-04,1775.51443,2.4569107e-04,-1.0920137e-02,-1.9735463e-02
-0.4588196521867758,0.9998680229767072,0.00028199387330175537,1920.7931003480167,3.1837425e-03,499201,471.02468,463.88232,1.6414142e+05,4.6221558e+01,2.5892673e+03,1.3426831e+01,1.6979297e+05,4.7886898e+01,0,nan,nan,nan,nan,471.02468,2.5850968e-04,463.88232,2.9320223e-04,2.7239675e-02,-1.9866956e-02
-0.45881019716557603,1.0002205983437011,0.00028410680533016855,1730.6118298030358,-3.1751725e-03,362275,1328.20172,1819.02146,1.5843198e+05,4.4941238e+01,4.1396870e+03,1.1645109e+01,1.6623288e+05,4.7217476e+01,0,nan,nan,nan,nan,1328.20172,2.5963044e-04,1819.02146,2.2915876e-04,-2.0310117e-03,4.2320598e-02
-0.45866912132737525,1.0003853307197705,0.00028798284608974015,1914.658370878876,3.1738831e-03,494784,471.01493,463.89294,1.6435502e+05,4.7213779e+01,5.7627925e+03,1.5308501e+01,1.6991886e+05,4.8914867e+01,0,nan,nan,nan,nan,471.01493,2.6412960e-04,463.89294,2.9962789e-04,1.6627423e-02,-8.7213377e-03
-0.45854627655126023,1.0001701556527756,0.00028191795692695035,1908.523613723652,3.1363377e-03,490367,470.99808,463.88369,1.6388645e+05,4.6202782e+01,2.6042976e+03,1.3449289e+01,1.6982100e+05,4.7867443e+01,0,nan,nan,nan,nan,470.99808,2.5811215e-04,463.88369,2.9332496e-04,-2.4647631e-03,-1.7360322e-02
-0.45847008656210164,0.999576842184345,0.00028241312574352586,1902.3888099136411,3.0521378e-03,485950,470.98856,463.85600,1.6392009e+05,4.6295654e+01,2.8429495e+03,1.3678923e+01,1.6976323e+05,4.7963661e+01,0,nan,nan,nan,nan,470.98856,2.5823337e-04,463.85600,2.9376763e-04,-1.2786813e-02,-4.8691567e-02
-0.45833576787140373,1.001072758215149,0.0002840522085569064,1718.3425442323298,-3.0216384e-03,353441,1328.21396,1818.99115,1.5795589e+05,4.4910660e+01,4.2296416e+03,1.1706073e+01,1.6629323e+05,4.7185345e+01,0,nan,nan,nan,nan,1328.21396,2.6070696e-04,1818.99115,2.3059749e-04,1.2434783e-02,9.6621839e-03
-0.4580509675313351,0.9992240611428161,0.0002819116592612251,1712.2079490326698,-2.8972859e-03,349024,1328.20009,1818.97621,1.5841847e+05,4.4625336e+01,2.9382231e+03,1.1007237e+01,1.6618392e+05,4.6885567e+01,0,nan,nan,nan,nan,1328.20009,2.5738124e-04,1818.97621,2.2765811e-04,-2.6446078e-03,-7.0299506e-03
-0.4579967500294515,1.0000825807837075,0.00029709833567801146,1761.2870432501722,-2.9474585e-03,384361,1042.63123,1775.57043,1.5930927e+05,4.7270397e+01,8.8763359e+03,1.5791857e+01,1.6659094e+05,4.9489803e+01,0,nan,nan,nan,nan,1042.63123,2.7803535e-04,1775.57043,2.4795978e-04,8.0356738e-03,4.0168200e-02
-0.45795439515222824,1.0001692087435405,0.00029131595940847936,1755.1522056050494,-3.0656422e-03,379944,1042.61486,1775.57443,1.5909298e+05,4.6351093e+01,5.5308062e+03,1.4233020e+01,1.6660792e+05,4.8527336e+01,0,nan,nan,nan,nan,1042.61486,2.7147256e-04,1775.57443,2.4230039e-04,-1.0496574e-02,4.2996146e-02
-0.45743076482040124,0.999447272563153,0.0002819184869100905,1920.794489235383,3.1837416e-03,499202,471.02497,463.89023,1.6407252e+05,4.6209255e+01,2.5946680e+03,1.3413954e+01,1.6972173e+05,4.7874153e+01,0,nan,nan,nan,nan,471.02497,2.5839440e-04,463.89023,2.9309583e-04,2.7209971e-02,-1.0043188e-02
-0.45742131772863104,1.0003940805787321,0.00028417077315968643,1730.6132186824727,-3.1751813e-03,362276,1328.19983,1819.02136,1.5848261e+05,4.4951530e+01,4.1418662e+03,1.1660167e+01,1.6626233e+05,4.7228283e+01,0,nan,nan,nan,nan,1328.19983,2.5959461e-04,1819.02136,2.2911867e-04,-3.6476094e-03,4.2292960e-02
-0.4572802288389539,1.0003262472165133,0.00028792456094571984,1914.6597597713644,3.1738873e-03,494785,471.01287,463.89230,1.6428864e+05,4.7204082e+01,5.7254507e+03,1.5312981e+01,1.6990831e+05,4.8904819e+01,0,nan,nan,nan,nan,471.01287,2.6438542e-04,463.89230,2.9973147e-04,1.4895871e-02,-9.6413074e-03
-0.45715737312048077,0.9998816674533487,0.00028186567992973487,1908.5250026270828,3.1363529e-03,490368,470.99695,463.86919,1.6386122e+05,4.6194206e+01,2.6115100e+03,1.3445291e+01,1.6977198e+05,4.7858559e+01,0,nan,nan,nan,nan,470.99695,2.5806256e-04,463.86919,2.9369883e-04,-3.0925043e-03,-3.5262536e-02
-0.45708117591266273,0.9999335312314791,0.00028259382633930355,1902.3901988242906,3.0521601e-03,485951,470.98301,463.84749,1.6395511e+05,4.6325249e+01,2.8586201e+03,1.3724943e+01,1.6982370e+05,4.7994324e+01,0,nan,nan,nan,nan,470.98301,2.5824667e-04,463.84749,2.9399313e-04,-1.8083049e-02,-5.8205757e-02
-0.45694690333630206,0.9997241297374263,0.00028405980729881046,1718.343933096865,-3.0216621e-03,353442,1328.19812,1818.97573,1.5776773e+05,4.4911701e+01,4.2508623e+03,1.1788934e+01,1.6606862e+05,4.7186440e+01,0,nan,nan,nan,nan,1328.19812,2.6040719e-04,1818.97573,2.3117886e-04,-5.3221518e-03,-7.6039564e-03
-0.4566621125406982,0.9999025993970216,0.00028210032585122,1712.2093378876605,-2.8973192e-03,349025,1328.20971,1818.99130,1.5852750e+05,4.4654976e+01,2.9244973e+03,1.1041620e+01,1.6629595e+05,4.6916714e+01,0,nan,nan,nan,nan,1328.20971,2.5770828e-04,1818.99130,2.2731979e-04,7.3375064e-03,9.9259531e-03
-0.4566078310317607,1.0000214831485057,0.0002970101970486348,1761.28843216917,-2.9474278e-03,384362,1042.63223,1775.57110,1.5933722e+05,4.7256355e+01,8.8731484e+03,1.5746936e+01,1.6658069e+05,4.9475101e+01,0,nan,nan,nan,nan,1042.63223,2.7789772e-04,1775.57110,2.4782613e-04,9.1401590e-03,4.0891569e-02
-0.4565654847701808,0.9999442947493319,0.00029127483864549756,1755.1535945154315,-3.0656201e-03,379945,1042.60937,1775.56236,1.5909273e+05,4.6344467e+01,5.5465425e+03,1.4249279e+01,1.6657016e+05,4.8520397e+01,0,nan,nan,nan,nan,1042.60937,2.7119249e-04,1775.56236,2.4204400e-04,-1.5796533e-02,3.0471547e-02
-0.4563689465317111,0.9990285621724704,0.00029427431581155277,1742.8840310536698,-3.1901596e-03,371111,1042.61633,1775.51991,1.5899248e+05,4.6805748e+01,7.1895786e+03,1.5055801e+01,1.6636088e+05,4.9003338e+01,0,nan,nan,nan,nan,1042.61633,2.7492730e-04,1775.51991,2.4578732e-04,-9.3034571e-03,-1.4578077e-02
-0.4560418774540267,0.9997269808657477,0.0002819504504824225,1920.7958781227494,3.1837407e-03,499203,471.02111,463.89344,1.6391619e+05,4.6214558e+01,2.6093008e+03,1.3455901e+01,1.6976945e+05,4.7879646e+01,0,nan,nan,nan,nan,471.02111,2.5901178e-04,463.89344,2.9413647e-04,2.3273043e-02,-7.3664775e-03
-0.4560324380588554,0.9999313938119728,0.0002841720347748868,1730.6146075621425,-3.1751900e-03,362277,1328.19909,1819.01872,1.5834336e+05,4.4951889e+01,4.1458799e+03,1.1676382e+01,1.6618603e+05,4.7228664e+01,0,nan,nan,nan,nan,1328.19909,2.5973897e-04,1819.01872,2.2970670e-04,-3.9713769e-03,3.9400395e-02
-0.4558913363493957,0.9998096283049281,0.00028791939617727434,1914.661148663854,3.1738915e-03,494786,471.01387,463.89399,1.6424612e+05,4.7203094e+01,5.7343467e+03,1.5289705e+01,1.6982005e+05,4.8903797e+01,0,nan,nan,nan,nan,471.01387,2.6431377e-04,463.89399,2.9994026e-04,1.6068039e-02,-7.2996779e-03
-0.45576846945596117,1.0007420880854732,0.0002820813835515471,1908.5263915307473,3.1363682e-03,490369,471.00113,463.87777,1.6405053e+05,4.6229542e+01,2.6006985e+03,1.3486861e+01,1.6991805e+05,4.7895172e+01,0,nan,nan,nan,nan,471.00113,2.5792583e-04,463.87777,2.9310698e-04,9.0553320e-04,-2.4765786e-02
-0.4556922652632238,1.0003225935914253,0.00028247147257287597,1902.39158773494,3.0521825e-03,485952,470.98591,463.85708,1.6405389e+05,4.6305164e+01,2.8499270e+03,1.3599636e+01,1.6988967e+05,4.7973515e+01,0,nan,nan,nan,nan,470.98591,2.5814766e-04,463.85708,2.9391734e-04,-1.5109545e-02,-4.6996351e-02
-0.455558039034031,0.9995196104081433,0.0002839936873163852,1718.3453219611672,-3.0216861e-03,353443,1328.20547,1818.98121,1.5768572e+05,4.4901081e+01,4.2525972e+03,1.1781375e+01,1.6603406e+05,4.7175285e+01,0,nan,nan,nan,nan,1328.20547,2.6098418e-04,1818.98121,2.3114958e-04,3.9105285e-03,-1.4877106e-03
-0.45527325731814017,1.0002361815296603,0.0002821550014995897,1712.210726742883,-2.8973522e-03,349026,1328.20856,1818.98529,1.5864358e+05,4.4663410e+01,2.9260278e+03,1.1008339e+01,1.6635062e+05,4.6925575e+01,0,nan,nan,nan,nan,1328.20856,2.5744867e-04,1818.98529,2.2709576e-04,6.1308532e-03,2.9571359e-03
-0.45521891203406994,1.0001620056767593,0.0002970934102872347,1761.2898210881676,-2.9473971e-03,384363,1042.63228,1775.57107,1.5921120e+05,4.7269577e+01,8.8806045e+03,1.5810009e+01,1.6660405e+05,4.9488945e+01,0,nan,nan,nan,nan,1042.63228,2.7857372e-04,1775.57107,2.4809415e-04,9.2053693e-03,4.0531848e-02
-0.45517657415530266,1.0004737362154645,0.0002913379802176998,1755.1549834260463,-3.0655977e-03,379946,1042.60872,1775.56826,1.5916127e+05,4.6354427e+01,5.5352622e+03,1.4247123e+01,1.6665805e+05,4.8530827e+01,0,nan,nan,nan,nan,1042.60872,2.7134540e-04,1775.56826,2.4211992e-04,-1.6653707e-02,3.7100121e-02
-0.45498005128297336,1.0001453521661632,0.00029434606100642763,1742.8854199489185,-3.1901526e-03,371112,1042.61600,1775.52747,1.5910427e+05,4.6817196e+01,7.2102876e+03,1.5070955e+01,1.6654698e+05,4.9015324e+01,0,nan,nan,nan,nan,1042.61600,2.7496560e-04,1775.52747,2.4530137e-04,-9.1896560e-03,-6.2560304e-03
-0.4546529903213923,1.0003449581132622,0.00028225500230225883,1920.797267009882,3.1837395e-03,499204,471.02603,463.89191,1.6417038e+05,4.6264542e+01,2.5887930e+03,1.3554198e+01,1.6987462e+05,4.7931427e+01,0,nan,nan,nan,nan,471.02603,2.5853186e-04,463.89191,2.9335867e-04,2.7936501e-02,-8.9162476e-03
-0.4546435583897619,1.0002643491176413,0.0002841116093021646,1730.6159964418116,-3.1751986e-03,362278,1328.19849,1819.01845,1.5837972e+05,4.4942493e+01,4.1492563e+03,1.1679212e+01,1.6624197e+05,4.7218792e+01,0,nan,nan,nan,nan,1328.19849,2.5966854e-04,1819.01845,2.2935325e-04,-4.9843518e-03,3.9207917e-02
-0.454502443860747,1.0004290713745994,0.00028808056196864194,1914.6625375563426,3.1738956e-03,494787,471.01489,463.89915,1.6422656e+05,4.7229378e+01,5.7459243e+03,1.5423087e+01,1.6992477e+05,4.8931026e+01,0,nan,nan,nan,nan,471.01489,2.6440038e-04,463.89915,2.9978258e-04,1.6913990e-02,-2.5710936e-03
-0.45437956602381746,0.9996392682417592,0.00028205944507285203,1908.5277804341795,3.1363834e-03,490370,470.99710,463.86995,1.6389772e+05,4.6225937e+01,2.6037026e+03,1.3521925e+01,1.6973075e+05,4.7891438e+01,0,nan,nan,nan,nan,470.99710,2.5806247e-04,463.86995,2.9366181e-04,-3.2342998e-03,-3.3201348e-02
-0.45430335438095426,1.0003059588917513,0.0002824861463204934,1902.3929766458223,3.0522051e-03,485953,470.98471,463.85282,1.6402984e+05,4.6307537e+01,2.8507881e+03,1.3652575e+01,1.6988675e+05,4.7975975e+01,0,nan,nan,nan,nan,470.98471,2.5808593e-04,463.85282,2.9378070e-04,-1.6120864e-02,-5.2512236e-02
-0.45416917449824723,0.9998935897291318,0.00028392804531545177,1718.346710825703,-3.0217099e-03,353444,1328.19796,1818.98097,1.5773306e+05,4.4890553e+01,4.2399019e+03,1.1737704e+01,1.6609561e+05,4.7164219e+01,0,nan,nan,nan,nan,1328.19796,2.6040734e-04,1818.98097,2.3109198e-04,-5.6357160e-03,-2.4041056e-03
-0.4538844023290949,0.9995785121738513,0.00028198889729525464,1712.212115597872,-2.8973855e-03,349027,1328.21067,1818.99212,1.5841355e+05,4.4636902e+01,2.9447952e+03,1.1014672e+01,1.6624042e+05,4.6897720e+01,0,nan,nan,nan,nan,1328.21067,2.5776727e-04,1818.99212,2.2742365e-04,8.8319685e-03,1.0449816e-02
-0.45382999280400327,1.0000582514080816,0.00029713682882712486,1761.2912100073977,-2.9473661e-03,384364,1042.63456,1775.57522,1.5926189e+05,4.7276474e+01,8.8746973e+03,1.5815541e+01,1.6658670e+05,4.9496166e+01,0,nan,nan,nan,nan,1042.63456,2.7806038e-04,1775.57522,2.4800445e-04,1.1228545e-02,4.5288548e-02
-0.45378766353951505,0.9998563255381089,0.0002910498350370046,1755.1563723366621,-3.0655754e-03,379947,1042.60332,1775.55721,1.5893066e+05,4.6308498e+01,5.5321318e+03,1.4193294e+01,1.6655491e+05,4.8482742e+01,0,nan,nan,nan,nan,1042.60332,2.7187262e-04,1775.55721,2.4259365e-04,-2.1086480e-02,2.5131093e-02
-0.45359115626706625,0.9997167828891599,0.0002942758679339583,1742.8868088439344,-3.1901458e-03,371113,1042.61774,1775.51506,1.5895241e+05,4.6806072e+01,7.2014229e+03,1.5023980e+01,1.6647575e+05,4.9003677e+01,0,nan,nan,nan,nan,1042.61774,2.7480657e-04,1775.51506,2.4626261e-04,-7.2825295e-03,-2.0054612e-02
-0.45326410295592723,0.9996360457680264,0.0002821792795043521,1920.7986558972475,3.1837386e-03,499205,471.02447,463.88535,1.6407733e+05,4.6252190e+01,2.5908921e+03,1.3506484e+01,1.6975447e+05,4.7918633e+01,0,nan,nan,nan,nan,471.02447,2.5874120e-04,463.88535,2.9359350e-04,2.6146658e-02,-1.6864879e-02
-0.4532546787206684,1.0010156539492072,0.0002842354261672564,1730.6173853214807,-3.1752072e-03,362279,1328.20385,1819.02073,1.5854542e+05,4.4962231e+01,4.1394023e+03,1.1680437e+01,1.6636742e+05,4.7239532e+01,0,nan,nan,nan,nan,1328.20385,2.5972142e-04,1819.02073,2.2934040e-04,1.3800336e-03,4.2189959e-02
-0.4531135513730078,1.0000096427360485,0.0002879347056896697,1914.6639264488304,3.1738998e-03,494788,471.01648,463.89213,1.6432034e+05,4.7205326e+01,5.7380308e+03,1.5304885e+01,1.6985303e+05,4.8906109e+01,0,nan,nan,nan,nan,471.01648,2.6425047e-04,463.89213,2.9956806e-04,1.8200515e-02,-9.5344577e-03
-0.4529906625921285,1.0001039264519425,0.00028213845000532134,1908.5291693376112,3.1363985e-03,490371,471.00209,463.87572,1.6400145e+05,4.6238876e+01,2.6063962e+03,1.3538127e+01,1.6980959e+05,4.7904839e+01,0,nan,nan,nan,nan,471.00209,2.5802531e-04,463.87572,2.9320933e-04,1.9010440e-03,-2.6466515e-02
-0.45291444373151535,0.9995506782418565,0.00028240817486970617,1902.3943655564717,3.0522274e-03,485954,470.98370,463.84265,1.6384128e+05,4.6294724e+01,2.8417922e+03,1.3679087e+01,1.6975836e+05,4.7962700e+01,0,nan,nan,nan,nan,470.98370,2.5848110e-04,463.84265,2.9424170e-04,-1.6695574e-02,-6.3831128e-02
-0.45278030996223606,1.0000539135932747,0.0002840834666862968,1718.348099690239,-3.0217336e-03,353445,1328.20927,1818.99188,1.5786744e+05,4.4914970e+01,4.2504829e+03,1.1751615e+01,1.6612167e+05,4.7189877e+01,0,nan,nan,nan,nan,1328.20927,2.6070903e-04,1818.99188,2.3044049e-04,6.8352376e-03,1.0844394e-02
-0.4524955473393675,1.000582497097436,0.0002820765003930489,1712.2135044528618,-2.8974188e-03,349028,1328.20777,1818.98008,1.5864016e+05,4.4650547e+01,2.9218647e+03,1.1000132e+01,1.6640658e+05,4.6912056e+01,0,nan,nan,nan,nan,1328.20777,2.5754527e-04,1818.98008,2.2772899e-04,5.5414871e-03,-2.7725084e-03
-0.4524410738063125,0.9998410931369908,0.00029715334379862524,1761.2925989263954,-2.9473354e-03,384365,1042.62547,1775.56662,1.5922205e+05,4.7279087e+01,8.8741533e+03,1.5792779e+01,1.6655050e+05,4.9498901e+01,0,nan,nan,nan,nan,1042.62547,2.7838669e-04,1775.56662,2.4839010e-04,1.9781906e-03,3.6037918e-02
-0.45239875292372744,1.0002279569223365,0.00029139858560272094,1755.157761247278,-3.0655530e-03,379948,1042.61578,1775.57227,1.5916522e+05,4.6363907e+01,5.5156519e+03,1.4226625e+01,1.6661652e+05,4.8540752e+01,0,nan,nan,nan,nan,1042.61578,2.7125806e-04,1775.57227,2.4216736e-04,-1.0095532e-02,4.1064002e-02
-0.4522022610190106,1.000437112675522,0.00029430508000572375,1742.8881977391825,-3.1901388e-03,371114,1042.61025,1775.53061,1.5915439e+05,4.6810760e+01,7.1646504e+03,1.4998400e+01,1.6659584e+05,4.9008583e+01,0,nan,nan,nan,nan,1042.61025,2.7483204e-04,1775.53061,2.4561043e-04,-1.5768321e-02,-3.6284283e-03
-0.45187521559000743,0.9997930430446887,0.0002820445345830647,1920.8000447846134,3.1837376e-03,499206,471.02346,463.87916,1.6411216e+05,4.6230171e+01,2.5910901e+03,1.3484075e+01,1.6978136e+05,4.7895817e+01,0,nan,nan,nan,nan,471.02346,2.5848331e-04,463.87916,2.9314772e-04,2.5649015e-02,-2.3097942e-02
-0.451865799283496,1.000289831303824,0.0002841087968501544,1730.6187742009179,-3.1752160e-03,362280,1328.20294,1819.02360,1.5841528e+05,4.4942360e+01,4.1456885e+03,1.1647911e+01,1.6624736e+05,4.7218651e+01,0,nan,nan,nan,nan,1328.20294,2.5976897e-04,1819.02360,2.2941940e-04,-4.8188682e-04,4.4805288e-02
-0.4517246586519832,1.0010099182825198,0.0002879262585319263,1914.6653153415514,3.1739043e-03,494789,471.00913,463.88695,1.6444803e+05,4.7203804e+01,5.7416890e+03,1.5260901e+01,1.7002244e+05,4.8904533e+01,0,nan,nan,nan,nan,471.00913,2.6394732e-04,463.88695,2.9959789e-04,1.0115615e-02,-1.5776142e-02
-0.4516017591608943,1.000490456200683,0.0002821279019713029,1908.5305582410424,3.1364136e-03,490372,470.99726,463.88058,1.6404997e+05,4.6237137e+01,2.5984233e+03,1.3522012e+01,1.6987519e+05,4.7903038e+01,0,nan,nan,nan,nan,470.99726,2.5787254e-04,463.88058,2.9320573e-04,-2.5298800e-03,-2.1963103e-02
-0.4515255328501553,0.9998842999438252,0.00028245020855900953,1902.395754467353,3.0522500e-03,485955,470.98281,463.86936,1.6399486e+05,4.6301582e+01,2.8638467e+03,1.3639846e+01,1.6981491e+05,4.7969807e+01,0,nan,nan,nan,nan,470.98281,2.5815953e-04,463.86936,2.9377779e-04,-1.8060820e-02,-3.4098830e-02
-0.4513914456586008,1.0001413888581854,0.0002841227279780934,1718.3494885545426,-3.0217576e-03,353446,1328.20168,1818.97558,1.5788627e+05,4.4921032e+01,4.2561035e+03,1.1737369e+01,1.6613564e+05,4.7196239e+01,0,nan,nan,nan,nan,1328.20168,2.6054360e-04,1818.97558,2.3088137e-04,-1.5079021e-03,-7.7410773e-03
-0.45110669211658205,1.0001932976558658,0.00028199609012895103,1712.2148933080846,-2.8974519e-03,349029,1328.20723,1818.98280,1.5854722e+05,4.4637592e+01,2.9227214e+03,1.0977040e+01,1.6634102e+05,4.6898449e+01,0,nan,nan,nan,nan,1328.20723,2.5739835e-04,1818.98280,2.2744003e-04,4.7754976e-03,8.9694251e-04
-0.45105215480907646,0.999709998860955,0.00029705161149884456,1761.2939878453926,-2.9473046e-03,384366,1042.63377,1775.56777,1.5923545e+05,4.7262894e+01,8.8898320e+03,1.5806387e+01,1.6652862e+05,4.9481945e+01,0,nan,nan,nan,nan,1042.63377,2.7790610e-04,1775.56777,2.4801077e-04,1.0294996e-02,3.7455384e-02
-0.4510098423083946,0.9999509488495344,0.00029107522789364966,1755.1591501578932,-3.0655307e-03,379949,1042.61068,1775.56106,1.5887647e+05,4.6312378e+01,5.5181772e+03,1.4220284e+01,1.6657008e+05,4.8486801e+01,0,nan,nan,nan,nan,1042.61068,2.7211744e-04,1775.56106,2.4296834e-04,-1.4808339e-02,2.9982179e-02
-0.450813365770955,0.9998617552152733,0.0002941430143611442,1742.8895866344305,-3.1901319e-03,371115,1042.61328,1775.52252,1.5895283e+05,4.6785019e+01,7.1600918e+03,1.5044117e+01,1.6650017e+05,4.8981636e+01,0,nan,nan,nan,nan,1042.61328,2.7478454e-04,1775.52252,2.4544750e-04,-1.3102637e-02,-1.2571974e-02
-0.4504863284564635,1.0000043796021352,0.000282070308970404,1920.801433671747,3.1837365e-03,499207,471.02539,463.89595,1.6412861e+05,4.6234455e+01,2.5976353e+03,1.3459352e+01,1.6981748e+05,4.7900257e+01,0,nan,nan,nan,nan,471.02539,2.5841463e-04,463.89595,2.9363399e-04,2.7485471e-02,-5.0801891e-03
-0.45047691961303826,1.0006660233907765,0.00028414412372617265,1730.6201630805883,-3.1752246e-03,362281,1328.19841,1819.01557,1.5842602e+05,4.4948097e+01,4.1463940e+03,1.1654611e+01,1.6631044e+05,4.7224678e+01,0,nan,nan,nan,nan,1328.19841,2.5972235e-04,1819.01557,2.2951872e-04,-4.3967115e-03,3.6172256e-02
-0.450335766164244,0.9999332964175354,0.0002877180323483262,1914.6667042340391,3.1739085e-03,494790,471.01398,463.89665,1.6425205e+05,4.7169525e+01,5.7306885e+03,1.5225952e+01,1.6983908e+05,4.8869022e+01,0,nan,nan,nan,nan,471.01398,2.6418595e-04,463.89665,2.9981142e-04,1.5492669e-02,-4.4083828e-03
-0.4502128554972842,1.0000781325263568,0.00028207559228569083,1908.531947144706,3.1364290e-03,490373,470.99866,463.86282,1.6395581e+05,4.6228546e+01,2.5942024e+03,1.3446494e+01,1.6980512e+05,4.7894138e+01,0,nan,nan,nan,nan,470.99866,2.5817644e-04,463.86282,2.9375238e-04,-2.0279519e-03,-4.1116871e-02
-0.4501366222007164,0.999934687713296,0.00028237806409694483,1902.3971433780025,3.0522724e-03,485956,470.98963,463.85255,1.6398548e+05,4.6289726e+01,2.8439602e+03,1.3632238e+01,1.6982334e+05,4.7957520e+01,0,nan,nan,nan,nan,470.98963,2.5805336e-04,463.85255,2.9372575e-04,-1.1910500e-02,-5.2745007e-02
-0.450002581122817,0.9999928474401738,0.0002839827487476434,1718.3508774190784,-3.0217813e-03,353447,1328.20565,1818.98813,1.5775117e+05,4.4898750e+01,4.2431050e+03,1.1740094e+01,1.6611042e+05,4.7172832e+01,0,nan,nan,nan,nan,1328.20565,2.6056086e-04,1818.98813,2.3101164e-04,3.1617645e-03,5.7414602e-03
-0.44971783712753677,1.000089452343291,0.00028198281783183037,1712.2162821630736,-2.8974852e-03,349030,1328.20335,1818.98011,1.5850041e+05,4.4635273e+01,2.9358723e+03,1.0993916e+01,1.6632292e+05,4.6896008e+01,0,nan,nan,nan,nan,1328.20335,2.5739137e-04,1818.98011,2.2782593e-04,9.5600227e-04,-2.7672087e-03
-0.44966323557855503,1.0001324997034082,0.0002971709044789943,1761.2953767646231,-2.9472737e-03,384367,1042.62752,1775.57080,1.5925636e+05,4.7281872e+01,8.8795039e+03,1.5819674e+01,1.6659898e+05,4.9501812e+01,0,nan,nan,nan,nan,1042.62752,2.7823666e-04,1775.57080,2.4804598e-04,3.7342645e-03,4.0410567e-02
-0.449620931692607,1.0007446321148779,0.00029132070402399874,1755.160539068509,-3.0655083e-03,379950,1042.61843,1775.58027,1.5930498e+05,4.6351353e+01,5.4827676e+03,1.4203558e+01,1.6670198e+05,4.8527603e+01,0,nan,nan,nan,nan,1042.61843,2.7104496e-04,1775.58027,2.4188873e-04,-6.8252985e-03,5.0563622e-02
-0.4494244707548205,0.9996427109733755,0.0002941053002794979,1742.8909755294467,-3.1901251e-03,371116,1042.61640,1775.52420,1.5893848e+05,4.6779060e+01,7.1930356e+03,1.5055133e+01,1.6646384e+05,4.8975395e+01,0,nan,nan,nan,nan,1042.61640,2.7477962e-04,1775.52420,2.4534605e-04,-8.3613321e-03,-9.9349301e-03
-0.44909744108963423,0.9998477341270368,0.0002821362974280193,1920.8028225591138,3.1837355e-03,499208,471.02572,463.88955,1.6415175e+05,4.6245335e+01,2.5870000e+03,1.3487747e+01,1.6979111e+05,4.7911533e+01,0,nan,nan,nan,nan,471.02572,2.5854469e-04,463.88955,2.9320663e-04,2.7311467e-02,-1.2132693e-02
-0.44908803994235313,1.000068102670883,0.00028417403119765616,1730.621551960259,-3.1752333e-03,362282,1328.19944,1819.02341,1.5838219e+05,4.4952980e+01,4.1563833e+03,1.1684426e+01,1.6621161e+05,4.7229805e+01,0,nan,nan,nan,nan,1328.19944,2.5957829e-04,1819.02341,2.2941407e-04,-4.2384407e-03,4.5164086e-02
-0.44894687367559527,1.0001364684813019,0.00028785463833994626,1914.6680931265278,3.1739126e-03,494791,471.01670,463.89696,1.6432008e+05,4.7191792e+01,5.7259893e+03,1.5255600e+01,1.6987309e+05,4.8892090e+01,0,nan,nan,nan,nan,471.01670,2.6422183e-04,463.89696,2.9971084e-04,1.8583165e-02,-4.1218218e-03
-0.44882395206604997,0.9995256865972932,0.0002820273331278904,1908.5333360481372,3.1364441e-03,490374,471.00297,463.88607,1.6384492e+05,4.6220631e+01,2.5959353e+03,1.3519291e+01,1.6971128e+05,4.7885933e+01,0,nan,nan,nan,nan,471.00297,2.5846844e-04,463.88607,2.9346600e-04,3.0115678e-03,-1.4993227e-02
-0.44874771155127746,0.9995916525132704,0.0002826016789914543,1902.398532288652,3.0522947e-03,485957,470.98340,463.85667,1.6391861e+05,4.6326347e+01,2.8437791e+03,1.3767002e+01,1.6976497e+05,4.7995464e+01,0,nan,nan,nan,nan,470.98340,2.5826247e-04,463.85667,2.9385538e-04,-1.7504772e-02,-4.8343651e-02
-0.4486137168203186,1.0004362815107686,0.0002840799600822736,1718.352266283381,-3.0218053e-03,353448,1328.20634,1818.99022,1.5791789e+05,4.4913975e+01,4.2496304e+03,1.1733546e+01,1.6618355e+05,4.7188828e+01,0,nan,nan,nan,nan,1328.20634,2.6038548e-04,1818.99022,2.3027216e-04,3.7065274e-03,8.8008856e-03
-0.4483289821384915,0.9999793118238137,0.000282013801986772,1712.2176710180627,-2.8975185e-03,349031,1328.20832,1818.98569,1.5853002e+05,4.4639954e+01,2.9178589e+03,1.0966174e+01,1.6630377e+05,4.6900925e+01,0,nan,nan,nan,nan,1328.20832,2.5722678e-04,1818.98569,2.2744738e-04,5.5478602e-03,3.6414706e-03
-0.44827431658086425,0.9996007564409621,0.0002969949371982998,1761.2967656836208,-2.9472429e-03,384368,1042.63898,1775.58373,1.5924505e+05,4.7253864e+01,8.8556592e+03,1.5770051e+01,1.6651039e+05,4.9472492e+01,0,nan,nan,nan,nan,1042.63898,2.7797834e-04,1775.58373,2.4778082e-04,1.6048688e-02,5.4535612e-02
-0.4482320210772741,1.000771554803697,0.0002913954239519975,1755.1619279791244,-3.0654860e-03,379951,1042.61152,1775.56504,1.5928959e+05,4.6363159e+01,5.5115952e+03,1.4227213e+01,1.6670617e+05,4.8539967e+01,0,nan,nan,nan,nan,1042.61152,2.7104188e-04,1775.56504,2.4197424e-04,-1.4449731e-02,3.3347834e-02
-0.44803557550540063,0.9991101431452949,0.00029408420517665096,1742.892364424696,-3.1901181e-03,371117,1042.61654,1775.51899,1.5896306e+05,4.6775745e+01,7.1886392e+03,1.5003722e+01,1.6637530e+05,4.8971928e+01,0,nan,nan,nan,nan,1042.61654,2.7474572e-04,1775.51899,2.4556447e-04,-8.8719986e-03,-1.5902964e-02
-0.4477085537232597,1.0000897968841531,0.0002820977793817969,1920.8042114464802,3.1837346e-03,499209,471.02439,463.88733,1.6420380e+05,4.6239082e+01,2.6014812e+03,1.3451244e+01,1.6983245e+05,4.7905056e+01,0,nan,nan,nan,nan,471.02439,2.5819181e-04,463.88733,2.9322505e-04,2.6061237e-02,-1.4075729e-02
-0.4476991602725775,0.9998082159243047,0.0002840661450711349,1730.6229408399288,-3.1752419e-03,362283,1328.20277,1819.02094,1.5837945e+05,4.4936050e+01,4.1402129e+03,1.1649027e+01,1.6616894e+05,4.7212025e+01,0,nan,nan,nan,nan,1328.20277,2.5981196e-04,1819.02094,2.2928228e-04,-4.9777079e-04,4.2263877e-02
-0.44755798118603707,1.0001408240477938,0.0002878717687588933,1914.6694820190173,3.1739168e-03,494792,471.01657,463.89731,1.6418644e+05,4.7194462e+01,5.7150068e+03,1.5323229e+01,1.6987336e+05,4.8894859e+01,0,nan,nan,nan,nan,471.01657,2.6443935e-04,463.89731,3.0040561e-04,1.8164577e-02,-3.8313796e-03
-0.44743504863390626,0.9998889018547266,0.0002820845285446714,1908.5347249515694,3.1364593e-03,490375,471.00023,463.87417,1.6388834e+05,4.6229984e+01,2.5961084e+03,1.3509260e+01,1.6977289e+05,4.7895630e+01,0,nan,nan,nan,nan,471.00023,2.5820485e-04,463.87417,2.9357822e-04,3.0292923e-04,-2.8211240e-02
-0.44735880066946265,0.9996948657269342,0.00028247344011630456,1902.3999211995338,3.0523173e-03,485958,470.98691,463.85636,1.6393039e+05,4.6305298e+01,2.8458779e+03,1.3679471e+01,1.6978238e+05,4.7973652e+01,0,nan,nan,nan,nan,470.98691,2.5852962e-04,463.85636,2.9386079e-04,-1.4155930e-02,-4.9170908e-02
-0.4472248522845348,0.9999817879638833,0.00028409369840179036,1718.3536551479167,-3.0218291e-03,353449,1328.20196,1818.98243,1.5783208e+05,4.4916004e+01,4.2564619e+03,1.1741000e+01,1.6610752e+05,4.7190960e+01,0,nan,nan,nan,nan,1328.20196,2.6059849e-04,1818.98243,2.3104985e-04,-3.5420796e-04,-6.9920957e-04
-0.44694012691593343,0.9994985758384932,0.0002819860595630727,1712.2190598732852,-2.8975515e-03,349032,1328.20797,1818.98512,1.5851333e+05,4.4635334e+01,2.9363376e+03,1.0975851e+01,1.6622297e+05,4.6896076e+01,0,nan,nan,nan,nan,1328.20797,2.5739116e-04,1818.98512,2.2732296e-04,5.2442257e-03,3.0931777e-03
-0.4468853975827187,0.9998978231297114,0.00029703696894932467,1761.298154602619,-2.9472122e-03,384369,1042.62102,1775.56235,1.5923588e+05,4.7260555e+01,8.8673184e+03,1.5772555e+01,1.6655988e+05,4.9479496e+01,0,nan,nan,nan,nan,1042.62102,2.7808227e-04,1775.56235,2.4818504e-04,-3.2586039e-03,3.0816875e-02
-0.4468431104608044,0.9994394482838219,0.00029126071325837467,1755.1633168897408,-3.0654636e-03,379952,1042.61499,1775.57539,1.5904823e+05,4.6341640e+01,5.4932075e+03,1.4258465e+01,1.6648398e+05,4.8517441e+01,0,nan,nan,nan,nan,1042.61499,2.7153897e-04,1775.57539,2.4214854e-04,-1.0608557e-02,4.4755165e-02
-0.44664668025598075,1.0002907278236903,0.0002941288649132367,1742.8937533199455,-3.1901111e-03,371118,1042.61510,1775.52513,1.5912345e+05,4.6782887e+01,7.1803535e+03,1.4982076e+01,1.6657205e+05,4.8979404e+01,0,nan,nan,nan,nan,1042.61510,2.7450884e-04,1775.52513,2.4545629e-04,-1.0298239e-02,-9.4807195e-03
-0.4463196665901705,1.000666498097537,0.00028225496419952004,1920.8056003336133,3.1837334e-03,499210,471.02319,463.88695,1.6427691e+05,4.6264915e+01,2.5964360e+03,1.3506939e+01,1.6993062e+05,4.7931816e+01,0,nan,nan,nan,nan,471.02319,2.5830392e-04,463.88695,2.9290063e-04,2.4696609e-02,-1.4814883e-02
-0.44631028083631463,1.0007967856636037,0.0002842036820264276,1730.624329719365,-3.1752507e-03,362284,1328.20102,1819.02112,1.5844673e+05,4.4957958e+01,4.1425312e+03,1.1669797e+01,1.6633377e+05,4.7235035e+01,0,nan,nan,nan,nan,1328.20102,2.5976030e-04,1819.02112,2.2955691e-04,-2.3228941e-03,4.2475875e-02
-0.44616908869761573,1.000171127594955,0.0002879705619730697,1914.6708709115057,3.1739210e-03,494793,471.00867,463.88305,1.6427423e+05,4.7210533e+01,5.7259185e+03,1.5312539e+01,1.6987805e+05,4.8911503e+01,0,nan,nan,nan,nan,471.00867,2.6457844e-04,463.88305,2.9977463e-04,1.0281747e-02,-1.9716024e-02
-0.4460461452013078,0.9999422895402353,0.0002820214931911787,1908.536113855002,3.1364744e-03,490376,470.99639,463.87343,1.6398236e+05,4.6219639e+01,2.5971907e+03,1.3487484e+01,1.6978191e+05,4.7884907e+01,0,nan,nan,nan,nan,470.99639,2.5798564e-04,463.87343,2.9308145e-04,-4.0581343e-03,-2.8838491e-02
-0.44596989002002374,1.000624415756552,0.0002823776493514785,1902.4013101101832,3.0523397e-03,485959,470.98336,463.85446,1.6408878e+05,4.6289555e+01,2.8433706e+03,1.3572407e+01,1.6994012e+05,4.7957348e+01,0,nan,nan,nan,nan,470.98336,2.5808704e-04,463.85446,2.9372191e-04,-1.7612133e-02,-5.0956529e-02
-0.445835987748751,1.000278979935696,0.0002840835782145649,1718.3550440124525,-3.0218528e-03,353450,1328.20412,1818.98186,1.5788739e+05,4.4914261e+01,4.2541885e+03,1.1731684e+01,1.6615638e+05,4.7189129e+01,0,nan,nan,nan,nan,1328.20412,2.6056965e-04,1818.98186,2.3107597e-04,1.5276566e-03,-1.0571083e-03
-0.44549647835174255,0.999942508465432,0.00029695784357502525,1761.29954352185,-2.9471812e-03,384370,1042.63211,1775.57342,1.5921242e+05,4.7247963e+01,8.8699482e+03,1.5772380e+01,1.6656731e+05,4.9466312e+01,0,nan,nan,nan,nan,1042.63211,2.7818838e-04,1775.57342,2.4799968e-04,9.1360612e-03,4.2966481e-02
-0.44545419984433465,1.0002581505181165,0.00029124172957594385,1755.1647058003573,-3.0654413e-03,379953,1042.60495,1775.55630,1.5915564e+05,4.6338539e+01,5.4780474e+03,1.4218794e+01,1.6662006e+05,4.8514191e+01,0,nan,nan,nan,nan,1042.60495,2.7121065e-04,1775.55630,2.4198269e-04,-2.0941971e-02,2.3993175e-02
-0.44525778523984627,0.9995428152386489,0.00029397997712271237,1742.8951422149617,-3.1901044e-03,371119,1042.61053,1775.52328,1.5894012e+05,4.6759251e+01,7.1810562e+03,1.4989470e+01,1.6644764e+05,4.8954655e+01,0,nan,nan,nan,nan,1042.61053,2.7475908e-04,1775.52328,2.4539442e-04,-1.5728332e-02,-1.1749124e-02
-0.4449307792247055,1.0004679199340323,0.00028212925278006895,1920.8069892209787,3.1837325e-03,499211,471.02648,463.89331,1.6420186e+05,4.6244377e+01,2.5946423e+03,1.3453695e+01,1.6989716e+05,4.7910538e+01,0,nan,nan,nan,nan,471.02648,2.5840450e-04,463.89331,2.9343818e-04,2.8738050e-02,-7.1573188e-03
-0.4449214011672211,1.0003871398786854,0.0002841476834028749,1730.6257185990341,-3.1752593e-03,362285,1328.20047,1819.02274,1.5838670e+05,4.4949234e+01,4.1557012e+03,1.1682526e+01,1.6626619e+05,4.7225868e+01,0,nan,nan,nan,nan,1328.20047,2.5983001e-04,1819.02274,2.2953874e-04,-2.4693627e-03,4.3432232e-02
-0.44478019620964915,1.0003640743637847,0.0002878217396767335,1914.6722598039937,3.1739252e-03,494794,471.01314,463.89900,1.6434567e+05,4.7186008e+01,5.7265415e+03,1.5250407e+01,1.6991034e+05,4.8886093e+01,0,nan,nan,nan,nan,471.01314,2.6410382e-04,463.89900,2.9947446e-04,1.4960520e-02,-2.6522323e-03
-0.44465724177052834,0.9998618727803706,0.0002818970785535174,1908.5375027584328,3.1364895e-03,490377,470.99932,463.87620,1.6388955e+05,4.6199230e+01,2.6093459e+03,1.3460925e+01,1.6976819e+05,4.7863766e+01,0,nan,nan,nan,nan,470.99932,2.5797045e-04,463.87620,2.9346280e-04,-4.8775162e-04,-2.5998430e-02
-0.44458097913729944,0.9998144428930515,0.0002823033075125814,1902.402699021066,3.0523622e-03,485960,470.99038,463.84897,1.6391994e+05,4.6277340e+01,2.8469109e+03,1.3601710e+01,1.6980244e+05,4.7944687e+01,0,nan,nan,nan,nan,470.99038,2.5836940e-04,463.84897,2.9401382e-04,-1.0008228e-02,-5.6874622e-02
-0.44444712344647996,0.9994068649943962,0.00028397155712889233,1718.3564328767548,-3.0218768e-03,353451,1328.20293,1818.98863,1.5780127e+05,4.4896412e+01,4.2409971e+03,1.1725495e+01,1.6601100e+05,4.7170380e+01,0,nan,nan,nan,nan,1328.20293,2.6045341e-04,1818.98863,2.3063677e-04,-1.1751526e-04,6.1471732e-03
-0.4441624169355691,0.9996718283185302,0.00028183946221739065,1712.2218375832656,-2.8976181e-03,349034,1328.21236,1818.99321,1.5836509e+05,4.4611679e+01,2.9452441e+03,1.0953548e+01,1.6625011e+05,4.6871223e+01,0,nan,nan,nan,nan,1328.21236,2.5782644e-04,1818.99321,2.2793245e-04,1.0922861e-02,1.1199397e-02
-0.44410755935427915,0.9996538811281372,0.00029712188849020515,1761.3009324408474,-2.9471505e-03,384371,1042.62899,1775.56510,1.5922150e+05,4.7274067e+01,8.8682598e+03,1.5793103e+01,1.6651925e+05,4.9493645e+01,0,nan,nan,nan,nan,1042.62899,2.7868006e-04,1775.56510,2.4811775e-04,5.3996798e-03,3.4393180e-02
-0.44406528946183244,0.999788918302325,0.0002912517272542654,1755.1660947107398,-3.0654192e-03,379954,1042.60947,1775.56586,1.5912414e+05,4.6340050e+01,5.4738066e+03,1.4193451e+01,1.6654161e+05,4.8515774e+01,0,nan,nan,nan,nan,1042.60947,2.7128187e-04,1775.56586,2.4222232e-04,-1.5538317e-02,3.4930401e-02
-0.4438688899913359,1.000023203804415,0.0002941002281125927,1742.8965311102102,-3.1900974e-03,371120,1042.61704,1775.52660,1.5907780e+05,4.6778416e+01,7.1434521e+03,1.4998920e+01,1.6652778e+05,4.8974724e+01,0,nan,nan,nan,nan,1042.61704,2.7469962e-04,1775.52660,2.4527902e-04,-8.3400849e-03,-7.4686455e-03
-0.4435418918592404,0.9997375892518497,0.0002819358789591068,1920.8083781083442,3.1837316e-03,499212,471.02117,463.88240,1.6397920e+05,4.6212742e+01,2.5868948e+03,1.3457582e+01,1.6977338e+05,4.7877766e+01,0,nan,nan,nan,nan,471.02117,2.5857642e-04,463.88240,2.9366952e-04,2.3188232e-02,-2.0088380e-02
-0.4435325214974455,1.0005080949644614,0.00028412487276938066,1730.627107478704,-3.1752679e-03,362286,1328.20064,1819.02132,1.5846061e+05,4.4945759e+01,4.1509878e+03,1.1639623e+01,1.6628678e+05,4.7222221e+01,0,nan,nan,nan,nan,1328.20064,2.5949298e-04,1819.02132,2.2915227e-04,-3.2622654e-03,4.2955637e-02
-0.44339130372190994,1.0000802786796155,0.0002878804485437136,1914.6736486964815,3.1739294e-03,494795,471.01591,463.89869,1.6422162e+05,4.7195507e+01,5.7293711e+03,1.5317676e+01,1.6986169e+05,4.8895935e+01,0,nan,nan,nan,nan,471.01591,2.6443147e-04,463.89869,2.9989207e-04,1.7397935e-02,-2.7394085e-03
-0.4432683383397489,0.999566285615586,0.0002820596505100404,1908.5388916618635,3.1365047e-03,490378,471.00076,463.87693,1.6383184e+05,4.6225861e+01,2.5941145e+03,1.3578864e+01,1.6971794e+05,4.7891354e+01,0,nan,nan,nan,nan,471.00076,2.5811177e-04,463.87693,2.9364467e-04,3.8542497e-04,-2.5570156e-02
-0.4431920684878605,0.9998621526535048,0.00028228440159097125,1902.4040879317154,3.0523846e-03,485961,470.98342,463.85963,1.6388948e+05,4.6274204e+01,2.8575293e+03,1.3620884e+01,1.6981042e+05,4.7941441e+01,0,nan,nan,nan,nan,470.98342,2.5817688e-04,463.85963,2.9391976e-04,-1.7629026e-02,-4.5098364e-02
-0.4430582589113783,1.0004739853446654,0.000284116377522429,1718.3578217412899,-3.0219005e-03,353452,1328.20175,1818.98309,1.5799406e+05,4.4919178e+01,4.2530981e+03,1.1697835e+01,1.6618777e+05,4.7194294e+01,0,nan,nan,nan,nan,1328.20175,2.6006217e-04,1818.98309,2.3060979e-04,-1.5305564e-03,7.2992168e-04
-0.4427735617136932,1.0000179698686482,0.0002821753417304599,1712.2232264384875,-2.8976512e-03,349035,1328.20772,1818.98114,1.5862331e+05,4.4664619e+01,2.9448003e+03,1.1008743e+01,1.6630683e+05,4.6926846e+01,0,nan,nan,nan,nan,1328.20772,2.5730924e-04,1818.98114,2.2770620e-04,4.9890568e-03,-1.7721186e-03
-0.44271864035681574,1.0001006174305611,0.00029692042676171754,1761.3023213598449,-2.9471198e-03,384372,1042.63326,1775.57560,1.5920659e+05,4.7242016e+01,8.8575801e+03,1.5754604e+01,1.6659369e+05,4.9460091e+01,0,nan,nan,nan,nan,1042.63326,2.7799397e-04,1775.57560,2.4800390e-04,1.0478945e-02,4.5419145e-02
-0.4426763788460448,0.9994703366831904,0.00029113295676120676,1755.1674836213556,-3.0653968e-03,379955,1042.61297,1775.56643,1.5906978e+05,4.6321072e+01,5.4659575e+03,1.4187245e+01,1.6648825e+05,4.8495903e+01,0,nan,nan,nan,nan,1042.61297,2.7128070e-04,1775.56643,2.4206081e-04,-1.2562791e-02,3.4996863e-02
-0.44247999474237076,1.000281398942727,0.0002941440367649314,1742.8979200054591,-3.1900904e-03,371121,1042.61171,1775.51839,1.5904781e+05,4.6785427e+01,7.1463169e+03,1.4999456e+01,1.6657092e+05,4.8982059e+01,0,nan,nan,nan,nan,1042.61171,2.7458134e-04,1775.51839,2.4559422e-04,-1.4364382e-02,-1.6913770e-02
-0.4421530047256965,1.0001479800347859,0.0002822179869073237,1920.8097669954777,3.1837304e-03,499213,471.02510,463.89458,1.6411075e+05,4.6259052e+01,2.5937759e+03,1.3504877e+01,1.6984331e+05,4.7925743e+01,0,nan,nan,nan,nan,471.02510,2.5882630e-04,463.89458,2.9352607e-04,2.7685331e-02,-5.7084998e-03
-0.44214364182766985,1.0001743937027445,0.00028418875175496096,1730.6284963583737,-3.1752766e-03,362287,1328.19908,1819.01762,1.5844075e+05,4.4955990e+01,4.1507407e+03,1.1693883e+01,1.6623181e+05,4.7232971e+01,0,nan,nan,nan,nan,1328.19908,2.5957430e-04,1819.01762,2.2944629e-04,-4.3620169e-03,3.8224276e-02
-0.44200241100088533,1.0003932875875414,0.00028792270828095393,1914.6750375892025,3.1739338e-03,494796,471.01729,463.89441,1.6431517e+05,4.7202305e+01,5.7127695e+03,1.5290306e+01,1.6991439e+05,4.8902981e+01,0,nan,nan,nan,nan,471.01729,2.6444503e-04,463.89441,2.9958636e-04,2.0181889e-02,-7.9046674e-03
-0.44187943490851467,0.9996950669047624,0.0002818850666142812,1908.5402805652948,3.1365198e-03,490379,470.99892,463.87798,1.6377052e+05,4.6197227e+01,2.6066001e+03,1.3488099e+01,1.6973973e+05,4.7861691e+01,0,nan,nan,nan,nan,470.99892,2.5845846e-04,463.87798,2.9362045e-04,-1.2735525e-03,-2.4544898e-02
-0.44180315783910373,0.9999686340047556,0.00028219423690954823,1902.4054768423641,3.0524069e-03,485962,470.98348,463.84985,1.6390430e+05,4.6259388e+01,2.8339219e+03,1.3564524e+01,1.6982836e+05,4.7926090e+01,0,nan,nan,nan,nan,470.98348,2.5816707e-04,463.84985,2.9400754e-04,-1.7831873e-02,-5.5898532e-02
-0.44166939460842514,1.00023867187554,0.0002840416074353202,1718.3592106055928,-3.0219245e-03,353453,1328.20222,1818.98014,1.5794403e+05,4.4907227e+01,4.2445059e+03,1.1701303e+01,1.6614819e+05,4.7181736e+01,0,nan,nan,nan,nan,1328.20222,2.6024505e-04,1818.98014,2.3049393e-04,-7.7775313e-04,-2.6374776e-03
-0.4413847067239658,1.0003367283667703,0.00028223099739194373,1712.2246152934772,-2.8976845e-03,349036,1328.20583,1818.98769,1.5852833e+05,4.4673203e+01,2.9224902e+03,1.1067118e+01,1.6635900e+05,4.6935860e+01,0,nan,nan,nan,nan,1328.20583,2.5734369e-04,1818.98769,2.2757669e-04,2.9833354e-03,5.6848717e-03
-0.4413297211262943,1.0008931975210702,0.0002973097012468045,1761.3037102790754,-2.9470888e-03,384373,1042.63003,1775.56689,1.5945342e+05,4.7303963e+01,8.8572207e+03,1.5799939e+01,1.6672573e+05,4.9524944e+01,0,nan,nan,nan,nan,1042.63003,2.7756859e-04,1775.56689,2.4813745e-04,6.8414169e-03,3.6351025e-02
-0.4412874682304846,0.9997267314364536,0.0002912261753529704,1755.1688725319711,-3.0653744e-03,379956,1042.61226,1775.56911,1.5918344e+05,4.6335827e+01,5.4774004e+03,1.4215665e+01,1.6653067e+05,4.8511349e+01,0,nan,nan,nan,nan,1042.61226,2.7105070e-04,1775.56911,2.4183653e-04,-1.3660342e-02,3.7475571e-02
-0.441091099493633,0.9998305264283,0.00029396981791754054,1742.8993089007079,-3.1900834e-03,371122,1042.61510,1775.52368,1.5898739e+05,4.6757759e+01,7.1409771e+03,1.4971724e+01,1.6649600e+05,4.8953094e+01,0,nan,nan,nan,nan,1042.61510,2.7464173e-04,1775.52368,2.4548455e-04,-1.0370890e-02,-1.0927132e-02
-0.44076411735932197,0.9994690714159965,0.0002820183818011055,1920.811155882844,3.1837295e-03,499214,471.02255,463.88626,1.6405483e+05,4.6226402e+01,2.6054358e+03,1.3461999e+01,1.6972827e+05,4.7891918e+01,0,nan,nan,nan,nan,471.02255,2.5860561e-04,463.88626,2.9319114e-04,2.4001149e-02,-1.4504106e-02
-0.4407547623904975,0.9999338381665704,0.000284146346915234,1730.6298852378109,-3.1752854e-03,362288,1328.20338,1819.02846,1.5823214e+05,4.4949413e+01,4.1568179e+03,1.1689881e+01,1.6619230e+05,4.7226059e+01,0,nan,nan,nan,nan,1328.20338,2.6010256e-04,1819.02846,2.3022143e-04,6.3796988e-04,4.9843729e-02
-0.4406135185122366,1.0003416967996996,0.00028791063529465244,1914.6764264816911,3.1739380e-03,494797,471.01619,463.89372,1.6434931e+05,4.7200195e+01,5.7097769e+03,1.5290563e+01,1.6990519e+05,4.8900799e+01,0,nan,nan,nan,nan,471.01619,2.6450152e-04,463.89372,2.9928298e-04,1.8395130e-02,-6.7730988e-03
-0.44049053124399506,0.9999344377130643,0.00028189411494649523,1908.5416694689593,3.1365352e-03,490380,470.99864,463.87376,1.6391145e+05,4.6198696e+01,2.6063738e+03,1.3455422e+01,1.6978031e+05,4.7863209e+01,0,nan,nan,nan,nan,470.99864,2.5790138e-04,463.87376,2.9337103e-04,-1.8256888e-03,-2.9392187e-02
-0.4404142469575163,0.9998574912466498,0.0002824318409403007,1902.4068657532457,3.0524295e-03,485963,470.98665,463.85807,1.6390750e+05,4.6298302e+01,2.8268459e+03,1.3689222e+01,1.6980936e+05,4.7966404e+01,0,nan,nan,nan,nan,470.98665,2.5839161e-04,463.85807,2.9381309e-04,-1.4179091e-02,-4.6271704e-02
-0.44028053007241397,1.0001562649910727,0.00028407102981555334,1718.3605994701288,-3.0219483e-03,353454,1328.20181,1818.98170,1.5789953e+05,4.4911747e+01,4.2431489e+03,1.1720340e+01,1.6613403e+05,4.7186489e+01,0,nan,nan,nan,nan,1328.20181,2.6033004e-04,1818.98170,2.3060343e-04,-1.1034510e-03,-1.2030004e-03
-0.43999585150118037,0.9996396257835608,0.00028201619364542826,1712.2260041487,-2.8977175e-03,349037,1328.20909,1818.98068,1.5852903e+05,4.4638977e+01,2.9319355e+03,1.0983855e+01,1.6624222e+05,4.6899902e+01,0,nan,nan,nan,nan,1328.20909,2.5725167e-04,1818.98068,2.2728405e-04,6.2955651e-03,-1.4471378e-03
-0.4399408021290583,1.000248270114946,0.0002972054308445029,1761.3050991980726,-2.9470581e-03,384374,1042.62524,1775.56545,1.5933389e+05,4.7287384e+01,8.8766055e+03,1.5784021e+01,1.6661834e+05,4.9507584e+01,0,nan,nan,nan,nan,1042.62524,2.7848175e-04,1775.56545,2.4813481e-04,1.7129311e-03,3.4511276e-02
-0.43989855761492436,0.9999924159063429,0.0002910654378843563,1755.1702614425867,-3.0653521e-03,379957,1042.61923,1775.57730,1.5912492e+05,4.6310169e+01,5.4601045e+03,1.4149423e+01,1.6657464e+05,4.8484489e+01,0,nan,nan,nan,nan,1042.61923,2.7133609e-04,1775.57730,2.4177435e-04,-5.7748449e-03,4.6653841e-02
-0.43970220447818065,1.000010908743586,0.0002940695401739481,1742.9006977957233,-3.1900767e-03,371123,1042.61481,1775.51835,1.5906509e+05,4.6773659e+01,7.1275884e+03,1.4997843e+01,1.6652619e+05,4.8969746e+01,0,nan,nan,nan,nan,1042.61481,2.7445145e-04,1775.51835,2.4534916e-04,-1.0279542e-02,-1.6566409e-02
-0.4393752299929474,1.0001052695962978,0.0002820374118861875,1920.8125447702105,3.1837285e-03,499215,471.02648,463.89021,1.6411955e+05,4.6229588e+01,2.5884238e+03,1.3452937e+01,1.6983655e+05,4.7895218e+01,0,nan,nan,nan,nan,471.02648,2.5859952e-04,463.89021,2.9333067e-04,2.8901050e-02,-1.1482798e-02
-0.43936588272072186,0.9997637865129428,0.0002841443739316368,1730.6312741174806,-3.1752940e-03,362289,1328.20385,1819.02109,1.5836336e+05,4.4949223e+01,4.1695171e+03,1.1695804e+01,1.6616448e+05,4.7225861e+01,0,nan,nan,nan,nan,1328.20385,2.5962802e-04,1819.02109,2.2921999e-04,9.7031640e-05,4.2671319e-02
-0.4392246260235879,1.0000952123973794,0.00028786334515203956,1914.6778153741798,3.1739422e-03,494798,471.01299,463.88679,1.6429305e+05,4.7192326e+01,5.7085332e+03,1.5268888e+01,1.6986288e+05,4.8892643e+01,0,nan,nan,nan,nan,471.01299,2.6423932e-04,463.88679,2.9983075e-04,1.4260427e-02,-1.5869349e-02
-0.43910162781185136,0.9999274620499367,0.00028197273030934687,1908.5430583723914,3.1365503e-03,490381,471.00015,463.87736,1.6392456e+05,4.6211555e+01,2.6158464e+03,1.3462264e+01,1.6977906e+05,4.7876537e+01,0,nan,nan,nan,nan,471.00015,2.5789964e-04,463.87736,2.9364254e-04,-2.8598748e-04,-2.5027577e-02
-0.4390253363080774,0.9995778289730657,0.0002822096047815758,1902.4082546638951,3.0524519e-03,485964,470.98742,463.85063,1.6386342e+05,4.6261833e+01,2.8443245e+03,1.3582500e+01,1.6976173e+05,4.7928623e+01,0,nan,nan,nan,nan,470.98742,2.5825581e-04,463.85063,2.9405378e-04,-1.3316477e-02,-5.4475829e-02
-0.43889166553594805,0.9998637607446951,0.00028401927545906506,1718.3619883346653,-3.0219720e-03,353455,1328.20361,1818.98217,1.5789152e+05,4.4903446e+01,4.2424707e+03,1.1716065e+01,1.6608498e+05,4.7177765e+01,0,nan,nan,nan,nan,1328.20361,2.6018827e-04,1818.98217,2.3047965e-04,3.5738744e-04,-3.9626082e-04
-0.4386069965121351,0.9998442959539449,0.00028208161917526553,1712.227393003689,-2.8977508e-03,349038,1328.20793,1818.98626,1.5855628e+05,4.4649101e+01,2.9329460e+03,1.0960568e+01,1.6627542e+05,4.6910542e+01,0,nan,nan,nan,nan,1328.20793,2.5721086e-04,1818.98626,2.2742273e-04,4.9122912e-03,4.3937946e-03
-0.4385518831313675,0.9997068696110917,0.00029698640551089944,1761.3064881170703,-2.9470273e-03,384375,1042.63385,1775.58079,1.5919830e+05,4.7252544e+01,8.8552461e+03,1.5771852e+01,1.6652820e+05,4.9471111e+01,0,nan,nan,nan,nan,1042.63385,2.7821408e-04,1775.58079,2.4817727e-04,1.0346844e-02,5.0906837e-02
-0.43850964699913675,1.000162320886588,0.00029114980536414363,1755.1716503532025,-3.0653297e-03,379958,1042.60824,1775.56265,1.5915958e+05,4.6323509e+01,5.4584517e+03,1.4184197e+01,1.6660266e+05,4.8498459e+01,0,nan,nan,nan,nan,1042.60824,2.7110803e-04,1775.56265,2.4195587e-04,-1.7368194e-02,3.0793997e-02
-0.438313309230125,1.0001201031682603,0.000294259904793131,1742.9020866909714,-3.1900697e-03,371124,1042.61475,1775.51755,1.5915508e+05,4.6803982e+01,7.1307837e+03,1.4998405e+01,1.6654452e+05,4.9001488e+01,0,nan,nan,nan,nan,1042.61475,2.7455439e-04,1775.51755,2.4542681e-04,-1.0592148e-02,-1.6839890e-02
-0.4379863428594035,0.9998733444490224,0.00028206508365492643,1920.813933657344,3.1837274e-03,499216,471.02037,463.88651,1.6411958e+05,4.6234192e+01,2.6133948e+03,1.3474063e+01,1.6979741e+05,4.7899986e+01,0,nan,nan,nan,nan,471.02037,2.5855773e-04,463.88651,2.9299091e-04,2.1860285e-02,-1.4711573e-02
-0.4379770030509462,1.0002083392122076,0.0002842349083903768,1730.6326629971504,-3.1753026e-03,362290,1328.20621,1819.02376,1.5847130e+05,4.4963661e+01,4.1379971e+03,1.1720027e+01,1.6623883e+05,4.7241032e+01,0,nan,nan,nan,nan,1328.20621,2.5961729e-04,1819.02376,2.2903948e-04,2.6127801e-03,4.5320682e-02
-0.4378357335349392,1.0002204067865725,0.00028776314679248443,1914.6792042666684,3.1739464e-03,494799,471.01441,463.89294,1.6432445e+05,4.7175774e+01,5.7016821e+03,1.5233896e+01,1.6988372e+05,4.8875496e+01,0,nan,nan,nan,nan,471.01441,2.6404322e-04,463.89294,2.9968051e-04,1.5779221e-02,-8.5668489e-03
-0.4377127243801624,0.9999720032887117,0.0002821026925258556,1908.5444472758231,3.1365654e-03,490382,470.99894,463.88242,1.6391416e+05,4.6232838e+01,2.6096201e+03,1.3499046e+01,1.6978655e+05,4.7898582e+01,0,nan,nan,nan,nan,470.99894,2.5805936e-04,463.88242,2.9371880e-04,-1.2841641e-03,-1.9191701e-02
-0.4376364256581837,1.0002808799406735,0.00028246359831445706,1902.409643574545,3.0524742e-03,485965,470.98564,463.85440,1.6394312e+05,4.6303436e+01,2.8396416e+03,1.3668657e+01,1.6988100e+05,4.7971725e+01,0,nan,nan,nan,nan,470.98564,2.5839490e-04,463.85440,2.9405727e-04,-1.5057764e-02,-5.1186696e-02
-0.4375028012329949,1.0003202090112913,0.00028432904334516117,1718.3633771989682,-3.0219960e-03,353456,1328.21064,1818.99142,1.5790858e+05,4.4952290e+01,4.2433496e+03,1.1807466e+01,1.6616034e+05,4.7229088e+01,0,nan,nan,nan,nan,1328.21064,2.6058857e-04,1818.99142,2.3062801e-04,7.6009980e-03,9.8835593e-03
-0.43721814129025915,0.9995568670156918,0.0002820405108809763,1712.228781858911,-2.8977839e-03,349039,1328.21043,1818.98000,1.5846516e+05,4.4642372e+01,2.9356951e+03,1.1019765e+01,1.6622678e+05,4.6903469e+01,0,nan,nan,nan,nan,1328.21043,2.5755833e-04,1818.98000,2.2753383e-04,8.5752942e-03,-2.3535779e-03
-0.43716296390107345,1.0003245600413337,0.0002970540252556098,1761.3078770363006,-2.9469964e-03,384376,1042.62917,1775.56880,1.5932881e+05,4.7263317e+01,8.8575508e+03,1.5756770e+01,1.6663114e+05,4.9482391e+01,0,nan,nan,nan,nan,1042.62917,2.7800456e-04,1775.56880,2.4801274e-04,6.0701962e-03,3.8305972e-02
-0.4371207363838039,1.0003918136251617,0.000291161246028715,1755.1730392638178,-3.0653074e-03,379959,1042.60814,1775.56401,1.5923516e+05,4.6325253e+01,5.4394604e+03,1.4161120e+01,1.6664059e+05,4.8500282e+01,0,nan,nan,nan,nan,1042.60814,2.7108548e-04,1775.56401,2.4177427e-04,-1.7431660e-02,3.2204896e-02
-0.43692441398161463,0.9995868815726482,0.00029409534380176204,1742.9034755862199,-3.1900627e-03,371125,1042.61346,1775.52644,1.5897314e+05,4.6777851e+01,7.1158071e+03,1.5002746e+01,1.6645588e+05,4.8974133e+01,0,nan,nan,nan,nan,1042.61346,2.7500687e-04,1775.52644,2.4557119e-04,-1.1846522e-02,-7.9133576e-03
-0.4365974554934837,1.0002005722715395,0.00028217179260046763,1920.81532254471,3.1837265e-03,499217,471.02776,463.89393,1.6422728e+05,4.6251747e+01,2.6000417e+03,1.3459519e+01,1.6985323e+05,4.7918179e+01,0,nan,nan,nan,nan,471.02776,2.5860229e-04,463.89393,2.9309731e-04,2.9719213e-02,-6.4138044e-03
-0.4365881233809432,0.9999586019827447,0.0002840861194063048,1730.6340518768204,-3.1753113e-03,362291,1328.19940,1819.02072,1.5843508e+05,4.4940243e+01,4.1512676e+03,1.1652521e+01,1.6619773e+05,4.7216427e+01,0,nan,nan,nan,nan,1328.19940,2.5953382e-04,1819.02072,2.2906801e-04,-4.2590210e-03,4.2212144e-02
-0.4364468410465179,1.0000074529676117,0.0002878950969542573,1914.6805931591568,3.1739506e-03,494800,471.01499,463.89661,1.6420639e+05,4.7197296e+01,5.6935771e+03,1.5279525e+01,1.6984711e+05,4.8897785e+01,0,nan,nan,nan,nan,471.01499,2.6452003e-04,463.89661,3.0048969e-04,1.6837841e-02,-4.5684245e-03
-0.4363238209489282,1.0003163905825376,0.00028208372491242867,1908.5458361792544,3.1365806e-03,490383,470.99796,463.87079,1.6397073e+05,4.6229706e+01,2.6059641e+03,1.3491651e+01,1.6984495e+05,4.7895340e+01,0,nan,nan,nan,nan,470.99796,2.5826064e-04,463.87079,2.9340107e-04,-2.5816981e-03,-3.2526989e-02
-0.43624751477591417,0.9998633405419749,0.00028235619131483257,1902.4110324854273,3.0524968e-03,485966,470.98558,463.85766,1.6392386e+05,4.6285793e+01,2.8569849e+03,1.3634329e+01,1.6980994e+05,4.7953445e+01,0,nan,nan,nan,nan,470.98558,2.5810351e-04,463.85766,2.9382823e-04,-1.5176033e-02,-4.6745129e-02
-0.43611393669766585,1.0004436305197963,0.00028403051585338963,1718.3647660635036,-3.0220198e-03,353457,1328.19568,1818.98000,1.5791139e+05,4.4904984e+01,4.2293647e+03,1.1713653e+01,1.6618041e+05,4.7179379e+01,0,nan,nan,nan,nan,1328.19568,2.6012730e-04,1818.98000,2.3044102e-04,-8.2769711e-03,-3.1619377e-03
-0.43582928630053175,1.0005806689080208,0.00028218260863882534,1712.2301707139006,-2.8978172e-03,349040,1328.20857,1818.98952,1.5875423e+05,4.4664635e+01,2.9382974e+03,1.0989195e+01,1.6639619e+05,4.6926861e+01,0,nan,nan,nan,nan,1328.20857,2.5706162e-04,1818.98952,2.2667449e-04,5.8403239e-03,7.1821464e-03
-0.43577404490361005,0.9997071323654088,0.00029709194819938216,1761.309265955298,-2.9469656e-03,384377,1042.62340,1775.55945,1.5923661e+05,4.7269371e+01,8.8716475e+03,1.5812487e+01,1.6652836e+05,4.9488728e+01,0,nan,nan,nan,nan,1042.62340,2.7804903e-04,1775.55945,2.4808978e-04,-6.5882174e-05,2.8294954e-02
-0.4357318257680163,0.9994803182043498,0.00029103268393927955,1755.1744281744336,-3.0652850e-03,379960,1042.61132,1775.56578,1.5910517e+05,4.6304718e+01,5.4382300e+03,1.4151038e+01,1.6648848e+05,4.8478783e+01,0,nan,nan,nan,nan,1042.61132,2.7114429e-04,1775.56578,2.4190721e-04,-1.4740874e-02,3.4242194e-02
-0.4355355187326495,0.9993837996540986,0.0002939139852019284,1742.9048644814688,-3.1900557e-03,371126,1042.61811,1775.52240,1.5894877e+05,4.6749046e+01,7.1143320e+03,1.4970963e+01,1.6642222e+05,4.8943974e+01,0,nan,nan,nan,nan,1042.61811,2.7466999e-04,1775.52240,2.4556104e-04,-7.4634417e-03,-1.2419916e-02
-0.4351992437111676,1.0000870470962082,0.00028411426468341556,1730.6354407564902,-3.1753199e-03,362292,1328.20262,1819.02307,1.5833184e+05,4.4944805e+01,4.1430771e+03,1.1672677e+01,1.6621950e+05,4.7221222e+01,0,nan,nan,nan,nan,1328.20262,2.5982608e-04,1819.02307,2.2969001e-04,-7.0962682e-04,4.4003140e-02
-0.4350579485585513,1.0002696259678316,0.00028790122336091437,1914.6819820516448,3.1739548e-03,494801,471.01035,463.88778,1.6421322e+05,4.7198177e+01,5.7195337e+03,1.5326454e+01,1.6989122e+05,4.8898705e+01,0,nan,nan,nan,nan,471.01035,2.6414264e-04,463.88778,3.0046949e-04,1.1969046e-02,-1.4245894e-02
-0.4349349175181487,0.9997751280866835,0.00028198335257184534,1908.5472250826851,3.1365957e-03,490384,470.99918,463.87444,1.6387834e+05,4.6213242e+01,2.5977456e+03,1.3491893e+01,1.6975297e+05,4.7878277e+01,0,nan,nan,nan,nan,470.99918,2.5805447e-04,463.87444,2.9352741e-04,-1.0676611e-03,-2.8369481e-02
-0.43485860412693,1.000467966597523,0.0002825246419786792,1902.4124213960763,3.0525192e-03,485967,470.98955,463.86351,1.6409005e+05,4.6313362e+01,2.8376482e+03,1.3663910e+01,1.6991248e+05,4.7982014e+01,0,nan,nan,nan,nan,470.98955,2.5809210e-04,463.86351,2.9351909e-04,-1.2069241e-02,-4.1019350e-02
-0.43472507216188205,1.0002156003328906,0.0002842670053671801,1718.3661549280394,-3.0220435e-03,353458,1328.20708,1818.98820,1.5795669e+05,4.4942249e+01,4.2359688e+03,1.1768341e+01,1.6614211e+05,4.7218540e+01,0,nan,nan,nan,nan,1328.20708,2.6056168e-04,1818.98820,2.3069709e-04,3.8293456e-03,6.8338644e-03
-0.4344404310779737,1.0001999775259418,0.0002820676729847739,1712.2315595691232,-2.8978502e-03,349041,1328.20671,1818.98521,1.5860941e+05,4.4646221e+01,2.9379399e+03,1.0993520e+01,1.6633205e+05,4.6907513e+01,0,nan,nan,nan,nan,1328.20671,2.5706299e-04,1818.98521,2.2708258e-04,3.8102970e-03,2.9045516e-03
-0.4343851256730886,1.000329130337392,0.00029721046178122866,1761.3106548745286,-2.9469347e-03,384378,1042.62657,1775.57433,1.5933561e+05,4.7288250e+01,8.8632822e+03,1.5774513e+01,1.6663203e+05,4.9508492e+01,0,nan,nan,nan,nan,1042.62657,2.7850203e-04,1775.57433,2.4818693e-04,2.3270682e-03,4.3822020e-02
-0.43434291515245604,1.0000003244068183,0.0002910554383510132,1755.1758170850492,-3.0652627e-03,379961,1042.61132,1775.56510,1.5908347e+05,4.6308258e+01,5.4421680e+03,1.4165130e+01,1.6657483e+05,4.8482491e+01,0,nan,nan,nan,nan,1042.61132,2.7114106e-04,1775.56510,2.4189480e-04,-1.3993517e-02,3.3735860e-02
-0.4341466234836844,0.9999332857640012,0.0002940779995334384,1742.9062533767178,-3.1900487e-03,371127,1042.61081,1775.52061,1.5893375e+05,4.6775181e+01,7.1094478e+03,1.5015314e+01,1.6651388e+05,4.8971336e+01,0,nan,nan,nan,nan,1042.61081,2.7511735e-04,1775.52061,2.4552384e-04,-1.4652153e-02,-1.4524684e-02
-0.43381968099447477,0.9999100235654014,0.00028202747073656536,1920.818100319209,3.1837244e-03,499219,471.02328,463.89293,1.6406248e+05,4.6228230e+01,2.6087712e+03,1.3467032e+01,1.6980438e+05,4.7893810e+01,0,nan,nan,nan,nan,471.02328,2.5857822e-04,463.89293,2.9337750e-04,2.5614981e-02,-7.0421011e-03
-0.43381036404139195,0.9998536713981222,0.0002841998019989601,1730.63682963616,-3.1753285e-03,362293,1328.20017,1819.02566,1.5832494e+05,4.4958450e+01,4.1455938e+03,1.1729746e+01,1.6618112e+05,4.7235554e+01,0,nan,nan,nan,nan,1328.20017,2.5978909e-04,1819.02566,2.2956464e-04,-3.7251585e-03,4.6918776e-02
-0.43366905583798143,1.0001280996097652,0.0002879114118028394,1914.6833709443654,3.1739592e-03,494802,471.01587,463.90150,1.6429020e+05,4.7199730e+01,5.7094419e+03,1.5291466e+01,1.6986677e+05,4.8900314e+01,0,nan,nan,nan,nan,471.01587,2.6419444e-04,463.90150,2.9986585e-04,1.8059867e-02,6.7397155e-04
-0.43354601408645976,0.9994750559589833,0.0002819763264143999,1908.5486139861168,3.1366108e-03,490385,471.00164,463.88380,1.6387092e+05,4.6212063e+01,2.6057791e+03,1.3478750e+01,1.6970194e+05,4.7877060e+01,0,nan,nan,nan,nan,471.00164,2.5829219e-04,463.88380,2.9327589e-04,1.4850452e-03,-1.7627971e-02
-0.4334696934784006,1.0000139777015158,0.0002822995955202063,1902.4138103067248,3.0525415e-03,485968,470.98567,463.84556,1.6398306e+05,4.6276436e+01,2.8297188e+03,1.3569826e+01,1.6983525e+05,4.7943752e+01,0,nan,nan,nan,nan,470.98567,2.5805761e-04,463.84556,2.9381219e-04,-1.5359488e-02,-6.0663652e-02
-0.4333362078589289,0.9998602753279237,0.00028400983036958505,1718.3675437923423,-3.0220675e-03,353459,1328.20687,1818.98414,1.5778347e+05,4.4901478e+01,4.2543896e+03,1.1745471e+01,1.6608267e+05,4.7175701e+01,0,nan,nan,nan,nan,1328.20687,2.6071334e-04,1818.98414,2.3098210e-04,5.2653993e-03,1.4130141e-03
-0.4330515760882463,1.0000426982945552,0.0002821592624324539,1712.232948424113,-2.8978835e-03,349042,1328.20840,1818.97900,1.5864762e+05,4.4660492e+01,2.9350596e+03,1.1006613e+01,1.6630505e+05,4.6922508e+01,0,nan,nan,nan,nan,1328.20840,2.5734384e-04,1818.97900,2.2715284e-04,5.4657045e-03,-3.8636359e-03
-0.4329962066758526,1.000230562337708,0.00029694761036248965,1761.3120437935258,-2.9469039e-03,384379,1042.63127,1775.57073,1.5907395e+05,4.7246452e+01,8.8519736e+03,1.5773878e+01,1.6661570e+05,4.9464729e+01,0,nan,nan,nan,nan,1042.63127,2.7847118e-04,1775.57073,2.4856484e-04,8.3988169e-03,4.0352017e-02
-0.4329540045368958,0.9999400261536209,0.0002911932512064539,1755.1772059956647,-3.0652403e-03,379962,1042.61149,1775.56484,1.5912319e+05,4.6330112e+01,5.4208481e+03,1.4166925e+01,1.6656448e+05,4.8505367e+01,0,nan,nan,nan,nan,1042.61149,2.7116100e-04,1775.56484,2.4213853e-04,-1.3442069e-02,3.3807848e-02
-0.43275772846800464,0.9999582149871653,0.00029425321825286583,1742.9076422717335,-3.1900420e-03,371128,1042.61302,1775.51683,1.5912308e+05,4.6803093e+01,7.1019717e+03,1.5008604e+01,1.6651819e+05,4.9000561e+01,0,nan,nan,nan,nan,1042.61302,2.7430651e-04,1775.51683,2.4538080e-04,-1.3405507e-02,-1.7495722e-02
-0.4324307936281002,1.000683698278676,0.00028230761910245786,1920.8194892065753,3.1837234e-03,499220,471.02296,463.88467,1.6433841e+05,4.6274216e+01,2.5998723e+03,1.3525538e+01,1.6993602e+05,4.7941452e+01,0,nan,nan,nan,nan,471.02296,2.5823171e-04,463.88467,2.9274067e-04,2.4776880e-02,-1.6718622e-02
-0.43242148460444696,0.9996942544176729,0.000284051574344136,1730.638218515597,-3.1753373e-03,362294,1328.19872,1819.01821,1.5831794e+05,4.4935104e+01,4.1413843e+03,1.1670560e+01,1.6615503e+05,4.7211029e+01,0,nan,nan,nan,nan,1328.19872,2.5971065e-04,1819.01821,2.2948218e-04,-5.0280080e-03,3.8612388e-02
-0.4322801633493327,1.0002380010467178,0.0002878803586943363,1914.684759836854,3.1739634e-03,494803,471.01155,463.89147,1.6430347e+05,4.7194530e+01,5.7025068e+03,1.5285200e+01,1.6988502e+05,4.8894924e+01,0,nan,nan,nan,nan,471.01155,2.6402500e-04,463.89147,2.9992987e-04,1.2923146e-02,-9.7391270e-03
-0.43215711065431606,0.9998061341625063,0.00028200612304843674,1908.550002889549,3.1366260e-03,490386,470.99997,463.87010,1.6390989e+05,4.6216927e+01,2.5982053e+03,1.3485032e+01,1.6975806e+05,4.7882095e+01,0,nan,nan,nan,nan,470.99997,2.5813945e-04,463.87010,2.9335369e-04,-2.7001832e-04,-3.3272576e-02
-0.43208078259613103,1.0001210171006905,0.0002823489519608582,1902.415199217607,3.0525641e-03,485969,470.98626,463.85582,1.6392216e+05,4.6284489e+01,2.8348130e+03,1.3619025e+01,1.6985328e+05,4.7952095e+01,0,nan,nan,nan,nan,470.98626,2.5834006e-04,463.85582,2.9396336e-04,-1.4647119e-02,-4.9020201e-02
-0.4319473433238272,1.0000644442615865,0.0002839552682815633,1718.3689326568774,-3.0220912e-03,353460,1328.19965,1818.98007,1.5779377e+05,4.4892746e+01,4.2435181e+03,1.1705309e+01,1.6611619e+05,4.7166527e+01,0,nan,nan,nan,nan,1328.19965,2.6038065e-04,1818.98007,2.3094281e-04,-2.9220064e-03,-2.9456569e-03
-0.43166272086546087,0.9997929872209818,0.00028202440255443127,1712.2343372793357,-2.8979166e-03,349043,1328.20897,1818.98523,1.5847486e+05,4.4638920e+01,2.9313694e+03,1.0988151e+01,1.6626269e+05,4.6899841e+01,0,nan,nan,nan,nan,1328.20897,2.5749247e-04,1818.98523,2.2782102e-04,6.7022745e-03,3.0923914e-03
-0.4316072876781618,0.9996027918107121,0.0002970888785964783,1761.3134327125235,-2.9468732e-03,384380,1042.62409,1775.56583,1.5922247e+05,4.7268948e+01,8.8683652e+03,1.5792958e+01,1.6651122e+05,4.9488285e+01,0,nan,nan,nan,nan,1042.62409,2.7852916e-04,1775.56583,2.4820812e-04,7.4083067e-04,3.4887530e-02
-0.4315650939211082,0.9996980047607736,0.0002910844086728799,1755.1785949062805,-3.0652180e-03,379963,1042.61059,1775.57103,1.5904167e+05,4.6312717e+01,5.4315151e+03,1.4168334e+01,1.6652391e+05,4.8487156e+01,0,nan,nan,nan,nan,1042.61059,2.7132337e-04,1775.57103,2.4216223e-04,-1.5099620e-02,3.9240345e-02
-0.4313688332190395,0.9997647689834721,0.00029395981440287304,1742.9090311669825,-3.1900350e-03,371129,1042.61106,1775.52701,1.5903870e+05,4.6756470e+01,7.1056304e+03,1.4964650e+01,1.6648612e+05,4.8951748e+01,0,nan,nan,nan,nan,1042.61106,2.7456638e-04,1775.52701,2.4546002e-04,-1.3838063e-02,-6.9560981e-03
-0.4310419064954658,0.9992713010979652,0.0002822155094687685,1920.820878093708,3.1837223e-03,499221,471.02787,463.89654,1.6402077e+05,4.6259186e+01,2.6027830e+03,1.3603804e+01,1.6969641e+05,4.7925884e+01,0,nan,nan,nan,nan,471.02787,2.5862557e-04,463.89654,2.9326888e-04,3.0069215e-02,-4.1035349e-03
-0.4310326049346713,1.000348315805886,0.00028407812677778044,1730.6396073952667,-3.1753459e-03,362295,1328.20258,1819.01830,1.5841809e+05,4.4939411e+01,4.1381548e+03,1.1645911e+01,1.6626411e+05,4.7215553e+01,0,nan,nan,nan,nan,1328.20258,2.5976734e-04,1819.01830,2.2933377e-04,-9.0429786e-04,3.9053835e-02
-0.430891270860684,0.9996134746408637,0.00028777413682829335,1914.6861487293427,3.1739676e-03,494804,471.01414,463.88623,1.6416764e+05,4.7177006e+01,5.7060513e+03,1.5271571e+01,1.6977855e+05,4.8876770e+01,0,nan,nan,nan,nan,471.01414,2.6431319e-04,463.88623,3.0029245e-04,1.5377507e-02,-1.5731871e-02
-0.4307682072226271,0.9997171640334431,0.00028214486665002335,1908.5513917929807,3.1366411e-03,490387,470.99598,463.88078,1.6390708e+05,4.6239639e+01,2.5964792e+03,1.3564570e+01,1.6974288e+05,4.7905632e+01,0,nan,nan,nan,nan,470.99598,2.5810165e-04,463.88078,2.9342918e-04,-4.1229385e-03,-2.1220468e-02
-0.4306918719457826,1.000151191201027,0.00028238387861431003,1902.4165881282574,3.0525865e-03,485970,470.98681,463.86402,1.6398173e+05,4.6290173e+01,2.8223755e+03,1.3638187e+01,1.6985827e+05,4.7957985e+01,0,nan,nan,nan,nan,470.98681,2.5830459e-04,463.86402,2.9353207e-04,-1.3563743e-02,-3.9855961e-02
-0.43055847878872555,1.0000879612552236,0.0002841777256756514,1718.3703215214125,-3.0221150e-03,353461,1328.20592,1818.99022,1.5786091e+05,4.4927814e+01,4.2490645e+03,1.1791915e+01,1.6611970e+05,4.7203365e+01,0,nan,nan,nan,nan,1328.20592,2.6046037e-04,1818.99022,2.3062916e-04,3.0617092e-03,8.3643328e-03
-0.43027386587573346,0.9999026972000771,0.000281862903510986,1712.2357261343254,-2.8979499e-03,349044,1328.20665,1818.97858,1.5824145e+05,4.4613132e+01,2.9221143e+03,1.0996369e+01,1.6628009e+05,4.6872749e+01,0,nan,nan,nan,nan,1328.20665,2.5785383e-04,1818.97858,2.2850970e-04,4.9137063e-03,-4.8496146e-03
-0.4302183684476404,0.9996974515052645,0.0002970742744986479,1761.314821631754,-2.9468422e-03,384381,1042.62970,1775.57220,1.5930552e+05,4.7266651e+01,8.8746406e+03,1.5769855e+01,1.6652708e+05,4.9485882e+01,0,nan,nan,nan,nan,1042.62970,2.7786134e-04,1775.57220,2.4788146e-04,6.2318044e-03,4.2344511e-02
-0.43017618330577534,0.9999270258992241,0.00029110601819780363,1755.1799838168959,-3.0651956e-03,379964,1042.61348,1775.56520,1.5918541e+05,4.6316074e+01,5.4103076e+03,1.4146357e+01,1.6656178e+05,4.8490673e+01,0,nan,nan,nan,nan,1042.61348,2.7096792e-04,1775.56520,2.4177066e-04,-1.1733190e-02,3.3908490e-02
-0.42997993797052914,1.0004979036048258,0.0002941211729613875,1742.910420062231,-3.1900280e-03,371130,1042.61419,1775.52513,1.5909898e+05,4.6782177e+01,7.0841763e+03,1.5041629e+01,1.6660838e+05,4.8978664e+01,0,nan,nan,nan,nan,1042.61419,2.7451990e-04,1775.52513,2.4511243e-04,-1.0617482e-02,-9.7911926e-03
-0.429653019129546,1.0009040270920815,0.00028226602332411384,1920.8222669810739,3.1837213e-03,499222,471.02518,463.88335,1.6431897e+05,4.6267536e+01,2.5999790e+03,1.3459511e+01,1.6997394e+05,4.7934528e+01,0,nan,nan,nan,nan,471.02518,2.5845284e-04,463.88335,2.9324109e-04,2.7002484e-02,-1.8722342e-02
-0.42964372526535044,0.9999603804304665,0.0002841688784221243,1730.640996274936,-3.1753546e-03,362296,1328.20471,1819.02660,1.5836217e+05,4.4953869e+01,4.1557183e+03,1.1690088e+01,1.6620000e+05,4.7230740e+01,0,nan,nan,nan,nan,1328.20471,2.6012832e-04,1819.02660,2.2946583e-04,1.2018490e-03,4.8773263e-02
-0.4295023783720353,0.9998243569227085,0.00028781321151118193,1914.6875376218313,3.1739718e-03,494805,471.01459,463.89854,1.6414325e+05,4.7183300e+01,5.6944087e+03,1.5311423e+01,1.6981398e+05,4.8883289e+01,0,nan,nan,nan,nan,471.01459,2.6434401e-04,463.89854,3.0003960e-04,1.6710138e-02,-2.3808999e-03
-0.4293793037913929,0.9997814614099509,0.00028188466069863733,1908.552780696412,3.1366562e-03,490388,470.99577,463.87012,1.6381261e+05,4.6196972e+01,2.6086641e+03,1.3483215e+01,1.6975370e+05,4.7861423e+01,0,nan,nan,nan,nan,470.99577,2.5792111e-04,463.87012,2.9355739e-04,-4.8583779e-03,-3.2673031e-02
-0.4293029612965711,1.0006004418655627,0.0002825693067667632,1902.4179770389067,3.0526088e-03,485971,470.98734,463.84953,1.6409373e+05,4.6320530e+01,2.8414448e+03,1.3659254e+01,1.6993441e+05,4.7989437e+01,0,nan,nan,nan,nan,470.98734,2.5813945e-04,463.84953,2.9392648e-04,-1.3165928e-02,-5.6690734e-02
-0.4291696142527144,0.9994554347094835,0.00028397506872929136,1718.3717103859485,-3.0221387e-03,353462,1328.20589,1818.98721,1.5780553e+05,4.4895668e+01,4.2353760e+03,1.1721275e+01,1.6601425e+05,4.7169594e+01,0,nan,nan,nan,nan,1328.20589,2.6032410e-04,1818.98721,2.3054090e-04,3.0005192e-03,4.9506556e-03
-0.4288850106531754,1.0001139840177644,0.0002820055119296327,1712.237114989548,-2.8979830e-03,349045,1328.20276,1818.98427,1.5842216e+05,4.4635483e+01,2.9278340e+03,1.1007998e+01,1.6631439e+05,4.6896229e+01,0,nan,nan,nan,nan,1328.20276,2.5719032e-04,1818.98427,2.2830079e-04,6.2504481e-04,1.2182263e-03
-0.42882944945040435,0.9999457579142105,0.00029698879803062274,1761.3162105507513,-2.9468115e-03,384382,1042.63329,1775.57304,1.5929294e+05,4.7253082e+01,8.8636914e+03,1.5765673e+01,1.6656855e+05,4.9471676e+01,0,nan,nan,nan,nan,1042.63329,2.7788110e-04,1775.57304,2.4790753e-04,9.8737404e-03,4.3548480e-02
-0.42878727268998773,1.0007498020401857,0.0002912429481798672,1755.1813727275116,-3.0651733e-03,379965,1042.61647,1775.56803,1.5924722e+05,4.6337788e+01,5.4052510e+03,1.4163152e+01,1.6669856e+05,4.8513405e+01,0,nan,nan,nan,nan,1042.61647,2.7077098e-04,1775.56803,2.4185804e-04,-8.9190966e-03,3.8066044e-02
-0.428591042721564,1.0000383245045559,0.0002938828972694261,1742.91180895748,-3.1900210e-03,371131,1042.61391,1775.51734,1.5904077e+05,4.6744324e+01,7.0842075e+03,1.4942844e+01,1.6653200e+05,4.8939030e+01,0,nan,nan,nan,nan,1042.61391,2.7437511e-04,1775.51734,2.4525943e-04,-1.0940360e-02,-1.7833306e-02
-0.4282641319960021,1.000445924948734,0.00028217685433011254,1920.8236558682074,3.1837202e-03,499223,471.02320,463.89461,1.6426497e+05,4.6252987e+01,2.5926924e+03,1.3464699e+01,1.6989639e+05,4.7919456e+01,0,nan,nan,nan,nan,471.02320,2.5849370e-04,463.89461,2.9295884e-04,2.5505031e-02,-6.5307054e-03
-0.42825484559625693,0.9997833203326152,0.00028404480561163936,1730.642385154605,-3.1753632e-03,362297,1328.20181,1819.01827,1.5832445e+05,4.4934330e+01,4.1335146e+03,1.1674726e+01,1.6617092e+05,4.7210217e+01,0,nan,nan,nan,nan,1328.20181,2.5973321e-04,1819.01827,2.2955191e-04,-1.4493142e-03,3.8751237e-02
-0.4281134858833866,0.9997419539021319,0.000287779793965181,1914.68892651432,3.1739760e-03,494806,471.01246,463.88912,1.6408091e+05,4.7177719e+01,5.6922671e+03,1.5343594e+01,1.6979959e+05,4.8877506e+01,0,nan,nan,nan,nan,471.01246,2.6445100e-04,463.88912,3.0065744e-04,1.4302406e-02,-1.2450986e-02
-0.4279904003606134,0.9998851139422125,0.0002819624643336421,1908.5541695998427,3.1366714e-03,490389,470.99681,463.87503,1.6388355e+05,4.6209698e+01,2.6004937e+03,1.3481473e+01,1.6977122e+05,4.7874611e+01,0,nan,nan,nan,nan,470.99681,2.5823934e-04,463.87503,2.9352604e-04,-3.0351316e-03,-2.8145587e-02
-0.42791405041498365,0.999754007474783,0.0002823888509845489,1902.4193659497882,3.0526314e-03,485972,470.98365,463.86109,1.6392352e+05,4.6290909e+01,2.8421589e+03,1.3654831e+01,1.6979052e+05,4.7958744e+01,0,nan,nan,nan,nan,470.98365,2.5820735e-04,463.86109,2.9378184e-04,-1.7830547e-02,-4.3364659e-02
-0.42778074994976123,0.9998743082555374,0.0002841142890179319,1718.3730992502515,-3.0221627e-03,353463,1328.20959,1818.99139,1.5786119e+05,4.4917580e+01,4.2338169e+03,1.1730976e+01,1.6608347e+05,4.7192616e+01,0,nan,nan,nan,nan,1328.20959,2.6040367e-04,1818.99139,2.3045667e-04,6.4814668e-03,9.5465286e-03
-0.42749615566413013,0.9999908265108707,0.0002821259313399433,1712.238503844537,-2.8980162e-03,349046,1328.21429,1818.99029,1.5850656e+05,4.4654324e+01,2.9461118e+03,1.1041076e+01,1.6629309e+05,4.6916023e+01,0,nan,nan,nan,nan,1328.21429,2.5741340e-04,1818.99029,2.2786671e-04,1.1982853e-02,8.4695937e-03
-0.42744053021988293,1.0002278041024335,0.00029706454690118204,1761.3175994699818,-2.9467805e-03,384383,1042.63187,1775.56946,1.5929455e+05,4.7265167e+01,8.8652783e+03,1.5783879e+01,1.6661564e+05,4.9484325e+01,0,nan,nan,nan,nan,1042.63187,2.7794516e-04,1775.56946,2.4789001e-04,7.9410523e-03,3.9277058e-02
-0.4273983620742001,1.0000304279342176,0.00029105069280609754,1755.1827616381274,-3.0651509e-03,379966,1042.60910,1775.56647,1.5913472e+05,4.6307121e+01,5.3988408e+03,1.4141639e+01,1.6657845e+05,4.8481297e+01,0,nan,nan,nan,nan,1042.60910,2.7106295e-04,1775.56647,2.4186917e-04,-1.6439846e-02,3.5265636e-02
-0.4272021474735084,0.9991624523253463,0.0002939223156544044,1742.913197852728,-3.1900140e-03,371132,1042.61670,1775.52137,1.5904298e+05,4.6750645e+01,7.0734932e+03,1.4956824e+01,1.6638631e+05,4.8945644e+01,0,nan,nan,nan,nan,1042.61670,2.7433858e-04,1775.52137,2.4514992e-04,-9.1537181e-03,-1.2715594e-02
-0.4268752446291728,1.000112506880641,0.00028210657288172644,1920.8250447555743,3.1837192e-03,499224,471.02280,463.88057,1.6419383e+05,4.6241535e+01,2.5895996e+03,1.3456253e+01,1.6984002e+05,4.7907593e+01,0,nan,nan,nan,nan,471.02280,2.5840753e-04,463.88057,2.9311763e-04,2.4616772e-02,-2.1180551e-02
-0.4268659659257992,1.0010332950450362,0.00028423378642565707,1730.6437740342756,-3.1753718e-03,362298,1328.20165,1819.02451,1.5856006e+05,4.4964321e+01,4.1381646e+03,1.1656670e+01,1.6637903e+05,4.7241726e+01,0,nan,nan,nan,nan,1328.20165,2.5977896e-04,1819.02451,2.2893806e-04,-1.2132970e-03,4.6418697e-02
-0.42672459339519264,0.9996399616800463,0.0002876753674697096,1914.6903154068082,3.1739802e-03,494807,471.00279,463.89185,1.6405066e+05,4.7160492e+01,5.7142515e+03,1.5281296e+01,1.6978189e+05,4.8859661e+01,0,nan,nan,nan,nan,471.00279,2.6443540e-04,463.89185,3.0036844e-04,4.5659752e-03,-9.5590567e-03
-0.4266014969293792,0.9997600607152971,0.0002819962054704294,1908.555558503274,3.1366865e-03,490390,470.99670,463.87841,1.6391364e+05,4.6215202e+01,2.6016145e+03,1.3479596e+01,1.6974989e+05,4.7880314e+01,0,nan,nan,nan,nan,470.99670,2.5802606e-04,463.87841,2.9334592e-04,-3.7369493e-03,-2.3541342e-02
-0.42652513976645423,1.0000177030820807,0.0002824199747512806,1902.4207548604368,3.0526537e-03,485973,470.98609,463.85276,1.6396722e+05,4.6295967e+01,2.8275454e+03,1.3602840e+01,1.6983514e+05,4.7963989e+01,0,nan,nan,nan,nan,470.98609,2.5856376e-04,463.85276,2.9401161e-04,-1.4627543e-02,-5.2308287e-02
-0.4263918854132953,1.0000442657613957,0.00028419413330321713,1718.374488114788,-3.0221865e-03,353464,1328.20411,1818.98077,1.5784798e+05,4.4930111e+01,4.2432974e+03,1.1763463e+01,1.6611134e+05,4.7205780e+01,0,nan,nan,nan,nan,1328.20411,2.6039637e-04,1818.98077,2.3118228e-04,1.2810745e-03,-1.5807266e-03
-0.4261073004420268,0.9997233003999079,0.00028198430468437467,1712.2398926997591,-2.8980493e-03,349047,1328.20342,1818.98423,1.5852077e+05,4.4631680e+01,2.9302271e+03,1.0990721e+01,1.6624777e+05,4.6892239e+01,0,nan,nan,nan,nan,1328.20342,2.5721398e-04,1818.98423,2.2708460e-04,5.0396210e-04,1.9402605e-03
-0.4260516112226469,0.9995103790929918,0.0002970489664838371,1761.318988388979,-2.9467498e-03,384384,1042.62771,1775.57425,1.5924372e+05,4.7262722e+01,8.8776768e+03,1.5778574e+01,1.6649625e+05,4.9481766e+01,0,nan,nan,nan,nan,1042.62771,2.7803396e-04,1775.57425,2.4806522e-04,3.6797237e-03,4.4088077e-02
-0.42600945145886726,0.9997099232083358,0.0002910491561425867,1755.1841505487428,-3.0651286e-03,379967,1042.60890,1775.56338,1.5903572e+05,4.6306805e+01,5.3853394e+03,1.4196067e+01,1.6652480e+05,4.8480965e+01,0,nan,nan,nan,nan,1042.60890,2.7139040e-04,1775.56338,2.4189151e-04,-1.6592026e-02,3.2190919e-02
-0.4258132524582834,1.000582141877822,0.0002940343868079351,1742.9145867477432,-3.1900073e-03,371133,1042.61188,1775.53656,1.5917311e+05,4.6768513e+01,7.0615884e+03,1.4938539e+01,1.6662289e+05,4.8964355e+01,0,nan,nan,nan,nan,1042.61188,2.7442790e-04,1775.53656,2.4545897e-04,-1.3573938e-02,3.0822095e-03
-0.4254863574956289,1.0001017580341878,0.0002822475633690986,1920.8264336427078,3.1837181e-03,499225,471.02390,463.88437,1.6420139e+05,4.6264717e+01,2.5958792e+03,1.3535439e+01,1.6983842e+05,4.7931606e+01,0,nan,nan,nan,nan,471.02390,2.5845569e-04,463.88437,2.9314868e-04,2.5416322e-02,-1.6639594e-02
-0.42547708625511405,0.9996032878565169,0.00028405474432814475,1730.6451629139463,-3.1753804e-03,362299,1328.20522,1819.02278,1.5830872e+05,4.4936085e+01,4.1460498e+03,1.1688062e+01,1.6614167e+05,4.7212059e+01,0,nan,nan,nan,nan,1328.20522,2.5976403e-04,1819.02278,2.2927079e-04,1.9950822e-03,4.4586282e-02
-0.4253357006737133,1.00020218085046,0.0002878530227211568,1914.6917042995296,3.1739846e-03,494808,471.02541,463.90162,1.6421777e+05,4.7189510e+01,5.6990879e+03,1.5314618e+01,1.6987702e+05,4.8889725e+01,0,nan,nan,nan,nan,471.02541,2.6507920e-04,463.90162,2.9980161e-04,2.8821409e-02,8.6972216e-04
-0.42521259349769025,0.9995037019193461,0.00028197613350133377,1908.5569474067056,3.1367016e-03,490391,470.99935,463.87689,1.6381130e+05,4.6211891e+01,2.5992700e+03,1.3536782e+01,1.6970627e+05,4.7876881e+01,0,nan,nan,nan,nan,470.99935,2.5809431e-04,463.87689,2.9328154e-04,-7.6597073e-04,-2.5186878e-02
-0.4251362291170153,0.9998568597621836,0.00028232716981034327,1902.4221437710862,3.0526761e-03,485974,470.98521,463.85020,1.6391591e+05,4.6280712e+01,2.8244756e+03,1.3637758e+01,1.6980769e+05,4.7948185e+01,0,nan,nan,nan,nan,470.98521,2.5818089e-04,463.85020,2.9373652e-04,-1.5397558e-02,-5.5698868e-02
-0.4250030208775115,1.000509139332387,0.00028415606028498597,1718.3758769793237,-3.0222102e-03,353465,1328.20165,1818.98462,1.5798384e+05,4.4923996e+01,4.2384390e+03,1.1745041e+01,1.6618822e+05,4.7199360e+01,0,nan,nan,nan,nan,1328.20165,2.6023545e-04,1818.98462,2.3020527e-04,-5.3219526e-04,2.2186292e-03
-0.4247184454522994,0.9999688335945597,0.0002820634535236558,1712.2412815547489,-2.8980826e-03,349048,1328.21013,1818.98805,1.5857950e+05,4.4643990e+01,2.9355354e+03,1.0970518e+01,1.6628778e+05,4.6905167e+01,0,nan,nan,nan,nan,1328.21013,2.5709750e-04,1818.98805,2.2709848e-04,7.2437818e-03,6.3529722e-03
-0.4246626922249561,1.0000431025530225,0.00029718212744135657,1761.3203773079767,-2.9467191e-03,384385,1042.63412,1775.57372,1.5928998e+05,4.7283947e+01,8.8783916e+03,1.5835816e+01,1.6658512e+05,4.9503986e+01,0,nan,nan,nan,nan,1042.63412,2.7803294e-04,1775.57372,2.4794086e-04,1.0725928e-02,4.3933287e-02
-0.424620540610249,1.0001355639424325,0.0002912225956984114,1755.1855394595914,-3.0651060e-03,379968,1042.61470,1775.57159,1.5922006e+05,4.6334320e+01,5.3839136e+03,1.4181933e+01,1.6659542e+05,4.8509777e+01,0,nan,nan,nan,nan,1042.61470,2.7129150e-04,1775.57159,2.4165756e-04,-1.0847110e-02,4.0755738e-02
-0.42442435720931826,0.999992285978391,0.00029409790271501,1742.9159756429922,-3.1900003e-03,371134,1042.61544,1775.51058,1.5908728e+05,4.6778664e+01,7.0713247e+03,1.4983861e+01,1.6652483e+05,4.8974979e+01,0,nan,nan,nan,nan,1042.61544,2.7441900e-04,1775.51058,2.4520935e-04,-1.0915793e-02,-2.4540188e-02
-0.4240974701297091,1.000319155446276,0.00028220391169915787,1920.8278225300737,3.1837171e-03,499226,471.02668,463.90103,1.6425189e+05,4.6257622e+01,2.6038557e+03,1.3483388e+01,1.6987559e+05,4.7924259e+01,0,nan,nan,nan,nan,471.02668,2.5851876e-04,463.90103,2.9302275e-04,2.8726337e-02,6.1003299e-04
-0.4240882065853384,0.999604127531088,0.0002840749467293414,1730.646551793616,-3.1753890e-03,362300,1328.19534,1819.01773,1.5836614e+05,4.4939369e+01,4.1365771e+03,1.1663384e+01,1.6614212e+05,4.7215508e+01,0,nan,nan,nan,nan,1328.19534,2.5957709e-04,1819.01773,2.2923721e-04,-9.2845261e-03,3.8338948e-02
-0.42394680818529196,0.9998191311995714,0.00028758559829710764,1914.693093192018,3.1739888e-03,494809,471.01235,463.88932,1.6407486e+05,4.7145569e+01,5.6787866e+03,1.5236848e+01,1.6981159e+05,4.8844200e+01,0,nan,nan,nan,nan,471.01235,2.6440431e-04,463.88932,3.0110226e-04,1.4134946e-02,-1.3165918e-02
-0.42382369006554654,1.0001938248245679,0.0002819154332327944,1908.5583363101377,3.1367168e-03,490392,470.99515,463.87134,1.6388231e+05,4.6201912e+01,2.5878857e+03,1.3477014e+01,1.6982334e+05,4.7866543e+01,0,nan,nan,nan,nan,470.99515,2.5808896e-04,463.87134,2.9350948e-04,-5.2010585e-03,-3.1566571e-02
-0.4237473184675764,1.0004285596568963,0.000282501581747609,1902.4235326817357,3.0526984e-03,485975,470.98481,463.85259,1.6408786e+05,4.6309265e+01,2.8276025e+03,1.3605813e+01,1.6990461e+05,4.7977764e+01,0,nan,nan,nan,nan,470.98481,2.5804405e-04,463.85259,2.9384447e-04,-1.6186932e-02,-5.2699614e-02
-0.42361415634218247,1.0001441774452164,0.00028416550321191063,1718.377265843859,-3.0222340e-03,353466,1328.20069,1818.98776,1.5789105e+05,4.4925400e+01,4.2440273e+03,1.1728793e+01,1.6612727e+05,4.7200832e+01,0,nan,nan,nan,nan,1328.20069,2.6056092e-04,1818.98776,2.3076583e-04,-2.0898562e-03,5.9244372e-03
-0.42332959022974137,0.9996331358226005,0.00028205667338362207,1712.2426704099714,-2.8981157e-03,349049,1328.20641,1818.98537,1.5855961e+05,4.4642696e+01,2.9395571e+03,1.1001440e+01,1.6623114e+05,4.6903809e+01,0,nan,nan,nan,nan,1328.20641,2.5716791e-04,1818.98537,2.2696641e-04,3.2606712e-03,3.5568187e-03
-0.4232737729944347,0.9999688528293713,0.0002973354390684392,1761.3217662272073,-2.9466881e-03,384386,1042.62924,1775.56751,1.5936358e+05,4.7308380e+01,8.8851436e+03,1.5831926e+01,1.6657289e+05,4.9529568e+01,0,nan,nan,nan,nan,1042.62924,2.7816163e-04,1775.56751,2.4811615e-04,5.6590531e-03,3.6993138e-02
-0.4232316299953709,1.0002427615555147,0.0002909482348480059,1755.1869283702063,-3.0650836e-03,379969,1042.61132,1775.56218,1.5910966e+05,4.6290600e+01,5.3709468e+03,1.4124238e+01,1.6661302e+05,4.8464001e+01,0,nan,nan,nan,nan,1042.61132,2.7091749e-04,1775.56218,2.4181743e-04,-1.3808416e-02,3.0627897e-02
-0.4230354619608079,0.9998562073629278,0.00029388738927595473,1742.9173645382407,-3.1899933e-03,371135,1042.61479,1775.53073,1.5904283e+05,4.6745224e+01,7.0356719e+03,1.4954690e+01,1.6650233e+05,4.8939972e+01,0,nan,nan,nan,nan,1042.61479,2.7435634e-04,1775.53073,2.4506345e-04,-1.0838504e-02,-3.5218801e-03
-0.4227085829970747,1.0002522761718329,0.00028206929354638845,1920.8292114172064,3.1837160e-03,499227,471.02053,463.88644,1.6419344e+05,4.6235626e+01,2.5889470e+03,1.3451900e+01,1.6986448e+05,4.7901470e+01,0,nan,nan,nan,nan,471.02053,2.5840287e-04,463.88644,2.9285427e-04,2.1853087e-02,-1.5413602e-02
-0.4226993269155628,0.9998097612321374,0.00028404178687634806,1730.6479406732858,-3.1753976e-03,362301,1328.20164,1819.02180,1.5835581e+05,4.4934204e+01,4.1418506e+03,1.1655771e+01,1.6617661e+05,4.7210083e+01,0,nan,nan,nan,nan,1328.20164,2.5965934e-04,1819.02180,2.2932429e-04,-1.7219918e-03,4.2800128e-02
-0.42255791569732537,1.0001797280179765,0.000287731047124379,1914.694482084506,3.1739930e-03,494810,471.01578,463.89798,1.6425855e+05,4.7169315e+01,5.6810850e+03,1.5221412e+01,1.6987248e+05,4.8868801e+01,0,nan,nan,nan,nan,471.01578,2.6439875e-04,463.89798,2.9999996e-04,1.8012231e-02,-3.0272740e-03
-0.4224347866338576,1.0003818155336577,0.0002819308483054344,1908.5597252135694,3.1367319e-03,490393,471.00335,463.87832,1.6400025e+05,4.6204414e+01,2.5970193e+03,1.3430605e+01,1.6985517e+05,4.7869137e+01,0,nan,nan,nan,nan,471.00335,2.5823832e-04,463.87832,2.9322418e-04,3.2834790e-03,-2.3461755e-02
-0.42235840758530685,1.0002491428871505,0.0002823313794776114,1902.424921592618,3.0527210e-03,485976,470.97890,463.85666,1.6398180e+05,4.6281319e+01,2.8425703e+03,1.3593628e+01,1.6987400e+05,4.7948814e+01,0,nan,nan,nan,nan,470.97890,2.5820523e-04,463.85666,2.9369118e-04,-2.2417380e-02,-4.7868300e-02
-0.4222252920392293,1.0002945976058926,0.0002841639503623817,1718.378654708162,-3.0222579e-03,353467,1328.20953,1818.98637,1.5798327e+05,4.4925072e+01,4.2340103e+03,1.1730402e+01,1.6615194e+05,4.7200485e+01,0,nan,nan,nan,nan,1328.20953,2.6053496e-04,1818.98637,2.3034842e-04,7.3844423e-03,4.6452400e-03
-0.4219407352406961,1.0001873342167897,0.0002820163890995856,1712.2440592649605,-2.8981490e-03,349050,1328.21305,1818.98789,1.5856873e+05,4.4636101e+01,2.9279980e+03,1.0986701e+01,1.6632248e+05,4.6896877e+01,0,nan,nan,nan,nan,1328.21305,2.5726276e-04,1818.98789,2.2708147e-04,1.0777324e-02,6.1622644e-03
-0.42188485399719866,0.9999530756003455,0.0002970710717610076,1761.3231551462045,-2.9466574e-03,384387,1042.63384,1775.57028,1.5927195e+05,4.7266361e+01,8.9056953e+03,1.5783374e+01,1.6657041e+05,4.9485573e+01,0,nan,nan,nan,nan,1042.63384,2.7787080e-04,1775.57028,2.4799045e-04,1.0817565e-02,4.0552303e-02
-0.4218427193804928,1.0007957351602037,0.00029123579807559274,1755.1883172808211,-3.0650613e-03,379970,1042.60890,1775.56782,1.5920767e+05,4.6336273e+01,5.3722397e+03,1.4208573e+01,1.6670488e+05,4.8511822e+01,0,nan,nan,nan,nan,1042.60890,2.7108035e-04,1775.56782,2.4176043e-04,-1.6845150e-02,3.6104947e-02
-0.42164656671184275,1.0002874099937669,0.0002939843467875698,1742.9187534334897,-3.1899863e-03,371136,1042.61185,1775.52219,1.5903636e+05,4.6760693e+01,7.0455229e+03,1.4988715e+01,1.6657430e+05,4.8956165e+01,0,nan,nan,nan,nan,1042.61185,2.7455730e-04,1775.52219,2.4568653e-04,-1.3616628e-02,-1.2323225e-02
-0.42131969563160965,0.9998767467431893,0.00028202986541838663,1920.8306003045718,3.1837150e-03,499228,471.02375,463.88702,1.6410556e+05,4.6229225e+01,2.5953237e+03,1.3442320e+01,1.6980095e+05,4.7894840e+01,0,nan,nan,nan,nan,471.02375,2.5882278e-04,463.88702,2.9318844e-04,2.6189435e-02,-1.4131604e-02
-0.42131044724646927,1.0005421592921058,0.00028425435898507204,1730.649329552955,-3.1754063e-03,362302,1328.20473,1819.02240,1.5850353e+05,4.4967907e+01,4.1276465e+03,1.1685589e+01,1.6629864e+05,4.7245495e+01,0,nan,nan,nan,nan,1328.20473,2.5960131e-04,1819.02240,2.2914268e-04,1.5140693e-03,4.4068206e-02
-0.42116902320867666,0.9997293084320702,0.0002879177141323916,1914.6958709769947,3.1739972e-03,494811,471.01587,463.89166,1.6419206e+05,4.7199821e+01,5.6862129e+03,1.5299010e+01,1.6979562e+05,4.8900406e+01,0,nan,nan,nan,nan,471.01587,2.6430906e-04,463.89166,3.0020557e-04,1.8044751e-02,-9.8883593e-03
-0.42104588320285075,1.0002516260831422,0.0002819659715073724,1908.5611141170004,3.1367471e-03,490394,470.99777,463.88040,1.6385941e+05,4.6210136e+01,2.5977856e+03,1.3496003e+01,1.6983297e+05,4.7875069e+01,0,nan,nan,nan,nan,470.99777,2.5797787e-04,463.88040,2.9369327e-04,-3.3926177e-03,-2.1994794e-02
-0.42096949693586794,0.9999628230796752,0.00028227146426197056,1902.4263105032674,3.0527434e-03,485977,470.98714,463.85680,1.6395023e+05,4.6271458e+01,2.8341292e+03,1.3583815e+01,1.6982520e+05,4.7938595e+01,0,nan,nan,nan,nan,470.98714,2.5834469e-04,463.85680,2.9364653e-04,-1.2918722e-02,-4.8048131e-02
-0.4208364275034455,0.9997793657534911,0.00028397167365030296,1718.3800435726978,-3.0222817e-03,353468,1328.20705,1818.98423,1.5784558e+05,4.4894588e+01,4.2194067e+03,1.1672291e+01,1.6606605e+05,4.7168461e+01,0,nan,nan,nan,nan,1328.20705,2.6039933e-04,1818.98423,2.3068135e-04,4.6885437e-03,2.5865438e-03
-0.42055188001791066,1.0004846094664024,0.0002820673424795904,1712.2454481201833,-2.8981820e-03,349051,1328.20548,1818.98311,1.5860520e+05,4.4643944e+01,2.9405283e+03,1.0981031e+01,1.6637109e+05,4.6905121e+01,0,nan,nan,nan,nan,1328.20548,2.5725691e-04,1818.98311,2.2734138e-04,3.1774517e-03,7.0921687e-04
-0.42049593476667724,1.0009821956831324,0.00029719921136813854,1761.324544065435,-2.9466264e-03,384388,1042.62929,1775.57154,1.5943466e+05,4.7286793e+01,8.8684209e+03,1.5802336e+01,1.6674200e+05,4.9506966e+01,0,nan,nan,nan,nan,1042.62929,2.7794662e-04,1775.57154,2.4785681e-04,5.7912753e-03,4.1331455e-02
-0.4204538087647052,0.9999994014515436,0.0002912402391844962,1755.189706191437,-3.0650389e-03,379971,1042.61060,1775.56774,1.5913158e+05,4.6336910e+01,5.3681641e+03,1.4182464e+01,1.6657195e+05,4.8512486e+01,0,nan,nan,nan,nan,1042.61060,2.7131027e-04,1775.56774,2.4211746e-04,-1.4724722e-02,3.6253277e-02
-0.4202576714628776,1.0001270548887395,0.0002937998237173358,1742.9201423287386,-3.1899794e-03,371137,1042.61548,1775.52003,1.5903139e+05,4.6731392e+01,7.0363643e+03,1.4917480e+01,1.6654777e+05,4.8925488e+01,0,nan,nan,nan,nan,1042.61548,2.7425474e-04,1775.52003,2.4520003e-04,-9.6768504e-03,-1.5211351e-02
-0.41993080826568985,1.0000771784612734,0.00028209135991882315,1920.8319891919377,3.1837141e-03,499229,471.02742,463.88624,1.6419366e+05,4.6239372e+01,2.5865659e+03,1.3461819e+01,1.6983523e+05,4.7905354e+01,0,nan,nan,nan,nan,471.02742,2.5846765e-04,463.88624,2.9302019e-04,2.9444709e-02,-1.5042705e-02
-0.4199215678102064,0.9999660120056932,0.000284178651399475,1730.6507184323912,-3.1754151e-03,362303,1328.20686,1819.02777,1.5841894e+05,4.4956009e+01,4.1343975e+03,1.1661757e+01,1.6620314e+05,4.7232990e+01,0,nan,nan,nan,nan,1328.20686,2.5965588e-04,1819.02777,2.2947366e-04,3.7343814e-03,5.0033830e-02
-0.41978013072002796,1.0001267022657703,0.000287830476975818,1914.6972598694833,3.1740014e-03,494812,471.01517,463.88682,1.6426914e+05,4.7185425e+01,5.6924668e+03,1.5251608e+01,1.6986278e+05,4.8885490e+01,0,nan,nan,nan,nan,471.01517,2.6434785e-04,463.88682,3.0013919e-04,1.5750807e-02,-1.5097603e-02
-0.4196569797718439,1.0006883295435776,0.0002821272141192217,1908.5625030204314,3.1367622e-03,490395,470.99945,463.87139,1.6407277e+05,4.6236542e+01,2.5786482e+03,1.3503773e+01,1.6990702e+05,4.7902420e+01,0,nan,nan,nan,nan,470.99945,2.5795031e-04,463.87139,2.9337223e-04,-1.4627620e-03,-3.1307966e-02
-0.41958058628688377,0.9999775836591674,0.00028237668773450686,1902.4276994139163,3.0527657e-03,485978,470.98666,463.85382,1.6390852e+05,4.6288662e+01,2.8372500e+03,1.3620440e+01,1.6982756e+05,4.7956417e+01,0,nan,nan,nan,nan,470.98666,2.5824702e-04,463.85382,2.9396339e-04,-1.4615834e-02,-5.1328674e-02
-0.41944756296834385,1.0000597824557405,0.00028406358073497756,1718.381432437233,-3.0223054e-03,353469,1328.20382,1818.98702,1.5783678e+05,4.4909042e+01,4.2395322e+03,1.1721754e+01,1.6611233e+05,4.7183643e+01,0,nan,nan,nan,nan,1328.20382,2.6044218e-04,1818.98702,2.3081154e-04,4.2842166e-04,4.6879528e-03
-0.4191630247946705,0.9997016017879236,0.0002821711227180368,1712.2468369754065,-2.8982151e-03,349052,1328.20779,1818.98469,1.5853288e+05,4.4660152e+01,2.9334580e+03,1.1038289e+01,1.6624008e+05,4.6922153e+01,0,nan,nan,nan,nan,1328.20779,2.5726904e-04,1818.98469,2.2770259e-04,4.8734592e-03,2.8381117e-03
-0.4191070157694412,1.0001071886186135,0.0002971586177682228,1761.3259329844323,-2.9465957e-03,384389,1042.63399,1775.57273,1.5935920e+05,4.7280380e+01,8.8907793e+03,1.5800692e+01,1.6659641e+05,4.9500252e+01,0,nan,nan,nan,nan,1042.63399,2.7797339e-04,1775.57273,2.4788934e-04,1.0578293e-02,4.2517658e-02
-0.4190648981493723,0.9996910963729672,0.0002910425434806952,1755.1910951020523,-3.0650166e-03,379972,1042.61138,1775.56322,1.5906525e+05,4.6305386e+01,5.3396943e+03,1.4162088e+01,1.6652034e+05,4.8479481e+01,0,nan,nan,nan,nan,1042.61138,2.7092866e-04,1775.56322,2.4204947e-04,-1.4502457e-02,3.1670317e-02
-0.41886877621436724,0.9995592914876367,0.0002939650363492586,1742.9215312239871,-3.1899724e-03,371138,1042.61337,1775.53377,1.5903236e+05,4.6757717e+01,7.0430659e+03,1.4973631e+01,1.6645339e+05,4.8953053e+01,0,nan,nan,nan,nan,1042.61337,2.7464068e-04,1775.53377,2.4530885e-04,-1.3132415e-02,-6.4668065e-04
-0.41854192113214594,0.9995921853563074,0.00028220093048087386,1920.8333780790713,3.1837129e-03,499230,471.02280,463.89155,1.6403912e+05,4.6257401e+01,2.5931892e+03,1.3512754e+01,1.6975311e+05,4.7924030e+01,0,nan,nan,nan,nan,471.02280,2.5884327e-04,463.89155,2.9384426e-04,2.4693996e-02,-9.5343376e-03
-0.41853268814043076,1.000344295029738,0.00028415038509173643,1730.652107312061,-3.1754237e-03,362304,1328.19906,1819.01486,1.5846270e+05,4.4951611e+01,4.1230757e+03,1.1652845e+01,1.6626630e+05,4.7228371e+01,0,nan,nan,nan,nan,1328.19906,2.5978047e-04,1819.01486,2.2938034e-04,-4.9005579e-03,3.5263278e-02
-0.4183912379994581,1.0000210426272642,0.0002877897526383765,1914.698648762204,3.1740058e-03,494813,471.00376,463.89850,1.6421239e+05,4.7178654e+01,5.6636074e+03,1.5258344e+01,1.6984450e+05,4.8878479e+01,0,nan,nan,nan,nan,471.00376,2.6403091e-04,463.89850,3.0053678e-04,5.3669964e-03,-2.5095986e-03
-0.41826807634015495,1.0007384211542767,0.0002820643734329723,1908.5638919238631,3.1367773e-03,490396,471.00000,463.87778,1.6409236e+05,4.6226215e+01,2.5874583e+03,1.3474306e+01,1.6991541e+05,4.7891720e+01,0,nan,nan,nan,nan,471.00000,2.5791166e-04,463.87778,2.9293983e-04,-3.4893438e-04,-2.4522418e-02
-0.4181916754048416,1.0002164291486406,0.00028231683598982626,1902.4290883247984,3.0527883e-03,485979,470.98636,463.85594,1.6394080e+05,4.6278809e+01,2.8198196e+03,1.3604370e+01,1.6986797e+05,4.7946209e+01,0,nan,nan,nan,nan,470.98636,2.5833887e-04,463.85594,2.9392363e-04,-1.4666314e-02,-4.8788276e-02
-0.41805869843324217,1.0003763130263206,0.0002839947473386872,1718.382821301768,-3.0223292e-03,353470,1328.20017,1818.98169,1.5785175e+05,4.4898083e+01,4.2379736e+03,1.1686266e+01,1.6616462e+05,4.7172131e+01,0,nan,nan,nan,nan,1328.20017,2.6038827e-04,1818.98169,2.3069915e-04,-3.0226961e-03,-1.0777394e-03
-0.4177741698049431,0.9998363639572013,0.00028206140604537995,1712.2482258303962,-2.8982484e-03,349053,1328.20946,1818.98408,1.5851052e+05,4.4642578e+01,2.9374373e+03,1.1010419e+01,1.6626169e+05,4.6903683e+01,0,nan,nan,nan,nan,1328.20946,2.5738135e-04,1818.98408,2.2766810e-04,6.8704006e-03,1.6525919e-03
-0.4177180965389198,0.9999384575654271,0.0002970220979579031,1761.3273219036628,-2.9465647e-03,384390,1042.62972,1775.56863,1.5930884e+05,4.7258709e+01,8.8920332e+03,1.5760562e+01,1.6656847e+05,4.9477562e+01,0,nan,nan,nan,nan,1042.62972,2.7793788e-04,1775.56863,2.4787910e-04,5.7322695e-03,3.8188536e-02
-0.4176759875335847,0.9999996129943594,0.0002909918003035545,1755.192484012668,-3.0649942e-03,379973,1042.61049,1775.56135,1.5920120e+05,4.6297241e+01,5.3383247e+03,1.4131950e+01,1.6657148e+05,4.8470955e+01,0,nan,nan,nan,nan,1042.61049,2.7081204e-04,1775.56135,2.4153040e-04,-1.5704367e-02,2.9472966e-02
-0.4174798809654021,1.000436981337479,0.0002939131274510399,1742.922920119236,-3.1899654e-03,371139,1042.61021,1775.52678,1.5909452e+05,4.6749508e+01,7.0245234e+03,1.4923425e+01,1.6659972e+05,4.8944458e+01,0,nan,nan,nan,nan,1042.61021,2.7426329e-04,1775.52678,2.4540708e-04,-1.4635102e-02,-7.7097858e-03
-0.41715303376531665,1.0002088041305055,0.0002822433978325903,1920.834766966438,3.1837120e-03,499231,471.02535,463.88682,1.6423994e+05,4.6264427e+01,2.5885266e+03,1.3523942e+01,1.6985806e+05,4.7931309e+01,0,nan,nan,nan,nan,471.02535,2.5850136e-04,463.88682,2.9301780e-04,2.7206026e-02,-1.4903366e-02
-0.41714380847042776,0.999668682241924,0.00028400382388010933,1730.653496191731,-3.1754323e-03,362305,1328.20166,1819.02553,1.5833669e+05,4.4928493e+01,4.1348237e+03,1.1647738e+01,1.6615425e+05,4.7204082e+01,0,nan,nan,nan,nan,1328.20166,2.5970346e-04,1819.02553,2.2925211e-04,-2.1988533e-03,4.6893254e-02
-0.4170023455108094,0.9998404892807963,0.0002876797922527889,1914.7000376546926,3.1740100e-03,494814,471.02599,463.89278,1.6412292e+05,4.7160542e+01,5.6645229e+03,1.5268126e+01,1.6981352e+05,4.8859711e+01,0,nan,nan,nan,nan,471.02599,2.6451575e-04,463.89278,3.0034885e-04,2.8718006e-02,-8.5337982e-03
-0.416879172908466,1.0002000637623305,0.00028207823011241714,1908.5652808272948,3.1367925e-03,490397,470.99874,463.88111,1.6403338e+05,4.6228455e+01,2.5964927e+03,1.3467996e+01,1.6982389e+05,4.7894039e+01,0,nan,nan,nan,nan,470.99874,2.5798246e-04,463.88111,2.9324566e-04,-1.8501634e-03,-2.0667760e-02
-0.41680276475563005,1.0001160718137974,0.00028235513741852125,1902.4304772354476,3.0528107e-03,485980,470.98547,463.85934,1.6401052e+05,4.6285038e+01,2.8364729e+03,1.3598439e+01,1.6985075e+05,4.7952667e+01,0,nan,nan,nan,nan,470.98547,2.5798776e-04,463.85934,2.9353032e-04,-1.6100010e-02,-4.4729531e-02
-0.41666983413006164,1.0000178277833802,0.00028407394872271115,1718.3842101660712,-3.0223532e-03,353471,1328.20806,1818.98706,1.5787914e+05,4.4910526e+01,4.2513599e+03,1.1732309e+01,1.6610481e+05,4.7185207e+01,0,nan,nan,nan,nan,1328.20806,2.6040932e-04,1818.98706,2.3074834e-04,5.3379592e-03,4.4216071e-03
-0.41638531458306716,0.9997334849648767,0.0002823383587121214,1712.249614685618,-2.8982814e-03,349054,1328.20737,1818.98229,1.5850138e+05,4.4686195e+01,2.9343245e+03,1.1047816e+01,1.6624378e+05,4.6949512e+01,0,nan,nan,nan,nan,1328.20737,2.5748316e-04,1818.98229,2.2806437e-04,4.5642518e-03,4.2226163e-04
-0.416329177541229,1.0002278454693576,0.00029715979512720894,1761.3287108226605,-2.9465340e-03,384391,1042.62957,1775.56945,1.5937394e+05,4.7280663e+01,8.9111084e+03,1.5788391e+01,1.6661686e+05,4.9500549e+01,0,nan,nan,nan,nan,1042.62957,2.7792514e-04,1775.56945,2.4792037e-04,6.2683946e-03,3.9073512e-02
-0.41628707691825184,1.000244046054995,0.00029098845703490303,1755.1938729232834,-3.0649719e-03,379974,1042.60878,1775.56904,1.5919028e+05,4.6296642e+01,5.3468525e+03,1.4112606e+01,1.6661194e+05,4.8470325e+01,0,nan,nan,nan,nan,1042.60878,2.7102351e-04,1775.56904,2.4161232e-04,-1.7242815e-02,3.7903283e-02
-0.41609098571689174,0.9999026489965056,0.00029365422740622695,1742.9243090144846,-3.1899584e-03,371140,1042.61823,1775.52188,1.5884150e+05,4.6708378e+01,7.0150273e+03,1.4923188e+01,1.6651091e+05,4.8901394e+01,0,nan,nan,nan,nan,1042.61823,2.7447270e-04,1775.52188,2.4566596e-04,-6.2570125e-03,-1.3287068e-02
-0.41576414663177275,0.9996526121084491,0.00028204229804095464,1920.8361558535717,3.1837109e-03,499232,471.02186,463.89506,1.6410498e+05,4.6231525e+01,2.6122935e+03,1.3454641e+01,1.6976384e+05,4.7897224e+01,0,nan,nan,nan,nan,471.02186,2.5863075e-04,463.89506,2.9306239e-04,2.4266183e-02,-5.9635928e-03
-0.4157549288006521,1.0005847626955249,0.0002841631256769688,1730.6548850714007,-3.1754409e-03,362306,1328.20085,1819.01822,1.5839730e+05,4.4953758e+01,4.1262139e+03,1.1678478e+01,1.6630675e+05,4.7230629e+01,0,nan,nan,nan,nan,1328.20085,2.6009529e-04,1819.01822,2.2970054e-04,-2.1489649e-03,3.8504858e-02
-0.4156134530221607,0.9992091390970022,0.0002875718256199707,1914.7014265471812,3.1740142e-03,494815,471.01166,463.89000,1.6397270e+05,4.7142754e+01,5.6749463e+03,1.5275188e+01,1.6970597e+05,4.8841282e+01,0,nan,nan,nan,nan,471.01166,2.6439296e-04,463.89000,3.0045828e-04,1.3578422e-02,-1.1346653e-02
-0.41549026947677703,1.0000443474485232,0.00028189897167268854,1908.5666697307265,3.1368076e-03,490398,470.99867,463.87399,1.6381791e+05,4.6199047e+01,2.5938147e+03,1.3463710e+01,1.6979734e+05,4.7863575e+01,0,nan,nan,nan,nan,470.99867,2.5829780e-04,463.87399,2.9383702e-04,-1.4137162e-03,-2.8493188e-02
-0.4154138541066459,0.9998780596663495,0.0002823059409138182,1902.4318661460966,3.0528330e-03,485981,470.98857,463.85409,1.6394222e+05,4.6276932e+01,2.8265083e+03,1.3595053e+01,1.6981017e+05,4.7944267e+01,0,nan,nan,nan,nan,470.98857,2.5831416e-04,463.85409,2.9379563e-04,-1.2319182e-02,-5.0523568e-02
-0.41528096959427785,1.0001639369333668,0.00028412887962342903,1718.385599030607,-3.0223769e-03,353472,1328.20441,1818.99144,1.5787650e+05,4.4919144e+01,4.2366016e+03,1.1729443e+01,1.6612883e+05,4.7194260e+01,0,nan,nan,nan,nan,1328.20441,2.6044773e-04,1818.99144,2.3057114e-04,1.0750199e-03,9.4860373e-03
-0.41499645936096385,0.9996520111009506,0.0002821750618999197,1712.2510035408402,-2.8983145e-03,349055,1328.21184,1818.99103,1.5859877e+05,4.4660137e+01,2.9334373e+03,1.1042848e+01,1.6622945e+05,4.6922134e+01,0,nan,nan,nan,nan,1328.21184,2.5735976e-04,1818.99103,2.2696328e-04,9.1758342e-03,9.9326260e-03
-0.4149402583111623,0.9993248005051393,0.0002971254423066225,1761.3300997418905,-2.9465030e-03,384392,1042.62696,1775.57032,1.5923050e+05,4.7275249e+01,8.9049023e+03,1.5818278e+01,1.6646661e+05,4.9494884e+01,0,nan,nan,nan,nan,1042.62696,2.7812063e-04,1775.57032,2.4801452e-04,2.7937044e-03,4.0117681e-02
-0.41489816630246423,0.9997756095703989,0.00029111131835098374,1755.1952618338992,-3.0649495e-03,379975,1042.61519,1775.57005,1.5912239e+05,4.6316116e+01,5.3186006e+03,1.4143167e+01,1.6653367e+05,4.8490715e+01,0,nan,nan,nan,nan,1042.61519,2.7111793e-04,1775.57005,2.4216887e-04,-1.0291927e-02,3.9164558e-02
-0.4147020904679266,0.9996174373362167,0.0002937802832492802,1742.9256979097336,-3.1899514e-03,371141,1042.61099,1775.52766,1.5896284e+05,4.6728474e+01,7.0070996e+03,1.4930737e+01,1.6646358e+05,4.8922436e+01,0,nan,nan,nan,nan,1042.61099,2.7471906e-04,1775.52766,2.4537966e-04,-1.5330940e-02,-6.3970601e-03
-0.41437525926585295,0.9998610072162057,0.0002820385308684804,1920.8375447409376,3.1837099e-03,499233,471.02593,463.87702,1.6406314e+05,4.6230972e+01,2.6021436e+03,1.3472058e+01,1.6979947e+05,4.7896652e+01,0,nan,nan,nan,nan,471.02593,2.5882400e-04,463.87702,2.9352814e-04,2.7485019e-02,-2.5613517e-02
-0.4142245605341941,0.9998178376560483,0.00028770823398072836,1914.7028154396692,3.1740183e-03,494816,471.01753,463.90186,1.6418048e+05,4.7165024e+01,5.6757983e+03,1.5262881e+01,1.6980903e+05,4.8864357e+01,0,nan,nan,nan,nan,471.01753,2.6429142e-04,463.90186,2.9990167e-04,2.0422272e-02,1.2364696e-03
-0.41410136604508807,1.0001349466594405,0.0002819805641507652,1908.5680586341582,3.1368227e-03,490399,470.99667,463.88006,1.6401445e+05,4.6212387e+01,2.5838501e+03,1.3458426e+01,1.6981261e+05,4.7877396e+01,0,nan,nan,nan,nan,470.99667,2.5788197e-04,463.88006,2.9301606e-04,-4.1497969e-03,-2.2325186e-02
-0.414024943457207,1.000032904340471,0.0002824845336742177,1902.433255056746,3.0528554e-03,485982,470.98472,463.85642,1.6403606e+05,4.6306160e+01,2.8317031e+03,1.3655459e+01,1.6983630e+05,4.7974548e+01,0,nan,nan,nan,nan,470.98472,2.5802993e-04,463.85642,2.9361102e-04,-1.6710555e-02,-4.8967812e-02
-0.41389210505849405,1.000701665174182,0.000284033985474856,1718.3869878951427,-3.0224007e-03,353473,1328.20120,1818.98043,1.5781644e+05,4.4904079e+01,4.2404727e+03,1.1735486e+01,1.6621791e+05,4.7178429e+01,0,nan,nan,nan,nan,1328.20120,2.6061933e-04,1818.98043,2.3114645e-04,-1.9949928e-03,-2.7258690e-03
-0.41360760437123645,1.000022146936129,0.0002822313239136528,1712.25239239583,-2.8983478e-03,349056,1328.20767,1818.98297,1.5865662e+05,4.4668831e+01,2.9404158e+03,1.0978044e+01,1.6629022e+05,4.6931267e+01,0,nan,nan,nan,nan,1328.20767,2.5721846e-04,1818.98297,2.2724332e-04,4.2553544e-03,1.2030540e-03
-0.41355133931347154,0.9998465092865351,0.0002971969666929557,1761.3314886608882,-2.9464723e-03,384393,1042.63490,1775.57525,1.5925881e+05,4.7286686e+01,8.9108096e+03,1.5809469e+01,1.6655372e+05,4.9506855e+01,0,nan,nan,nan,nan,1042.63490,2.7827511e-04,1775.57525,2.4814985e-04,1.1657936e-02,4.5395587e-02
-0.4135092556866766,0.9997785167421975,0.00029092727905497305,1755.196650744515,-3.0649272e-03,379976,1042.61301,1775.56497,1.5899722e+05,4.6286766e+01,5.3146001e+03,1.4152732e+01,1.6653391e+05,4.8459988e+01,0,nan,nan,nan,nan,1042.61301,2.7156013e-04,1775.56497,2.4177488e-04,-1.1443898e-02,3.3882055e-02
-0.4133131954527016,0.999849070942017,0.0002938206130966571,1742.9270868047488,-3.1899447e-03,371142,1042.61669,1775.51383,1.5896128e+05,4.6734940e+01,6.9963740e+03,1.4920611e+01,1.6650233e+05,4.8929203e+01,0,nan,nan,nan,nan,1042.61669,2.7446984e-04,1775.51383,2.4531511e-04,-8.9582177e-03,-2.1720642e-02
-0.41298637213321854,0.9998086150975043,0.00028244362543051435,1920.8389336280702,3.1837088e-03,499234,471.02462,463.89207,1.6419716e+05,4.6297436e+01,2.6076477e+03,1.3586897e+01,1.6979081e+05,4.7965511e+01,0,nan,nan,nan,nan,471.02462,2.5831492e-04,463.89207,2.9353876e-04,2.6078407e-02,-8.5312370e-03
-0.41297716946041874,1.0003903554451816,0.00028429938634852236,1730.657662830741,-3.1754582e-03,362308,1328.19840,1819.02196,1.5849100e+05,4.4975433e+01,4.1283599e+03,1.1721795e+01,1.6627489e+05,4.7253403e+01,0,nan,nan,nan,nan,1328.19840,2.5952765e-04,1819.02196,2.2935035e-04,-4.7897082e-03,4.3065600e-02
-0.4128356680462275,1.0003966947747627,0.0002878833286734241,1914.7042043321571,3.1740225e-03,494817,471.01766,463.89145,1.6436652e+05,4.7193645e+01,5.6503760e+03,1.5287780e+01,1.6990705e+05,4.8894009e+01,0,nan,nan,nan,nan,471.01766,2.6401738e-04,463.89145,2.9941538e-04,1.9572878e-02,-1.0736763e-02
-0.4127124626143086,0.9998919837992131,0.0002819682345683856,1908.569447537589,3.1368379e-03,490400,470.99829,463.86856,1.6394486e+05,4.6210339e+01,2.5912952e+03,1.3455046e+01,1.6977125e+05,4.7875271e+01,0,nan,nan,nan,nan,470.99829,2.5810412e-04,463.86856,2.9323649e-04,-2.0809395e-03,-3.4106392e-02
-0.41263603257448267,1.0004433004491258,0.00028242355707060597,1902.4346439676287,3.0528780e-03,485983,470.98362,463.85069,1.6403748e+05,4.6296124e+01,2.8337844e+03,1.3625833e+01,1.6990583e+05,4.7964149e+01,0,nan,nan,nan,nan,470.98362,2.5803968e-04,463.85069,2.9367162e-04,-1.7466638e-02,-5.4745726e-02
-0.4125032405224829,1.0003743099314613,0.0002840930651421223,1718.3883767596787,-3.0224244e-03,353474,1328.20479,1818.98500,1.5793506e+05,4.4913357e+01,4.2402241e+03,1.1722073e+01,1.6616330e+05,4.7188179e+01,0,nan,nan,nan,nan,1328.20479,2.6022253e-04,1818.98500,2.3056408e-04,1.6809887e-03,2.5957846e-03
-0.4122187491486784,0.9998560392519735,0.00028202726651766456,1712.2537812510525,-2.8983809e-03,349057,1328.20801,1818.98788,1.5853648e+05,4.4636326e+01,2.9460720e+03,1.0973394e+01,1.6626181e+05,4.6897118e+01,0,nan,nan,nan,nan,1328.20801,2.5751718e-04,1818.98788,2.2693233e-04,5.4684221e-03,6.0404032e-03
-0.4121624200831775,1.000256723806501,0.0002971261810227211,1761.3328775801185,-2.9464413e-03,384394,1042.62930,1775.56513,1.5934400e+05,4.7275486e+01,8.9275000e+03,1.5783477e+01,1.6662225e+05,4.9495129e+01,0,nan,nan,nan,nan,1042.62930,2.7790639e-04,1775.56513,2.4799781e-04,5.5454276e-03,3.4991559e-02
-0.4121203448385131,0.9996858701785439,0.00029080987477277597,1755.1980396553631,-3.0649046e-03,379977,1042.61138,1775.56469,1.5893264e+05,4.6268021e+01,5.2989443e+03,1.4136243e+01,1.6651823e+05,4.8440361e+01,0,nan,nan,nan,nan,1042.61138,2.7137814e-04,1775.56469,2.4193668e-04,-1.4253849e-02,3.3089582e-02
-0.411924300204646,1.0007462843800936,0.0002940343387742715,1742.9284756999969,-3.1899377e-03,371143,1042.61315,1775.52753,1.5917277e+05,4.6768978e+01,6.9931431e+03,1.4971169e+01,1.6665192e+05,4.8964844e+01,0,nan,nan,nan,nan,1042.61315,2.7432185e-04,1775.52753,2.4502983e-04,-1.1981551e-02,-7.3132520e-03
-0.41159748500035676,0.9998227455287589,0.000282135155901482,1920.840322515203,3.1837076e-03,499235,471.02624,463.88696,1.6410695e+05,4.6246941e+01,2.5956626e+03,1.3469941e+01,1.6979344e+05,4.7913193e+01,0,nan,nan,nan,nan,471.02624,2.5882642e-04,463.88696,2.9343824e-04,2.8179361e-02,-1.4497951e-02
-0.41158828979109785,0.9999321502335614,0.00028408096618132947,1730.6590517104103,-3.1754668e-03,362309,1328.20021,1819.02010,1.5844473e+05,4.4940937e+01,4.1226479e+03,1.1647772e+01,1.6619892e+05,4.7217155e+01,0,nan,nan,nan,nan,1328.20021,2.5955157e-04,1819.02010,2.2922340e-04,-3.4937924e-03,4.1129149e-02
-0.41144677532474816,0.9996494716518562,0.0002876992887620711,1914.7055932248786,3.1740270e-03,494818,471.01136,463.89108,1.6404561e+05,4.7163391e+01,5.6655601e+03,1.5297026e+01,1.6977984e+05,4.8862667e+01,0,nan,nan,nan,nan,471.01136,2.6449794e-04,463.89108,3.0082461e-04,1.3103014e-02,-1.0954808e-02
-0.41132355918261965,1.0000056132050126,0.0002820461657663855,1908.5708364410207,3.1368530e-03,490401,470.99758,463.87875,1.6398130e+05,4.6223080e+01,2.5947336e+03,1.3475821e+01,1.6979044e+05,4.7888470e+01,0,nan,nan,nan,nan,470.99758,2.5824798e-04,463.87875,2.9325436e-04,-1.7739389e-03,-2.3561195e-02
-0.41124712192504376,0.9996750392191124,0.0002823207674396259,1902.4360328782782,3.0529003e-03,485984,470.99045,463.85951,1.6390866e+05,4.6279228e+01,2.8173352e+03,1.3613378e+01,1.6977519e+05,4.7946644e+01,0,nan,nan,nan,nan,470.99045,2.5838101e-04,463.85951,2.9395163e-04,-1.0573373e-02,-4.5336045e-02
-0.4111143759866991,1.0003254166495266,0.00028422204732595017,1718.3897656242145,-3.0224482e-03,353475,1328.20198,1818.98616,1.5789541e+05,4.4933693e+01,4.2309351e+03,1.1764645e+01,1.6615495e+05,4.7209541e+01,0,nan,nan,nan,nan,1328.20198,2.6045940e-04,1818.98616,2.3069189e-04,-1.7307189e-03,3.7772674e-03
-0.41082989392680247,0.999695610029528,0.0002818930724952251,1712.2551701062744,-2.8984139e-03,349058,1328.20684,1818.98807,1.5835041e+05,4.4614880e+01,2.9293303e+03,1.0965429e+01,1.6623436e+05,4.6874584e+01,0,nan,nan,nan,nan,1328.20684,2.5741389e-04,1818.98807,2.2759032e-04,4.6748421e-03,5.9345225e-03
-0.4107735010857141,0.9999878612938673,0.000297097196111755,1761.334266499116,-2.9464106e-03,384395,1042.63308,1775.57492,1.5927702e+05,4.7270931e+01,8.9167148e+03,1.5783818e+01,1.6657769e+05,4.9490360e+01,0,nan,nan,nan,nan,1042.63308,2.7812738e-04,1775.57492,2.4814103e-04,9.4374120e-03,4.5092426e-02
-0.4107314342227255,1.000000202827808,0.0002908029605828368,1755.199428565979,-3.0648822e-03,379978,1042.61216,1775.56731,1.5905377e+05,4.6266853e+01,5.3028877e+03,1.4095269e+01,1.6657034e+05,4.8439140e+01,0,nan,nan,nan,nan,1042.61216,2.7104054e-04,1775.56731,2.4164584e-04,-1.2463148e-02,3.5565007e-02
-0.41053540495568086,0.9994255056994763,0.000293668954364758,1742.9298645952458,-3.1899307e-03,371144,1042.61460,1775.52045,1.5890961e+05,4.6710915e+01,6.9708013e+03,1.4915236e+01,1.6643214e+05,4.8904049e+01,0,nan,nan,nan,nan,1042.61460,2.7440034e-04,1775.52045,2.4521272e-04,-1.1954526e-02,-1.4621351e-02
-0.4102085976342096,0.9998635879904729,0.0002821617210566947,1920.8417114025692,3.1837067e-03,499236,471.02385,463.89201,1.6413703e+05,4.6251350e+01,2.6029597e+03,1.3505429e+01,1.6980061e+05,4.7917767e+01,0,nan,nan,nan,nan,471.02385,2.5843881e-04,463.89201,2.9314522e-04,2.5587680e-02,-8.2839299e-03
-0.4101994101213222,1.0006601291275905,0.0002840916634979831,1730.66044059008,-3.1754754e-03,362310,1328.20496,1819.02249,1.5847684e+05,4.4942684e+01,4.1325903e+03,1.1639533e+01,1.6632012e+05,4.7218990e+01,0,nan,nan,nan,nan,1328.20496,2.5970920e-04,1819.02249,2.2899442e-04,1.6383103e-03,4.3854233e-02
-0.41005788283609945,0.99979559744525,0.0002877476072892884,1914.7069821173673,3.1740312e-03,494819,471.01362,463.89603,1.6421938e+05,4.7171238e+01,5.6565103e+03,1.5257367e+01,1.6980438e+05,4.8870792e+01,0,nan,nan,nan,nan,471.01362,2.6416246e-04,463.89603,2.9977947e-04,1.5073819e-02,-5.4330868e-03
-0.4099346557509307,1.0004925855595668,0.00028191680649763577,1908.5722253444524,3.1368681e-03,490402,471.00102,463.87352,1.6397144e+05,4.6201847e+01,2.5888215e+03,1.3427101e+01,1.6987300e+05,4.7866478e+01,0,nan,nan,nan,nan,471.00102,2.5809338e-04,463.87352,2.9363835e-04,1.0798206e-03,-2.9440587e-02
-0.4098582112760596,0.9998805654733633,0.0002823826516157625,1902.4374217889272,3.0529227e-03,485985,470.98293,463.85831,1.6396452e+05,4.6289326e+01,2.8121328e+03,1.3636311e+01,1.6980992e+05,4.7957104e+01,0,nan,nan,nan,nan,470.98293,2.5810878e-04,463.85831,2.9365736e-04,-1.8090583e-02,-4.6024241e-02
-0.40972551168374594,1.0004787933515455,0.0002840658386997011,1718.3911544885175,-3.0224721e-03,353476,1328.20701,1818.98633,1.5798903e+05,4.4908939e+01,4.2335391e+03,1.1688332e+01,1.6618023e+05,4.7183537e+01,0,nan,nan,nan,nan,1328.20701,2.6036505e-04,1818.98633,2.3021460e-04,4.2010937e-03,4.7652512e-03
-0.40944103870492654,1.000231674227919,0.00028205366599126435,1712.2565589614962,-2.8984470e-03,349059,1328.20737,1818.98226,1.5855820e+05,4.4640087e+01,2.9288879e+03,1.0987313e+01,1.6632273e+05,4.6901070e+01,0,nan,nan,nan,nan,1328.20737,2.5731727e-04,1818.98226,2.2726506e-04,4.7297259e-03,-3.1775309e-04
-0.40938458185519266,1.000036113823998,0.00029698401270499523,1761.3356554183465,-2.9463796e-03,384396,1042.63036,1775.56289,1.5922245e+05,4.7252987e+01,8.9208955e+03,1.5771637e+01,1.6658594e+05,4.9471573e+01,0,nan,nan,nan,nan,1042.63036,2.7808943e-04,1775.56289,2.4810151e-04,6.8755387e-03,3.2774124e-02
-0.4093425236071653,0.9998194930868095,0.0002908692005180155,1755.2008174765945,-3.0648599e-03,379979,1042.61157,1775.56846,1.5912198e+05,4.6277325e+01,5.2809927e+03,1.4100383e+01,1.6654002e+05,4.8450104e+01,0,nan,nan,nan,nan,1042.61157,2.7092558e-04,1775.56846,2.4158537e-04,-1.3518838e-02,3.7034251e-02
-0.4091465097069431,1.0003587118115307,0.00029392322378003186,1742.9312534904946,-3.1899237e-03,371145,1042.61398,1775.52389,1.5917336e+05,4.6751408e+01,6.9721953e+03,1.4899650e+01,1.6658772e+05,4.8946445e+01,0,nan,nan,nan,nan,1042.61398,2.7438570e-04,1775.52389,2.4508423e-04,-1.1088738e-02,-1.0557195e-02
-0.4088197105006657,0.9998792339566125,0.0002819727451569578,1920.8431002897028,3.1837055e-03,499237,471.02180,463.88193,1.6408520e+05,4.6220440e+01,2.5837964e+03,1.3443260e+01,1.6980348e+05,4.7885738e+01,0,nan,nan,nan,nan,471.02180,2.5857720e-04,463.88193,2.9316253e-04,2.4218054e-02,-1.9467501e-02
-0.4088105304515466,1.000323731383762,0.00028422508955367403,1730.6618294697498,-3.1754840e-03,362311,1328.19713,1819.02028,1.5847762e+05,4.4963840e+01,4.1350386e+03,1.1708672e+01,1.6626439e+05,4.7241215e+01,0,nan,nan,nan,nan,1328.19713,2.5962066e-04,1819.02028,2.2898313e-04,-7.1975826e-03,4.1749779e-02
-0.40866899034745074,1.000256677568724,0.0002878793347353557,1914.708371009856,3.1740353e-03,494820,471.01744,463.89466,1.6427000e+05,4.7192753e+01,5.6643872e+03,1.5304332e+01,1.6988242e+05,4.8893085e+01,0,nan,nan,nan,nan,471.01744,2.6427174e-04,463.89466,2.9978756e-04,1.9518364e-02,-6.8863225e-03
-0.4085457523201512,0.9996881335800282,0.00028187925046393195,1908.5736142478831,3.1368833e-03,490403,470.99790,463.88124,1.6393153e+05,4.6195660e+01,2.5982378e+03,1.3423578e+01,1.6973630e+05,4.7860065e+01,0,nan,nan,nan,nan,470.99790,2.5806576e-04,463.88124,2.9331518e-04,-2.1094889e-03,-2.0718064e-02
-0.4084693006275302,1.0002442653795447,0.00028228295093486147,1902.4388106995757,3.0529450e-03,485986,470.98507,463.85083,1.6398448e+05,4.6272934e+01,2.8053098e+03,1.3587589e+01,1.6987153e+05,4.7940125e+01,0,nan,nan,nan,nan,470.98507,2.5809582e-04,463.85083,2.9359412e-04,-1.6188312e-02,-5.4647643e-02
-0.40833664714796214,1.0002398605100324,0.0002840229364320986,1718.3925433530533,-3.0224959e-03,353477,1328.20227,1818.98701,1.5788139e+05,4.4902107e+01,4.2437568e+03,1.1689919e+01,1.6614036e+05,4.7176357e+01,0,nan,nan,nan,nan,1328.20227,2.6023213e-04,1818.98701,2.3070794e-04,-9.8710752e-04,4.8704389e-03
-0.40805218371428964,1.000391802463431,0.0002822739776003146,1712.2579478164869,-2.8984803e-03,349060,1328.21186,1818.98734,1.5867262e+05,4.4674755e+01,2.9403083e+03,1.1076885e+01,1.6634859e+05,4.6937492e+01,0,nan,nan,nan,nan,1328.21186,2.5744981e-04,1818.98734,2.2688962e-04,9.6459379e-03,6.1556050e-03
-0.40799566285795663,1.0002934942523516,0.0002971645697898433,1761.3370443373437,-2.9463489e-03,384397,1042.63196,1775.57925,1.5931530e+05,4.7281776e+01,8.9085508e+03,1.5771021e+01,1.6662905e+05,4.9501717e+01,0,nan,nan,nan,nan,1042.63196,2.7833661e-04,1775.57925,2.4812785e-04,8.5976170e-03,4.9084805e-02
-0.40795361299160504,1.0006224981741516,0.0002909847611928869,1755.20220638721,-3.0648375e-03,379980,1042.61304,1775.56583,1.5924756e+05,4.6295650e+01,5.2732998e+03,1.4116969e+01,1.6667353e+05,4.8469288e+01,0,nan,nan,nan,nan,1042.61304,2.7072240e-04,1775.56583,2.4144037e-04,-1.2170347e-02,3.4492265e-02
-0.40775761445820535,0.999764612375175,0.0002936794504753741,1742.9326423857433,-3.1899167e-03,371146,1042.61754,1775.52180,1.5899330e+05,4.6712681e+01,6.9683608e+03,1.4901131e+01,1.6648897e+05,4.8905899e+01,0,nan,nan,nan,nan,1042.61754,2.7414423e-04,1775.52180,2.4526170e-04,-8.0166087e-03,-1.3036629e-02
-0.4074308231347459,0.9997693823965207,0.00028209275847787595,1920.8444891770687,3.1837046e-03,499238,471.02524,463.89315,1.6401719e+05,4.6240177e+01,2.6085747e+03,1.3532828e+01,1.6978506e+05,4.7906185e+01,0,nan,nan,nan,nan,471.02524,2.5870526e-04,463.89315,2.9348041e-04,2.6879061e-02,-7.6859840e-03
-0.40742165078177095,1.000013144642467,0.0002840452782163945,1730.6632183494196,-3.1754926e-03,362312,1328.20288,1819.02673,1.5827244e+05,4.4935440e+01,4.1184858e+03,1.1680440e+01,1.6621294e+05,4.7211376e+01,0,nan,nan,nan,nan,1328.20288,2.6017206e-04,1819.02673,2.2955365e-04,-1.1542681e-04,4.7959123e-02
-0.40728009785880204,0.9999295466508652,0.0002876223912653791,1914.7097599023446,3.1740395e-03,494821,471.01218,463.88776,1.6415305e+05,4.7150562e+01,5.6544688e+03,1.5234990e+01,1.6982659e+05,4.8849373e+01,0,nan,nan,nan,nan,471.01218,2.6433074e-04,463.88776,3.0005976e-04,1.4047829e-02,-1.4283920e-02
-0.40715684888846226,1.0005926892910184,0.0002821954819003842,1908.5750031513148,3.1368984e-03,490404,470.99992,463.87628,1.6405858e+05,4.6247452e+01,2.5921123e+03,1.3529958e+01,1.6988977e+05,4.7913723e+01,0,nan,nan,nan,nan,470.99992,2.5803657e-04,463.87628,2.9321946e-04,-4.4367547e-04,-2.5699290e-02
-0.4070803897452606,1.000492598128093,0.00028251602997531164,1902.440199610458,3.0529676e-03,485987,470.98749,463.86297,1.6401388e+05,4.6311092e+01,2.8216069e+03,1.3643601e+01,1.6991353e+05,4.7979660e+01,0,nan,nan,nan,nan,470.98749,2.5848227e-04,463.86297,2.9380128e-04,-1.2908469e-02,-4.0980265e-02
-0.4069477826126331,1.0002015282473948,0.00028409750376489766,1718.3939322175886,-3.0225196e-03,353478,1328.20821,1818.98472,1.5795716e+05,4.4913841e+01,4.2383779e+03,1.1722149e+01,1.6613381e+05,4.7188690e+01,0,nan,nan,nan,nan,1328.20821,2.6033953e-04,1818.98472,2.3033173e-04,6.0264976e-03,2.3348576e-03
-0.40666332849104947,0.9996520350641858,0.0002820338727496185,1712.2593366717101,-2.8985133e-03,349061,1328.20674,1818.98183,1.5854370e+05,4.4636551e+01,2.9382947e+03,1.0979692e+01,1.6622484e+05,4.6897354e+01,0,nan,nan,nan,nan,1328.20674,2.5743607e-04,1818.98183,2.2727558e-04,4.2370674e-03,-1.1981808e-03
-0.4066067436274352,0.9994310378158364,0.00029706718677975457,1761.3384332565743,-2.9463179e-03,384398,1042.62910,1775.57010,1.5906703e+05,4.7266354e+01,8.9397988e+03,1.5851964e+01,1.6648561e+05,4.9485569e+01,0,nan,nan,nan,nan,1042.62910,2.7843143e-04,1775.57010,2.4838169e-04,6.4182957e-03,4.0032804e-02
-0.40656470237581743,0.9995382357917497,0.00029073303420122117,1755.2035952978258,-3.0648152e-03,379981,1042.61702,1775.56455,1.5907128e+05,4.6255535e+01,5.2626597e+03,1.4078592e+01,1.6649270e+05,4.8427292e+01,0,nan,nan,nan,nan,1042.61702,2.7081315e-04,1775.56455,2.4157827e-04,-7.8922240e-03,3.3153318e-02
-0.4063687192092402,0.9999098337832563,0.0002936630102912429,1742.9340312809923,-3.1899097e-03,371147,1042.61161,1775.51230,1.5894094e+05,4.6710114e+01,6.9630991e+03,1.4896292e+01,1.6651333e+05,4.8903214e+01,0,nan,nan,nan,nan,1042.61161,2.7457168e-04,1775.51230,2.4511997e-04,-1.3776645e-02,-2.3440572e-02
-0.406041936001202,0.9996274227758524,0.00028198489298372835,1920.8458780642022,3.1837034e-03,499239,471.02365,463.88945,1.6406294e+05,4.6222549e+01,2.5995623e+03,1.3450366e+01,1.6976117e+05,4.7887928e+01,0,nan,nan,nan,nan,471.02365,2.5854021e-04,463.88945,2.9333530e-04,2.5227493e-02,-1.1609136e-02
-0.40603277111176794,1.000215727681959,0.0002840990631779057,1730.6646072290896,-3.1755012e-03,362313,1328.19971,1819.02148,1.5844550e+05,4.4943989e+01,4.1299697e+03,1.1663579e+01,1.6624677e+05,4.7220364e+01,0,nan,nan,nan,nan,1328.19971,2.5953053e-04,1819.02148,2.2909534e-04,-3.6268535e-03,4.2815611e-02
-0.4058912053710628,0.999422158956651,0.00028755584805659386,1914.7111487948323,3.1740437e-03,494822,471.00905,463.90166,1.6414692e+05,4.7139580e+01,5.6576260e+03,1.5202944e+01,1.6974016e+05,4.8837994e+01,0,nan,nan,nan,nan,471.00905,2.6426229e-04,463.90166,2.9979346e-04,1.1072464e-02,1.1113860e-03
-0.4057679454567733,1.0003032206925073,0.00028197010954790334,1908.5763920547465,3.1369135e-03,490405,471.00140,463.87895,1.6394369e+05,4.6210484e+01,2.5934668e+03,1.3449021e+01,1.6984050e+05,4.7875423e+01,0,nan,nan,nan,nan,471.00140,2.5813663e-04,463.87895,2.9346594e-04,7.5392803e-04,-2.3055576e-02
-0.40569147909536696,1.000253093968954,0.00028249321371268354,1902.4415885211079,3.0529900e-03,485988,470.98180,463.85055,1.6396370e+05,4.6307304e+01,2.8352993e+03,1.3642488e+01,1.6987267e+05,4.7975735e+01,0,nan,nan,nan,nan,470.98180,2.5843791e-04,463.85055,2.9408661e-04,-1.9136885e-02,-5.5203259e-02
-0.4055589180775314,1.0001028443471245,0.0002839888837378288,1718.3953210821237,-3.0225434e-03,353479,1328.20439,1818.98490,1.5777262e+05,4.4896622e+01,4.2412632e+03,1.1722060e+01,1.6611725e+05,4.7170601e+01,0,nan,nan,nan,nan,1328.20439,2.6048286e-04,1818.98490,2.3100173e-04,2.4727697e-03,2.1150750e-03
-0.40527447326917354,1.0001748811170987,0.00028201021836335823,1712.260725526932,-2.8985464e-03,349062,1328.20818,1818.99006,1.5853186e+05,4.4632610e+01,2.9200544e+03,1.0944255e+01,1.6631103e+05,4.6893211e+01,0,nan,nan,nan,nan,1328.20818,2.5737012e-04,1818.99006,2.2719007e-04,4.8742094e-03,8.2332781e-03
-0.4052178246299718,1.0002705588239975,0.0002972781510956279,1761.3398221755717,-2.9462872e-03,384399,1042.63140,1775.56948,1.5930748e+05,4.7299984e+01,8.9465020e+03,1.5814230e+01,1.6662570e+05,4.9520782e+01,0,nan,nan,nan,nan,1042.63140,2.7837715e-04,1775.56948,2.4819229e-04,7.5656385e-03,3.9080668e-02
-0.40517579176048457,1.0002556208835964,0.0002908098214846565,1755.2049842084411,-3.0647928e-03,379982,1042.61377,1775.56595,1.5920608e+05,4.6267685e+01,5.2432256e+03,1.4062334e+01,1.6661197e+05,4.8440014e+01,0,nan,nan,nan,nan,1042.61377,2.7063326e-04,1775.56595,2.4139855e-04,-1.1552771e-02,3.4858350e-02
-0.40465304863482743,0.999984602049204,0.00028209446734848694,1920.8472669515686,3.1837025e-03,499240,471.02568,463.88780,1.6411764e+05,4.6240578e+01,2.6091401e+03,1.3454218e+01,1.6982205e+05,4.7906601e+01,0,nan,nan,nan,nan,471.02568,2.5878203e-04,463.88780,2.9338547e-04,2.8038796e-02,-1.3363561e-02
-0.40464389144267443,1.0001626667774248,0.00028413768244457666,1730.6659961087587,-3.1755099e-03,362314,1328.20311,1819.02270,1.5843750e+05,4.4950138e+01,4.1290015e+03,1.1677548e+01,1.6623808e+05,4.7226822e+01,0,nan,nan,nan,nan,1328.20311,2.5976755e-04,1819.02270,2.2908463e-04,-2.4755322e-04,4.3704964e-02
-0.4045023126500382,0.9995873367447223,0.0002874835290305055,1914.7125376875533,3.1740481e-03,494823,471.02571,463.89431,1.6385620e+05,4.7127659e+01,5.6478086e+03,1.5241878e+01,1.6976795e+05,4.8825642e+01,0,nan,nan,nan,nan,471.02571,2.6521919e-04,463.89431,3.0110771e-04,2.8982837e-02,-7.6599987e-03
-0.4043790420255391,1.0001276148930944,0.0002820148445840037,1908.5777809581778,3.1369287e-03,490406,470.99907,463.87789,1.6389984e+05,4.6217789e+01,2.6109204e+03,1.3501144e+01,1.6981055e+05,4.7882988e+01,0,nan,nan,nan,nan,470.99907,2.5820357e-04,463.87789,2.9337755e-04,-9.4223203e-04,-2.4985975e-02
-0.40430256844592805,0.9996123429761554,0.000282156070144037,1902.4429774317573,3.0530123e-03,485989,470.98682,463.85201,1.6381758e+05,4.6251995e+01,2.8211838e+03,1.3579566e+01,1.6976369e+05,4.7918430e+01,0,nan,nan,nan,nan,470.98682,2.5835203e-04,463.85201,2.9415358e-04,-1.3634523e-02,-5.4154787e-02
-0.4041700535417476,1.0003576252887723,0.00028416608187798316,1718.3967099466595,-3.0225671e-03,353480,1328.20368,1818.98721,1.5796806e+05,4.4924599e+01,4.2505391e+03,1.1721334e+01,1.6615942e+05,4.7199993e+01,0,nan,nan,nan,nan,1328.20368,2.6042448e-04,1818.98721,2.3051142e-04,6.1229098e-04,5.0674384e-03
-0.40388561804707024,0.9996554896468877,0.0002819635788802619,1712.262114382154,-2.8985795e-03,349063,1328.20789,1818.98630,1.5849003e+05,4.4625027e+01,2.9314602e+03,1.0956036e+01,1.6622392e+05,4.6885246e+01,0,nan,nan,nan,nan,1328.20789,2.5734087e-04,1818.98630,2.2753785e-04,5.3044586e-03,4.0422180e-03
-0.40382890539967775,1.0000859535910445,0.00029714902073019775,1761.341211094802,-2.9462562e-03,384400,1042.62798,1775.57231,1.5926994e+05,4.7279510e+01,8.9344258e+03,1.5808965e+01,1.6659522e+05,4.9499348e+01,0,nan,nan,nan,nan,1042.62798,2.7825954e-04,1775.57231,2.4812177e-04,4.5193536e-03,4.2104129e-02
-0.4037868809118663,1.0003092961334226,0.00029077695082699415,1755.2063731192898,-3.0647703e-03,379983,1042.60767,1775.56868,1.5914364e+05,4.6262398e+01,5.2275669e+03,1.4071845e+01,1.6662069e+05,4.8434475e+01,0,nan,nan,nan,nan,1042.60767,2.7091752e-04,1775.56868,2.4151430e-04,-1.7988898e-02,3.7384279e-02
-0.4035909287117647,1.0002112266437844,0.0002937513307119214,1742.9368090714897,-3.1898958e-03,371149,1042.61502,1775.51851,1.5914056e+05,4.6724266e+01,6.9460439e+03,1.4877604e+01,1.6656388e+05,4.8918030e+01,0,nan,nan,nan,nan,1042.61502,2.7410153e-04,1775.51851,2.4486450e-04,-1.0546531e-02,-1.5992763e-02
-0.403264161502193,0.9998358789850118,0.0002820018591266666,1920.8486558387012,3.1837013e-03,499241,471.02564,463.88727,1.6412073e+05,4.6225452e+01,2.5953833e+03,1.3438438e+01,1.6979702e+05,4.7890934e+01,0,nan,nan,nan,nan,471.02564,2.5854571e-04,463.88727,2.9315797e-04,2.7474560e-02,-1.3870683e-02
-0.4032550117735809,1.0000456882072246,0.0002839559248136646,1730.6673849884278,-3.1755185e-03,362315,1328.20036,1819.02291,1.5839708e+05,4.4921421e+01,4.1375259e+03,1.1599777e+01,1.6621877e+05,4.7196651e+01,0,nan,nan,nan,nan,1328.20036,2.5964290e-04,1819.02291,2.2957927e-04,-3.2431716e-03,4.4199139e-02
-0.4031134201613895,0.9998069324965629,0.0002873496245826959,1914.713926580042,3.1740523e-03,494824,471.01826,463.88725,1.6392902e+05,4.7105633e+01,5.6389834e+03,1.5178819e+01,1.6980500e+05,4.8802826e+01,0,nan,nan,nan,nan,471.01826,2.6490711e-04,463.88725,3.0103014e-04,2.0314388e-02,-1.5527236e-02
-0.40299013859385013,1.0005310640189986,0.0002820108002827678,1908.5791698616094,3.1369438e-03,490407,470.99923,463.87653,1.6403133e+05,4.6217091e+01,2.5896033e+03,1.3451383e+01,1.6987894e+05,4.7882263e+01,0,nan,nan,nan,nan,470.99923,2.5800749e-04,463.87653,2.9334670e-04,-1.1377644e-03,-2.5797768e-02
-0.4027811890052817,1.000438599665839,0.0002840628619378482,1718.398098811196,-3.0225909e-03,353481,1328.20425,1818.98346,1.5791817e+05,4.4908245e+01,4.2463975e+03,1.1705818e+01,1.6617273e+05,4.7182808e+01,0,nan,nan,nan,nan,1328.20425,2.6026680e-04,1818.98346,2.3061737e-04,9.9399325e-04,7.4676250e-04
-0.40249676305734283,0.9999555181149161,0.0002821418840050886,1712.2635032371438,-2.8986128e-03,349064,1328.21166,1818.98828,1.5855369e+05,4.4653049e+01,2.9422756e+03,1.1041431e+01,1.6627308e+05,4.6914688e+01,0,nan,nan,nan,nan,1328.21166,2.5735371e-04,1818.98828,2.2721790e-04,9.6472055e-03,6.2852576e-03
-0.40243998640198697,0.999951835294535,0.00029721152124189223,1761.3426000137997,-2.9462255e-03,384401,1042.63381,1775.56842,1.5930661e+05,4.7289536e+01,8.9707246e+03,1.5820166e+01,1.6657314e+05,4.9509838e+01,0,nan,nan,nan,nan,1042.63381,2.7804496e-04,1775.56842,2.4805748e-04,9.9616265e-03,3.8527939e-02
-0.4023979702963061,0.9995347656659709,0.00029081493534203806,1755.2077620299053,-3.0647479e-03,379984,1042.61308,1775.56546,1.5916531e+05,4.6268379e+01,5.2379072e+03,1.4083678e+01,1.6649145e+05,4.8440735e+01,0,nan,nan,nan,nan,1042.61308,2.7058931e-04,1775.56546,2.4144400e-04,-1.2498925e-02,3.4092072e-02
-0.40220203346302696,0.9999195240492658,0.0002937263275419161,1742.9381979667385,-3.1898888e-03,371150,1042.61300,1775.52829,1.5906680e+05,4.6720341e+01,6.9331704e+03,1.4908771e+01,1.6651548e+05,4.8913918e+01,0,nan,nan,nan,nan,1042.61300,2.7416865e-04,1775.52829,2.4483225e-04,-1.2799868e-02,-6.2336102e-03
-0.40187527413581847,0.9997212020832773,0.0002822292386889768,1920.8500447260676,3.1837004e-03,499242,471.02546,463.89414,1.6408525e+05,4.6262783e+01,2.6042256e+03,1.3584560e+01,1.6977775e+05,4.7929607e+01,0,nan,nan,nan,nan,471.02546,2.5859501e-04,463.89414,2.9326542e-04,2.7709400e-02,-6.1167600e-03
-0.40186613210312316,1.0002110661352595,0.00028402079534332387,1730.6687738680982,-3.1755271e-03,362316,1328.20289,1819.02117,1.5841766e+05,4.4931713e+01,4.1234248e+03,1.1623642e+01,1.6624638e+05,4.7207466e+01,0,nan,nan,nan,nan,1328.20289,2.5956900e-04,1819.02117,2.2911369e-04,-7.1641541e-04,4.2838275e-02
-0.40172452767228606,1.0006228191452564,0.0002878531802226893,1914.715315472531,3.1740565e-03,494825,471.01319,463.89828,1.6435662e+05,4.7188118e+01,5.6366035e+03,1.5270011e+01,1.6994334e+05,4.8888283e+01,0,nan,nan,nan,nan,471.01319,2.6417457e-04,463.89828,2.9964425e-04,1.4976718e-02,-2.6624613e-03
-0.4016012351621612,0.9998338929421341,0.00028203406007078414,1908.5805587650411,3.1369589e-03,490408,471.00226,463.87199,1.6394578e+05,4.6220867e+01,2.5918511e+03,1.3487892e+01,1.6976044e+05,4.7886181e+01,0,nan,nan,nan,nan,471.00226,2.5808415e-04,463.87199,2.9329580e-04,1.8130735e-03,-3.1273466e-02
-0.40152474714841446,0.9995558997778727,0.00028238229265656475,1902.4457552530548,3.0530570e-03,485991,470.98136,463.85337,1.6380875e+05,4.6288979e+01,2.8133013e+03,1.3685640e+01,1.6975375e+05,4.7956749e+01,0,nan,nan,nan,nan,470.98136,2.5845401e-04,463.85337,2.9406109e-04,-1.9387186e-02,-5.2076429e-02
-0.40139232470232855,1.0001192734917161,0.0002840953936449392,1718.399487675499,-3.0226149e-03,353482,1328.20277,1818.98684,1.5780608e+05,4.4913353e+01,4.2355186e+03,1.1755578e+01,1.6611956e+05,4.7188175e+01,0,nan,nan,nan,nan,1328.20277,2.6064142e-04,1818.98684,2.3079579e-04,-3.5518390e-06,4.5307046e-03
-0.4011079078347848,0.9996991429412483,0.000281947117379538,1712.2648920923664,-2.8986458e-03,349065,1328.20565,1818.98091,1.5851259e+05,4.4622032e+01,2.9325549e+03,1.0945795e+01,1.6622972e+05,4.6882099e+01,0,nan,nan,nan,nan,1328.20565,2.5730906e-04,1818.98091,2.2745565e-04,2.9548998e-03,-2.1233330e-03
-0.4010510671719203,1.0000214806274583,0.000297346841167618,1761.3439889330298,-2.9461945e-03,384402,1042.63372,1775.57163,1.5930433e+05,4.7311138e+01,8.9563975e+03,1.5860399e+01,1.6658500e+05,4.9532459e+01,0,nan,nan,nan,nan,1042.63372,2.7854112e-04,1775.57163,2.4816112e-04,1.0322865e-02,4.1310079e-02
-0.40100905968074585,0.9997096247927967,0.0002908155484031482,1755.2091509405209,-3.0647255e-03,379985,1042.61167,1775.56495,1.5910783e+05,4.6268421e+01,5.2152148e+03,1.4100945e+01,1.6652036e+05,4.8440777e+01,0,nan,nan,nan,nan,1042.61167,2.7093524e-04,1775.56495,2.4147474e-04,-1.3717772e-02,3.3402875e-02
-0.40081313821474396,0.9995561017031313,0.0002935769734082801,1742.9395868619868,-3.1898818e-03,371151,1042.61493,1775.51932,1.5892370e+05,4.6696632e+01,6.9370713e+03,1.4887012e+01,1.6645514e+05,4.8889099e+01,0,nan,nan,nan,nan,1042.61493,2.7424310e-04,1775.51932,2.4536173e-04,-1.0510475e-02,-1.6241826e-02
-0.40048638700227457,1.0001709220269692,0.00028212756057789033,1920.8514336132012,3.1836992e-03,499243,471.02242,463.88905,1.6421519e+05,4.6246178e+01,2.5995869e+03,1.3472941e+01,1.6985433e+05,4.7912403e+01,0,nan,nan,nan,nan,471.02242,2.5831113e-04,463.88905,2.9298908e-04,2.4718283e-02,-1.1974585e-02
-0.40047725243243804,0.9997218567532429,0.000283928010006851,1730.670162747769,-3.1755357e-03,362317,1328.20040,1819.02063,1.5832492e+05,4.4917065e+01,4.1179917e+03,1.1617264e+01,1.6616519e+05,4.7192074e+01,0,nan,nan,nan,nan,1328.20040,2.5983818e-04,1819.02063,2.2918965e-04,-2.7512175e-03,4.2054504e-02
-0.40033563518363735,0.9994915357836252,0.00028777817022027227,1914.7167043650197,3.1740607e-03,494826,471.01471,463.89555,1.6421611e+05,4.7175762e+01,5.6450854e+03,1.5291496e+01,1.6975098e+05,4.8875477e+01,0,nan,nan,nan,nan,471.01471,2.6410556e-04,463.89555,2.9970374e-04,1.6721692e-02,-5.4602469e-03
-0.4002123317304722,0.9997911228746788,0.0002821527616019291,1908.5819476684728,3.1369741e-03,490409,470.99647,463.86393,1.6393941e+05,4.6240284e+01,2.6090134e+03,1.3535337e+01,1.6975305e+05,4.7906300e+01,0,nan,nan,nan,nan,470.99647,2.5801206e-04,463.86393,2.9371557e-04,-3.8832012e-03,-4.0656388e-02
-0.4001358362661449,0.9992986045927678,0.0002821342561869602,1902.447144163937,3.0530796e-03,485992,470.98300,463.84995,1.6375658e+05,4.6248276e+01,2.8101570e+03,1.3585192e+01,1.6970988e+05,4.7914577e+01,0,nan,nan,nan,nan,470.98300,2.5834545e-04,463.84995,2.9434194e-04,-1.8015429e-02,-5.5709574e-02
-0.4000034601669995,1.000089977914038,0.00028423963165049134,1718.4008765400342,-3.0226386e-03,353483,1328.20605,1818.98845,1.5788788e+05,4.4936123e+01,4.2541865e+03,1.1753324e+01,1.6611458e+05,4.7212097e+01,0,nan,nan,nan,nan,1328.20605,2.6089142e-04,1818.98845,2.3065852e-04,2.9915937e-03,6.4535239e-03
-0.39971905261290885,1.000408819230762,0.00028204830771979444,1712.2662809475883,-2.8986789e-03,349066,1328.20747,1818.98547,1.5863278e+05,4.4637852e+01,2.9278560e+03,1.0945604e+01,1.6634702e+05,4.6898720e+01,0,nan,nan,nan,nan,1328.20747,2.5716229e-04,1818.98547,2.2711258e-04,4.3395134e-03,3.3959397e-03
-0.3996621481742295,1.0000302898458198,0.00029717852909335864,1761.3453778520275,-2.9461638e-03,384403,1042.63114,1775.57002,1.5920259e+05,4.7284439e+01,8.9580742e+03,1.5826182e+01,1.6658675e+05,4.9504505e+01,0,nan,nan,nan,nan,1042.63114,2.7826545e-04,1775.57002,2.4847750e-04,7.6065813e-03,3.9526664e-02
-0.39962014906495824,1.0006575830232363,0.0002909084933806038,1755.2105398511367,-3.0647032e-03,379986,1042.61421,1775.56734,1.5920800e+05,4.6283142e+01,5.2340850e+03,1.4113140e+01,1.6667805e+05,4.8456196e+01,0,nan,nan,nan,nan,1042.61421,2.7062575e-04,1775.56734,2.4141694e-04,-1.0555510e-02,3.6176454e-02
-0.3994242429666883,1.0000188523625637,0.0002936788196003745,1742.9409757572348,-3.1898748e-03,371152,1042.61764,1775.52917,1.5908812e+05,4.6712887e+01,6.9229072e+03,1.4871102e+01,1.6653239e+05,4.8906113e+01,0,nan,nan,nan,nan,1042.61764,2.7406649e-04,1775.52917,2.4509864e-04,-7.9648895e-03,-5.1248316e-03
-0.39909749986964016,0.9997212865341618,0.00028214388753790596,1920.8528225003338,3.1836980e-03,499244,471.02671,463.88177,1.6417553e+05,4.6248905e+01,2.5870713e+03,1.3455400e+01,1.6977819e+05,4.7915234e+01,0,nan,nan,nan,nan,471.02671,2.5879897e-04,463.88177,2.9312004e-04,2.8672067e-02,-1.9849679e-02
-0.3990883727626624,1.0001266425576234,0.00028412496547144814,1730.6715516274387,-3.1755443e-03,362318,1328.19810,1819.01820,1.5847439e+05,4.4948250e+01,4.1212139e+03,1.1669963e+01,1.6623256e+05,4.7224842e+01,0,nan,nan,nan,nan,1328.19810,2.5944368e-04,1819.01820,2.2909998e-04,-6.5847742e-03,3.8884114e-02
-0.3989467424630675,1.0000370120834918,0.00028792068131992457,1914.7180932577403,3.1740651e-03,494827,471.01475,463.89596,1.6433306e+05,4.7199062e+01,5.6264253e+03,1.5330377e+01,1.6984341e+05,4.8899620e+01,0,nan,nan,nan,nan,471.01475,2.6389863e-04,463.89596,2.9926116e-04,1.5826054e-02,-5.0918832e-03
-0.3988234285318413,0.9995419331389621,0.0002819333675948422,1908.5833365716715,3.1369890e-03,490410,471.00169,463.88438,1.6388417e+05,4.6204292e+01,2.5998362e+03,1.3452737e+01,1.6971061e+05,4.7869011e+01,0,nan,nan,nan,nan,471.00169,2.5814510e-04,463.88438,2.9355966e-04,2.2468769e-03,-1.7314430e-02
-0.3987469256157965,0.9996468050932438,0.0002821851002166067,1902.4485330745874,3.0531019e-03,485993,470.98678,463.86567,1.6386377e+05,4.6256561e+01,2.8088972e+03,1.3584892e+01,1.6976883e+05,4.7923161e+01,0,nan,nan,nan,nan,470.98678,2.5816695e-04,463.86567,2.9392171e-04,-1.4518267e-02,-3.8308613e-02
-0.3986145956312157,0.9999369554167211,0.0002841435076722531,1718.40226540457,-3.0226624e-03,353484,1328.20379,1818.98774,1.5789014e+05,4.4920898e+01,4.2623433e+03,1.1767388e+01,1.6608906e+05,4.7196102e+01,0,nan,nan,nan,nan,1328.20379,2.6018359e-04,1818.98774,2.3054231e-04,1.1557483e-03,5.2416269e-03
-0.3983301973910329,0.9996374337709226,0.00028190472144368477,1712.2676698028101,-2.8987119e-03,349067,1328.21092,1818.98170,1.5835230e+05,4.4614937e+01,2.9300405e+03,1.0969013e+01,1.6621805e+05,4.6874645e+01,0,nan,nan,nan,nan,1328.21092,2.5758025e-04,1818.98170,2.2800727e-04,9.2214048e-03,-1.1990152e-03
-0.3982732289437081,1.0014308128391984,0.00029731294614338016,1761.346766771258,-2.9461328e-03,384404,1042.62976,1775.57056,1.5949941e+05,4.7305908e+01,8.9728291e+03,1.5799517e+01,1.6682034e+05,4.9526981e+01,0,nan,nan,nan,nan,1042.62976,2.7780491e-04,1775.57056,2.4784799e-04,5.5857822e-03,4.0358365e-02
-0.39823123821679474,0.9999822816573775,0.00029073856213561173,1755.2119287619848,-3.0646806e-03,379987,1042.61222,1775.56805,1.5915092e+05,4.6256054e+01,5.2150420e+03,1.4060471e+01,1.6656534e+05,4.8427830e+01,0,nan,nan,nan,nan,1042.61222,2.7055352e-04,1775.56805,2.4145011e-04,-1.2468578e-02,3.7233420e-02
-0.39803534771817795,1.0001916982363759,0.00029376046302265045,1742.9423646524833,-3.1898678e-03,371153,1042.61126,1775.52655,1.5919120e+05,4.6725925e+01,6.9086436e+03,1.4886004e+01,1.6656136e+05,4.8919765e+01,0,nan,nan,nan,nan,1042.61126,2.7395837e-04,1775.52655,2.4465701e-04,-1.5186018e-02,-7.0156981e-03
-0.39770861250372036,0.9996492133807259,0.00028213202167984703,1920.8542113876997,3.1836971e-03,499245,471.02362,463.88237,1.6397188e+05,4.6247021e+01,2.5971501e+03,1.3519977e+01,1.6976616e+05,4.7913277e+01,0,nan,nan,nan,nan,471.02362,2.5888899e-04,463.88237,2.9400937e-04,2.5623621e-02,-1.9323036e-02
-0.39769949309288677,0.9996386429316969,0.00028399623297818336,1730.6729405071085,-3.1755529e-03,362319,1328.20375,1819.02378,1.5832769e+05,4.4927910e+01,4.1209380e+03,1.1639011e+01,1.6615153e+05,4.7203468e+01,0,nan,nan,nan,nan,1328.20375,2.5983999e-04,1819.02378,2.2947634e-04,1.9050933e-05,4.5201227e-02
-0.39755784997487353,1.0004361990864954,0.00028785797967029907,1914.7194821502285,3.1740693e-03,494828,471.01074,463.89138,1.6432530e+05,4.7188725e+01,5.6059785e+03,1.5254245e+01,1.6991100e+05,4.8888908e+01,0,nan,nan,nan,nan,471.01074,2.6414750e-04,463.89138,2.9964224e-04,1.2229480e-02,-1.0211830e-02
-0.39743452510083443,1.000605593524793,0.0002819217360483765,1908.5847254751025,3.1370041e-03,490411,471.00141,463.88167,1.6402089e+05,4.6202354e+01,2.5985696e+03,1.3409362e+01,1.6989108e+05,4.7867001e+01,0,nan,nan,nan,nan,471.00141,2.5818180e-04,463.88167,2.9316935e-04,1.7895412e-03,-2.0880334e-02
-0.3973580149663576,0.9999779689445367,0.0002824241608507372,1902.4499219852369,3.0531243e-03,485994,470.98521,463.85150,1.6383377e+05,4.6295696e+01,2.8046611e+03,1.3701873e+01,1.6982489e+05,4.7963707e+01,0,nan,nan,nan,nan,470.98521,2.5830869e-04,463.85150,2.9454668e-04,-1.4942201e-02,-5.4070685e-02
-0.3972257310954319,1.0005585506415018,0.0002842210964992728,1718.4036542691058,-3.0226861e-03,353485,1328.20510,1818.98939,1.5796953e+05,4.4933144e+01,4.2461890e+03,1.1756837e+01,1.6619222e+05,4.7208965e+01,0,nan,nan,nan,nan,1328.20510,2.6034098e-04,1818.98939,2.3051085e-04,1.7862730e-03,7.2343033e-03
-0.3969413421675654,1.0005448615084391,0.00028222255871264,1712.2690586580336,-2.8987450e-03,349068,1328.20540,1818.98387,1.5864983e+05,4.4665054e+01,2.9375818e+03,1.1033618e+01,1.6636823e+05,4.6927299e+01,0,nan,nan,nan,nan,1328.20540,2.5710973e-04,1818.98387,2.2724792e-04,1.8320191e-03,1.4252919e-03
-0.3968843097136414,0.9999472837298607,0.0002972406891028778,1761.348155690488,-2.9461018e-03,384405,1042.63190,1775.57056,1.5936033e+05,4.7294498e+01,8.9861797e+03,1.5814821e+01,1.6657350e+05,4.9515034e+01,0,nan,nan,nan,nan,1042.63190,2.7799644e-04,1775.57056,2.4799150e-04,8.2462691e-03,4.0284894e-02
-0.3968423276010071,1.0003355208983429,0.00029080565349927785,1755.2133176726006,-3.0646583e-03,379988,1042.61578,1775.56816,1.5921509e+05,4.6266666e+01,5.1961567e+03,1.4029574e+01,1.6662398e+05,4.8438942e+01,0,nan,nan,nan,nan,1042.61578,2.7054991e-04,1775.56816,2.4155847e-04,-9.2096822e-03,3.7118353e-02
-0.3966464524692128,0.9993913565762025,0.00029373367774220455,1742.9437535477323,-3.1898608e-03,371154,1042.62051,1775.51815,1.5888227e+05,4.6721714e+01,6.8996675e+03,1.4939404e+01,1.6642827e+05,4.8915356e+01,0,nan,nan,nan,nan,1042.62051,2.7458495e-04,1775.51815,2.4529474e-04,-5.2311923e-03,-1.7040884e-02
-0.39631972537108595,0.9999890887861683,0.00028221170893549975,1920.8556002748323,3.1836960e-03,499246,471.02229,463.89459,1.6424031e+05,4.6260139e+01,2.5828677e+03,1.3519836e+01,1.6982408e+05,4.7926865e+01,0,nan,nan,nan,nan,471.02229,2.5848523e-04,463.89459,2.9295095e-04,2.4195708e-02,-6.4526587e-03
-0.39631061342379326,1.0010541447751575,0.00028423450733002507,1730.6743293867776,-3.1755615e-03,362320,1328.20114,1819.02065,1.5854862e+05,4.4965626e+01,4.1175562e+03,1.1670536e+01,1.6638688e+05,4.7243095e+01,0,nan,nan,nan,nan,1328.20114,2.5939773e-04,1819.02065,2.2936595e-04,-2.8290155e-03,4.1799933e-02
-0.3961689574871343,0.9998041457157645,0.00028753111202586547,1914.7208710427162,3.1740735e-03,494829,471.01932,463.89639,1.6408672e+05,4.7135086e+01,5.6343921e+03,1.5203945e+01,1.6980345e+05,4.8833340e+01,0,nan,nan,nan,nan,471.01932,2.6437343e-04,463.89639,3.0029452e-04,2.1473141e-02,-4.7833305e-03
-0.3960456216691455,0.9998732837446501,0.0002819507099873042,1908.5861143785341,3.1370192e-03,490412,471.00098,463.88467,1.6383139e+05,4.6207066e+01,2.5967915e+03,1.3477224e+01,1.6976661e+05,4.7871883e+01,0,nan,nan,nan,nan,471.00098,2.5822211e-04,463.88467,2.9377744e-04,7.7368843e-04,-1.6444655e-02
-0.39596910431782817,0.9999071684933238,0.00028263863493171803,1902.4513108958854,3.0531466e-03,485995,470.98831,463.86285,1.6394450e+05,4.6330807e+01,2.8299299e+03,1.3768298e+01,1.6981267e+05,4.8000080e+01,0,nan,nan,nan,nan,470.98831,2.5863163e-04,463.86285,2.9378032e-04,-1.2337313e-02,-4.2026993e-02
-0.3958368665596481,1.000920785581129,0.0002840887440999173,1718.4050431336416,-3.0227099e-03,353486,1328.20271,1818.98790,1.5801216e+05,4.4912201e+01,4.2523931e+03,1.1678889e+01,1.6625231e+05,4.7186962e+01,0,nan,nan,nan,nan,1328.20271,2.6020507e-04,1818.98790,2.3024647e-04,-3.2364507e-04,5.6342310e-03
-0.3955524869443252,1.0000771046040386,0.0002821072676961266,1712.2704475132568,-2.8987781e-03,349069,1328.21366,1818.99284,1.5858652e+05,4.4646622e+01,2.9339900e+03,1.0993190e+01,1.6628975e+05,4.6907932e+01,0,nan,nan,nan,nan,1328.21366,2.5735344e-04,1818.99284,2.2687887e-04,1.1222153e-02,1.2190867e-02
-0.39549539071595063,1.000453792701064,0.00029720010602724277,1761.3495446094857,-2.9460711e-03,384406,1042.63302,1775.56987,1.5924527e+05,4.7288128e+01,9.0017217e+03,1.5815010e+01,1.6665819e+05,4.9508366e+01,0,nan,nan,nan,nan,1042.63302,2.7853998e-04,1775.56987,2.4822078e-04,9.2090638e-03,3.8744636e-02
-0.3954534169854469,1.0001912055384259,0.00029075234730070504,1755.2147065832162,-3.0646359e-03,379989,1042.61038,1775.56364,1.5915688e+05,4.6258129e+01,5.2090161e+03,1.4056097e+01,1.6659973e+05,4.8430004e+01,0,nan,nan,nan,nan,1042.61038,2.7057907e-04,1775.56364,2.4147348e-04,-1.5455262e-02,3.2852106e-02
-0.39525755722047506,0.9994794818629748,0.000293503368765916,1742.945142442981,-3.1898539e-03,371155,1042.60879,1775.52503,1.5887028e+05,4.6685135e+01,6.8975728e+03,1.4879930e+01,1.6644312e+05,4.8877060e+01,0,nan,nan,nan,nan,1042.60879,2.7427662e-04,1775.52503,2.4511208e-04,-1.7050179e-02,-9.7212167e-03
-0.3949308380038019,0.9997506591363883,0.0002820247891368601,1920.8569891621996,3.1836950e-03,499247,471.02334,463.88621,1.6412766e+05,4.6229549e+01,2.5860283e+03,1.3456609e+01,1.6978378e+05,4.7895176e+01,0,nan,nan,nan,nan,471.02334,2.5856486e-04,463.88621,2.9307225e-04,2.5348609e-02,-1.5475207e-02
-0.3949217335218691,0.9999200845707821,0.0002842007090269528,1730.6757182666795,-3.1755699e-03,362321,1328.19871,1819.01965,1.5840391e+05,4.4960293e+01,4.1087549e+03,1.1701648e+01,1.6619845e+05,4.7237495e+01,0,nan,nan,nan,nan,1328.19871,2.5958888e-04,1819.01965,2.2932106e-04,-5.2936175e-03,4.0384386e-02
-0.3947800649984856,1.0002988185417927,0.0002877590112917782,1914.7222599352049,3.1740777e-03,494830,471.01193,463.89424,1.6433017e+05,4.7172394e+01,5.6091533e+03,1.5243148e+01,1.6988727e+05,4.8871990e+01,0,nan,nan,nan,nan,471.01193,2.6431077e-04,463.89424,2.9967402e-04,1.3826824e-02,-6.8821716e-03
-0.3946567182374565,1.0003508193461332,0.0002819380350233937,1908.5875032819658,3.1370344e-03,490413,470.99789,463.87819,1.6395492e+05,4.6204956e+01,2.6014507e+03,1.3450730e+01,1.6984756e+05,4.7869694e+01,0,nan,nan,nan,nan,470.99789,2.5803459e-04,463.87819,2.9324144e-04,-2.3559239e-03,-2.4106802e-02
-0.3945801936690714,0.999943288950038,0.000282210101787827,1902.4526998065342,3.0531690e-03,485996,470.98784,463.85598,1.6391545e+05,4.6260506e+01,2.8177791e+03,1.3556493e+01,1.6981862e+05,4.7927250e+01,0,nan,nan,nan,nan,470.98784,2.5817903e-04,463.85598,2.9404467e-04,-1.2885693e-02,-4.9296886e-02
-0.39444800202431907,0.999917302311421,0.0002840823626286829,1718.406431998177,-3.0227336e-03,353487,1328.20438,1818.98158,1.5781391e+05,4.4911175e+01,4.2559844e+03,1.1750743e+01,1.6608556e+05,4.7185883e+01,0,nan,nan,nan,nan,1328.20438,2.6060207e-04,1818.98158,2.3105725e-04,2.0519977e-03,-1.4986343e-03
-0.3941636317224493,0.9998852748407085,0.00028205256409014393,1712.2718363684787,-2.8988111e-03,349070,1328.20203,1818.98029,1.5848661e+05,4.4637779e+01,2.9402134e+03,1.0996640e+01,1.6625717e+05,4.6898643e+01,0,nan,nan,nan,nan,1328.20203,2.5719331e-04,1818.98029,2.2764484e-04,-8.6428050e-04,-2.4852043e-03
-0.39410647148588396,1.000085769558535,0.00029721950968751294,1761.3509335287158,-2.9460401e-03,384407,1042.62958,1775.56964,1.5931625e+05,4.7291302e+01,8.9986826e+03,1.5816847e+01,1.6659719e+05,4.9511688e+01,0,nan,nan,nan,nan,1042.62958,2.7819004e-04,1775.56964,2.4805724e-04,5.8936095e-03,3.8664918e-02
-0.39406450636988666,1.0002220909075228,0.00029071905652765207,1755.2160954938317,-3.0646136e-03,379990,1042.61238,1775.56717,1.5916423e+05,4.6252777e+01,5.1999556e+03,1.4051481e+01,1.6660467e+05,4.8424400e+01,0,nan,nan,nan,nan,1042.61238,2.7057074e-04,1775.56717,2.4137358e-04,-1.3057553e-02,3.5684403e-02
-0.3938686619717373,0.9998957105992705,0.0002939248702992154,1742.9465313382298,-3.1898469e-03,371156,1042.61523,1775.51706,1.5903183e+05,4.6752224e+01,6.9104053e+03,1.4954696e+01,1.6651262e+05,4.8947304e+01,0,nan,nan,nan,nan,1042.61523,2.7439409e-04,1775.51706,2.4543697e-04,-1.0455531e-02,-1.8397989e-02
-0.39354195086980326,1.0003908170887392,0.00028214214197256086,1920.8583780493336,3.1836939e-03,499248,471.02597,463.89337,1.6423591e+05,4.6248844e+01,2.6079648e+03,1.3458596e+01,1.6989270e+05,4.7915165e+01,0,nan,nan,nan,nan,471.02597,2.5855505e-04,463.89337,2.9280205e-04,2.8562849e-02,-6.9998954e-03
-0.3935328538518661,1.000505543340875,0.0002841331835768814,1730.6771071463495,-3.1755785e-03,362322,1328.20079,1819.02174,1.5846931e+05,4.4949627e+01,4.1074404e+03,1.1674280e+01,1.6629581e+05,4.7226288e+01,0,nan,nan,nan,nan,1328.20079,2.5954557e-04,1819.02174,2.2911430e-04,-2.2942557e-03,4.2257588e-02
-0.3933911725089274,0.9997368025413199,0.00028782284176914383,1914.7236488276944,3.1740819e-03,494831,471.01232,463.88512,1.6414089e+05,4.7182808e+01,5.6102583e+03,1.5344937e+01,1.6979164e+05,4.8882778e+01,0,nan,nan,nan,nan,471.01232,2.6427343e-04,463.88512,2.9986494e-04,1.4250329e-02,-1.7259719e-02
-0.39326781480667705,1.0003831974981103,0.0002819733002814987,1908.5888921853966,3.1370495e-03,490414,470.99896,463.87654,1.6390762e+05,4.6210693e+01,2.5891023e+03,1.3462845e+01,1.6985292e+05,4.7875641e+01,0,nan,nan,nan,nan,470.99896,2.5835886e-04,463.87654,2.9355029e-04,-6.6009420e-04,-2.6062464e-02
-0.3931912827870292,1.000217440919937,0.00028233640848401284,1902.4540887174162,3.0531916e-03,485997,470.98666,463.85034,1.6400662e+05,4.6281162e+01,2.8328650e+03,1.3585316e+01,1.6986500e+05,4.7948650e+01,0,nan,nan,nan,nan,470.98666,2.5812828e-04,463.85034,2.9367022e-04,-1.4604031e-02,-5.5682287e-02
-0.3930591374892174,1.0001608024871067,0.000284125506654862,1718.407820862712,-3.0227574e-03,353488,1328.20563,1818.99124,1.5786477e+05,4.4917976e+01,4.2521675e+03,1.1718499e+01,1.6612595e+05,4.7193031e+01,0,nan,nan,nan,nan,1328.20563,2.6056776e-04,1818.99124,2.3059599e-04,3.3093600e-03,1.0136114e-02
-0.39277477650057335,0.9994754154242178,0.0002819573656590941,1712.2732252237006,-2.8988442e-03,349071,1328.21052,1818.98564,1.5838238e+05,4.4622532e+01,2.9418311e+03,1.0988406e+01,1.6618836e+05,4.6882626e+01,0,nan,nan,nan,nan,1328.21052,2.5756305e-04,1818.98564,2.2755314e-04,7.9857009e-03,3.3390308e-03
-0.3927175524881932,1.0004229312367963,0.0002974009482899497,1761.3523224477135,-2.9460094e-03,384408,1042.63436,1775.57313,1.5939458e+05,4.7320263e+01,8.9940576e+03,1.5847209e+01,1.6665369e+05,4.9542011e+01,0,nan,nan,nan,nan,1042.63436,2.7812627e-04,1775.57313,2.4809560e-04,1.1048769e-02,4.3080769e-02
-0.3926755955212684,1.0001459146570688,0.0002907067997478118,1755.2174844046804,-3.0645910e-03,379991,1042.60990,1775.56439,1.5916244e+05,4.6250771e+01,5.1773525e+03,1.4062471e+01,1.6659180e+05,4.8422302e+01,0,nan,nan,nan,nan,1042.60990,2.7057398e-04,1775.56439,2.4121214e-04,-1.5148547e-02,3.2830909e-02
-0.3924797667227722,0.9996375935373493,0.00029352573328634115,1742.9479202334787,-3.1898399e-03,371157,1042.61161,1775.52567,1.5889570e+05,4.6688797e+01,6.8898833e+03,1.4874829e+01,1.6646983e+05,4.8880894e+01,0,nan,nan,nan,nan,1042.61161,2.7438509e-04,1775.52567,2.4503018e-04,-1.4419299e-02,-9.2377588e-03
-0.3921530637367141,1.0001832371371826,0.0002821843063787634,1920.8597669364667,3.1836927e-03,499249,471.02574,463.88803,1.6419348e+05,4.6255806e+01,2.6036340e+03,1.3450508e+01,1.6985764e+05,4.7922379e+01,0,nan,nan,nan,nan,471.02574,2.5837298e-04,463.88803,2.9343760e-04,2.7511088e-02,-1.2988233e-02
-0.39214397418209046,1.0001829632303836,0.0002840554656978763,1730.6784960260193,-3.1755872e-03,362323,1328.20404,1819.01745,1.5841848e+05,4.4937344e+01,4.1129673e+03,1.1645142e+01,1.6624225e+05,4.7213379e+01,0,nan,nan,nan,nan,1328.20404,2.5978289e-04,1819.01745,2.2922123e-04,1.1147361e-03,3.8370047e-02
-0.39200227978744806,0.9993945126641598,0.000287499013472975,1914.725037720416,3.1740863e-03,494832,471.01759,463.90225,1.6418603e+05,4.7129673e+01,5.5959058e+03,1.5192914e+01,1.6973333e+05,4.8827728e+01,0,nan,nan,nan,nan,471.01759,2.6409049e-04,463.90225,2.9942597e-04,1.9206207e-02,9.7762805e-04
-0.3918789113749881,0.9994745825446284,0.0002817862533332131,1908.5902810888283,3.1370646e-03,490415,470.99961,463.87768,1.6383797e+05,4.6180004e+01,2.5863921e+03,1.3424463e+01,1.6969852e+05,4.7843845e+01,0,nan,nan,nan,nan,470.99961,2.5798794e-04,463.87768,2.9337622e-04,-6.2406476e-04,-2.4537923e-02
-0.3918023721375903,0.999860838749804,0.00028237096660068756,1902.4554776280656,3.0532139e-03,485998,470.98819,463.86229,1.6391142e+05,4.6286781e+01,2.8348501e+03,1.3648378e+01,1.6980425e+05,4.7954468e+01,0,nan,nan,nan,nan,470.98819,2.5849341e-04,463.86229,2.9358134e-04,-1.2434158e-02,-4.1616235e-02
-0.3916702729534336,1.0001599067264824,0.00028401335083727856,1718.4092097272478,-3.0227811e-03,353489,1328.20516,1818.98369,1.5782470e+05,4.4900234e+01,4.2619199e+03,1.1716462e+01,1.6612577e+05,4.7174393e+01,0,nan,nan,nan,nan,1328.20516,2.6065868e-04,1818.98369,2.3065893e-04,2.5223235e-03,1.0749963e-03
-0.3913859215106186,1.0005034305333078,0.00028193680057411285,1712.2746140786905,-2.8988775e-03,349072,1328.20555,1818.98231,1.5835714e+05,4.4619099e+01,2.9370344e+03,1.1001490e+01,1.6635862e+05,4.6879017e+01,0,nan,nan,nan,nan,1328.20555,2.5755833e-04,1818.98231,2.2773462e-04,3.5489383e-03,-1.9347624e-04
-0.39132863325767175,0.9998542186524078,0.00029722067758052766,1761.353711366944,-2.9459784e-03,384409,1042.63022,1775.56928,1.5926356e+05,4.7291672e+01,8.9983926e+03,1.5830756e+01,1.6655927e+05,4.9512077e+01,0,nan,nan,nan,nan,1042.63022,2.7830267e-04,1775.56928,2.4821502e-04,6.8826447e-03,3.8474776e-02
-0.39128668490593554,1.0001407594874028,0.00029093313836651546,1755.2188733152957,-3.0645686e-03,379992,1042.61411,1775.56981,1.5922644e+05,4.6286724e+01,5.1886240e+03,1.4059093e+01,1.6659075e+05,4.8459946e+01,0,nan,nan,nan,nan,1042.61411,2.7044569e-04,1775.56981,2.4166978e-04,-1.1242042e-02,3.9451268e-02
-0.39109087124143116,0.9996898751503367,0.00029347585967239525,1742.94930912896,-3.1898327e-03,371158,1042.61302,1775.51500,1.5887108e+05,4.6680916e+01,6.8873877e+03,1.4863642e+01,1.6647872e+05,4.8872643e+01,0,nan,nan,nan,nan,1042.61302,2.7450314e-04,1775.51500,2.4531170e-04,-1.2525502e-02,-2.1546364e-02
-0.39076417637124905,0.9999287157205077,0.0002819196784488838,1920.8611558238322,3.1836918e-03,499250,471.02492,463.87983,1.6409709e+05,4.6212482e+01,2.5917747e+03,1.3407055e+01,1.6981459e+05,4.7877491e+01,0,nan,nan,nan,nan,471.02492,2.5866789e-04,463.87983,2.9324825e-04,2.7217390e-02,-2.2748135e-02
-0.3907550945123148,0.9993586732821664,0.0002838799902778378,1730.679884905689,-3.1755958e-03,362324,1328.20175,1819.02560,1.5820988e+05,4.4909592e+01,4.1120107e+03,1.1645231e+01,1.6610527e+05,4.7184223e+01,0,nan,nan,nan,nan,1328.20175,2.5977861e-04,1819.02560,2.2978752e-04,-1.4192979e-03,4.6551287e-02
-0.39061338729970885,1.000123472035354,0.0002876400407645845,1914.7264266129037,3.1740905e-03,494833,471.01311,463.89606,1.6432606e+05,4.7152744e+01,5.5982646e+03,1.5194573e+01,1.6985697e+05,4.8851635e+01,0,nan,nan,nan,nan,471.01311,2.6384532e-04,463.89606,2.9936087e-04,1.4519623e-02,-5.0207069e-03
-0.3904900081761298,1.0000165791152065,0.000282011383472273,1908.5916699920272,3.1370795e-03,490416,470.99894,463.88064,1.6392291e+05,4.6216858e+01,2.5817839e+03,1.3496770e+01,1.6979041e+05,4.7882030e+01,0,nan,nan,nan,nan,470.99894,2.5808456e-04,463.88064,2.9330052e-04,-1.1164658e-03,-2.1726605e-02
-0.39041346148815137,0.9999589576735446,0.0002823739244593209,1902.456866538715,3.0532363e-03,485999,470.99117,463.85379,1.6391667e+05,4.6287212e+01,2.8300186e+03,1.3643235e+01,1.6982073e+05,4.7954918e+01,0,nan,nan,nan,nan,470.99117,2.5847257e-04,463.85379,2.9381443e-04,-9.2943134e-03,-5.1210526e-02
-0.3902814084169677,1.000085544098003,0.0002840605566854748,1718.4105985917843,-3.0228049e-03,353490,1328.20305,1818.98369,1.5787877e+05,4.4907688e+01,4.2538945e+03,1.1724141e+01,1.6611339e+05,4.7182224e+01,0,nan,nan,nan,nan,1328.20305,2.6028798e-04,1818.98369,2.3070327e-04,-3.1985089e-04,1.3803876e-03
-0.3899970662880605,0.9995834193895741,0.0002820768311916329,1712.276002933913,-2.8989105e-03,349073,1328.20536,1818.98655,1.5847409e+05,4.4641083e+01,2.9414365e+03,1.1008169e+01,1.6620500e+05,4.6902115e+01,0,nan,nan,nan,nan,1328.20536,2.5727245e-04,1818.98655,2.2757566e-04,2.3046017e-03,4.1965819e-03
-0.3899397142604357,1.0000244190447136,0.00029741308538135206,1761.3551002859413,-2.9459477e-03,384410,1042.63809,1775.57537,1.5927186e+05,4.7322384e+01,8.9990762e+03,1.5881021e+01,1.6658797e+05,4.9544231e+01,0,nan,nan,nan,nan,1042.63809,2.7853972e-04,1775.57537,2.4838484e-04,1.4589612e-02,4.4949416e-02
-0.38989777429014794,1.0002107974587935,0.00029066946287705176,1755.2202622259115,-3.0645463e-03,379993,1042.61649,1775.56340,1.5921609e+05,4.6244724e+01,5.1724863e+03,1.4028593e+01,1.6660222e+05,4.8415974e+01,0,nan,nan,nan,nan,1042.61649,2.7041376e-04,1775.56340,2.4124046e-04,-8.9443196e-03,3.2072123e-02
-0.38970197599246603,0.999830378201379,0.00029363687015592155,1742.950698024209,-3.1898257e-03,371159,1042.61485,1775.52338,1.5912730e+05,4.6706577e+01,6.8816689e+03,1.4860264e+01,1.6650231e+05,4.8899513e+01,0,nan,nan,nan,nan,1042.61485,2.7388337e-04,1775.52338,2.4464974e-04,-1.1573036e-02,-1.1256443e-02
-0.38937528923838727,1.0001905553407255,0.00028207403340409,1920.862544710965,3.1836906e-03,499251,471.02393,463.89807,1.6418822e+05,4.6237831e+01,2.5889778e+03,1.3444437e+01,1.6985925e+05,4.7903755e+01,0,nan,nan,nan,nan,471.02393,2.5843212e-04,463.89807,2.9323308e-04,2.6141867e-02,-2.1317336e-03
-0.3893662148423118,0.9998887983020894,0.0002842059803056309,1730.681273785359,-3.1756044e-03,362325,1328.19814,1819.02060,1.5842939e+05,4.4961166e+01,4.1102554e+03,1.1698629e+01,1.6619341e+05,4.7238411e+01,0,nan,nan,nan,nan,1328.19814,2.5967657e-04,1819.02060,2.2920438e-04,-5.9629604e-03,4.1832726e-02
-0.38922449481196963,1.0001102114437483,0.00028765072320848406,1914.7278155053914,3.1740947e-03,494834,471.01352,463.88889,1.6429469e+05,4.7154453e+01,5.5877939e+03,1.5202568e+01,1.6985456e+05,4.8853401e+01,0,nan,nan,nan,nan,471.01352,2.6392846e-04,463.88889,2.9964893e-04,1.5062652e-02,-1.2566485e-02
-0.3891011047444408,0.9999965812506839,0.000281986288200267,1908.5930588954589,3.1370947e-03,490417,470.99658,463.86594,1.6384902e+05,4.6212711e+01,2.5946697e+03,1.3516473e+01,1.6978688e+05,4.7877735e+01,0,nan,nan,nan,nan,470.99658,2.5818284e-04,463.86594,2.9339970e-04,-4.1254945e-03,-3.7661266e-02
-0.38902455083871246,0.9997611298047274,0.000282388116421862,1902.4582554493645,3.0532586e-03,486000,470.98627,463.85892,1.6397170e+05,4.6289490e+01,2.8252710e+03,1.3623909e+01,1.6978695e+05,4.7957275e+01,0,nan,nan,nan,nan,470.98627,2.5830392e-04,463.85892,2.9364688e-04,-1.4928563e-02,-4.4998951e-02
-0.3888925438811839,1.0003448562060973,0.00028416491537116157,1718.41198745632,-3.0228286e-03,353491,1328.20577,1818.98686,1.5797222e+05,4.4924183e+01,4.2576572e+03,1.1734876e+01,1.6615645e+05,4.7199554e+01,0,nan,nan,nan,nan,1328.20577,2.6037727e-04,1818.98686,2.3072622e-04,3.2200543e-03,5.0830799e-03
-0.3886082110661846,0.9999047505346108,0.0002820662102497585,1712.277391789135,-2.8989436e-03,349074,1328.20766,1818.98647,1.5839019e+05,4.4639229e+01,2.9429338e+03,1.1006472e+01,1.6625777e+05,4.6900166e+01,0,nan,nan,nan,nan,1328.20766,2.5749512e-04,1818.98647,2.2805636e-04,5.2358340e-03,4.0050359e-03
-0.3885507950299143,1.000251302543379,0.0002973051828314991,1761.3564892051718,-2.9459167e-03,384411,1042.62866,1775.56746,1.5930398e+05,4.7305317e+01,9.0175713e+03,1.5824315e+01,1.6662611e+05,4.9526360e+01,0,nan,nan,nan,nan,1042.62866,2.7831734e-04,1775.56746,2.4823577e-04,4.8789922e-03,3.7626166e-02
-0.3885088634424392,1.0003155009410483,0.000290764076621442,1755.2216511367592,-3.0645237e-03,379994,1042.60864,1775.57060,1.5925948e+05,4.6259720e+01,5.1495356e+03,1.4042772e+01,1.6661947e+05,4.8431675e+01,0,nan,nan,nan,nan,1042.60864,2.7055494e-04,1775.57060,2.4115955e-04,-1.7133417e-02,3.9415214e-02
-0.3883130807444104,0.9998210695181432,0.0002936740255465625,1742.952086919457,-3.1898187e-03,371160,1042.61442,1775.52554,1.5904933e+05,4.6712543e+01,6.8677983e+03,1.4874050e+01,1.6650095e+05,4.8905754e+01,0,nan,nan,nan,nan,1042.61442,2.7421120e-04,1775.52554,2.4489852e-04,-1.1722469e-02,-9.1530131e-03
-0.3879864021055255,0.9998694469398685,0.0002820394209770482,1920.863933598098,3.1836894e-03,499252,471.02337,463.88245,1.6399928e+05,4.6232208e+01,2.6073391e+03,1.3518564e+01,1.6980491e+05,4.7897930e+01,0,nan,nan,nan,nan,471.02337,2.5871329e-04,463.88245,2.9365838e-04,2.5602622e-02,-1.9705215e-02
-0.3879773351725362,1.0004384092821361,0.00028405166138172706,1730.6826626650288,-3.1756130e-03,362326,1328.20160,1819.01922,1.5843889e+05,4.4936760e+01,4.1066948e+03,1.1641651e+01,1.6628477e+05,4.7212765e+01,0,nan,nan,nan,nan,1328.20160,2.5958827e-04,1819.01922,2.2923737e-04,-1.2821434e-03,3.9783098e-02
-0.3878356023237757,1.0000648386702637,0.0002877403632914856,1914.7292043978796,3.1740989e-03,494835,471.01453,463.89820,1.6421994e+05,4.7169106e+01,5.5861025e+03,1.5271171e+01,1.6984670e+05,4.8868584e+01,0,nan,nan,nan,nan,471.01453,2.6410626e-04,463.89820,2.9997382e-04,1.6520698e-02,-2.5559522e-03
-0.38771220131275186,0.9994948819948105,0.0002819144207495944,1908.5944477988905,3.1371098e-03,490418,470.99994,463.87783,1.6386684e+05,4.6200897e+01,2.6010559e+03,1.3464213e+01,1.6970155e+05,4.7865490e+01,0,nan,nan,nan,nan,470.99994,2.5824294e-04,463.87783,2.9332389e-04,5.2497565e-04,-2.4115218e-02
-0.3876356401897283,0.9997494252994176,0.0002826030097443799,1902.4596443600135,3.0532810e-03,486001,470.98545,463.85064,1.6387712e+05,4.6324661e+01,2.8173801e+03,1.3718369e+01,1.6978478e+05,4.7993717e+01,0,nan,nan,nan,nan,470.98545,2.5864746e-04,463.85064,2.9440902e-04,-1.4975655e-02,-5.5284511e-02
-0.38750367934585483,0.9998528881992028,0.00028408078775165983,1718.4133763208554,-3.0228524e-03,353492,1328.20604,1818.98440,1.5781948e+05,4.4910885e+01,4.2661284e+03,1.1756350e+01,1.6607473e+05,4.7185581e+01,0,nan,nan,nan,nan,1328.20604,2.6052969e-04,1818.98440,2.3064407e-04,4.0235012e-03,1.6641552e-03
-0.38721935584430867,0.9997038312211811,0.00028198490751775207,1712.2787806443569,-2.8989767e-03,349075,1328.20881,1818.98560,1.5846861e+05,4.4626190e+01,2.9368049e+03,1.0983898e+01,1.6622373e+05,4.6886467e+01,0,nan,nan,nan,nan,1328.20881,2.5732670e-04,1818.98560,2.2760805e-04,6.4296122e-03,3.2286777e-03
-0.3871618757998476,0.999762956957727,0.00029717433670356074,1761.3578781244019,-2.9458858e-03,384412,1042.63190,1775.57005,1.5913219e+05,4.7284592e+01,9.0186250e+03,1.5830683e+01,1.6654511e+05,4.9504665e+01,0,nan,nan,nan,nan,1042.63190,2.7870332e-04,1775.57005,2.4856825e-04,8.9304578e-03,3.9639801e-02
-0.38711995282756106,1.0002634357389235,0.0002906163277437798,1755.223040047374,-3.0645013e-03,379995,1042.61140,1775.56848,1.5910236e+05,4.6236164e+01,5.1637866e+03,1.4033408e+01,1.6661062e+05,4.8407013e+01,0,nan,nan,nan,nan,1042.61140,2.7046711e-04,1775.56848,2.4134900e-04,-1.3517755e-02,3.7510671e-02
-0.38692418549635477,1.0003144084077729,0.0002936275821877116,1742.9534758147051,-3.1898117e-03,371161,1042.61625,1775.52870,1.5906928e+05,4.6705212e+01,6.8663989e+03,1.4844213e+01,1.6658330e+05,4.8898079e+01,0,nan,nan,nan,nan,1042.61625,2.7422846e-04,1775.52870,2.4510216e-04,-8.7384861e-03,-6.2845200e-03
-0.38659751473915094,0.9998818590104355,0.0002819820586620495,1920.8653224854643,3.1836885e-03,499253,471.02490,463.89651,1.6407527e+05,4.6222855e+01,2.6003547e+03,1.3413114e+01,1.6980720e+05,4.7888241e+01,0,nan,nan,nan,nan,471.02490,2.5860485e-04,463.89651,2.9358407e-04,2.6988117e-02,-4.5757955e-03
-0.38658845550276055,1.000125497549713,0.00028397084492924574,1730.6840515446986,-3.1756216e-03,362327,1328.20275,1819.02324,1.5836367e+05,4.4923977e+01,4.1022637e+03,1.1629972e+01,1.6623275e+05,4.7199333e+01,0,nan,nan,nan,nan,1328.20275,2.5977695e-04,1819.02324,2.2937400e-04,-6.0676271e-04,4.4542119e-02
-0.3864467096032058,1.0000737635028294,0.00028758364382649554,1914.7305932906002,3.1741033e-03,494836,471.01481,463.89339,1.6427225e+05,4.7143379e+01,5.5905469e+03,1.5184907e+01,1.6984808e+05,4.8841930e+01,0,nan,nan,nan,nan,471.01481,2.6390632e-04,463.89339,2.9944556e-04,1.6304847e-02,-8.1865126e-03
-0.3863232978819724,0.9992568434355663,0.0002819393921554936,1908.5958367023213,3.1371249e-03,490419,470.99854,463.88308,1.6383314e+05,4.6204956e+01,2.6006118e+03,1.3481573e+01,1.6966100e+05,4.7869694e+01,0,nan,nan,nan,nan,470.99854,2.5811145e-04,463.88308,2.9347368e-04,-1.5551619e-03,-1.8826561e-02
-0.3862467295402894,0.9999891022085223,0.00028235379566327084,1902.461033270663,3.0533033e-03,486002,470.98583,463.85731,1.6400905e+05,4.6283760e+01,2.8159404e+03,1.3611305e+01,1.6982528e+05,4.7951340e+01,0,nan,nan,nan,nan,470.98583,2.5805115e-04,463.85731,2.9360881e-04,-1.5079390e-02,-4.7051053e-02
-0.38611481481007104,1.0000082535626886,0.00028413555699926434,1718.4147651853912,-3.0228761e-03,353493,1328.20109,1818.98112,1.5786348e+05,4.4919548e+01,4.2640117e+03,1.1734572e+01,1.6610055e+05,4.7194683e+01,0,nan,nan,nan,nan,1328.20109,2.6051319e-04,1818.98112,2.3103091e-04,-1.7438083e-03,-1.7440051e-03
-0.3858305006217506,1.0004938885000418,0.0002823301737207615,1712.2801694995794,-2.8990097e-03,349076,1328.20578,1818.98358,1.5865028e+05,4.4680664e+01,2.9298289e+03,1.0978971e+01,1.6635447e+05,4.6943699e+01,0,nan,nan,nan,nan,1328.20578,2.5717393e-04,1818.98358,2.2755342e-04,2.9334778e-03,1.9969251e-03
-0.38577295680215684,0.9995860579711628,0.0002973217719920776,1761.3592670433995,-2.9458550e-03,384413,1042.63432,1775.56995,1.5922833e+05,4.7308159e+01,9.0223623e+03,1.5866215e+01,1.6651600e+05,4.9529335e+01,0,nan,nan,nan,nan,1042.63432,2.7847820e-04,1775.56995,2.4831895e-04,1.0679662e-02,3.9913356e-02
-0.38573104221177346,0.9997617876767291,0.0002906373896220857,1755.2244289579899,-3.0644790e-03,379996,1042.61308,1775.56776,1.5913497e+05,4.6239468e+01,5.1558496e+03,1.4020513e+01,1.6652688e+05,4.8410469e+01,0,nan,nan,nan,nan,1042.61308,2.7052729e-04,1775.56776,2.4141782e-04,-1.2432262e-02,3.6348462e-02
-0.38553529024738964,1.000184493395388,0.0002935273757102671,1742.954864709954,-3.1898047e-03,371162,1042.61469,1775.52751,1.5902483e+05,4.6689327e+01,6.8452114e+03,1.4830427e+01,1.6656184e+05,4.8881447e+01,0,nan,nan,nan,nan,1042.61469,2.7419260e-04,1775.52751,2.4523100e-04,-1.1135026e-02,-6.6057513e-03
-0.38520862760560703,0.9999734356633807,0.00028209394543535617,1920.8667113725978,3.1836873e-03,499254,471.02156,463.88443,1.6405872e+05,4.6241241e+01,2.5945735e+03,1.3471455e+01,1.6982292e+05,4.7907291e+01,0,nan,nan,nan,nan,471.02156,2.5893439e-04,463.88443,2.9356609e-04,2.3224281e-02,-1.6948013e-02
-0.3851995758329849,1.0003517187641324,0.0002840981362911673,1730.6854404243684,-3.1756302e-03,362328,1328.20260,1819.02408,1.5840942e+05,4.4944107e+01,4.1049136e+03,1.1688107e+01,1.6627034e+05,4.7220486e+01,0,nan,nan,nan,nan,1328.20260,2.5957555e-04,1819.02408,2.2914395e-04,-1.3715290e-03,4.5617986e-02
-0.3850578171136476,1.000109096516507,0.0002877364849131924,1914.7319821830897,3.1741075e-03,494837,471.01190,463.89345,1.6422698e+05,4.7168396e+01,5.5723032e+03,1.5241419e+01,1.6985395e+05,4.8867847e+01,0,nan,nan,nan,nan,471.01190,2.6410705e-04,463.89345,2.9997565e-04,1.4095306e-02,-7.8384830e-03
-0.3849343944507382,0.9999943888662742,0.00028196948811034226,1908.5972256057526,3.1371401e-03,490420,470.99751,463.87783,1.6394591e+05,4.6209846e+01,2.5904912e+03,1.3463737e+01,1.6978608e+05,4.7874763e+01,0,nan,nan,nan,nan,470.99751,2.5803593e-04,463.87783,2.9325977e-04,-3.3221019e-03,-2.4781743e-02
-0.38485781889085047,1.0000935616983677,0.0002823478263701825,1902.4624221813124,3.0533257e-03,486003,470.98770,463.84757,1.6390212e+05,4.6282726e+01,2.8305310e+03,1.3640347e+01,1.6984284e+05,4.7950272e+01,0,nan,nan,nan,nan,470.98770,2.5839655e-04,463.84757,2.9395692e-04,-1.2423318e-02,-5.8071002e-02
-0.3847259505071179,0.9996247636727987,0.00028400277168661424,1718.4161540496941,-3.0229001e-03,353494,1328.20637,1818.98835,1.5771422e+05,4.4898560e+01,4.2756055e+03,1.1747117e+01,1.6603688e+05,4.7172634e+01,0,nan,nan,nan,nan,1328.20637,2.6092728e-04,1818.98835,2.3136470e-04,4.4895522e-03,5.6726262e-03
-0.38444164539828307,0.9998346196735555,0.0002822775710810635,1712.2815583548029,-2.8990428e-03,349077,1328.21200,1818.99631,1.5858689e+05,4.4672169e+01,2.9447395e+03,1.0998986e+01,1.6624422e+05,4.6934776e+01,0,nan,nan,nan,nan,1328.21200,2.5733022e-04,1818.99631,2.2769290e-04,1.0025444e-02,1.5104427e-02
-0.3843840375716354,0.9997941414639991,0.0002972612566624072,1761.36065596263,-2.9458241e-03,384414,1042.63274,1775.57616,1.5926531e+05,4.7298634e+01,9.0247793e+03,1.5831379e+01,1.6655103e+05,4.9519363e+01,0,nan,nan,nan,nan,1042.63274,2.7840049e-04,1775.57616,2.4836673e-04,8.7719047e-03,4.6598889e-02
-0.38434213136360995,0.999692095946435,0.00029059285044406814,1755.225817868838,-3.0644564e-03,379997,1042.61316,1775.56746,1.5910766e+05,4.6232334e+01,5.1470034e+03,1.4016442e+01,1.6651509e+05,4.8403000e+01,0,nan,nan,nan,nan,1042.61316,2.7039106e-04,1775.56746,2.4144926e-04,-1.1667472e-02,3.6366500e-02
-0.38414639499887926,1.0006549894944214,0.0002936026286312185,1742.9562536052026,-3.1897977e-03,371163,1042.62017,1775.52323,1.5907962e+05,4.6701347e+01,6.8554976e+03,1.4875908e+01,1.6664039e+05,4.8894035e+01,0,nan,nan,nan,nan,1042.62017,2.7404536e-04,1775.52323,2.4478885e-04,-4.5998897e-03,-1.1092199e-02
-0.38381974047206313,0.9996826074325039,0.0002820692158463515,1920.8681002597314,3.1836862e-03,499255,471.02503,463.88681,1.6413788e+05,4.6237232e+01,2.5914373e+03,1.3474107e+01,1.6977370e+05,4.7903141e+01,0,nan,nan,nan,nan,471.02503,2.5840054e-04,463.88681,2.9309641e-04,2.7147723e-02,-1.4742875e-02
-0.38381069593037864,0.9996667991666439,0.0002840469406139915,1730.686829304271,-3.1756386e-03,362329,1328.19952,1819.01294,1.5831377e+05,4.4936005e+01,4.1096079e+03,1.1665781e+01,1.6615648e+05,4.7211971e+01,0,nan,nan,nan,nan,1328.19952,2.5970291e-04,1819.01294,2.2998228e-04,-4.2234492e-03,3.2001648e-02
-0.38366892462454416,1.0001541517101407,0.00028749869729721754,1914.7333710755788,3.1741117e-03,494838,471.01203,463.89580,1.6422838e+05,4.7129387e+01,5.5713687e+03,1.5164384e+01,1.6986148e+05,4.8827431e+01,0,nan,nan,nan,nan,471.01203,2.6387337e-04,463.89580,2.9979183e-04,1.3942427e-02,-5.5819522e-03
-0.38354549125187987,0.9997042038319409,0.00028185463548320154,1908.5986145089514,3.1371550e-03,490421,470.99954,463.86889,1.6388156e+05,4.6190987e+01,2.5975964e+03,1.3425313e+01,1.6973667e+05,4.7855221e+01,0,nan,nan,nan,nan,470.99954,2.5812708e-04,463.86889,2.9335089e-04,-1.5414081e-04,-3.4018710e-02
-0.3834689080094904,1.0000042201831856,0.00028218987102556273,1902.4638110921937,3.0533483e-03,486004,470.98261,463.85325,1.6384605e+05,4.6256783e+01,2.8083115e+03,1.3593956e+01,1.6982747e+05,4.7923393e+01,0,nan,nan,nan,nan,470.98261,2.5837269e-04,463.85325,2.9378341e-04,-1.7805189e-02,-5.2155916e-02
-0.3833370859713341,0.9998756702784699,0.0002839754639286397,1718.41754291423,-3.0229238e-03,353495,1328.20239,1818.97797,1.5777956e+05,4.4894257e+01,4.2636069e+03,1.1693171e+01,1.6607858e+05,4.7168106e+01,0,nan,nan,nan,nan,1328.20239,2.6069983e-04,1818.97797,2.3112084e-04,-3.4192516e-04,-5.6521073e-03
-0.383052790175725,0.999790877439206,0.00028181819617994325,1712.2829472100254,-2.8990759e-03,349078,1328.20214,1818.97048,1.5820014e+05,4.4599308e+01,2.9453293e+03,1.0969454e+01,1.6623634e+05,4.6858227e+01,0,nan,nan,nan,nan,1328.20214,2.5787114e-04,1818.97048,2.2998238e-04,-6.9316389e-05,-1.5237832e-02
-0.38299511834156874,1.0003613416167736,0.00029728086324980207,1761.3620448818601,-2.9457931e-03,384415,1042.63278,1775.56809,1.5932275e+05,4.7301861e+01,9.0288809e+03,1.5823151e+01,1.6664589e+05,4.9522743e+01,0,nan,nan,nan,nan,1042.63278,2.7835887e-04,1775.56809,2.4838411e-04,8.7948656e-03,3.7679691e-02
-0.38295322074782234,0.9999358176745157,0.0002905553182107051,1755.2272067794538,-3.0644340e-03,379998,1042.61279,1775.56604,1.5913991e+05,4.6226311e+01,5.1292915e+03,1.4005394e+01,1.6655552e+05,4.8396698e+01,0,nan,nan,nan,nan,1042.61279,2.7042351e-04,1775.56604,2.4122068e-04,-1.2443675e-02,3.5059273e-02
-0.38275749974991413,0.9995543384123767,0.00029347179846058276,1742.9576425004516,-3.1897908e-03,371164,1042.60809,1775.51943,1.5885858e+05,4.6680592e+01,6.8550400e+03,1.4863135e+01,1.6645730e+05,4.8872303e+01,0,nan,nan,nan,nan,1042.60809,2.7466251e-04,1775.51943,2.4536220e-04,-1.7437978e-02,-1.5719935e-02
-0.3824308531056886,0.9997543822788012,0.0002820392545887964,1920.8694891470977,3.1836852e-03,499256,471.02164,463.88398,1.6411770e+05,4.6232368e+01,2.5862864e+03,1.3465965e+01,1.6978606e+05,4.7898098e+01,0,nan,nan,nan,nan,471.02164,2.5835636e-04,463.88398,2.9335124e-04,2.3562120e-02,-1.7720794e-02
-0.38242181626037564,1.000281835472269,0.0002839696671136881,1730.688218183941,-3.1756472e-03,362330,1328.20539,1819.02805,1.5831780e+05,4.4923771e+01,4.1203818e+03,1.1643827e+01,1.6625869e+05,4.7199120e+01,0,nan,nan,nan,nan,1328.20539,2.5974019e-04,1819.02805,2.2964430e-04,2.2096110e-03,4.9578793e-02
-0.3822800321363502,0.9999723443208944,0.0002875318863613292,1914.734759968067,3.1741159e-03,494839,471.01492,463.90116,1.6426998e+05,4.7134789e+01,5.5629233e+03,1.5175840e+01,1.6983048e+05,4.8833031e+01,0,nan,nan,nan,nan,471.01492,2.6410582e-04,463.90116,2.9912815e-04,1.6914774e-02,-1.9051760e-04
-0.3821565878201909,0.9999275656436691,0.0002818823480522891,1908.600003412383,3.1371701e-03,490422,471.00149,463.87963,1.6390909e+05,4.6195492e+01,2.5990137e+03,1.3422057e+01,1.6977445e+05,4.7859890e+01,0,nan,nan,nan,nan,471.00149,2.5827196e-04,463.87963,2.9338623e-04,1.3263111e-03,-2.1828894e-02
-0.3820799973600515,1.0003343214947054,0.00028235893914981095,1902.4652000028432,3.0533706e-03,486005,470.98681,463.85931,1.6395809e+05,4.6284443e+01,2.8080723e+03,1.3620381e+01,1.6988334e+05,4.7952049e+01,0,nan,nan,nan,nan,470.98681,2.5834155e-04,463.85931,2.9379560e-04,-1.4188582e-02,-4.5773175e-02
-0.38194822143600504,0.9998321621632212,0.00028395127931210074,1718.4189317787652,-3.0229476e-03,353496,1328.20667,1818.99050,1.5775427e+05,4.4890442e+01,4.2730898e+03,1.1720997e+01,1.6607141e+05,4.7164104e+01,0,nan,nan,nan,nan,1328.20667,2.6046819e-04,1818.99050,2.3060702e-04,3.4817706e-03,8.6990315e-03
-0.3816639349538491,0.9998458232722973,0.00028219177044712124,1712.2843360652473,-2.8991089e-03,349079,1328.21146,1818.98745,1.5846970e+05,4.4658268e+01,2.9385183e+03,1.1022820e+01,1.6624488e+05,4.6920170e+01,0,nan,nan,nan,nan,1328.21146,2.5762501e-04,1818.98745,2.2770590e-04,8.6497208e-03,5.4800748e-03
-0.38160619934387796,0.9999223263922118,0.00029736630410405436,1761.3634338008578,-2.9457624e-03,384416,1042.63003,1775.57316,1.5929931e+05,4.7315563e+01,9.0412295e+03,1.5843618e+01,1.6657316e+05,4.9537090e+01,0,nan,nan,nan,nan,1042.63003,2.7863591e-04,1775.57316,2.4832055e-04,6.4690961e-03,4.3300677e-02
-0.38156431013203473,1.0000684234346489,0.0002906911954492115,1755.2285956900696,-3.0644117e-03,379999,1042.61760,1775.56770,1.5912619e+05,4.6247883e+01,5.1324385e+03,1.4029782e+01,1.6657744e+05,4.8419281e+01,0,nan,nan,nan,nan,1042.61760,2.7049982e-04,1775.56770,2.4149327e-04,-7.4751070e-03,3.6869604e-02
-0.381368604500949,0.9998260776520762,0.0002935411105842439,1742.9590313957005,-3.1897838e-03,371165,1042.61769,1775.52839,1.5890019e+05,4.6691673e+01,6.8361846e+03,1.4858745e+01,1.6650275e+05,4.8883904e+01,0,nan,nan,nan,nan,1042.61769,2.7435014e-04,1775.52839,2.4518403e-04,-7.1409498e-03,-5.8206101e-03
-0.3810419659730542,0.9996858909624622,0.0002821258430029832,1920.8708780342304,3.1836841e-03,499257,471.02672,463.89655,1.6414392e+05,4.6246609e+01,2.6003057e+03,1.3486095e+01,1.6977459e+05,4.7912849e+01,0,nan,nan,nan,nan,471.02672,2.5866216e-04,463.89655,2.9332505e-04,2.9229240e-02,-3.9123632e-03
-0.3810329365912821,1.0001307446883685,0.0002839057343081264,1730.68960706361,-3.1756558e-03,362331,1328.19732,1819.01363,1.5834002e+05,4.4913643e+01,4.1069302e+03,1.1603745e+01,1.6623353e+05,4.7188484e+01,0,nan,nan,nan,nan,1328.19732,2.5968411e-04,1819.01363,2.2976959e-04,-5.9902361e-03,3.2972731e-02
-0.38089113941578034,0.999711167104414,0.00028744855144954644,1914.7361488607876,3.1741203e-03,494840,471.01759,463.89220,1.6414500e+05,4.7121101e+01,5.5811558e+03,1.5176025e+01,1.6978603e+05,4.8818851e+01,0,nan,nan,nan,nan,471.01759,2.6444937e-04,463.89220,2.9968208e-04,1.9905794e-02,-9.9672843e-03
-0.38076768438850195,0.9997291913331566,0.0002819659177267411,1908.6013923158148,3.1371852e-03,490423,470.99452,463.87206,1.6388403e+05,4.6209148e+01,2.5777576e+03,1.3479043e+01,1.6974062e+05,4.7874039e+01,0,nan,nan,nan,nan,470.99452,2.5810194e-04,463.87206,2.9343981e-04,-6.0576079e-03,-3.0589774e-02
-0.38069108671015783,0.9994770329934203,0.00028242514152635644,1902.466588913493,3.0533930e-03,486006,470.98671,463.85757,1.6386078e+05,4.6295242e+01,2.8213147e+03,1.3699645e+01,1.6973756e+05,4.7963238e+01,0,nan,nan,nan,nan,470.98671,2.5834449e-04,463.85757,2.9387846e-04,-1.4607512e-02,-4.7197431e-02
-0.38055935690090337,0.9998804544913227,0.00028404197522627263,1718.4203206433003,-3.0229713e-03,353497,1328.19967,1818.97556,1.5778778e+05,4.4904797e+01,4.2730283e+03,1.1718862e+01,1.6607948e+05,4.7179184e+01,0,nan,nan,nan,nan,1328.19967,2.6054276e-04,1818.97556,2.3127966e-04,-3.0006396e-03,-8.5797478e-03
-0.38027507973129104,1.0004270857429334,0.0002822436055715672,1712.2857249204699,-2.8991420e-03,349080,1328.20747,1818.98719,1.5869372e+05,4.4666313e+01,2.9342791e+03,1.0987857e+01,1.6634094e+05,4.6928623e+01,0,nan,nan,nan,nan,1328.20747,2.5712862e-04,1818.98719,2.2710767e-04,3.9030949e-03,6.1031403e-03
-0.3802172801135839,0.9997128749821984,0.00029725560988698554,1761.3648227200881,-2.9457314e-03,384417,1042.62652,1775.56596,1.5925536e+05,4.7298065e+01,9.0421006e+03,1.5835665e+01,1.6653866e+05,4.9518768e+01,0,nan,nan,nan,nan,1042.62652,2.7840436e-04,1775.56596,2.4822447e-04,2.8156859e-03,3.5309806e-02
-0.38017539928387123,1.0007226262458173,0.00029057699681087827,1755.2299846009178,-3.0643891e-03,380000,1042.60404,1775.56237,1.5914738e+05,4.6229671e+01,5.1100640e+03,1.4010876e+01,1.6668623e+05,4.8400211e+01,0,nan,nan,nan,nan,1042.60404,2.7063687e-04,1775.56237,2.4141952e-04,-2.2333639e-02,3.1019634e-02
-0.3799797092524386,0.9998928651408019,0.0002934720150793232,1742.960420290949,-3.1897768e-03,371166,1042.61577,1775.52032,1.5895930e+05,4.6680737e+01,6.8416162e+03,1.4827554e+01,1.6651406e+05,4.8872452e+01,0,nan,nan,nan,nan,1042.61577,2.7426219e-04,1775.52032,2.4495140e-04,-1.0127006e-02,-1.4508258e-02
-0.379653078839965,1.0000094424151766,0.00028210735955851824,1920.8722669213635,3.1836829e-03,499258,471.02597,463.88201,1.6410100e+05,4.6243622e+01,2.6045100e+03,1.3507610e+01,1.6982970e+05,4.7909756e+01,0,nan,nan,nan,nan,471.02597,2.5865907e-04,463.88201,2.9349176e-04,2.7485292e-02,-1.9796850e-02
-0.3796440569221886,1.000295839159242,0.00028425293711330143,1730.6909959432792,-3.1756645e-03,362332,1328.20272,1819.02227,1.5850852e+05,4.4968559e+01,4.1001704e+03,1.1657706e+01,1.6626092e+05,4.7246178e+01,0,nan,nan,nan,nan,1328.20272,2.6012893e-04,1819.02227,2.2917613e-04,-7.8006508e-04,4.4000473e-02
-0.37950224692781376,0.9996762140471429,0.0002874808382321673,1914.7375377532755,3.1741245e-03,494841,471.01306,463.88779,1.6422138e+05,4.7126369e+01,5.5590947e+03,1.5170465e+01,1.6978000e+05,4.8824306e+01,0,nan,nan,nan,nan,471.01306,2.6380894e-04,463.88779,2.9937620e-04,1.3821267e-02,-1.4026452e-02
-0.379378780956813,0.9999703881721348,0.00028215290472733063,1908.6027812192465,3.1372004e-03,490424,470.99925,463.87437,1.6389148e+05,4.6239750e+01,2.6092505e+03,1.3572615e+01,1.6978144e+05,4.7905743e+01,0,nan,nan,nan,nan,470.99925,2.5804038e-04,463.87437,2.9364415e-04,-8.3216809e-04,-2.7667092e-02
-0.3793021760607189,0.9999013064433553,0.0002825969193515767,1902.4679778241425,3.0534153e-03,486007,470.98479,463.85548,1.6391756e+05,4.6323345e+01,2.8391841e+03,1.3769753e+01,1.6980942e+05,4.7992355e+01,0,nan,nan,nan,nan,470.98479,2.5844423e-04,463.85548,2.9371423e-04,-1.6004827e-02,-4.9039036e-02
-0.37917049236511957,0.9999334436217927,0.00028409142919921603,1718.421709507836,-3.0229951e-03,353498,1328.20728,1818.98876,1.5777892e+05,4.4912632e+01,4.2687666e+03,1.1749042e+01,1.6608836e+05,4.7187420e+01,0,nan,nan,nan,nan,1328.20728,2.6085621e-04,1818.98876,2.3077120e-04,5.2099782e-03,6.8222834e-03
-0.3788862245085056,0.9998252230513458,0.00028205474745071374,1712.2871137756927,-2.8991750e-03,349081,1328.20901,1818.98119,1.5853588e+05,4.4636269e+01,2.9470249e+03,1.0988820e+01,1.6624028e+05,4.6897057e+01,0,nan,nan,nan,nan,1328.20901,2.5724893e-04,1818.98119,2.2710027e-04,6.1321799e-03,-1.2569942e-03
-0.37882836088328986,0.9999808309721148,0.000297377248404052,1761.3662116393184,-2.9457004e-03,384418,1042.62942,1775.56827,1.5922825e+05,4.7317532e+01,9.0669785e+03,1.5894603e+01,1.6658370e+05,4.9539150e+01,0,nan,nan,nan,nan,1042.62942,2.7840355e-04,1775.56827,2.4836630e-04,5.8775023e-03,3.7709031e-02
-0.3787864886680836,1.0006880698428122,0.000290686524425511,1755.2313735115335,-3.0643668e-03,380001,1042.62080,1775.57278,1.5915764e+05,4.6247051e+01,5.1259561e+03,1.4043444e+01,1.6668033e+05,4.8418407e+01,0,nan,nan,nan,nan,1042.62080,2.7076565e-04,1775.57278,2.4138855e-04,-3.8881353e-03,4.1916426e-02
-0.37859081377064285,1.0003350848400026,0.0002934864859346755,1742.9618091864309,-3.1897696e-03,371167,1042.61395,1775.51137,1.5896517e+05,4.6683090e+01,6.8214219e+03,1.4867206e+01,1.6658791e+05,4.8874920e+01,0,nan,nan,nan,nan,1042.61395,2.7400168e-04,1775.51137,2.4507174e-04,-1.1154441e-02,-2.4254257e-02
-0.37826419147381785,1.000297199130783,0.0002822208483894973,1920.8736558087296,3.1836820e-03,499259,471.02083,463.88721,1.6423614e+05,4.6262268e+01,2.5837922e+03,1.3521120e+01,1.6987873e+05,4.7929073e+01,0,nan,nan,nan,nan,471.02083,2.5828838e-04,463.88721,2.9308311e-04,2.2668317e-02,-1.3835414e-02
-0.37825517725173086,1.0001249654479913,0.0002839545029031309,1730.6923848229496,-3.1756731e-03,362333,1328.20106,1819.02341,1.5833542e+05,4.4921337e+01,4.1066851e+03,1.1641561e+01,1.6623245e+05,4.7196560e+01,0,nan,nan,nan,nan,1328.20106,2.5980055e-04,1819.02341,2.2921221e-04,-1.8789828e-03,4.4304557e-02
-0.37811335443984717,0.9999717738001253,0.0002875002489734424,1914.7389266457635,3.1741287e-03,494842,471.01503,463.89962,1.6407888e+05,4.7129524e+01,5.5473472e+03,1.5227867e+01,1.6983011e+05,4.8827576e+01,0,nan,nan,nan,nan,471.01503,2.6407119e-04,463.89962,3.0011529e-04,1.7337482e-02,-1.4195440e-03
-0.37798987775886417,0.9999603928964209,0.0002820115129530754,1908.6041701224444,3.1372153e-03,490425,471.00242,463.89208,1.6395897e+05,4.6216541e+01,2.6028040e+03,1.3465252e+01,1.6977959e+05,4.7881699e+01,0,nan,nan,nan,nan,471.00242,2.5823098e-04,463.89208,2.9329347e-04,2.6678459e-03,-8.4956400e-03
-0.37791326541173476,1.0001282023266318,0.00028236092346782814,1902.4693667347915,3.0534377e-03,486008,470.98455,463.84870,1.6389238e+05,4.6284615e+01,2.8347314e+03,1.3648047e+01,1.6984777e+05,4.7952225e+01,0,nan,nan,nan,nan,470.98455,2.5827720e-04,463.84870,2.9391603e-04,-1.6353043e-02,-5.7043094e-02
-0.37778162782865365,1.0002018843584566,0.00028416773204708386,1718.4230983723726,-3.0230188e-03,353499,1328.20306,1818.98807,1.5782272e+05,4.4924717e+01,4.2922251e+03,1.1800639e+01,1.6613303e+05,4.7200115e+01,0,nan,nan,nan,nan,1328.20306,2.6069675e-04,1818.98807,2.3050045e-04,3.7506371e-04,6.2580672e-03
-0.3774973692866297,0.9997428851385176,0.00028210596670945836,1712.2885026309145,-2.8992081e-03,349082,1328.20495,1818.98475,1.5846806e+05,4.4644222e+01,2.9507905e+03,1.1017828e+01,1.6622602e+05,4.6905415e+01,0,nan,nan,nan,nan,1328.20495,2.5730883e-04,1818.98475,2.2746332e-04,2.2093991e-03,2.2102965e-03
-0.3774394418855991,0.9998887400572334,0.0002974215299523765,1761.367600558316,-2.9456697e-03,384419,1042.63537,1775.57007,1.5924972e+05,4.7324699e+01,9.0625264e+03,1.5862019e+01,1.6656877e+05,4.9546650e+01,0,nan,nan,nan,nan,1042.63537,2.7839391e-04,1775.57007,2.4867221e-04,1.2211207e-02,3.9553151e-02
-0.37739757805275076,1.0003304583765682,0.00029072489228620154,1755.2327624221489,-3.0643444e-03,380002,1042.61061,1775.57071,1.5913247e+05,4.6253109e+01,5.1082056e+03,1.4044657e+01,1.6662061e+05,4.8424755e+01,0,nan,nan,nan,nan,1042.61061,2.7054155e-04,1775.57071,2.4151480e-04,-1.4744041e-02,3.9635241e-02
-0.3772019185221325,0.9999259800649659,0.00029352438694208377,1742.9631980816794,-3.1897626e-03,371168,1042.61355,1775.52932,1.5910034e+05,4.6689171e+01,6.8191860e+03,1.4828957e+01,1.6651997e+05,4.8881290e+01,0,nan,nan,nan,nan,1042.61355,2.7390264e-04,1775.52932,2.4483135e-04,-1.1968148e-02,-5.2185287e-03
-0.3768753043405013,1.0002458798423715,0.00028214822389443004,1920.875044695863,3.1836808e-03,499260,471.02529,463.89225,1.6410523e+05,4.6250408e+01,2.5989521e+03,1.3524925e+01,1.6987017e+05,4.7916786e+01,0,nan,nan,nan,nan,471.02529,2.5847048e-04,463.89225,2.9347031e-04,2.7229035e-02,-8.2941735e-03
-0.37686629758104573,0.9997998387025525,0.0002839801043887469,1730.6937737026203,-3.1756817e-03,362334,1328.19934,1819.01444,1.5835266e+05,4.4925362e+01,4.1089932e+03,1.1644848e+01,1.6617836e+05,4.7200794e+01,0,nan,nan,nan,nan,1328.19934,2.5960672e-04,1819.01444,2.2932947e-04,-4.4357046e-03,3.4837861e-02
-0.3767244619507437,0.9994596152917745,0.0002875528171555034,1914.7403155382526,3.1741329e-03,494843,471.01453,463.89924,1.6416231e+05,4.7138119e+01,5.5522578e+03,1.5212313e+01,1.6974305e+05,4.8836483e+01,0,nan,nan,nan,nan,471.01453,2.6439337e-04,463.89924,2.9936814e-04,1.6867993e-02,-2.2080906e-03
-0.37660097432785733,0.9996521124916454,0.0002818420635953266,1908.6055590258754,3.1372304e-03,490426,470.99901,463.87479,1.6390900e+05,4.6188728e+01,2.5855654e+03,1.3425628e+01,1.6972711e+05,4.7852886e+01,0,nan,nan,nan,nan,470.99901,2.5808238e-04,463.87479,2.9338978e-04,-1.1675148e-03,-2.8018985e-02
-0.37652435476320534,1.000298605815013,0.0002824617879276484,1902.47075564544,3.0534600e-03,486009,470.98571,463.86019,1.6396316e+05,4.6301090e+01,2.8285015e+03,1.3677671e+01,1.6987650e+05,4.7969296e+01,0,nan,nan,nan,nan,470.98571,2.5809841e-04,463.86019,2.9372648e-04,-1.5778508e-02,-4.3975487e-02
-0.37639276329286986,0.999753092105126,0.00028412931705993006,1718.4244872369084,-3.0230426e-03,353500,1328.20411,1818.98492,1.5783775e+05,4.4918674e+01,4.3018188e+03,1.1763474e+01,1.6605858e+05,4.7193764e+01,0,nan,nan,nan,nan,1328.20411,2.6052160e-04,1818.98492,2.3067155e-04,8.9622859e-04,2.9941732e-03
-0.37610851406475376,1.000063103183304,0.00028218281886445017,1712.2898914861364,-2.8992412e-03,349083,1328.20650,1818.98655,1.5857384e+05,4.4656235e+01,2.9288823e+03,1.1007341e+01,1.6627870e+05,4.6918034e+01,0,nan,nan,nan,nan,1328.20650,2.5757731e-04,1818.98655,2.2727060e-04,3.2214064e-03,4.5229211e-03
-0.3760505226555324,1.0003074254497337,0.000297511043912317,1761.3689894775462,-2.9456387e-03,384420,1042.62758,1775.57311,1.5927038e+05,4.7339058e+01,9.0733369e+03,1.5952897e+01,1.6663894e+05,4.9561687e+01,0,nan,nan,nan,nan,1042.62758,2.7833786e-04,1775.57311,2.4832488e-04,4.5317854e-03,4.3107282e-02
-0.3760086672041325,1.0000538799443157,0.00029052432922837694,1755.2341513329975,-3.0643218e-03,380003,1042.60251,1775.55377,1.5905619e+05,4.6221157e+01,5.1037295e+03,1.4017564e+01,1.6657439e+05,4.8391304e+01,0,nan,nan,nan,nan,1042.60251,2.7057555e-04,1775.55377,2.4151818e-04,-2.3242543e-02,2.1996848e-02
-0.37581302327384947,0.9995157989296678,0.000293360397739917,1742.9645869769276,-3.1897556e-03,371169,1042.61227,1775.52518,1.5891138e+05,4.6663143e+01,6.8124922e+03,1.4827142e+01,1.6645186e+05,4.8854038e+01,0,nan,nan,nan,nan,1042.61227,2.7410249e-04,1775.52518,2.4497329e-04,-1.2570176e-02,-9.6722040e-03
-0.37548641720741216,0.9999654989616763,0.0002820043126921683,1920.876433582996,3.1836797e-03,499261,471.02837,463.89014,1.6408439e+05,4.6226856e+01,2.5904756e+03,1.3462367e+01,1.6982270e+05,4.7892387e+01,0,nan,nan,nan,nan,471.02837,2.5858625e-04,463.89014,2.9379156e-04,3.0637024e-02,-1.0907995e-02
-0.37547741767843945,0.9991880133642941,0.00028388214164491455,1730.695162582523,-3.1756901e-03,362335,1328.20507,1819.02556,1.5826092e+05,4.4909847e+01,4.1064468e+03,1.1635309e+01,1.6607658e+05,4.7184490e+01,0,nan,nan,nan,nan,1328.20507,2.5986068e-04,1819.02556,2.2936532e-04,2.3260470e-03,4.6981022e-02
-0.37533556922835487,1.000226993025489,0.0002875334689108215,1914.741704430975,3.1741373e-03,494844,471.01109,463.88802,1.6425108e+05,4.7134930e+01,5.5317891e+03,1.5194933e+01,1.6987331e+05,4.8833176e+01,0,nan,nan,nan,nan,471.01109,2.6379462e-04,463.88802,2.9984195e-04,1.2953530e-02,-1.3537534e-02
-0.37521207089639574,1.000051471595349,0.0002819606837811374,1908.606947929307,3.1372455e-03,490427,470.99509,463.86984,1.6395278e+05,4.6208122e+01,2.5939285e+03,1.3446455e+01,1.6979477e+05,4.7872982e+01,0,nan,nan,nan,nan,470.99509,2.5805432e-04,463.86984,2.9318180e-04,-5.2115330e-03,-3.3374775e-02
-0.3751354441137664,1.0002845032425352,0.0002823878800825347,1902.4721445560895,3.0534824e-03,486010,470.98980,463.85887,1.6400588e+05,4.6288925e+01,2.8258049e+03,1.3622533e+01,1.6987391e+05,4.7956688e+01,0,nan,nan,nan,nan,470.98980,2.5814350e-04,463.85887,2.9369601e-04,-1.1195648e-02,-4.5471698e-02
-0.3750038987575408,1.0003278324045612,0.0002841338787316708,1718.4258761014437,-3.0230663e-03,353501,1328.20735,1818.98594,1.5795736e+05,4.4919418e+01,4.2862529e+03,1.1721292e+01,1.6615414e+05,4.7194550e+01,0,nan,nan,nan,nan,1328.20735,2.6033178e-04,1818.98594,2.3040848e-04,4.5382278e-03,3.9144563e-03
-0.3747196588421957,0.9998811786321892,0.0002821044748106432,1712.291280341359,-2.8992742e-03,349084,1328.21307,1818.99228,1.5854420e+05,4.4643692e+01,2.9441128e+03,1.1007520e+01,1.6624791e+05,4.6904854e+01,0,nan,nan,nan,nan,1328.21307,2.5739803e-04,1818.99228,2.2703827e-04,1.1062090e-02,1.1466174e-02
-0.374661603425011,0.9997468444727265,0.0002973835617958487,1761.3703783967767,-2.9456078e-03,384421,1042.63007,1775.56663,1.5925647e+05,4.7318897e+01,9.0845225e+03,1.5891318e+01,1.6654597e+05,4.9540577e+01,0,nan,nan,nan,nan,1042.63007,2.7829772e-04,1775.56663,2.4839296e-04,6.7803022e-03,3.5770234e-02
-0.3746197565883449,1.000134402898234,0.00029060307702475204,1755.2355402436133,-3.0642995e-03,380004,1042.61635,1775.57235,1.5912706e+05,4.6233646e+01,5.1367666e+03,1.4028000e+01,1.6658764e+05,4.8404377e+01,0,nan,nan,nan,nan,1042.61635,2.7053681e-04,1775.57235,2.4138733e-04,-8.1176534e-03,4.0856674e-02
-0.37442412802556646,1.000076930237473,0.0002933865951438609,1742.965975872176,-3.1897486e-03,371170,1042.61406,1775.52964,1.5903081e+05,4.6667366e+01,6.8207485e+03,1.4807671e+01,1.6654550e+05,4.8858459e+01,0,nan,nan,nan,nan,1042.61406,2.7391891e-04,1775.52964,2.4464080e-04,-1.1328480e-02,-4.8300526e-03
-0.37409753007477775,1.000234373570773,0.00028212061458373223,1920.8778224701286,3.1836785e-03,499262,471.02156,463.88251,1.6414072e+05,4.6245956e+01,2.5926143e+03,1.3427135e+01,1.6986852e+05,4.7912178e+01,0,nan,nan,nan,nan,471.02156,2.5855083e-04,463.88251,2.9377357e-04,2.3843264e-02,-1.9559365e-02
-0.3740885380086638,0.9995435109529937,0.00028401256203731186,1730.6965514621927,-3.1756987e-03,362336,1328.19745,1819.01987,1.5838428e+05,4.4930454e+01,4.1020615e+03,1.1654156e+01,1.6613558e+05,4.7206142e+01,0,nan,nan,nan,nan,1328.19745,2.5951641e-04,1819.01987,2.2903636e-04,-6.3552251e-03,4.1090325e-02
-0.37394667674061566,0.9998129426405226,0.00028752146796397226,1914.7430933234627,3.1741415e-03,494845,471.01480,463.89653,1.6418606e+05,4.7132946e+01,5.5441348e+03,1.5213435e+01,1.6980292e+05,4.8831120e+01,0,nan,nan,nan,nan,471.01480,2.6392681e-04,463.89653,2.9988520e-04,1.6259188e-02,-4.9440027e-03
-0.3738231674637973,0.9991954398764358,0.0002818196740188927,1908.6083368327395,3.1372607e-03,490428,470.99705,463.87472,1.6367275e+05,4.6184978e+01,2.5977134e+03,1.3488009e+01,1.6964928e+05,4.7848999e+01,0,nan,nan,nan,nan,470.99705,2.5836728e-04,463.87472,2.9437771e-04,-2.5106317e-03,-2.7628684e-02
-0.373746533463418,0.9997137131378842,0.0002823265153091445,1902.4735334667398,3.0535047e-03,486011,470.98346,463.85077,1.6391992e+05,4.6278812e+01,2.8290330e+03,1.3607059e+01,1.6977678e+05,4.7946213e+01,0,nan,nan,nan,nan,470.98346,2.5808581e-04,463.85077,2.9382989e-04,-1.7635971e-02,-5.5295702e-02
-0.373615034221757,0.999882177257469,0.00028416462008611787,1718.4272649659795,-3.0230901e-03,353502,1328.20751,1818.98433,1.5782064e+05,4.4924316e+01,4.2992939e+03,1.1797880e+01,1.6608025e+05,4.7199692e+01,0,nan,nan,nan,nan,1328.20751,2.6063962e-04,1818.98433,2.3088566e-04,4.6158917e-03,2.0410230e-03
-0.373330803386807,1.0002695297819326,0.00028219147096131573,1712.2926691968144,-2.8993071e-03,349085,1328.20589,1818.98483,1.5864412e+05,4.4657310e+01,2.9463008e+03,1.0995335e+01,1.6631194e+05,4.6919167e+01,0,nan,nan,nan,nan,1328.20589,2.5718333e-04,1818.98483,2.2707057e-04,2.9206220e-03,2.9434965e-03
-0.3732726844275476,1.0001493421023864,0.00029739331938964653,1761.3717673157742,-2.9455770e-03,384422,1042.63252,1775.57317,1.5933453e+05,4.7320568e+01,9.0722803e+03,1.5854466e+01,1.6661345e+05,4.9542328e+01,0,nan,nan,nan,nan,1042.63252,2.7852278e-04,1775.57317,2.4827078e-04,9.3180537e-03,4.3126758e-02
-0.3732308457401814,1.0005210103265825,0.0002907263439775946,1755.2369291544614,-3.0642769e-03,380005,1042.61008,1775.56699,1.5922872e+05,4.6253216e+01,5.1242822e+03,1.4062057e+01,1.6665189e+05,4.8424866e+01,0,nan,nan,nan,nan,1042.61008,2.7046012e-04,1775.56699,2.4127436e-04,-1.4827396e-02,3.5241574e-02
-0.3730352327770561,0.9998018218474766,0.0002935939843386035,1742.9673647674244,-3.1897416e-03,371171,1042.62258,1775.52302,1.5906759e+05,4.6700413e+01,6.8005518e+03,1.4881019e+01,1.6649989e+05,4.8893055e+01,0,nan,nan,nan,nan,1042.62258,2.7394886e-04,1775.52302,2.4488417e-04,-2.2597976e-03,-1.2574963e-02
-0.3727086427084032,1.0000013592520642,0.00028205778766715676,1920.879211357495,3.1836776e-03,499263,471.02441,463.89443,1.6418220e+05,4.6235699e+01,2.5786401e+03,1.3470456e+01,1.6982908e+05,4.7901546e+01,0,nan,nan,nan,nan,471.02441,2.5827644e-04,463.89443,2.9293139e-04,2.6526842e-02,-5.9640440e-03
-0.3726996583395703,0.9998470507594239,0.0002838991246826896,1730.6979403418618,-3.1757073e-03,362337,1328.20212,1819.01787,1.5830478e+05,4.4912483e+01,4.0973281e+03,1.1611702e+01,1.6618594e+05,4.7187260e+01,0,nan,nan,nan,nan,1328.20212,2.5970663e-04,1819.01787,2.2972928e-04,-1.1179815e-03,3.7741877e-02
-0.3725577842524217,1.0004576960083054,0.0002874413624380431,1914.744482215951,3.1741457e-03,494846,471.01060,463.90101,1.6430242e+05,4.7119797e+01,5.4989961e+03,1.5130979e+01,1.6991238e+05,4.8817501e+01,0,nan,nan,nan,nan,471.01060,2.6379831e-04,463.90101,2.9919844e-04,1.2745736e-02,-1.4199414e-04
-0.372434264264939,0.9994739780339315,0.0002818834890973736,1908.6097257359384,3.1372756e-03,490429,471.00027,463.87230,1.6375523e+05,4.6195396e+01,2.6002600e+03,1.3493846e+01,1.6969642e+05,4.7859795e+01,0,nan,nan,nan,nan,471.00027,2.5834961e-04,463.87230,2.9382374e-04,3.7489401e-04,-3.0281587e-02
-0.3723576228142065,1.000173947889336,0.00028248412850414184,1902.474922377389,3.0535271e-03,486012,470.98819,463.84955,1.6396983e+05,4.6304592e+01,2.8140002e+03,1.3674278e+01,1.6985475e+05,4.7972923e+01,0,nan,nan,nan,nan,470.98819,2.5839766e-04,463.84955,2.9372671e-04,-1.2364780e-02,-5.6510549e-02
-0.3722261696859732,1.0003584034457984,0.0002841430581185721,1718.4286538305153,-3.0231138e-03,353503,1328.20229,1818.98091,1.5790256e+05,4.4920940e+01,4.3030669e+03,1.1731030e+01,1.6615948e+05,4.7196148e+01,0,nan,nan,nan,nan,1328.20229,2.6021883e-04,1818.98091,2.3096136e-04,-8.3029462e-04,-1.6460684e-03
-0.3719419481640216,1.0001225002600365,0.0002822158950510732,1712.2940580520371,-2.8993401e-03,349086,1328.20896,1818.98752,1.5856316e+05,4.4661037e+01,2.9379646e+03,1.1053001e+01,1.6628697e+05,4.6923077e+01,0,nan,nan,nan,nan,1328.20896,2.5727655e-04,1818.98752,2.2744537e-04,6.6725458e-03,4.4544023e-03
-0.3718837651972535,1.0000396585735907,0.00029734952326175356,1761.3731562350044,-2.9455461e-03,384423,1042.63090,1775.57142,1.5929303e+05,4.7313728e+01,9.0788643e+03,1.5868307e+01,1.6659562e+05,4.9535168e+01,0,nan,nan,nan,nan,1042.63090,2.7830323e-04,1775.57142,2.4820596e-04,7.7035581e-03,4.1400652e-02
-0.3718419351243938,1.0000878530960617,0.0002906200211375022,1755.2383180650772,-3.0642545e-03,380006,1042.60886,1775.55944,1.5921142e+05,4.6236263e+01,5.1013770e+03,1.3999276e+01,1.6657959e+05,4.8407116e+01,0,nan,nan,nan,nan,1042.60886,2.7041568e-04,1775.55944,2.4113906e-04,-1.6617330e-02,2.8026035e-02
-0.3716463372952603,1.0007461870260423,0.0002934077249172769,1742.9687536629062,-3.1897344e-03,371172,1042.61123,1775.52751,1.5898652e+05,4.6670841e+01,6.8004263e+03,1.4830150e+01,1.6665736e+05,4.8862095e+01,0,nan,nan,nan,nan,1042.61123,2.7420669e-04,1775.52751,2.4498053e-04,-1.4309076e-02,-6.4767748e-03
-0.3713197555748593,0.9995584745577473,0.00028197730435605445,1920.8806002446286,3.1836764e-03,499264,471.02564,463.88655,1.6408378e+05,4.6222546e+01,2.5962949e+03,1.3432172e+01,1.6975400e+05,4.7887920e+01,0,nan,nan,nan,nan,471.02564,2.5857182e-04,463.88655,2.9333791e-04,2.7637679e-02,-1.4816275e-02
-0.3713107786704768,0.9997921561348323,0.00028391001013905584,1730.699329221531,-3.1757159e-03,362338,1328.20342,1819.01989,1.5822798e+05,4.4914173e+01,4.1044160e+03,1.1660121e+01,1.6617670e+05,4.7189037e+01,0,nan,nan,nan,nan,1328.20342,2.5985937e-04,1819.01989,2.3003393e-04,3.8264970e-05,3.9689112e-02
-0.3711688917646825,0.9993417135725857,0.00028745918733460887,1914.7458711084387,3.1741499e-03,494847,471.01973,463.88883,1.6412253e+05,4.7122711e+01,5.5127544e+03,1.5216786e+01,1.6972280e+05,4.8820515e+01,0,nan,nan,nan,nan,471.01973,2.6409861e-04,463.88883,2.9947687e-04,2.1574331e-02,-1.2932568e-02
-0.3710453608341595,1.0002545015747593,0.00028206795286853163,1908.6111146393691,3.1372907e-03,490430,470.99943,463.88213,1.6402098e+05,4.6225586e+01,2.5916592e+03,1.3492202e+01,1.6982880e+05,4.7891071e+01,0,nan,nan,nan,nan,470.99943,2.5792897e-04,463.88213,2.9304015e-04,-6.3421717e-04,-1.9440254e-02
-0.37096871193261904,0.99986455551196,0.00028223542038260463,1902.4763112882706,3.0535497e-03,486013,470.98752,463.86156,1.6391847e+05,4.6263771e+01,2.8307085e+03,1.3575882e+01,1.6980200e+05,4.7930630e+01,0,nan,nan,nan,nan,470.98752,2.5816803e-04,463.86156,2.9377357e-04,-1.3034940e-02,-4.2731568e-02
-0.3708373049173588,1.0004563945867777,0.00028422193803240157,1718.4300426952839,-3.0231373e-03,353504,1328.20991,1818.98713,1.5784138e+05,4.4933449e+01,4.2997461e+03,1.1781316e+01,1.6617589e+05,4.7209290e+01,0,nan,nan,nan,nan,1328.20991,2.6091057e-04,1818.98713,2.3100244e-04,7.9989200e-03,4.2747916e-03
-0.37055309294146355,1.0002269862146649,0.00028202553196435493,1712.2954469072597,-2.8993732e-03,349087,1328.20377,1818.98579,1.5850728e+05,4.4630768e+01,2.9389126e+03,1.0971766e+01,1.6630381e+05,4.6891277e+01,0,nan,nan,nan,nan,1328.20377,2.5726351e-04,1818.98579,2.2732237e-04,1.4195086e-03,3.5947952e-03
-0.3704948459667321,0.9997130742225028,0.0002974046735376485,1761.374545154235,-2.9455151e-03,384424,1042.62967,1775.56768,1.5931206e+05,4.7322628e+01,9.0892168e+03,1.5865584e+01,1.6654167e+05,4.9544487e+01,0,nan,nan,nan,nan,1042.62967,2.7838175e-04,1775.56768,2.4830643e-04,6.3912352e-03,3.7445430e-02
-0.3704530242760029,0.9994400515716674,0.00029060227722324576,1755.2397069759256,-3.0642319e-03,380007,1042.60956,1775.56763,1.5909058e+05,4.6233406e+01,5.1006821e+03,1.4019993e+01,1.6647156e+05,4.8404121e+01,0,nan,nan,nan,nan,1042.60956,2.7062907e-04,1775.56763,2.4143126e-04,-1.5805814e-02,3.6902178e-02
-0.37025744204674993,1.0003379576457692,0.00029345839779586577,1742.9701425581547,-3.1897274e-03,371173,1042.61255,1775.52202,1.5912844e+05,4.6678959e+01,6.7963096e+03,1.4809708e+01,1.6658956e+05,4.8870594e+01,0,nan,nan,nan,nan,1042.61255,2.7376669e-04,1775.52202,2.4462966e-04,-1.3367115e-02,-1.2643327e-02
-0.3699308684413154,1.0002525735284438,0.00028211673109059047,1920.881989131762,3.1836752e-03,499265,471.02679,463.89020,1.6415923e+05,4.6245434e+01,2.5958706e+03,1.3496251e+01,1.6987200e+05,4.7911633e+01,0,nan,nan,nan,nan,471.02679,2.5853483e-04,463.89020,2.9321318e-04,2.8613690e-02,-1.0209119e-02
-0.3699218990004738,0.9995272375708157,0.000284017843334136,1730.700718101201,-3.1757245e-03,362339,1328.19814,1819.02025,1.5829006e+05,4.4931198e+01,4.1034839e+03,1.1634537e+01,1.6613256e+05,4.7206928e+01,0,nan,nan,nan,nan,1328.19814,2.5986292e-04,1819.02025,2.2980000e-04,-5.3823157e-03,4.1526996e-02
-0.36977999904320313,1.0008114368212673,0.00028770728195785203,1914.7472600011602,3.1741543e-03,494848,471.01294,463.89670,1.6436795e+05,4.7163364e+01,5.5145977e+03,1.5210527e+01,1.6997236e+05,4.8862640e+01,0,nan,nan,nan,nan,471.01294,2.6406319e-04,463.89670,2.9953793e-04,1.4283780e-02,-4.7359294e-03
-0.3696564574029253,1.0006743268329068,0.000282100655570433,1908.6125035428004,3.1373058e-03,490431,470.99658,463.86009,1.6398997e+05,4.6230911e+01,2.5836248e+03,1.3527041e+01,1.6989992e+05,4.7896584e+01,0,nan,nan,nan,nan,470.99658,2.5794349e-04,463.86009,2.9374714e-04,-3.6041641e-03,-4.3764662e-02
-0.3695798012840896,1.0005808269826504,0.00028246936528932676,1902.4777001989191,3.0535720e-03,486014,470.98199,463.84642,1.6396253e+05,4.6302067e+01,2.8233672e+03,1.3622485e+01,1.6992344e+05,4.7970303e+01,0,nan,nan,nan,nan,470.98199,2.5827787e-04,463.84642,2.9425649e-04,-1.9142929e-02,-6.0057808e-02
-0.36944844038202973,0.9997740810270924,0.0002841479076953008,1718.4314315598192,-3.0231611e-03,353505,1328.20709,1818.98541,1.5788317e+05,4.4921787e+01,4.3003872e+03,1.1750381e+01,1.6606272e+05,4.7197037e+01,0,nan,nan,nan,nan,1328.20709,2.6050987e-04,1818.98541,2.3063122e-04,4.8769955e-03,3.3043632e-03
-0.3691642377189055,0.9997792895632344,0.00028219541669368753,1712.2968357624823,-2.8994062e-03,349088,1328.20688,1818.98041,1.5852939e+05,4.4657513e+01,2.9483159e+03,1.1036203e+01,1.6622888e+05,4.6919380e+01,0,nan,nan,nan,nan,1328.20688,2.5740670e-04,1818.98041,2.2768127e-04,4.4707651e-03,-2.2213063e-03
-0.36910592696949607,1.0002076132680588,0.00029747572559746303,1761.3759340732322,-2.9454844e-03,384425,1042.62956,1775.57208,1.5931722e+05,4.7334064e+01,9.0983154e+03,1.5903653e+01,1.6662452e+05,4.9556458e+01,0,nan,nan,nan,nan,1042.62956,2.7844761e-04,1775.57208,2.4829365e-04,5.7205809e-03,4.1659996e-02
-0.36906411366044267,1.0001426523669874,0.00029058312980254774,1755.2410958865412,-3.0642096e-03,380008,1042.61237,1775.56281,1.5914464e+05,4.6230320e+01,5.1070571e+03,1.4005251e+01,1.6658845e+05,4.8400890e+01,0,nan,nan,nan,nan,1042.61237,2.7064673e-04,1775.56281,2.4122396e-04,-1.3098829e-02,3.1255998e-02
-0.3688685467977848,1.0001341930672898,0.0002935111651309685,1742.9715314534037,-3.1897204e-03,371174,1042.61951,1775.51137,1.5903595e+05,4.6687405e+01,6.7969951e+03,1.4883599e+01,1.6655584e+05,4.8879436e+01,0,nan,nan,nan,nan,1042.61951,2.7365892e-04,1775.51137,2.4470984e-04,-6.0388623e-03,-2.3447832e-02
-0.3685419813077715,1.0002481204412645,0.00028199907272954814,1920.8833780188957,3.1836741e-03,499266,471.02027,463.89189,1.6409786e+05,4.6226181e+01,2.5890166e+03,1.3471732e+01,1.6987138e+05,4.7891689e+01,0,nan,nan,nan,nan,471.02027,2.5836387e-04,463.89189,2.9337092e-04,2.2027362e-02,-8.8256234e-03
-0.3685330190978675,0.9998632878369557,0.00028400629998946654,1730.7021069811035,-3.1757329e-03,362340,1328.20498,1819.02159,1.5839170e+05,4.4929344e+01,4.1002241e+03,1.1651623e+01,1.6618830e+05,4.7204975e+01,0,nan,nan,nan,nan,1328.20498,2.5977200e-04,1819.02159,2.2920776e-04,1.7679227e-03,4.2652056e-02
-0.3683911065538723,1.0000061332146732,0.000287464386144453,1914.7486488936495,3.1741585e-03,494849,471.01495,463.89075,1.6421453e+05,4.7123543e+01,5.5264429e+03,1.5168343e+01,1.6983558e+05,4.8821381e+01,0,nan,nan,nan,nan,471.01495,2.6416578e-04,463.89075,2.9960801e-04,1.7529912e-02,-1.0385991e-02
-0.368267554204067,1.0001304907777833,0.00028190853875540117,1908.6138924459992,3.1373207e-03,490432,471.00086,463.88850,1.6389644e+05,4.6199387e+01,2.5936526e+03,1.3457533e+01,1.6980744e+05,4.7863922e+01,0,nan,nan,nan,nan,471.00086,2.5823025e-04,463.88850,2.9341245e-04,8.4475981e-04,-1.2480391e-02
-0.3681908906346507,1.0000744740603487,0.00028234351897233093,1902.4790891095686,3.0535944e-03,486015,470.98792,463.86549,1.6391233e+05,4.6281387e+01,2.8272349e+03,1.3604373e+01,1.6983725e+05,4.7948879e+01,0,nan,nan,nan,nan,470.98792,2.5831780e-04,463.86549,2.9395180e-04,-1.3083345e-02,-3.8248964e-02
-0.36805957584692806,0.9998899389248131,0.00028417423211172236,1718.4328204243543,-3.0231848e-03,353506,1328.20549,1818.98497,1.5787769e+05,4.4925995e+01,4.3051641e+03,1.1762559e+01,1.6608212e+05,4.7201454e+01,0,nan,nan,nan,nan,1328.20549,2.6040588e-04,1818.98497,2.3082885e-04,2.3129818e-03,2.6553597e-03
-0.3677753824961201,1.0002467245741244,0.00028241056501201057,1712.298224617705,-2.8994393e-03,349089,1328.20560,1818.98569,1.5862198e+05,4.4691433e+01,2.9452749e+03,1.1066869e+01,1.6630609e+05,4.6955013e+01,0,nan,nan,nan,nan,1328.20560,2.5737306e-04,1818.98569,2.2730458e-04,3.0158053e-03,3.7390392e-03
-0.36771700773897464,0.9997195621067057,0.00029732146294853093,1761.3773229924627,-2.9454534e-03,384426,1042.63115,1775.56960,1.5923089e+05,4.7309650e+01,9.1121543e+03,1.5869648e+01,1.6654367e+05,4.9530899e+01,0,nan,nan,nan,nan,1042.63115,2.7850224e-04,1775.56960,2.4837250e-04,7.8605134e-03,3.9053321e-02
-0.36767520304465506,0.9997065648824323,0.0002904609263357288,1755.242484797157,-3.0641872e-03,380009,1042.61706,1775.57561,1.5910311e+05,4.6210842e+01,5.0847329e+03,1.3982991e+01,1.6651569e+05,4.8380497e+01,0,nan,nan,nan,nan,1042.61706,2.7041958e-04,1775.57561,2.4117448e-04,-7.8943940e-03,4.5123655e-02
-0.3674796515488197,1.0000331954118784,0.00029342491532916926,1742.9729203486527,-3.1897135e-03,371175,1042.60814,1775.52364,1.5893372e+05,4.6673744e+01,6.7783198e+03,1.4869802e+01,1.6653922e+05,4.8865135e+01,0,nan,nan,nan,nan,1042.60814,2.7405153e-04,1775.52364,2.4471997e-04,-1.7610135e-02,-1.1209579e-02
-0.36715309394207907,1.0004397600915542,0.0002820478689757476,1920.8847669062613,3.1836731e-03,499267,471.02358,463.88759,1.6417480e+05,4.6234215e+01,2.5998755e+03,1.3443916e+01,1.6990406e+05,4.7900009e+01,0,nan,nan,nan,nan,471.02358,2.5845520e-04,463.88759,2.9312418e-04,2.6014913e-02,-1.4123693e-02
-0.3671441394280919,0.9999277075643531,0.000284102438766294,1730.7034958607733,-3.1757415e-03,362341,1328.19671,1819.01563,1.5845655e+05,4.4944515e+01,4.1099697e+03,1.1659332e+01,1.6619888e+05,4.7220917e+01,0,nan,nan,nan,nan,1328.19671,2.5934580e-04,1819.01563,2.2930425e-04,-7.6075704e-03,3.6133703e-02
-0.36700221406545097,0.9997715053991189,0.0002876067378704206,1914.750037786138,3.1741627e-03,494850,471.01546,463.89826,1.6416127e+05,4.7146873e+01,5.5100708e+03,1.5242865e+01,1.6979570e+05,4.8845551e+01,0,nan,nan,nan,nan,471.01546,2.6438554e-04,463.89826,2.9966081e-04,1.7366458e-02,-2.6030797e-03
-0.3668786507719233,1.0005370908973106,0.00028187875128159146,1908.6152813494314,3.1373359e-03,490433,470.99743,463.87791,1.6401119e+05,4.6194458e+01,2.5940603e+03,1.3401760e+01,1.6987631e+05,4.7858822e+01,0,nan,nan,nan,nan,470.99743,2.5791390e-04,463.87791,2.9312412e-04,-3.0713009e-03,-2.4414267e-02
-0.3668019799843023,1.0002179683592536,0.00028250681158197884,1902.480478020219,3.0536167e-03,486016,470.98618,463.85674,1.6402447e+05,4.6308094e+01,2.8170574e+03,1.3676890e+01,1.6986142e+05,4.7976551e+01,0,nan,nan,nan,nan,470.98618,2.5821102e-04,463.85674,2.9355148e-04,-1.4997943e-02,-4.8951607e-02
-0.36667071131046214,1.000361951420421,0.00028427261541013487,1718.4342092888908,-3.0232086e-03,353507,1328.20141,1818.98970,1.5786658e+05,4.4941593e+01,4.3022539e+03,1.1769760e+01,1.6616070e+05,4.7217846e+01,0,nan,nan,nan,nan,1328.20141,2.6058030e-04,1818.98970,2.3099738e-04,-1.9124342e-03,7.3051779e-03
-0.36638652727424414,1.000345062926818,0.00028238893890459416,1712.299613472927,-2.8994724e-03,349090,1328.21020,1818.98278,1.5865325e+05,4.4687881e+01,2.9407424e+03,1.1016983e+01,1.6632197e+05,4.6951283e+01,0,nan,nan,nan,nan,1328.21020,2.5740039e-04,1818.98278,2.2763535e-04,7.9595260e-03,9.9011767e-04
-0.3663280885084532,0.9999948276478043,0.0002974510592768717,1761.3787119116932,-2.9454224e-03,384427,1042.62754,1775.56893,1.5931441e+05,4.7330406e+01,9.1197500e+03,1.5880040e+01,1.6659000e+05,4.9552631e+01,0,nan,nan,nan,nan,1042.62754,2.7842229e-04,1775.56893,2.4837247e-04,3.8485380e-03,3.8981199e-02
-0.36628629219649156,0.9997840315397166,0.0002905732475471465,1755.2438737080051,-3.0641647e-03,380010,1042.60779,1775.55529,1.5902242e+05,4.6228676e+01,5.0850015e+03,1.4071507e+01,1.6652847e+05,4.8399170e+01,0,nan,nan,nan,nan,1042.60779,2.7060922e-04,1775.55529,2.4164005e-04,-1.7800650e-02,2.3087356e-02
-0.3660907563003093,0.9994015929169825,0.00029347575929866785,1742.9743092439012,-3.1897065e-03,371176,1042.61553,1775.52080,1.5910894e+05,4.6681885e+01,6.7670981e+03,1.4816499e+01,1.6643423e+05,4.8873661e+01,0,nan,nan,nan,nan,1042.61553,2.7392522e-04,1775.52080,2.4446647e-04,-1.0634617e-02,-1.3980923e-02
-0.3657642068092173,1.000292208577737,0.00028215696564928134,1920.8861557933942,3.1836720e-03,499268,471.02222,463.88401,1.6414461e+05,4.6252132e+01,2.5914241e+03,1.3501502e+01,1.6987911e+05,4.7918571e+01,0,nan,nan,nan,nan,471.02222,2.5864807e-04,463.88401,2.9343541e-04,2.4302740e-02,-1.7349562e-02
-0.3657552597576341,0.9998612218787993,0.00028392242606814397,1730.7048847404437,-3.1757501e-03,362342,1328.20656,1819.02446,1.5831020e+05,4.4916004e+01,4.0915823e+03,1.1638246e+01,1.6618767e+05,4.7190960e+01,0,nan,nan,nan,nan,1328.20656,2.5973018e-04,1819.02446,2.2957164e-04,3.6296144e-03,4.5993455e-02
-0.365613321577257,1.0000234675148139,0.00028753546445358383,1914.751426678626,3.1741669e-03,494851,471.01300,463.89443,1.6427841e+05,4.7135185e+01,5.5051006e+03,1.5173532e+01,1.6983848e+05,4.8833443e+01,0,nan,nan,nan,nan,471.01300,2.6387954e-04,463.89443,2.9926680e-04,1.3602631e-02,-6.7368886e-03
-0.3654897473402343,0.999996837850157,0.0002819907150078864,1908.616670252863,3.1373510e-03,490434,470.99850,463.87640,1.6392706e+05,4.6212769e+01,2.5883237e+03,1.3494318e+01,1.6978444e+05,4.7877789e+01,0,nan,nan,nan,nan,470.99850,2.5810199e-04,463.87640,2.9324277e-04,-1.8377141e-03,-2.6822623e-02
-0.3654130693348634,0.9997407038881158,0.00028224538954857144,1902.4818669308684,3.0536391e-03,486017,470.98305,463.85491,1.6388520e+05,4.6265186e+01,2.8297009e+03,1.3581137e+01,1.6978017e+05,4.7932098e+01,0,nan,nan,nan,nan,470.98305,2.5826463e-04,463.85491,2.9374883e-04,-1.8308146e-02,-5.0081681e-02
-0.36528184677376885,1.0001824392690666,0.00028418924053158034,1718.4355981534275,-3.0232323e-03,353508,1328.20044,1818.98194,1.5785347e+05,4.4928463e+01,4.3156499e+03,1.1755417e+01,1.6613108e+05,4.7204052e+01,0,nan,nan,nan,nan,1328.20044,2.6066302e-04,1818.98194,2.3104790e-04,-2.6119289e-03,-9.7113592e-04
-0.3649976720523682,0.9999579201229145,0.00028208476082920735,1712.3010023281488,-2.8995054e-03,349091,1328.20963,1818.98508,1.5855378e+05,4.4639618e+01,2.9533357e+03,1.0984758e+01,1.6625712e+05,4.6900574e+01,0,nan,nan,nan,nan,1328.20963,2.5729308e-04,1818.98508,2.2710263e-04,7.1427487e-03,3.2822611e-03
-0.3649391695112172,1.000347214582727,0.0002975969933931221,1761.3801008306905,-2.9453917e-03,384428,1042.63195,1775.56981,1.5938117e+05,4.7353767e+01,9.1143691e+03,1.5935706e+01,1.6664920e+05,4.9577084e+01,0,nan,nan,nan,nan,1042.63195,2.7828958e-04,1775.56981,2.4831435e-04,8.6050844e-03,3.9256867e-02
-0.36489738158070395,0.9999279302242157,0.0002905497440977698,1755.245262618621,-3.0641423e-03,380011,1042.60957,1775.56444,1.5902469e+05,4.6224899e+01,5.0974102e+03,1.4003318e+01,1.6655231e+05,4.8395218e+01,0,nan,nan,nan,nan,1042.60957,2.7086242e-04,1775.56444,2.4185890e-04,-1.6074546e-02,3.3253800e-02
-0.3647018608185135,0.9994790058497757,0.0002932720312974334,1742.975698139383,-3.1896993e-03,371177,1042.61328,1775.52596,1.5893784e+05,4.6649540e+01,6.7746973e+03,1.4799829e+01,1.6644733e+05,4.8839794e+01,0,nan,nan,nan,nan,1042.61328,2.7392007e-04,1775.52596,2.4486476e-04,-1.2184761e-02,-8.7295519e-03
-0.3643753196765829,1.000532407907858,0.0002822009452281982,1920.8875446805268,3.1836708e-03,499269,471.02697,463.89057,1.6423395e+05,4.6259373e+01,2.5953743e+03,1.3480433e+01,1.6992003e+05,4.7926075e+01,0,nan,nan,nan,nan,471.02697,2.5861993e-04,463.89057,2.9308590e-04,2.9044615e-02,-1.0507650e-02
-0.36436637985480047,1.0002603394984297,0.0002841852004687658,1730.7062736203466,-3.1757585e-03,362343,1328.20007,1819.02430,1.5849969e+05,4.4957535e+01,4.0910979e+03,1.1711979e+01,1.6625388e+05,4.7234592e+01,0,nan,nan,nan,nan,1328.20007,2.5944362e-04,1819.02430,2.2882382e-04,-3.9549605e-03,4.6162769e-02
-0.36422442885668715,0.9993976887028766,0.0002871237262777451,1914.7528155713467,3.1741713e-03,494852,471.01878,463.89131,1.6382398e+05,4.7067688e+01,5.5096270e+03,1.5155336e+01,1.6973220e+05,4.8763515e+01,0,nan,nan,nan,nan,471.01878,2.6494227e-04,463.89131,3.0059525e-04,2.1539936e-02,-1.0630551e-02
-0.3641008441420581,1.000215910011947,0.0002818843494345701,1908.6180591560612,3.1373659e-03,490435,470.99640,463.87211,1.6385966e+05,4.6195290e+01,2.5940554e+03,1.3459385e+01,1.6982148e+05,4.7859684e+01,0,nan,nan,nan,nan,470.99640,2.5814516e-04,463.87211,2.9338393e-04,-3.5863174e-03,-3.1796481e-02
-0.364024158686334,0.9998034505245705,0.000282215139250244,1902.483255841517,3.0536614e-03,486018,470.98973,463.85571,1.6393131e+05,4.6260174e+01,2.8190925e+03,1.3554472e+01,1.6979062e+05,4.7926907e+01,0,nan,nan,nan,nan,470.98973,2.5825971e-04,463.85571,2.9376111e-04,-1.0945903e-02,-4.9780399e-02
-0.3638929822386672,1.0000543708301957,0.0002841545198852568,1718.4369870179626,-3.0232561e-03,353509,1328.20266,1818.98692,1.5787814e+05,4.4923031e+01,4.3151372e+03,1.1757498e+01,1.6611000e+05,4.7198341e+01,0,nan,nan,nan,nan,1328.20266,2.6037148e-04,1818.98692,2.3063312e-04,9.4390889e-05,4.2868061e-03
-0.3636088165969795,1.0001116380981183,0.00028212006901162407,1712.3023911836042,-2.8995383e-03,349092,1328.20878,1818.98829,1.5850642e+05,4.4645081e+01,2.9405503e+03,1.1034735e+01,1.6628220e+05,4.6906315e+01,0,nan,nan,nan,nan,1328.20878,2.5726622e-04,1818.98829,2.2729195e-04,6.3582934e-03,6.5564676e-03
-0.36355025028069576,1.0003042277042826,0.00029750583013361077,1761.381489749921,-2.9453607e-03,384429,1042.62966,1775.56868,1.5936188e+05,4.7339401e+01,9.1389551e+03,1.5888370e+01,1.6664252e+05,4.9562046e+01,0,nan,nan,nan,nan,1042.62966,2.7819377e-04,1775.56868,2.4837282e-04,5.8390051e-03,3.8105097e-02
-0.36350847073231307,0.9998140934906786,0.0002905759981836892,1755.2466515294693,-3.0641197e-03,380012,1042.61319,1775.56695,1.5914492e+05,4.6229046e+01,5.0743691e+03,1.3998727e+01,1.6653323e+05,4.8399559e+01,0,nan,nan,nan,nan,1042.61319,2.7039615e-04,1775.56695,2.4129993e-04,-1.2450037e-02,3.5441224e-02
-0.36331296556977577,1.0002100528247648,0.00029350415208223205,1742.9770870346317,-3.1896923e-03,371178,1042.61975,1775.51765,1.5906141e+05,4.6686516e+01,6.7606592e+03,1.4834527e+01,1.6656928e+05,4.8878506e+01,0,nan,nan,nan,nan,1042.61975,2.7411649e-04,1775.51765,2.4481828e-04,-5.0205337e-03,-1.7486399e-02
-0.362986432543039,0.9999740579628892,0.0002820356506706775,1920.8889335676604,3.1836696e-03,499270,471.02225,463.89054,1.6410925e+05,4.6232307e+01,2.5876211e+03,1.3477401e+01,1.6982531e+05,4.7898033e+01,0,nan,nan,nan,nan,471.02225,2.5840188e-04,463.89054,2.9338777e-04,2.4127379e-02,-1.1058353e-02
-0.36297750018570696,0.9997187449554222,0.0002839606760108668,1730.7076625000157,-3.1757671e-03,362344,1328.20640,1819.01954,1.5828123e+05,4.4921974e+01,4.0814175e+03,1.1669329e+01,1.6616369e+05,4.7197231e+01,0,nan,nan,nan,nan,1328.20640,2.5981097e-04,1819.01954,2.2958696e-04,3.6017725e-03,4.0311527e-02
-0.3628355363684932,0.9996891817280413,0.00028727368822474244,1914.7542044638349,3.1741755e-03,494853,471.01020,463.89767,1.6408319e+05,4.7092278e+01,5.4879224e+03,1.5138015e+01,1.6978172e+05,4.8788986e+01,0,nan,nan,nan,nan,471.01020,2.6445079e-04,463.89767,2.9954317e-04,1.2132866e-02,-3.6043029e-03
-0.3627119407110513,1.000008350781073,0.000282068762281563,1908.6194480594922,3.1373810e-03,490436,470.99960,463.88600,1.6388794e+05,4.6225475e+01,2.6093762e+03,1.3524794e+01,1.6978609e+05,4.7890953e+01,0,nan,nan,nan,nan,470.99960,2.5839161e-04,463.88600,2.9332022e-04,-6.0293172e-04,-1.5721275e-02
-0.3626352480373498,0.999680793579089,0.0002823358613998527,1902.4846447521659,3.0536838e-03,486019,470.98507,463.84640,1.6386814e+05,4.6279907e+01,2.8253328e+03,1.3631584e+01,1.6976959e+05,4.7947350e+01,0,nan,nan,nan,nan,470.98507,2.5822330e-04,463.84640,2.9411117e-04,-1.5967291e-02,-5.8614992e-02
-0.3625041177035655,1.0005448400527133,0.000284288535173987,1718.4383758824977,-3.0232798e-03,353510,1328.20851,1818.98297,1.5795669e+05,4.4944271e+01,4.3044937e+03,1.1765516e+01,1.6619167e+05,4.7220661e+01,0,nan,nan,nan,nan,1328.20851,2.6053478e-04,1818.98297,2.3085646e-04,5.8741057e-03,9.5930905e-04
-0.3622199613744215,1.000536530395495,0.0002822427513063799,1712.3037800388267,-2.8995713e-03,349093,1328.20660,1818.98539,1.5859931e+05,4.4664371e+01,2.9442393e+03,1.1046242e+01,1.6635241e+05,4.6926582e+01,0,nan,nan,nan,nan,1328.20660,2.5739445e-04,1818.98539,2.2721753e-04,4.0222676e-03,3.4242535e-03
-0.3621613310506291,0.9998354795015378,0.0002976992796655833,1761.382878669151,-2.9453298e-03,384430,1042.63153,1775.57353,1.5932736e+05,4.7370323e+01,9.1263359e+03,1.5925406e+01,1.6656494e+05,4.9594418e+01,0,nan,nan,nan,nan,1042.63153,2.7908935e-04,1775.57353,2.4868752e-04,7.9892622e-03,4.3192353e-02
-0.36211956011675284,1.000098902531946,0.0002904310103192473,1755.2480404400849,-3.0640974e-03,380013,1042.61077,1775.56755,1.5912386e+05,4.6205944e+01,5.0688130e+03,1.3973013e+01,1.6658056e+05,4.8375374e+01,0,nan,nan,nan,nan,1042.61077,2.7031233e-04,1775.56755,2.4118152e-04,-1.4948488e-02,3.6317658e-02
-0.36192407032149276,1.0003051621123489,0.0002934201979524206,1742.97847592988,-3.1896853e-03,371179,1042.61204,1775.52238,1.5911355e+05,4.6673218e+01,6.7740742e+03,1.4806528e+01,1.6658533e+05,4.8864586e+01,0,nan,nan,nan,nan,1042.61204,2.7375488e-04,1775.52238,2.4465474e-04,-1.3181906e-02,-1.2591158e-02
-0.3615975451766644,1.0001852249083054,0.00028221187088085965,1920.8903224550268,3.1836687e-03,499271,471.02639,463.88915,1.6424533e+05,4.6261227e+01,2.5879897e+03,1.3478113e+01,1.6986128e+05,4.7927994e+01,0,nan,nan,nan,nan,471.02639,2.5879496e-04,463.88915,2.9312144e-04,2.8326642e-02,-1.3340938e-02
-0.3615886205159313,0.9998157710517266,0.00028386940414409126,1730.7090513796854,-3.1757758e-03,362345,1328.19693,1819.02032,1.5817614e+05,4.4907490e+01,4.1024272e+03,1.1658251e+01,1.6617966e+05,4.7182014e+01,0,nan,nan,nan,nan,1328.19693,2.5985279e-04,1819.02032,2.2986627e-04,-6.7168754e-03,4.0358745e-02
-0.3614466438798445,1.0002748382415938,0.0002876636100141279,1914.7555933563235,3.1741797e-03,494854,471.01577,463.89657,1.6435583e+05,4.7156197e+01,5.4914009e+03,1.5206328e+01,1.6988120e+05,4.8855209e+01,0,nan,nan,nan,nan,471.01577,2.6377107e-04,463.89657,2.9924972e-04,1.8134067e-02,-5.0656730e-03
-0.3613230372802718,0.9998431776651023,0.0002820763228051088,1908.620836962923,3.1373962e-03,490437,470.99987,463.87261,1.6392208e+05,4.6226665e+01,2.6046399e+03,1.3527776e+01,1.6975789e+05,4.7892193e+01,0,nan,nan,nan,nan,470.99987,2.5812842e-04,463.87261,2.9321408e-04,-4.3604246e-05,-3.0011021e-02
-0.3612463373879109,0.9996390126058347,0.00028240755079575664,1902.4860336628153,3.0537061e-03,486020,470.98521,463.86115,1.6395050e+05,4.6291599e+01,2.8258694e+03,1.3624790e+01,1.6976230e+05,4.7959465e+01,0,nan,nan,nan,nan,470.98521,2.5821134e-04,463.86115,2.9379193e-04,-1.5683524e-02,-4.2645179e-02
-0.3611152531677817,1.0001139544938902,0.0002842117117684755,1718.4397647470335,-3.0233036e-03,353511,1328.20541,1818.98977,1.5793697e+05,4.4932186e+01,4.3192393e+03,1.1759185e+01,1.6612033e+05,4.7207962e+01,0,nan,nan,nan,nan,1328.20541,2.6031956e-04,1818.98977,2.3038338e-04,3.1175306e-03,7.4624764e-03
-0.36083110615095393,1.000578502026553,0.0002821392706722935,1712.3051688940502,-2.8996044e-03,349094,1328.20812,1818.98372,1.5856445e+05,4.4647873e+01,2.9383574e+03,1.1005154e+01,1.6635894e+05,4.6909252e+01,0,nan,nan,nan,nan,1328.20812,2.5727329e-04,1818.98372,2.2752657e-04,6.1343266e-03,1.4353030e-03
-0.36077241182010766,0.9992482813975988,0.0002973865745015597,1761.3842675883816,-2.9452988e-03,384431,1042.63184,1775.56867,1.5918572e+05,4.7320709e+01,9.1397812e+03,1.5890443e+01,1.6646761e+05,4.9542477e+01,0,nan,nan,nan,nan,1042.63184,2.7857756e-04,1775.56867,2.4845914e-04,8.1008459e-03,3.8294431e-02
-0.3607306492681346,0.9995129235470487,0.0002907061014452949,1755.2494293509335,-3.0640748e-03,380014,1042.61267,1775.56756,1.5909347e+05,4.6249683e+01,5.0720488e+03,1.4047559e+01,1.6648284e+05,4.8421162e+01,0,nan,nan,nan,nan,1042.61267,2.7041748e-04,1775.56756,2.4156850e-04,-1.2763235e-02,3.6172740e-02
-0.36053517507343713,1.000116757202205,0.00029339946344924953,1742.979864825128,-3.1896783e-03,371180,1042.61434,1775.53105,1.5901092e+05,4.6669983e+01,6.7603682e+03,1.4803580e+01,1.6655416e+05,4.8861195e+01,0,nan,nan,nan,nan,1042.61434,2.7380389e-04,1775.53105,2.4520286e-04,-1.0681522e-02,-2.7509825e-03
-0.3602086580431205,0.9998431368642136,0.0002819134913504387,1920.8917113421603,3.1836675e-03,499272,471.02307,463.87844,1.6411356e+05,4.6212341e+01,2.5930540e+03,1.3398803e+01,1.6980330e+05,4.7877350e+01,0,nan,nan,nan,nan,471.02307,2.5848308e-04,463.87844,2.9324164e-04,2.4838574e-02,-2.3301627e-02
-0.3601997408461557,0.9998445654770766,0.0002840047400556631,1730.7104402593552,-3.1757844e-03,362346,1328.20452,1819.02801,1.5830669e+05,4.4928852e+01,4.0812864e+03,1.1686124e+01,1.6618427e+05,4.7204460e+01,0,nan,nan,nan,nan,1328.20452,2.5995754e-04,1819.02801,2.2961113e-04,1.4256380e-03,4.9664423e-02
-0.3600577513911958,1.0003370371947273,0.0002874899412586937,1914.7569822488122,3.1741839e-03,494855,471.01569,463.89323,1.6429544e+05,4.7127735e+01,5.4720112e+03,1.5182384e+01,1.6989178e+05,4.8825726e+01,0,nan,nan,nan,nan,471.01569,2.6370751e-04,463.89323,2.9945310e-04,1.7318737e-02,-7.7120010e-03
-0.3599341340814135,0.9996290069615301,0.00028215935843717993,1908.6222258661219,3.1374111e-03,490438,470.99689,463.87351,1.6388242e+05,4.6240234e+01,2.5929644e+03,1.3534657e+01,1.6972138e+05,4.7906246e+01,0,nan,nan,nan,nan,470.99689,2.5811722e-04,463.87351,2.9370593e-04,-3.5593824e-03,-2.9001100e-02
-0.35985742673869936,1.0000787207122195,0.00028241385288810733,1902.4874225734645,3.0537285e-03,486021,470.98911,463.85537,1.6390311e+05,4.6292583e+01,2.8219226e+03,1.3618462e+01,1.6983677e+05,4.7960480e+01,0,nan,nan,nan,nan,470.98911,2.5853710e-04,463.85537,2.9423306e-04,-1.0980059e-02,-4.9659111e-02
-0.3597263886319979,0.9995485646128219,0.00028418240760427147,1718.4411536115692,-3.0233273e-03,353512,1328.21402,1818.99597,1.5778442e+05,4.4927620e+01,4.3191841e+03,1.1771867e+01,1.6602666e+05,4.7203163e+01,0,nan,nan,nan,nan,1328.21402,2.6084334e-04,1818.99597,2.3085982e-04,1.2242511e-02,1.4653924e-02
-0.3594422509283959,0.9997536763711009,0.00028206005467855,1712.3065577492728,-2.8996374e-03,349095,1328.21107,1818.99189,1.5845988e+05,4.4635227e+01,2.9537905e+03,1.1003994e+01,1.6622138e+05,4.6895962e+01,0,nan,nan,nan,nan,1328.21107,2.5746773e-04,1818.99189,2.2758306e-04,8.6560640e-03,1.0676078e-02
-0.3593834928224169,0.9999112418150062,0.0002974982626785136,1761.3856565073793,-2.9452681e-03,384432,1042.62882,1775.57361,1.5933952e+05,4.7338627e+01,9.1658809e+03,1.5886167e+01,1.6657856e+05,4.9561234e+01,0,nan,nan,nan,nan,1042.62882,2.7840148e-04,1775.57361,2.4842867e-04,5.1656398e-03,4.3177478e-02
-0.3593417386528017,1.000173291169864,0.00029058024937707755,1755.2508182615488,-3.0640524e-03,380015,1042.61440,1775.56670,1.5922466e+05,4.6229630e+01,5.0754980e+03,1.3996691e+01,1.6659273e+05,4.8400169e+01,0,nan,nan,nan,nan,1042.61440,2.7030602e-04,1775.56670,2.4099842e-04,-1.1265147e-02,3.5276748e-02
-0.3591462795920961,0.9997989934493492,0.00029363577166070614,1742.9812537206094,-3.1896711e-03,371181,1042.61151,1775.51784,1.5898969e+05,4.6707626e+01,6.7653330e+03,1.4848927e+01,1.6650144e+05,4.8900608e+01,0,nan,nan,nan,nan,1042.61151,2.7440867e-04,1775.51784,2.4539756e-04,-1.3942664e-02,-1.6697483e-02
-0.3588197709095766,0.9999222917319537,0.0002820634782839259,1920.8931002292939,3.1836664e-03,499273,471.02861,463.89986,1.6413005e+05,4.6236950e+01,2.6115298e+03,1.3461955e+01,1.6981683e+05,4.7902847e+01,0,nan,nan,nan,nan,471.02861,2.5862432e-04,463.89986,2.9329694e-04,3.1508453e-02,8.7464650e-05
-0.35881086094332204,1.0001614139433073,0.0002841429983473968,1730.711829139258,-3.1757927e-03,362347,1328.19799,1819.01887,1.5841889e+05,4.4950672e+01,4.0893713e+03,1.1662732e+01,1.6623677e+05,4.7227386e+01,0,nan,nan,nan,nan,1328.19799,2.5968722e-04,1819.01887,2.2964929e-04,-5.1633464e-03,3.8965534e-02
-0.35866885866971643,0.9998990800451718,0.0002873337466948702,1914.7583711415336,3.1741883e-03,494856,471.01068,463.88505,1.6411597e+05,4.7102139e+01,5.4726396e+03,1.5146164e+01,1.6981744e+05,4.8799206e+01,0,nan,nan,nan,nan,471.01068,2.6402524e-04,463.88505,2.9979341e-04,1.2105275e-02,-1.7241016e-02
-0.35854523064881505,1.0001096053476168,0.000282322206272374,1908.6236147695545,3.1374262e-03,490439,471.00104,463.88133,1.6396581e+05,4.6266880e+01,2.6039900e+03,1.3572915e+01,1.6980283e+05,4.7933853e+01,0,nan,nan,nan,nan,471.00104,2.5817187e-04,463.88133,2.9375084e-04,7.5771654e-04,-2.0491475e-02
-0.3584685160894878,1.0003171125367358,0.00028222035324147434,1902.4888114841137,3.0537508e-03,486022,470.97990,463.85465,1.6395356e+05,4.6260811e+01,2.8358389e+03,1.3543541e+01,1.6987705e+05,4.7927563e+01,0,nan,nan,nan,nan,470.97990,2.5823092e-04,463.85465,2.9371207e-04,-2.0974893e-02,-5.0038084e-02
-0.3583375240962141,1.0000259581805668,0.0002843395966425733,1718.442542476105,-3.0233511e-03,353513,1328.19853,1818.97661,1.5788256e+05,4.4952530e+01,4.3229907e+03,1.1804161e+01,1.6610619e+05,4.7229340e+01,0,nan,nan,nan,nan,1328.19853,2.6065981e-04,1818.97661,2.3130003e-04,-4.3855216e-03,-6.9085886e-03
-0.3580533954736893,0.9999034380612418,0.0002820917986190649,1712.3079466047275,-2.8996703e-03,349096,1328.20595,1818.98088,1.5853864e+05,4.4640137e+01,2.9428894e+03,1.0991894e+01,1.6624584e+05,4.6901119e+01,0,nan,nan,nan,nan,1328.20595,2.5724949e-04,1818.98088,2.2750103e-04,3.7136148e-03,-1.7605284e-03
-0.3579945735923502,0.9995427685579593,0.0002974397499727389,1761.3870454266093,-2.9452371e-03,384433,1042.63276,1775.56978,1.5920772e+05,4.7329460e+01,9.1446943e+03,1.5915328e+01,1.6651770e+05,4.9551640e+01,0,nan,nan,nan,nan,1042.63276,2.7856676e-04,1775.56978,2.4848880e-04,9.2171524e-03,3.9853856e-02
-0.35795282780418347,0.9996373905158185,0.00029050048803917533,1755.2522071723974,-3.0640299e-03,380016,1042.61189,1775.56770,1.5909347e+05,4.6216911e+01,5.0644810e+03,1.4019067e+01,1.6650336e+05,4.8386852e+01,0,nan,nan,nan,nan,1042.61189,2.7036743e-04,1775.56770,2.4118074e-04,-1.3578873e-02,3.6331460e-02
-0.357757384343131,0.9991049626779689,0.00029326313224040774,1742.9826426158584,-3.1896641e-03,371182,1042.61564,1775.52188,1.5892577e+05,4.6648411e+01,6.7580776e+03,1.4798333e+01,1.6638606e+05,4.8838612e+01,0,nan,nan,nan,nan,1042.61564,2.7384827e-04,1775.52188,2.4484788e-04,-1.0558347e-02,-1.2972529e-02
-0.35743088377648746,0.999738837064456,0.00028209556271533706,1920.894489116427,3.1836652e-03,499274,471.02532,463.88898,1.6415281e+05,4.6242237e+01,2.5922480e+03,1.3453241e+01,1.6978577e+05,4.7908321e+01,0,nan,nan,nan,nan,471.02532,2.5848963e-04,463.88898,2.9319906e-04,2.7426574e-02,-1.1756537e-02
-0.3574219812735464,1.0000591041703402,0.00028407439851162896,1730.7132180189278,-3.1758014e-03,362348,1328.20470,1819.02462,1.5850030e+05,4.4939774e+01,4.1002178e+03,1.1635609e+01,1.6621956e+05,4.7215935e+01,0,nan,nan,nan,nan,1328.20470,2.5948274e-04,1819.02462,2.2900675e-04,1.5072621e-03,4.6181303e-02
-0.3571563272171261,0.9996873375417351,0.0002818451090565502,1908.6250036729862,3.1374414e-03,490440,470.99807,463.87199,1.6387716e+05,4.6188652e+01,2.5965454e+03,1.3426160e+01,1.6973097e+05,4.7852806e+01,0,nan,nan,nan,nan,470.99807,2.5811238e-04,463.87199,2.9321015e-04,-1.4338481e-03,-3.1183166e-02
-0.3570796054400489,1.0003241501088926,0.0002822640795176261,1902.4902003947632,3.0537732e-03,486023,470.98532,463.85450,1.6391814e+05,4.6267921e+01,2.8284160e+03,1.3583075e+01,1.6987805e+05,4.7934933e+01,0,nan,nan,nan,nan,470.98532,2.5826349e-04,463.85450,2.9400919e-04,-1.6307896e-02,-5.0977793e-02
-0.35694865956088506,1.0002186677124811,0.0002842029541352074,1718.4439313406403,-3.0233748e-03,353514,1328.20226,1818.98512,1.5780162e+05,4.4931000e+01,4.3144121e+03,1.1777152e+01,1.6613845e+05,4.7206718e+01,0,nan,nan,nan,nan,1328.20226,2.6101834e-04,1818.98512,2.3107944e-04,-7.0239574e-04,2.3499299e-03
-0.35666454025113126,0.9996036844421702,0.000281864630151098,1712.30933545995,-2.8997033e-03,349097,1328.20318,1818.98064,1.5806328e+05,4.4604076e+01,2.9523447e+03,1.1071733e+01,1.6619561e+05,4.6863235e+01,0,nan,nan,nan,nan,1328.20318,2.5798313e-04,1818.98064,2.2919275e-04,1.4046897e-03,-4.4705137e-03
-0.3566056543618288,1.0003199245438514,0.00029751122737718227,1761.3884343458399,-2.9452061e-03,384434,1042.63177,1775.57232,1.5930694e+05,4.7340988e+01,9.1677158e+03,1.5897836e+01,1.6664770e+05,4.9563705e+01,0,nan,nan,nan,nan,1042.63177,2.7856391e-04,1775.57232,2.4848167e-04,8.3680404e-03,4.1626982e-02
-0.35656391718839586,0.9994761767866919,0.000290435620253373,1755.2535960830132,-3.0640075e-03,380017,1042.61292,1775.56544,1.5902695e+05,4.6206562e+01,5.0918130e+03,1.4000906e+01,1.6647641e+05,4.8376019e+01,0,nan,nan,nan,nan,1042.61292,2.7043684e-04,1775.56544,2.4141258e-04,-1.2474420e-02,3.3407640e-02
-0.3563684890937111,1.0007852335268437,0.00029353774286060996,1742.9840315111078,-3.1896571e-03,371183,1042.61280,1775.52002,1.5924606e+05,4.6692146e+01,6.7642988e+03,1.4815532e+01,1.6666609e+05,4.8884403e+01,0,nan,nan,nan,nan,1042.61280,2.7359164e-04,1775.52002,2.4432113e-04,-1.2929420e-02,-1.4972155e-02
-0.35604199664385305,0.9996260280296148,0.00028220875341156327,1920.8958780035596,3.1836641e-03,499275,471.02498,463.88682,1.6405717e+05,4.6260815e+01,2.6015381e+03,1.3563904e+01,1.6976670e+05,4.7927570e+01,0,nan,nan,nan,nan,471.02498,2.5874871e-04,463.88682,2.9364185e-04,2.7559398e-02,-1.4415242e-02
-0.3560331016044529,1.000021303234113,0.0002840540159242569,1730.714606898597,-3.1758100e-03,362349,1328.19945,1819.01961,1.5843306e+05,4.4936497e+01,4.0951165e+03,1.1649479e+01,1.6621309e+05,4.7212490e+01,0,nan,nan,nan,nan,1328.19945,2.5950986e-04,1819.01961,2.2936393e-04,-4.3565766e-03,4.0243115e-02
-0.3558910736933285,1.0008549208949982,0.0002874245023957872,1914.76114892651,3.1741967e-03,494858,471.01658,463.89102,1.6435770e+05,4.7117039e+01,5.4731011e+03,1.5121590e+01,1.6997986e+05,4.8814644e+01,0,nan,nan,nan,nan,471.01658,2.6357951e-04,463.89102,2.9993721e-04,1.8548649e-02,-1.0723924e-02
-0.35576742401917727,1.0000069918006353,0.00028212124280120555,1908.6263925761841,3.1374563e-03,490441,470.99846,463.87732,1.6385233e+05,4.6233864e+01,2.6076548e+03,1.3529303e+01,1.6978509e+05,4.7899647e+01,0,nan,nan,nan,nan,470.99846,2.5859685e-04,463.87732,2.9376807e-04,-1.6567351e-03,-2.4635933e-02
-0.35569069479106474,0.9998150159930013,0.00028227326442844543,1902.4915893054122,3.0537955e-03,486024,470.98860,463.86170,1.6391111e+05,4.6269375e+01,2.8204841e+03,1.3589578e+01,1.6979138e+05,4.7936436e+01,0,nan,nan,nan,nan,470.98860,2.5830299e-04,463.86170,2.9373119e-04,-1.2683929e-02,-4.2305600e-02
-0.3555597950257834,1.0003029864677417,0.0002842109149367701,1718.4453202051754,-3.0233986e-03,353515,1328.19680,1818.97647,1.5789164e+05,4.4932331e+01,4.3266323e+03,1.1761456e+01,1.6615272e+05,4.7208115e+01,0,nan,nan,nan,nan,1328.19680,2.6041683e-04,1818.97647,2.3090938e-04,-6.6855666e-03,-6.5208999e-03
-0.35527568502834583,0.9995268603164458,0.00028214144519269317,1712.3107243151728,-2.8997364e-03,349098,1328.21476,1818.99280,1.5839480e+05,4.4647770e+01,2.9524434e+03,1.1015708e+01,1.6618244e+05,4.6909145e+01,0,nan,nan,nan,nan,1328.21476,2.5796605e-04,1818.99280,2.2813723e-04,1.3200915e-02,1.1297996e-02
-0.3552167351308526,1.0000155381023137,0.0002974702909383025,1761.3898232650708,-2.9451752e-03,384435,1042.63115,1775.57033,1.5929439e+05,4.7334629e+01,9.1676475e+03,1.5884648e+01,1.6659753e+05,4.9557049e+01,0,nan,nan,nan,nan,1042.63115,2.7859310e-04,1775.57033,2.4845483e-04,7.9261567e-03,4.0369347e-02
-0.35517500634023236,0.9999525499174322,0.0002905148005662368,1755.2549849938614,-3.0639849e-03,380018,1042.61163,1775.56875,1.5913445e+05,4.6219135e+01,5.0755771e+03,1.3995939e+01,1.6655566e+05,4.8389179e+01,0,nan,nan,nan,nan,1042.61163,2.7037953e-04,1775.56875,2.4116620e-04,-1.3394237e-02,3.7775341e-02
-0.3549795936114606,0.999907238040278,0.0002933051066755431,1742.98542040659,-3.1896499e-03,371184,1042.61430,1775.52154,1.5904622e+05,4.6655201e+01,6.7416772e+03,1.4794745e+01,1.6652008e+05,4.8845722e+01,0,nan,nan,nan,nan,1042.61430,2.7377522e-04,1775.52154,2.4452776e-04,-1.1465095e-02,-1.3273409e-02
-0.35465310951030915,1.0000139011322913,0.00028207615147593566,1920.8972668906931,3.1836629e-03,499276,471.02431,463.89138,1.6419605e+05,4.6239105e+01,2.5945718e+03,1.3436057e+01,1.6983266e+05,4.7905075e+01,0,nan,nan,nan,nan,471.02431,2.5832912e-04,463.89138,2.9308055e-04,2.6171317e-02,-8.9888079e-03
-0.35464422170230137,0.9994384479517865,0.0002840113611187183,1730.715995778499,-3.1758184e-03,362350,1328.20294,1819.02362,1.5842094e+05,4.4929695e+01,4.0931572e+03,1.1636037e+01,1.6611602e+05,4.7205345e+01,0,nan,nan,nan,nan,1328.20294,2.5955134e-04,1819.02362,2.2889771e-04,-4.0165018e-04,4.5064181e-02
-0.35450218097275865,0.9996354919008794,0.00028751696973199444,1914.7625378192306,3.1742011e-03,494859,471.01399,463.89058,1.6421828e+05,4.7132217e+01,5.4577959e+03,1.5175647e+01,1.6977281e+05,4.8830364e+01,0,nan,nan,nan,nan,471.01399,2.6395521e-04,463.89058,2.9964346e-04,1.5523107e-02,-1.1011067e-02
-0.35437852058817043,0.9998019510892752,0.0002819994845365418,1908.6277814796151,3.1374714e-03,490442,470.99942,463.87867,1.6394011e+05,4.6213867e+01,2.5887112e+03,1.3488950e+01,1.6975012e+05,4.7878929e+01,0,nan,nan,nan,nan,470.99942,2.5801291e-04,463.87867,2.9305683e-04,-7.8433589e-04,-2.3278939e-02
-0.35430178414162583,1.0000822007524715,0.0002823264497277986,1902.4929782160616,3.0538179e-03,486025,470.98417,463.85458,1.6394509e+05,4.6278030e+01,2.8241340e+03,1.3616832e+01,1.6983655e+05,4.7945408e+01,0,nan,nan,nan,nan,470.98417,2.5814906e-04,463.85458,2.9369837e-04,-1.6542785e-02,-5.0315775e-02
-0.3541709302564868,0.999574347556801,0.00028413196308718766,1718.4467090699447,-3.0234221e-03,353516,1328.20575,1818.99044,1.5775450e+05,4.4919922e+01,4.3380010e+03,1.1794278e+01,1.6603197e+05,4.7195080e+01,0,nan,nan,nan,nan,1328.20575,2.6082303e-04,1818.99044,2.3078607e-04,3.5835651e-03,8.7202778e-03
-0.3538868298064699,0.9999811385460556,0.000282143962847069,1712.3121131703947,-2.8997695e-03,349099,1328.20527,1818.97938,1.5852542e+05,4.4648071e+01,2.9465376e+03,1.0956824e+01,1.6625758e+05,4.6909454e+01,0,nan,nan,nan,nan,1328.20527,2.5736200e-04,1818.97938,2.2809197e-04,2.6082133e-03,-3.2971639e-03
-0.35382781589987644,0.9992992855138176,0.0002973476384890657,1761.3912121843018,-2.9451442e-03,384436,1042.63110,1775.57085,1.5913394e+05,4.7315266e+01,9.1697090e+03,1.5897576e+01,1.6647875e+05,4.9536774e+01,0,nan,nan,nan,nan,1042.63110,2.7876653e-04,1775.57085,2.4852477e-04,8.1099225e-03,4.0830165e-02
-0.3537860954916141,0.9993655624446447,0.00029047189166481516,1755.25637390471,-3.0639623e-03,380019,1042.61255,1775.57200,1.5913800e+05,4.6212284e+01,5.0881948e+03,1.3972046e+01,1.6645780e+05,4.8382008e+01,0,nan,nan,nan,nan,1042.61255,2.7024103e-04,1775.57200,2.4109760e-04,-1.3126400e-02,4.1174799e-02
-0.35359069836249546,0.999820634430645,0.00029358288745869043,1742.986809301839,-3.1896429e-03,371185,1042.61589,1775.52267,1.5905623e+05,4.6699448e+01,6.7568989e+03,1.4899158e+01,1.6650586e+05,4.8892044e+01,0,nan,nan,nan,nan,1042.61589,2.7396911e-04,1775.52267,2.4452433e-04,-8.9912396e-03,-1.1670435e-02
-0.3532642221439346,0.9997875554693507,0.00028202372475672616,1920.8986557780595,3.1836620e-03,499277,471.02133,463.88807,1.6412672e+05,4.6230530e+01,2.6012285e+03,1.3406550e+01,1.6979430e+05,4.7896194e+01,0,nan,nan,nan,nan,471.02133,2.5864664e-04,463.88807,2.9336245e-04,2.3872379e-02,-1.3053004e-02
-0.3532553420318436,0.999718113371946,0.0002840445313156891,1730.7173846581695,-3.1758270e-03,362351,1328.19841,1819.02346,1.5837558e+05,4.4934887e+01,4.0869177e+03,1.1645198e+01,1.6616228e+05,4.7210800e+01,0,nan,nan,nan,nan,1328.19841,2.5954054e-04,1819.02346,2.2925157e-04,-5.1938170e-03,4.5421369e-02
-0.35311328848410994,0.9997982231693207,0.00028747536755072063,1914.7639267117193,3.1742053e-03,494860,471.01489,463.89507,1.6419205e+05,4.7125412e+01,5.4634185e+03,1.5202497e+01,1.6980052e+05,4.8823315e+01,0,nan,nan,nan,nan,471.01489,2.6378513e-04,463.89507,2.9944908e-04,1.7391384e-02,-6.3260030e-03
-0.35298961738999424,1.0000864397952007,0.00028198574294952596,1908.6291703828133,3.1374863e-03,490443,471.00126,463.87176,1.6391219e+05,4.6211571e+01,2.5955271e+03,1.3487113e+01,1.6979827e+05,4.7876553e+01,0,nan,nan,nan,nan,471.00126,2.5808834e-04,463.87176,2.9339077e-04,1.0201609e-03,-3.1460240e-02
-0.3529128734921869,0.9997529348920935,0.00028257379366245167,1902.494367126711,3.0538402e-03,486026,470.98815,463.85282,1.6386148e+05,4.6318523e+01,2.8455933e+03,1.3737635e+01,1.6978042e+05,4.7987354e+01,0,nan,nan,nan,nan,470.98815,2.5882499e-04,463.85282,2.9410620e-04,-1.3309687e-02,-5.2882619e-02
-0.35278206571979354,0.9999021413089492,0.0002842029997047056,1718.4480979344814,-3.0234458e-03,353517,1328.20136,1818.97975,1.5787741e+05,4.4931232e+01,4.3316934e+03,1.1776557e+01,1.6608670e+05,4.7206959e+01,0,nan,nan,nan,nan,1328.20136,2.6043749e-04,1818.97975,2.3093582e-04,-1.8733363e-03,-2.8686351e-03
-0.35249797435176333,0.999712630138087,0.00028206831589963524,1712.3135020258494,-2.8998023e-03,349100,1328.20901,1818.98553,1.5849989e+05,4.4636002e+01,2.9389238e+03,1.0988914e+01,1.6621255e+05,4.6896774e+01,0,nan,nan,nan,nan,1328.20901,2.5736916e-04,1818.98553,2.2741329e-04,6.5368726e-03,3.4773126e-03
-0.35243889690218566,1.000363517214077,0.00029789238391181896,1761.3926011032995,-2.9451135e-03,384437,1042.63384,1775.57302,1.5938633e+05,4.7402100e+01,9.1682236e+03,1.6002766e+01,1.6665659e+05,4.9627689e+01,0,nan,nan,nan,nan,1042.63384,2.7882608e-04,1775.57302,2.4861738e-04,1.0244957e-02,4.3036673e-02
-0.35239718487628124,1.0001907352398927,0.00029059942659165637,1755.2577628153253,-3.0639400e-03,380020,1042.61354,1775.56565,1.5921716e+05,4.6232548e+01,5.0600005e+03,1.4025434e+01,1.6659516e+05,4.8403225e+01,0,nan,nan,nan,nan,1042.61354,2.7010462e-04,1775.56565,2.4106215e-04,-1.1404377e-02,3.4666698e-02
-0.3522018031139851,1.0000720208561564,0.0002933662006167556,1742.9881981970875,-3.1896359e-03,371186,1042.61280,1775.52312,1.5907073e+05,4.6665035e+01,6.7445933e+03,1.4803159e+01,1.6654794e+05,4.8856018e+01,0,nan,nan,nan,nan,1042.61280,2.7369655e-04,1775.52312,2.4461886e-04,-1.3002321e-02,-1.1411842e-02
-0.3518753350113002,1.0001004495219437,0.00028206506239404237,1920.9000446651921,3.1836608e-03,499278,471.02571,463.88760,1.6418859e+05,4.6237331e+01,2.5958962e+03,1.3451018e+01,1.6984752e+05,4.7903236e+01,0,nan,nan,nan,nan,471.02571,2.5849510e-04,463.88760,2.9296867e-04,2.7975818e-02,-1.3713456e-02
-0.35186646236138586,0.9996138265314131,0.000283950930918166,1730.71877353784,-3.1758356e-03,362352,1328.20906,1819.02163,1.5838994e+05,4.4920021e+01,4.0997197e+03,1.1615608e+01,1.6614475e+05,4.7195179e+01,0,nan,nan,nan,nan,1328.20906,2.5971033e-04,1819.02163,2.2940342e-04,6.5051429e-03,4.2572863e-02
-0.35172439599546124,1.0000614410123412,0.00028731366326714876,1914.765315604208,3.1742095e-03,494861,471.01771,463.89493,1.6415034e+05,4.7098923e+01,5.4432251e+03,1.5163470e+01,1.6984530e+05,4.8795876e+01,0,nan,nan,nan,nan,471.01771,2.6418996e-04,463.89493,2.9921054e-04,2.0378811e-02,-7.2742705e-03
-0.35160071395785053,1.0001585358664569,0.0002821058944936334,1908.6305592862454,3.1375014e-03,490444,471.00122,463.88255,1.6397214e+05,4.6231216e+01,2.5882266e+03,1.3516154e+01,1.6981034e+05,4.7896908e+01,0,nan,nan,nan,nan,471.00122,2.5801428e-04,463.88255,2.9321082e-04,8.4438251e-04,-1.9052465e-02
-0.3515239628436575,1.0001099973667071,0.00028248008146268826,1902.4957560373596,3.0538626e-03,486027,470.98463,463.85434,1.6391847e+05,4.6303104e+01,2.8120591e+03,1.3649727e+01,1.6984086e+05,4.7971382e+01,0,nan,nan,nan,nan,470.98463,2.5835153e-04,463.85434,2.9402677e-04,-1.6462689e-02,-4.9974721e-02
-0.35139320118469186,1.0000629418203126,0.0002841319600145675,1718.4494867990165,-3.0234696e-03,353518,1328.20595,1818.99666,1.5762164e+05,4.4920082e+01,4.3342036e+03,1.1801558e+01,1.6611370e+05,4.7195244e+01,0,nan,nan,nan,nan,1328.20595,2.6117207e-04,1818.99666,2.3186237e-04,3.7201580e-03,1.4505155e-02
-0.3511091191292053,0.9995419727109497,0.00028209028093171347,1712.314890881072,-2.8998354e-03,349101,1328.20775,1818.98814,1.5849139e+05,4.4639378e+01,2.9439873e+03,1.0987091e+01,1.6618383e+05,4.6900322e+01,0,nan,nan,nan,nan,1328.20775,2.5744463e-04,1818.98814,2.2724798e-04,4.5386236e-03,6.7732166e-03
-0.351049977672119,0.9996773292146847,0.0002975007677008297,1761.3939900225296,-2.9450825e-03,384438,1042.63069,1775.56751,1.5922672e+05,4.7339947e+01,9.1743467e+03,1.5897670e+01,1.6654284e+05,4.9562618e+01,0,nan,nan,nan,nan,1042.63069,2.7871082e-04,1775.56751,2.4878953e-04,7.3184930e-03,3.7016828e-02
-0.351008274027663,0.999804974918208,0.0002904106745649159,1755.259151726174,-3.0639174e-03,380021,1042.61282,1775.55939,1.5911028e+05,4.6202492e+01,5.0686558e+03,1.3971691e+01,1.6653081e+05,4.8371758e+01,0,nan,nan,nan,nan,1042.61282,2.7019714e-04,1775.55939,2.4128311e-04,-1.2702179e-02,2.7683884e-02
-0.3508129076321893,1.000572457087403,0.00029359263467797117,1742.9895870925693,-3.1896287e-03,371187,1042.61327,1775.52454,1.5906034e+05,4.6701111e+01,6.7410078e+03,1.4851329e+01,1.6663148e+05,4.8893787e+01,0,nan,nan,nan,nan,1042.61327,2.7407359e-04,1775.52454,2.4497963e-04,-1.2264392e-02,-1.0150656e-02
-0.35048644787821104,0.9997586606870845,0.00028223554867719866,1920.9014335523252,3.1836596e-03,499279,471.02350,463.88848,1.6416464e+05,4.6265297e+01,2.6060105e+03,1.3560060e+01,1.6978955e+05,4.7932213e+01,0,nan,nan,nan,nan,471.02350,2.5836597e-04,463.88848,2.9294426e-04,2.5046404e-02,-1.2450458e-02
-0.3504775824587796,1.0003140308073972,0.00028403302747373444,1730.7201624177426,-3.1758440e-03,362353,1328.19586,1819.01986,1.5848764e+05,4.4932945e+01,4.0816519e+03,1.1610882e+01,1.6626091e+05,4.7208763e+01,0,nan,nan,nan,nan,1328.19586,2.5942459e-04,1819.01986,2.2908085e-04,-8.4312027e-03,4.0672511e-02
-0.35033550350681253,1.0000408287721736,0.00028748701215228786,1914.7667044966965,3.1742137e-03,494862,471.01405,463.89039,1.6422939e+05,4.7127361e+01,5.4390430e+03,1.5213641e+01,1.6984186e+05,4.8825336e+01,0,nan,nan,nan,nan,471.01405,2.6364819e-04,463.89039,2.9953261e-04,1.5959736e-02,-1.1310025e-02
-0.3502118107580827,1.000211081343044,0.0002822095430333919,1908.6319481894452,3.1375163e-03,490445,471.00166,463.87722,1.6397681e+05,4.6248165e+01,2.5986975e+03,1.3550297e+01,1.6981911e+05,4.7914463e+01,0,nan,nan,nan,nan,471.00166,2.5846463e-04,463.87722,2.9336900e-04,1.4116463e-03,-2.4743464e-02
-0.3501350521942186,0.9997523657047853,0.00028220038832736617,1902.497144948009,3.0538850e-03,486028,470.98655,463.85086,1.6385819e+05,4.6257198e+01,2.8167061e+03,1.3569874e+01,1.6977992e+05,4.7923824e+01,0,nan,nan,nan,nan,470.98655,2.5838619e-04,463.85086,2.9392078e-04,-1.4512322e-02,-5.4696698e-02
-0.3500043366495902,1.0001115991056087,0.0002842567282416989,1718.4508756635516,-3.0234933e-03,353519,1328.20616,1818.98911,1.5780762e+05,4.4939888e+01,4.3407954e+03,1.1788564e+01,1.6612209e+05,4.7216053e+01,0,nan,nan,nan,nan,1328.20616,2.6081930e-04,1818.98911,2.3115137e-04,3.5300301e-03,6.5310234e-03
-0.34972026390664723,1.0003344826218536,0.0002821755115530933,1712.3162797362945,-2.8998684e-03,349102,1328.20795,1818.98737,1.5861798e+05,4.4652767e+01,2.9538086e+03,1.1003469e+01,1.6631522e+05,4.6914391e+01,0,nan,nan,nan,nan,1328.20795,2.5722978e-04,1818.98737,2.2716187e-04,5.3013666e-03,5.6294077e-03
-0.34966105844159756,0.9997193352946769,0.000297486429689608,1761.39537894176,-2.9450515e-03,384439,1042.62652,1775.56674,1.5923331e+05,4.7337826e+01,9.1921201e+03,1.5909039e+01,1.6655041e+05,4.9560394e+01,0,nan,nan,nan,nan,1042.62652,2.7866452e-04,1775.56674,2.4866991e-04,3.6994952e-03,3.6154669e-02
-0.3496193634118754,1.0001507339456808,0.00029048403780724944,1755.2605406367898,-3.0638950e-03,380022,1042.61178,1775.56910,1.5912041e+05,4.6214146e+01,5.0522310e+03,1.4005019e+01,1.6658831e+05,4.8383957e+01,0,nan,nan,nan,nan,1042.61178,2.7030832e-04,1775.56910,2.4122160e-04,-1.2982281e-02,3.7763875e-02
-0.3494240123841337,1.0000180210824947,0.0002932761689521384,1742.9909759878174,-3.1896217e-03,371188,1042.61659,1775.52712,1.5894370e+05,4.6650829e+01,6.7266997e+03,1.4787356e+01,1.6653936e+05,4.8841145e+01,0,nan,nan,nan,nan,1042.61659,2.7425180e-04,1775.52712,2.4467040e-04,-8.5750157e-03,-7.4823541e-03
-0.34909756074466713,1.0002469336895783,0.00028212282146820693,1920.9028224394588,3.1836585e-03,499280,471.02488,463.88215,1.6414042e+05,4.6246841e+01,2.6093450e+03,1.3508532e+01,1.6987253e+05,4.7913090e+01,0,nan,nan,nan,nan,471.02488,2.5841530e-04,463.88215,2.9319560e-04,2.6886072e-02,-1.9585125e-02
-0.34908870278900395,1.0001147330689057,0.0002840604715629986,1730.7215512974124,-3.1758526e-03,362354,1328.20460,1819.02277,1.5839811e+05,4.4937233e+01,4.0906152e+03,1.1647839e+01,1.6622755e+05,4.7213261e+01,0,nan,nan,nan,nan,1328.20460,2.5965678e-04,1819.02277,2.2965003e-04,1.4607989e-03,4.3861482e-02
-0.3489466107853332,0.9997473523205813,0.00028717056580730753,1914.768093389418,3.1742181e-03,494863,471.01265,463.89799,1.6400611e+05,4.7075512e+01,5.4251753e+03,1.5109834e+01,1.6979211e+05,4.8771618e+01,0,nan,nan,nan,nan,471.01265,2.6416106e-04,463.89799,3.0055401e-04,1.5287538e-02,-3.7202248e-03
-0.34882290732730326,0.9997097788064454,0.0002819786929591774,1908.633337092876,3.1375315e-03,490446,470.99813,463.87553,1.6385759e+05,4.6210293e+01,2.5973682e+03,1.3481203e+01,1.6973384e+05,4.7875225e+01,0,nan,nan,nan,nan,470.99813,2.5836765e-04,463.87553,2.9343599e-04,-2.0079175e-03,-2.6495267e-02
-0.34874614154409755,1.000305151636849,0.00028238458630614567,1902.4985338586591,3.0539073e-03,486029,470.98715,463.85757,1.6399823e+05,4.6287342e+01,2.8199504e+03,1.3610052e+01,1.6987358e+05,4.7955051e+01,0,nan,nan,nan,nan,470.98715,2.5817085e-04,463.85757,2.9367325e-04,-1.3691775e-02,-4.7383703e-02
-0.3486154721138064,0.9997104989746644,0.0002841382045434266,1718.4522645280874,-3.0235171e-03,353520,1328.20144,1818.97785,1.5777875e+05,4.4921238e+01,4.3546816e+03,1.1748157e+01,1.6605578e+05,4.7196457e+01,0,nan,nan,nan,nan,1328.20144,2.6065850e-04,1818.97785,2.3143509e-04,-1.5618213e-03,-5.0356421e-03
-0.34833140845103117,0.9998220425948543,0.00028208968610186577,1712.3176685917501,-2.8999012e-03,349103,1328.20669,1818.98431,1.5849852e+05,4.4639095e+01,2.9594805e+03,1.0979029e+01,1.6622969e+05,4.6900024e+01,0,nan,nan,nan,nan,1328.20669,2.5765420e-04,1818.98431,2.2756706e-04,4.1115191e-03,2.2404324e-03
-0.3482721392113035,0.9999537076511062,0.0002977593140046006,1761.3967678609904,-2.9450206e-03,384440,1042.62704,1775.57175,1.5924392e+05,4.7381413e+01,9.2072725e+03,1.5980066e+01,1.6659003e+05,4.9606030e+01,0,nan,nan,nan,nan,1042.62704,2.7876263e-04,1775.57175,2.4877102e-04,3.6834185e-03,4.1677982e-02
-0.3482304525637119,0.9996771366819125,0.0002904720384266212,1755.261929547638,-3.0638725e-03,380023,1042.61309,1775.56748,1.5910536e+05,4.6212215e+01,5.0629927e+03,1.3988461e+01,1.6650936e+05,4.8381935e+01,0,nan,nan,nan,nan,1042.61309,2.7023669e-04,1775.56748,2.4128513e-04,-1.2070120e-02,3.6072094e-02
-0.34803511713607804,1.000509986182046,0.00029327874155655743,1742.9923648830654,-3.1896147e-03,371189,1042.61066,1775.52243,1.5910064e+05,4.6651299e+01,6.7178589e+03,1.4757596e+01,1.6662150e+05,4.8841633e+01,0,nan,nan,nan,nan,1042.61066,2.7370287e-04,1775.52243,2.4475035e-04,-1.5313983e-02,-1.2659739e-02
-0.34770867361112323,1.0002265313704573,0.00028205031641903436,1920.9042113265923,3.1836573e-03,499281,471.02533,463.89644,1.6418098e+05,4.6234970e+01,2.5825996e+03,1.3433253e+01,1.6986914e+05,4.7900791e+01,0,nan,nan,nan,nan,471.02533,2.5850700e-04,463.89644,2.9330989e-04,2.7746657e-02,-3.9049226e-03
-0.34769982311968306,0.9997289861973195,0.0002839707440571452,1730.7229401770817,-3.1758612e-03,362355,1328.19753,1819.01964,1.5839592e+05,4.4922970e+01,4.0935117e+03,1.1621278e+01,1.6616320e+05,4.7198280e+01,0,nan,nan,nan,nan,1328.19753,2.5953169e-04,1819.01964,2.2915352e-04,-6.2202085e-03,4.0560439e-02
-0.3475577182971392,0.9999623981641862,0.00028737499395681086,1914.7694822819062,3.1742223e-03,494864,471.01723,463.89595,1.6423355e+05,4.7109051e+01,5.4210249e+03,1.5164069e+01,1.6982873e+05,4.8806366e+01,0,nan,nan,nan,nan,471.01723,2.6398894e-04,463.89595,2.9928950e-04,2.0092294e-02,-5.5661085e-03
-0.34743400389606904,1.000146165427999,0.00028193820376000553,1908.6347259963072,3.1375466e-03,490447,470.99749,463.87310,1.6401545e+05,4.6203613e+01,2.5975161e+03,1.3410598e+01,1.6980778e+05,4.7868305e+01,0,nan,nan,nan,nan,470.99749,2.5791410e-04,463.87310,2.9312845e-04,-2.5421230e-03,-2.9975291e-02
-0.347357230894886,0.9998843484799387,0.0002823292875744684,1902.4999227693083,3.0539297e-03,486030,470.98898,463.86238,1.6398492e+05,4.6278217e+01,2.8188391e+03,1.3583126e+01,1.6980192e+05,4.7945599e+01,0,nan,nan,nan,nan,470.98898,2.5823616e-04,463.86238,2.9359065e-04,-1.2102250e-02,-4.1814335e-02
-0.3472266075780226,1.0001148947191392,0.00028429725912683927,1718.4536533926232,-3.0235408e-03,353521,1328.20099,1818.98193,1.5788123e+05,4.4946468e+01,4.3528999e+03,1.1773422e+01,1.6612328e+05,4.7222969e+01,0,nan,nan,nan,nan,1328.20099,2.6059090e-04,1818.98193,2.3107573e-04,-2.4343794e-03,-9.6159498e-04
-0.3469425532284731,1.000315180545843,0.0002821861631089385,1712.3190574469727,-2.8999343e-03,349104,1328.20845,1818.98743,1.5856800e+05,4.4654270e+01,2.9473311e+03,1.1016356e+01,1.6631134e+05,4.6915974e+01,0,nan,nan,nan,nan,1328.20845,2.5733799e-04,1818.98743,2.2730001e-04,6.2606214e-03,5.3704530e-03
-0.3468832202138401,1.0002284941165902,0.0002977289166474535,1761.3981567799879,-2.9449898e-03,384441,1042.62999,1775.56821,1.5938184e+05,4.7376743e+01,9.1871387e+03,1.5946286e+01,1.6663639e+05,4.9601139e+01,0,nan,nan,nan,nan,1042.62999,2.7871685e-04,1775.56821,2.4862200e-04,6.8005570e-03,3.7464704e-02
-0.34684154194792427,0.9992945872837417,0.0002904845365611289,1755.2633184582537,-3.0638501e-03,380024,1042.61277,1775.56552,1.5904458e+05,4.6214176e+01,5.0524795e+03,1.4020972e+01,1.6644556e+05,4.8383991e+01,0,nan,nan,nan,nan,1042.61277,2.7031166e-04,1775.56552,2.4137358e-04,-1.2535645e-02,3.3811327e-02
-0.34664622165428227,1.0000611165791184,0.0002932517119674292,1742.9937537785472,-3.1896075e-03,371190,1042.61808,1775.52321,1.5900244e+05,4.6647057e+01,6.7271055e+03,1.4786919e+01,1.6654695e+05,4.8837196e+01,0,nan,nan,nan,nan,1042.61808,2.7373404e-04,1775.52321,2.4479622e-04,-6.6211824e-03,-1.1842225e-02
-0.34631978647757933,0.9996896474057069,0.00028215436221699767,1920.9056002137258,3.1836561e-03,499282,471.02473,463.88215,1.6407014e+05,4.6252041e+01,2.6125491e+03,1.3546578e+01,1.6977802e+05,4.7918480e+01,0,nan,nan,nan,nan,471.02473,2.5858259e-04,463.88215,2.9323538e-04,2.6347920e-02,-1.9528987e-02
-0.3463109432177589,1.0000272584819516,0.00028401965019450245,1730.7243290569836,-3.1758696e-03,362356,1328.20588,1819.02253,1.5840420e+05,4.4930645e+01,4.0813970e+03,1.1648192e+01,1.6621253e+05,4.7206341e+01,0,nan,nan,nan,nan,1328.20588,2.5966432e-04,1819.02253,2.2928964e-04,2.5885245e-03,4.3506261e-02
-0.3461688258094,0.9996836091524696,0.0002873609975068279,1914.770871174394,3.1742265e-03,494865,471.01608,463.89645,1.6421992e+05,4.7106785e+01,5.4265469e+03,1.5156902e+01,1.6978148e+05,4.8804020e+01,0,nan,nan,nan,nan,471.01608,2.6365460e-04,463.89645,2.9922966e-04,1.7553896e-02,-4.0583042e-03
-0.3460451006981202,0.9998255472992249,0.0002818289345605754,1908.6361148995052,3.1375615e-03,490448,471.00102,463.87853,1.6387617e+05,4.6185661e+01,2.5989951e+03,1.3401994e+01,1.6975319e+05,4.7849709e+01,0,nan,nan,nan,nan,471.00102,2.5815220e-04,463.87853,2.9322869e-04,7.5727416e-04,-2.3149135e-02
-0.34596832024590185,0.9999826441872948,0.0002824209761363873,1902.5013116799573,3.0539520e-03,486031,470.98680,463.85028,1.6394964e+05,4.6293194e+01,2.8264863e+03,1.3634870e+01,1.6981841e+05,4.7961113e+01,0,nan,nan,nan,nan,470.98680,2.5828031e-04,463.85028,2.9374019e-04,-1.4403709e-02,-5.5938553e-02
-0.3458377428091808,1.0001052457517974,0.0002844050916253255,1718.455042257392,-3.0235643e-03,353522,1328.20041,1818.97832,1.5788858e+05,4.4963608e+01,4.3628521e+03,1.1873627e+01,1.6612202e+05,4.7240974e+01,0,nan,nan,nan,nan,1328.20041,2.6049168e-04,1818.97832,2.3100153e-04,-2.9833578e-03,-4.4960999e-03
-0.34555369800591507,0.9997844959554696,0.000282157796483143,1712.3204463021953,-2.8999674e-03,349105,1328.20749,1818.98131,1.5849142e+05,4.4649700e+01,2.9465127e+03,1.1052795e+01,1.6622280e+05,4.6911167e+01,0,nan,nan,nan,nan,1328.20749,2.5737981e-04,1818.98131,2.2749229e-04,5.0739101e-03,-1.3661467e-03
-0.3454943009833187,1.0002006453677426,0.0002975655094036306,1761.3995456992184,-2.9449589e-03,384442,1042.63179,1775.57276,1.5933227e+05,4.7350906e+01,9.2060684e+03,1.5913886e+01,1.6663234e+05,4.9574089e+01,0,nan,nan,nan,nan,1042.63179,2.7861708e-04,1775.57276,2.4834811e-04,8.5348925e-03,4.2538200e-02
-0.34545263109976077,1.000067560204736,0.00029042895861679534,1755.2647073691019,-3.0638275e-03,380025,1042.61294,1775.56947,1.5912781e+05,4.6205318e+01,5.0436348e+03,1.3970496e+01,1.6657423e+05,4.8374718e+01,0,nan,nan,nan,nan,1042.61294,2.7033431e-04,1775.56947,2.4114418e-04,-1.2423371e-02,3.8608834e-02
-0.3452573264057719,0.9999569126023149,0.00029325617508582245,1742.9951426737957,-3.1896005e-03,371191,1042.61228,1775.52083,1.5901042e+05,4.6647823e+01,6.7217769e+03,1.4775852e+01,1.6652981e+05,4.8838001e+01,0,nan,nan,nan,nan,1042.61228,2.7379475e-04,1775.52083,2.4463231e-04,-1.3628552e-02,-1.4231881e-02
-0.3449308993442628,1.0001405120739193,0.0002821387893288184,1920.9069891008592,3.1836550e-03,499283,471.02427,463.89512,1.6424112e+05,4.6249504e+01,2.5917297e+03,1.3440715e+01,1.6985464e+05,4.7915852e+01,0,nan,nan,nan,nan,471.02427,2.5837123e-04,463.89512,2.9318983e-04,2.5977707e-02,-6.1302292e-03
-0.34492206354798327,1.0003422501341106,0.0002840450603087443,1730.7257179366534,-3.1758782e-03,362357,1328.19985,1819.02383,1.5839686e+05,4.4934597e+01,4.0796897e+03,1.1632935e+01,1.6626464e+05,4.7210491e+01,0,nan,nan,nan,nan,1328.19985,2.5960099e-04,1819.02383,2.2962860e-04,-3.2598167e-03,4.4702083e-02
-0.34477993308792065,0.9995894540153852,0.00028734457284695166,1914.7722600671154,3.1742309e-03,494866,471.01249,463.88799,1.6418030e+05,4.7104122e+01,5.4162104e+03,1.5158338e+01,1.6976561e+05,4.8801262e+01,0,nan,nan,nan,nan,471.01249,2.6376304e-04,463.88799,2.9966835e-04,1.3484924e-02,-1.4002018e-02
-0.34465619726552177,0.9997995302480671,0.00028217923942701746,1908.6375038029378,3.1375766e-03,490449,470.99969,463.87569,1.6398016e+05,4.6243031e+01,2.6159475e+03,1.3523378e+01,1.6974861e+05,4.7909142e+01,0,nan,nan,nan,nan,470.99969,2.5830499e-04,463.87569,2.9322415e-04,-7.1679347e-04,-2.6713608e-02
-0.34457940959737243,1.0001392877734356,0.0002823305244351171,1902.5027005906059,3.0539744e-03,486032,470.98509,463.85941,1.6392083e+05,4.6278309e+01,2.8213059e+03,1.3589426e+01,1.6984480e+05,4.7945694e+01,0,nan,nan,nan,nan,470.98509,2.5853302e-04,463.85941,2.9395279e-04,-1.5648888e-02,-4.5341872e-02
-0.3444488782740791,0.9999342139445415,0.00028438828694407663,1718.4564311219272,-3.0235881e-03,353523,1328.21045,1818.99304,1.5784661e+05,4.4961044e+01,4.3537593e+03,1.1884358e+01,1.6609395e+05,4.7238281e+01,0,nan,nan,nan,nan,1328.21045,2.6074881e-04,1818.99304,2.3076661e-04,8.4327804e-03,1.1783689e-02
-0.3441648425505264,0.9999558631269994,0.0002821361288309488,1712.3218351576506,-2.9000002e-03,349106,1328.19620,1818.97088,1.5844055e+05,4.4646191e+01,2.9599446e+03,1.0994488e+01,1.6625098e+05,4.6907478e+01,0,nan,nan,nan,nan,1328.19620,2.5720824e-04,1818.97088,2.2833416e-04,-7.3896125e-03,-1.2383604e-02
-0.344105381753252,1.0002583207952198,0.00029758117405484546,1761.4009346184484,-2.9449279e-03,384443,1042.62959,1775.56878,1.5930642e+05,4.7353573e+01,9.2168223e+03,1.5923176e+01,1.6664255e+05,4.9576878e+01,0,nan,nan,nan,nan,1042.62959,2.7868795e-04,1775.56878,2.4852357e-04,6.3994727e-03,3.8503200e-02
-0.3440637202511425,0.9995931216932605,0.0002904972327054385,1755.2660962799505,-3.0638049e-03,380026,1042.61046,1775.56352,1.5907872e+05,4.6216160e+01,5.0499517e+03,1.3997835e+01,1.6649516e+05,4.8386066e+01,0,nan,nan,nan,nan,1042.61046,2.7058204e-04,1775.56352,2.4135070e-04,-1.5135005e-02,3.2125682e-02
-0.34386843115680676,1.0005302962961158,0.00029348356471776467,1742.9965315690447,-3.1895936e-03,371192,1042.61716,1775.52089,1.5913283e+05,4.6684048e+01,6.7346616e+03,1.4833825e+01,1.6662550e+05,4.8875927e+01,0,nan,nan,nan,nan,1042.61716,2.7384775e-04,1775.52089,2.4464281e-04,-7.7736317e-03,-1.3854815e-02
-0.34354201197857037,1.0006610683827726,0.00028212776315094025,1920.9083779882249,3.1836540e-03,499284,471.02484,463.88855,1.6431184e+05,4.6247715e+01,2.5983569e+03,1.3425034e+01,1.6994309e+05,4.7913994e+01,0,nan,nan,nan,nan,471.02484,2.5827001e-04,463.88855,2.9298328e-04,2.7240215e-02,-1.2673736e-02
-0.343533183645377,0.9995809540180893,0.0002839503300846709,1730.727106816556,-3.1758866e-03,362358,1328.20292,1819.01831,1.5837784e+05,4.4919544e+01,4.0819099e+03,1.1628124e+01,1.6613786e+05,4.7194679e+01,0,nan,nan,nan,nan,1328.20292,2.5946344e-04,1819.01831,2.2920848e-04,-3.9016712e-04,3.9335024e-02
-0.34339104059927195,0.9999635361235354,0.0002872983678033619,1914.773648959604,3.1742351e-03,494867,471.01676,463.90273,1.6420845e+05,4.7096581e+01,5.4099854e+03,1.5134516e+01,1.6982925e+05,4.8793446e+01,0,nan,nan,nan,nan,471.01676,2.6387454e-04,463.90273,2.9931561e-04,1.9277008e-02,2.1245021e-03
-0.3432672940662087,1.0003497203637657,0.0002818906120053897,1908.638892706137,3.1375915e-03,490450,470.99813,463.87224,1.6394575e+05,4.6195686e+01,2.6068066e+03,1.3393946e+01,1.6984186e+05,4.7860092e+01,0,nan,nan,nan,nan,470.99813,2.5816949e-04,463.87224,2.9353565e-04,-2.3212212e-03,-3.0502157e-02
-0.3431904989479335,0.9999010353887248,0.0002821810566568636,1902.5040895012553,3.0539967e-03,486033,470.98987,463.85649,1.6388755e+05,4.6253750e+01,2.8275342e+03,1.3551709e+01,1.6980414e+05,4.7920254e+01,0,nan,nan,nan,nan,470.98987,2.5833771e-04,463.85649,2.9378777e-04,-1.0751192e-02,-4.8704028e-02
-0.34306001373897743,0.9996918231871689,0.0002843583373994182,1718.4578199864623,-3.0236118e-03,353524,1328.20149,1818.98392,1.5783366e+05,4.4956406e+01,4.3666011e+03,1.1866454e+01,1.6605405e+05,4.7233406e+01,0,nan,nan,nan,nan,1328.20149,2.6057448e-04,1818.98392,2.3103907e-04,-2.1586020e-03,1.2771628e-03
-0.34277598732865044,1.0000436564417414,0.0002821419547172342,1712.3232240128725,-2.9000333e-03,349107,1328.20029,1818.97868,1.5849281e+05,4.4647034e+01,2.9461545e+03,1.1000890e+01,1.6626528e+05,4.6908363e+01,0,nan,nan,nan,nan,1328.20029,2.5730481e-04,1818.97868,2.2827770e-04,-1.8001285e-03,-4.1140593e-03
-0.3427164625227306,0.9996663857670884,0.00029756502401175435,1761.402323537679,-2.9448969e-03,384444,1042.63492,1775.57628,1.5918817e+05,4.7351173e+01,9.2267568e+03,1.5922302e+01,1.6654453e+05,4.9574368e+01,0,nan,nan,nan,nan,1042.63492,2.7888003e-04,1775.57628,2.4878819e-04,1.1661456e-02,4.6337813e-02
-0.3426748096353549,1.0000778806586337,0.000290472577585996,1755.2674851905663,-3.0637826e-03,380027,1042.61043,1775.56337,1.5908370e+05,4.6212219e+01,5.0439429e+03,1.3985099e+01,1.6657583e+05,4.8381943e+01,0,nan,nan,nan,nan,1042.61043,2.7048399e-04,1775.56337,2.4133209e-04,-1.4868738e-02,3.1524763e-02
-0.34247953567523837,0.9988059424450322,0.0002933916835766347,1742.9979204645263,-3.1895863e-03,371193,1042.61565,1775.52728,1.5870534e+05,4.6669495e+01,6.7467119e+03,1.4898900e+01,1.6633855e+05,4.8860687e+01,0,nan,nan,nan,nan,1042.61565,2.7441734e-04,1775.52728,2.4541956e-04,-9.2290137e-03,-7.6525235e-03
-0.34215312484593596,1.0000387436667029,0.00028206585015998995,1920.9097668753575,3.1836529e-03,499285,471.02472,463.88476,1.6411112e+05,4.6237579e+01,2.5967344e+03,1.3459523e+01,1.6983745e+05,4.7903492e+01,0,nan,nan,nan,nan,471.02472,2.5876114e-04,463.88476,2.9334807e-04,2.6524967e-02,-1.6011819e-02
-0.34214430397491924,1.00031421185731,0.00028411752575273314,1730.7284956962264,-3.1758952e-03,362359,1328.19985,1819.02303,1.5849044e+05,4.4945919e+01,4.0891826e+03,1.1655125e+01,1.6625948e+05,4.7222393e+01,0,nan,nan,nan,nan,1328.19985,2.5938221e-04,1819.02303,2.2898457e-04,-3.6572020e-03,4.4025663e-02
-0.34200214811153273,0.9999233418604769,0.00028715248878913795,1914.7750378520918,3.1742393e-03,494868,471.01111,463.88472,1.6403833e+05,4.7072701e+01,5.4177373e+03,1.5122935e+01,1.6982256e+05,4.8768707e+01,0,nan,nan,nan,nan,471.01111,2.6366679e-04,463.88472,3.0088623e-04,1.3047281e-02,-1.9300140e-02
-0.34187839063520187,1.0005079058395416,0.0002819861712402613,1908.640281609568,3.1376067e-03,490451,471.00036,463.87765,1.6402138e+05,4.6211300e+01,2.5974744e+03,1.3438924e+01,1.6986858e+05,4.7876270e+01,0,nan,nan,nan,nan,471.00036,2.5801803e-04,463.87765,2.9316283e-04,-1.6244440e-04,-2.4448931e-02
-0.3418015882975851,0.9997472339554592,0.0002822518810102141,1902.5054784119056,3.0540191e-03,486034,470.98491,463.85341,1.6388681e+05,4.6265305e+01,2.8333123e+03,1.3589293e+01,1.6977781e+05,4.7932224e+01,0,nan,nan,nan,nan,470.98491,2.5842385e-04,463.85341,2.9363131e-04,-1.5579749e-02,-5.2386593e-02
-0.3416711492025115,0.9999464647667976,0.0002844375341654534,1718.4592088509987,-3.0236356e-03,353525,1328.20285,1818.98189,1.5779006e+05,4.4969025e+01,4.3640596e+03,1.1834538e+01,1.6609670e+05,4.7246666e+01,0,nan,nan,nan,nan,1328.20285,2.6107157e-04,1818.98189,2.3175862e-04,4.3529502e-04,-1.0298626e-03
-0.3413871318737165,1.000054665576335,0.00028220883642382673,1712.3246128683274,-2.9000661e-03,349108,1328.20893,1818.98594,1.5857472e+05,4.4657539e+01,2.9686621e+03,1.1027615e+01,1.6626683e+05,4.6919403e+01,0,nan,nan,nan,nan,1328.20893,2.5733231e-04,1818.98594,2.2712146e-04,6.0422709e-03,4.1272957e-03
-0.34132754329220916,1.0000232829235138,0.0002977132795402458,1761.4037124569095,-2.9448660e-03,384445,1042.62738,1775.56380,1.5927661e+05,4.7374935e+01,9.2346064e+03,1.5949730e+01,1.6660461e+05,4.9599247e+01,0,nan,nan,nan,nan,1042.62738,2.7888411e-04,1775.56380,2.4889247e-04,4.0533794e-03,3.2980163e-02
-0.3412858987871914,1.0006927275476432,0.0002903994029815275,1755.2688741014144,-3.0637600e-03,380028,1042.61472,1775.56821,1.5912914e+05,4.6200565e+01,5.0203491e+03,1.3961930e+01,1.6667819e+05,4.8369740e+01,0,nan,nan,nan,nan,1042.61472,2.7041865e-04,1775.56821,2.4127240e-04,-1.0401229e-02,3.5834957e-02
-0.3410906404265006,1.0001380391314862,0.000293648963548259,1742.999309359775,-3.1895794e-03,371194,1042.61463,1775.52634,1.5906056e+05,4.6710484e+01,6.7296099e+03,1.4882028e+01,1.6656061e+05,4.8903599e+01,0,nan,nan,nan,nan,1042.61463,2.7430337e-04,1775.52634,2.4481671e-04,-1.0799833e-02,-7.8505427e-03
-0.3407642377128468,0.9996123921749029,0.00028201657339224715,1920.9111557624906,3.1836517e-03,499286,471.02276,463.89024,1.6407070e+05,4.6229507e+01,2.6063560e+03,1.3475850e+01,1.6976509e+05,4.7895134e+01,0,nan,nan,nan,nan,471.02276,2.5854306e-04,463.89024,2.9330645e-04,2.4382405e-02,-1.1066514e-02
-0.3407554243042341,1.0006838834252456,0.00028417848666449934,1730.7298845758971,-3.1759038e-03,362360,1328.19726,1819.02409,1.5848328e+05,4.4955494e+01,4.0952720e+03,1.1685696e+01,1.6632066e+05,4.7232452e+01,0,nan,nan,nan,nan,1328.19726,2.5959412e-04,1819.02409,2.2910717e-04,-6.3002999e-03,4.5672927e-02
-0.340613255622884,0.9999562834055326,0.0002870752979243309,1914.7764267445805,3.1742435e-03,494869,471.01819,463.89962,1.6402364e+05,4.7060089e+01,5.3931543e+03,1.5095186e+01,1.6982828e+05,4.8755638e+01,0,nan,nan,nan,nan,471.01819,2.6438301e-04,463.89962,2.9996264e-04,2.1992156e-02,-1.2095125e-03
-0.3404894874370257,1.0001431780168724,0.00028205306016885784,1908.6416705127663,3.1376216e-03,490452,470.99930,463.87298,1.6399652e+05,4.6222221e+01,2.6000784e+03,1.3482034e+01,1.6980648e+05,4.7887581e+01,0,nan,nan,nan,nan,470.99930,2.5784157e-04,463.87298,2.9306285e-04,-1.0816563e-03,-2.9638238e-02
-0.3404126776481462,0.9999843976711369,0.0002825140721340941,1902.506867322555,3.0540414e-03,486035,470.98784,463.85692,1.6397536e+05,4.6308228e+01,2.8310129e+03,1.3683998e+01,1.6981788e+05,4.7976688e+01,0,nan,nan,nan,nan,470.98784,2.5820077e-04,463.85692,2.9378332e-04,-1.3413722e-02,-4.7570251e-02
-0.3402822846658182,1.000441246353931,0.0002843062502694222,1718.4605977155354,-3.0236593e-03,353526,1328.20796,1818.99200,1.5792208e+05,4.4948368e+01,4.3674878e+03,1.1807528e+01,1.6617927e+05,4.7224964e+01,0,nan,nan,nan,nan,1328.20796,2.6066633e-04,1818.99200,2.3058661e-04,5.7867719e-03,1.0681157e-02
-0.33999827665115845,0.9996897662366585,0.0002819582834966301,1712.32600172355,-2.9000991e-03,349109,1328.20636,1818.98182,1.5834266e+05,4.4617813e+01,2.9521021e+03,1.1005383e+01,1.6620588e+05,4.6877666e+01,0,nan,nan,nan,nan,1328.20636,2.5772754e-04,1818.98182,2.2870486e-04,4.4662617e-03,-1.8835132e-03
-0.3399386240621425,1.0001619847581458,0.00029773844762143403,1761.4051013761396,-2.9448350e-03,384446,1042.63446,1775.57396,1.5930328e+05,4.7379116e+01,9.2231270e+03,1.5935865e+01,1.6662833e+05,4.9603626e+01,0,nan,nan,nan,nan,1042.63446,2.7861912e-04,1775.57396,2.4886374e-04,1.0857024e-02,4.4153955e-02
-0.33989698793857315,0.9994938320452882,0.0002904586366561061,1755.270263012263,-3.0637374e-03,380029,1042.60430,1775.57099,1.5903136e+05,4.6209972e+01,5.0470327e+03,1.3975813e+01,1.6647844e+05,4.8379589e+01,0,nan,nan,nan,nan,1042.60430,2.7061542e-04,1775.57099,2.4140361e-04,-2.1608414e-02,3.9758477e-02
-0.33970174494470484,1.0002626697078334,0.00029345765353560823,1743.0006982552568,-3.1895721e-03,371195,1042.61690,1775.52060,1.5910227e+05,4.6680107e+01,6.7369507e+03,1.4844728e+01,1.6658156e+05,4.8871799e+01,0,nan,nan,nan,nan,1042.61690,2.7367106e-04,1775.52060,2.4434028e-04,-8.8854972e-03,-1.3251243e-02
-0.3393753505802124,1.000165325579581,0.0002820227664682127,1920.9125446496232,3.1836506e-03,499287,471.02806,463.88874,1.6412089e+05,4.6230534e+01,2.5828049e+03,1.3468626e+01,1.6985903e+05,4.7896198e+01,0,nan,nan,nan,nan,471.02806,2.5848861e-04,463.88874,2.9344959e-04,2.9733177e-02,-1.2407263e-02
-0.33936654440230996,0.9999178572822865,0.0002840276654254931,1730.731273455799,-3.1759122e-03,362361,1328.20631,1819.02069,1.5842595e+05,4.4931564e+01,4.0795369e+03,1.1618768e+01,1.6619306e+05,4.7207306e+01,0,nan,nan,nan,nan,1328.20631,2.5985105e-04,1819.02069,2.2919677e-04,3.1577749e-03,4.1607227e-02
-0.3392243629014047,1.000096686480826,0.0002873713650233498,1914.777815637302,3.1742479e-03,494870,471.01800,463.88890,1.6428455e+05,4.7108662e+01,5.4084131e+03,1.5148521e+01,1.6985228e+05,4.8805962e+01,0,nan,nan,nan,nan,471.01800,2.6360503e-04,463.88890,2.9925347e-04,1.9841596e-02,-1.2771852e-02
-0.3391005840062462,1.0009187048770007,0.0002821725172304808,1908.643059416197,3.1376367e-03,490453,470.99577,463.87296,1.6408753e+05,4.6241756e+01,2.5909741e+03,1.3467690e+01,1.6993800e+05,4.7907818e+01,0,nan,nan,nan,nan,470.99577,2.5787082e-04,463.87296,2.9328934e-04,-5.1070708e-03,-2.9329114e-02
-0.3390237669996168,0.9997694493357467,0.0002823668453985168,1902.5082562332036,3.0540638e-03,486036,470.98584,463.85190,1.6394692e+05,4.6284039e+01,2.8254353e+03,1.3601159e+01,1.6978117e+05,4.7951630e+01,0,nan,nan,nan,nan,470.98584,2.5823535e-04,463.85190,2.9375669e-04,-1.5333020e-02,-5.3267878e-02
-0.3388934198978859,0.9997356440405594,0.00028442389840438367,1718.4619865803033,-3.0236829e-03,353527,1328.20152,1818.98182,1.5782231e+05,4.4967075e+01,4.3714072e+03,1.1887335e+01,1.6606244e+05,4.7244617e+01,0,nan,nan,nan,nan,1328.20152,2.6060783e-04,1818.98182,2.3118475e-04,-1.2369131e-03,-5.3559634e-04
-0.3386094214286004,1.0000664739694027,0.00028202649378968004,1712.3273905787726,-2.9001322e-03,349110,1328.20893,1818.98556,1.5840662e+05,4.4628536e+01,2.9671543e+03,1.1005758e+01,1.6626825e+05,4.6888935e+01,0,nan,nan,nan,nan,1328.20893,2.5764204e-04,1818.98556,2.2814376e-04,7.3723812e-03,2.3286499e-03
-0.3385497050644517,1.0007742403079716,0.00029786139175769027,1761.4064902951372,-2.9448043e-03,384447,1042.62797,1775.56785,1.5943217e+05,4.7398861e+01,9.2124482e+03,1.5963520e+01,1.6673095e+05,4.9624294e+01,0,nan,nan,nan,nan,1042.62797,2.7875841e-04,1775.56785,2.4873979e-04,4.3643466e-03,3.7318900e-02
-0.3385080773230129,0.9999467000303309,0.00029046731379360724,1755.2716519228786,-3.0637151e-03,380030,1042.61175,1775.56537,1.5917559e+05,4.6211334e+01,5.0559194e+03,1.3974096e+01,1.6655381e+05,4.8381016e+01,0,nan,nan,nan,nan,1042.61175,2.7020133e-04,1775.56537,2.4108533e-04,-1.3913405e-02,3.4260534e-02
-0.33831284969619446,0.9990938216879337,0.00029332164562898987,1743.0020871505053,-3.1895651e-03,371196,1042.61347,1775.51976,1.5887791e+05,4.6658531e+01,6.7508096e+03,1.4803704e+01,1.6638712e+05,4.8849209e+01,0,nan,nan,nan,nan,1042.61347,2.7420573e-04,1775.51976,2.4515006e-04,-1.2486750e-02,-1.5436759e-02
-0.337986463445759,1.0006791902895873,0.00028211981364595524,1920.9139335367577,3.1836494e-03,499288,471.02242,463.88683,1.6424186e+05,4.6246456e+01,2.5853220e+03,1.3446630e+01,1.6994634e+05,4.7912689e+01,0,nan,nan,nan,nan,471.02242,2.5854332e-04,463.88683,2.9319720e-04,2.5335955e-02,-1.4024868e-02
-0.33797766473321644,0.9999822995235736,0.0002839932507272482,1730.7326623354681,-3.1759208e-03,362362,1328.20016,1819.01994,1.5839828e+05,4.4926048e+01,4.0788398e+03,1.1618444e+01,1.6620350e+05,4.7201511e+01,0,nan,nan,nan,nan,1328.20016,2.5948818e-04,1819.01994,2.2927934e-04,-3.3363702e-03,4.1149363e-02
-0.33783547041275597,1.0002594525749304,0.0002871740029490487,1914.7792045297906,3.1742521e-03,494871,471.01166,463.89861,1.6425152e+05,4.7076347e+01,5.3891890e+03,1.5074795e+01,1.6988006e+05,4.8772484e+01,0,nan,nan,nan,nan,471.01166,2.6363583e-04,463.89861,2.9926878e-04,1.3558038e-02,-3.1118214e-03
-0.33771168080784264,1.000148020992085,0.00028213721082285317,1908.6444483193955,3.1376516e-03,490454,471.00349,463.88033,1.6397950e+05,4.6235924e+01,2.6087815e+03,1.3522881e+01,1.6980700e+05,4.7901783e+01,0,nan,nan,nan,nan,471.00349,2.5817417e-04,463.88033,2.9327546e-04,3.5845763e-03,-2.1195646e-02
-0.33763485635086,1.0000068530747768,0.0002824777425288855,1902.5096451438524,3.0540861e-03,486037,470.97888,463.84833,1.6389736e+05,4.6302158e+01,2.8211846e+03,1.3692338e+01,1.6982128e+05,4.7970402e+01,0,nan,nan,nan,nan,470.97888,2.5851963e-04,463.84833,2.9381289e-04,-2.2419536e-02,-5.7056706e-02
-0.33750455536278423,0.9997052100299623,0.00028396614737197554,1718.4633754448384,-3.0237066e-03,353528,1328.20434,1818.98928,1.5749231e+05,4.4894810e+01,4.3852593e+03,1.1807260e+01,1.6605778e+05,4.7168694e+01,0,nan,nan,nan,nan,1328.20434,2.6126640e-04,1818.98928,2.3216761e-04,2.5784217e-03,5.8905571e-03
-0.33722056597366645,0.9994884411075,0.00028192678647589726,1712.3287794342275,-2.9001650e-03,349111,1328.20143,1818.98394,1.5837555e+05,4.4612690e+01,2.9643125e+03,1.0964479e+01,1.6617189e+05,4.6872288e+01,0,nan,nan,nan,nan,1328.20143,2.5741747e-04,1818.98394,2.2763635e-04,-1.1831387e-03,1.4411601e-03
-0.337160785834385,0.9998385009524595,0.00029777233493773073,1761.4078792143673,-2.9447733e-03,384448,1042.63321,1775.57408,1.5927472e+05,4.7384869e+01,9.2646895e+03,1.5987197e+01,1.6657569e+05,4.9609646e+01,0,nan,nan,nan,nan,1042.63321,2.7897829e-04,1775.57408,2.4865806e-04,1.0056711e-02,4.4311181e-02
-0.33711916647462203,0.9994977221397807,0.00029040680902521753,1755.273040833727,-3.0636925e-03,380031,1042.60837,1775.56999,1.5904650e+05,4.6201698e+01,5.0514937e+03,1.3991170e+01,1.6647898e+05,4.8370926e+01,0,nan,nan,nan,nan,1042.60837,2.7035500e-04,1775.56999,2.4122924e-04,-1.7277507e-02,3.8357150e-02
-0.3369239542150808,0.9996946130955978,0.0002933594608402996,1743.0034760459864,-3.1895579e-03,371197,1042.62163,1775.52906,1.5908855e+05,4.6664608e+01,6.7299033e+03,1.4778600e+01,1.6648739e+05,4.8855572e+01,0,nan,nan,nan,nan,1042.62163,2.7382773e-04,1775.52906,2.4445908e-04,-4.2402227e-03,-5.1313764e-03
-0.33659757631176035,1.0002452876486196,0.00028218573213926865,1920.9153224238917,3.1836482e-03,499289,471.02615,463.88512,1.6422789e+05,4.6257267e+01,2.5932700e+03,1.3499115e+01,1.6987267e+05,4.7923889e+01,0,nan,nan,nan,nan,471.02615,2.5847030e-04,463.88512,2.9307717e-04,2.7742226e-02,-1.6735960e-02
-0.33658878483061017,1.0000906237305855,0.00028391744607114287,1730.7340512153708,-3.1759292e-03,362363,1328.20007,1819.02425,1.5823805e+05,4.4913979e+01,4.0845200e+03,1.1650829e+01,1.6622123e+05,4.7188831e+01,0,nan,nan,nan,nan,1328.20007,2.6016234e-04,1819.02425,2.3000471e-04,-1.9856079e-03,4.3920547e-02
-0.33644657792410726,0.9998981159285485,0.00028724063543228206,1914.7805934222793,3.1742563e-03,494872,471.01966,463.88686,1.6413748e+05,4.7087318e+01,5.3966724e+03,1.5106822e+01,1.6981886e+05,4.8783848e+01,0,nan,nan,nan,nan,471.01966,2.6393647e-04,463.88686,3.0004131e-04,2.1322209e-02,-1.4962664e-02
-0.33632277737569893,0.9999201025585482,0.0002819640227571707,1908.6458372228276,3.1376667e-03,490455,470.99535,463.87607,1.6393592e+05,4.6207497e+01,2.6146260e+03,1.3467359e+01,1.6976814e+05,4.7872330e+01,0,nan,nan,nan,nan,470.99535,2.5783398e-04,463.87607,2.9321871e-04,-5.0088922e-03,-2.5748087e-02
-0.3362459457021032,0.9998847594853206,0.0002824065560894594,1902.5110340545011,3.0541085e-03,486038,470.99154,463.86506,1.6396125e+05,4.6290436e+01,2.8190371e+03,1.3596858e+01,1.6980034e+05,4.7958256e+01,0,nan,nan,nan,nan,470.99154,2.5855764e-04,463.86506,2.9378469e-04,-9.3845334e-03,-3.9193887e-02
-0.33611569082700044,0.9995277080761399,0.000284072936296832,1718.4647643093742,-3.0237304e-03,353529,1328.21167,1818.98556,1.5761400e+05,4.4911804e+01,4.3763486e+03,1.1794023e+01,1.6602869e+05,4.7186546e+01,0,nan,nan,nan,nan,1328.21167,2.6153686e-04,1818.98556,2.3223004e-04,1.0564733e-02,1.8983072e-03
-0.3358317107511084,1.0000620486739429,0.00028226011289554155,1712.33016828945,-2.9001981e-03,349112,1328.20936,1818.98390,1.5858780e+05,4.4665375e+01,2.9556064e+03,1.1019389e+01,1.6626702e+05,4.6927635e+01,0,nan,nan,nan,nan,1328.20936,2.5758718e-04,1818.98390,2.2729425e-04,6.8782731e-03,2.2705302e-03
-0.3357718666038636,1.0006586245090667,0.00029772557022943684,1761.4092681335978,-2.9447423e-03,384449,1042.62961,1775.56896,1.5936045e+05,4.7377605e+01,9.2324600e+03,1.5952337e+01,1.6671297e+05,4.9602043e+01,0,nan,nan,nan,nan,1042.62961,2.7870215e-04,1775.56896,2.4865181e-04,6.6850567e-03,3.8824994e-02
-0.3357302556260038,0.9999869643729001,0.00029036172222210546,1755.2744297445756,-3.0636699e-03,380032,1042.61170,1775.56326,1.5907317e+05,4.6194515e+01,5.0458213e+03,1.3959581e+01,1.6656042e+05,4.8363403e+01,0,nan,nan,nan,nan,1042.61170,2.7039001e-04,1775.56326,2.4111572e-04,-1.2725414e-02,3.2069985e-02
-0.3355350589667978,0.9993300801011609,0.00029348072332567555,1743.0048649412347,-3.1895509e-03,371198,1042.61255,1775.51998,1.5913192e+05,4.6683956e+01,6.7509009e+03,1.4829931e+01,1.6642689e+05,4.8875828e+01,0,nan,nan,nan,nan,1042.61255,2.7365808e-04,1775.51998,2.4438303e-04,-1.3466951e-02,-1.4771549e-02
-0.3352086891786712,0.9998051532105912,0.00028201636387272156,1920.9167113110248,3.1836471e-03,499290,471.02643,463.89862,1.6407317e+05,4.6229507e+01,2.5949302e+03,1.3477940e+01,1.6979795e+05,4.7895134e+01,0,nan,nan,nan,nan,471.02643,2.5856562e-04,463.89862,2.9337194e-04,2.8960083e-02,-1.7149206e-03
-0.33519990516060716,0.9996371267664765,0.00028402763699076527,1730.7354400950408,-3.1759378e-03,362364,1328.20166,1819.01868,1.5839173e+05,4.4931332e+01,4.0939905e+03,1.1638290e+01,1.6614558e+05,4.7207066e+01,0,nan,nan,nan,nan,1328.20166,2.5958050e-04,1819.01868,2.2927062e-04,-2.0203677e-03,3.9067175e-02
-0.33505768520331003,0.9998429246743373,0.00028731432629933146,1914.781982315,3.1742607e-03,494873,471.01213,463.89544,1.6422250e+05,4.7099438e+01,5.3777510e+03,1.5112391e+01,1.6980964e+05,4.8796406e+01,0,nan,nan,nan,nan,471.01213,2.6363111e-04,463.89544,2.9954111e-04,1.3877289e-02,-5.8068801e-03
-0.3349338741759311,0.9993881031704965,0.0002819549420077044,1908.6472261260274,3.1376816e-03,490456,470.99973,463.86700,1.6375056e+05,4.6205971e+01,2.6013862e+03,1.3467744e+01,1.6967766e+05,4.7870747e+01,0,nan,nan,nan,nan,470.99973,2.5830563e-04,463.86700,2.9412299e-04,-1.1772537e-03,-3.6494672e-02
-0.33485703505220954,1.000146957449512,0.00028235364487551757,1902.512422965151,3.0541308e-03,486039,470.98849,463.85016,1.6397216e+05,4.6281704e+01,2.8306270e+03,1.3615785e+01,1.6984467e+05,4.7949215e+01,0,nan,nan,nan,nan,470.98849,2.5818168e-04,463.85016,2.9371286e-04,-1.2170198e-02,-5.5689901e-02
-0.33472682629121664,0.9994086976238005,0.00028420762582269144,1718.46615317391,-3.0237541e-03,353530,1328.20156,1818.98722,1.5756755e+05,4.4933208e+01,4.3777500e+03,1.1832006e+01,1.6600933e+05,4.7209034e+01,0,nan,nan,nan,nan,1328.20156,2.6133080e-04,1818.98722,2.3172761e-04,-3.6224115e-04,5.0515691e-03
-0.3344428552950376,1.0001195359520387,0.0002822152190234761,1712.3315571449061,-2.9002309e-03,349113,1328.20896,1818.99014,1.5851397e+05,4.4658211e+01,2.9608552e+03,1.1018102e+01,1.6627634e+05,4.6920109e+01,0,nan,nan,nan,nan,1328.20896,2.5757501e-04,1818.99014,2.2750026e-04,5.8923280e-03,8.4200418e-03
-0.3343829473733422,0.9995121695714444,0.0002976203415367484,1761.4106570528284,-2.9447114e-03,384450,1042.63331,1775.57167,1.5927162e+05,4.7361042e+01,9.2525537e+03,1.5929853e+01,1.6652261e+05,4.9584705e+01,0,nan,nan,nan,nan,1042.63331,2.7882439e-04,1775.57167,2.4872372e-04,9.8684663e-03,4.1039664e-02
-0.3343413450106709,0.9997943484469851,0.00029035038778616796,1755.275818655191,-3.0636475e-03,380033,1042.61383,1775.57015,1.5895786e+05,4.6192696e+01,5.0371548e+03,1.4009414e+01,1.6652830e+05,4.8361500e+01,0,nan,nan,nan,nan,1042.61383,2.7046452e-04,1775.57015,2.4129277e-04,-1.1177448e-02,3.9009970e-02
-0.3341461637182874,0.999568021795772,0.0002933838914205072,1743.0062538364832,-3.1895440e-03,371199,1042.61730,1775.52428,1.5906611e+05,4.6668610e+01,6.7360117e+03,1.4801781e+01,1.6646673e+05,4.8859764e+01,0,nan,nan,nan,nan,1042.61730,2.7380738e-04,1775.52428,2.4475303e-04,-7.7881222e-03,-1.0749302e-02
-0.3338198020460368,1.0000290473101163,0.0002820518010512662,1920.9181001981574,3.1836459e-03,499291,471.02381,463.88911,1.6411591e+05,4.6235321e+01,2.6001533e+03,1.3479234e+01,1.6983600e+05,4.7901157e+01,0,nan,nan,nan,nan,471.02381,2.5857301e-04,463.88911,2.9342441e-04,2.6081828e-02,-1.2493904e-02
-0.3338110252580009,0.9999191278259986,0.00028402489946329504,1730.7368289749434,-3.1759462e-03,362365,1328.20071,1819.02070,1.5844177e+05,4.4930820e+01,4.0954944e+03,1.1622680e+01,1.6619216e+05,4.7206528e+01,0,nan,nan,nan,nan,1328.20071,2.5944639e-04,1819.02070,2.2913188e-04,-2.6590407e-03,4.1192532e-02
-0.33366879271534344,1.0002279619056693,0.0002873113025108108,1914.783371207488,3.1742649e-03,494874,471.01674,463.90527,1.6437836e+05,4.7098991e+01,5.3898848e+03,1.5079976e+01,1.6987520e+05,4.8795944e+01,0,nan,nan,nan,nan,471.01674,2.6342314e-04,463.90527,2.9862707e-04,1.8386027e-02,4.4818311e-03
-0.33354497074515166,1.0000370172504698,0.00028196847773321655,1908.6486150294581,3.1376968e-03,490457,471.00253,463.88665,1.6390011e+05,4.6208145e+01,2.5879321e+03,1.3470644e+01,1.6978767e+05,4.7873001e+01,0,nan,nan,nan,nan,471.00253,2.5810947e-04,463.88665,2.9331580e-04,2.7283558e-03,-1.4568787e-02
-0.33346812440186113,1.0004366310843251,0.00028233917584499264,1902.5138118758014,3.0541532e-03,486040,470.98633,463.85820,1.6406191e+05,4.6279274e+01,2.8181694e+03,1.3570831e+01,1.6989364e+05,4.7946697e+01,0,nan,nan,nan,nan,470.98633,2.5814856e-04,463.85820,2.9353992e-04,-1.4711577e-02,-4.6330616e-02
-0.3333379617558876,0.9999177533058407,0.0002843448906612731,1718.4675420384453,-3.0237779e-03,353531,1328.20041,1818.98073,1.5774578e+05,4.4955017e+01,4.3878027e+03,1.1815705e+01,1.6609431e+05,4.7231953e+01,0,nan,nan,nan,nan,1328.20041,2.6102457e-04,1818.98073,2.3172481e-04,-2.2295504e-03,-1.6429267e-03
-0.33305400007247954,0.999554402014784,0.000282105653236469,1712.3329460001287,-2.9002640e-03,349114,1328.20609,1818.98846,1.5833505e+05,4.4640816e+01,2.9623616e+03,1.1054913e+01,1.6618217e+05,4.6901833e+01,0,nan,nan,nan,nan,1328.20609,2.5783814e-04,1818.98846,2.2789442e-04,4.2187679e-03,6.1695226e-03
-0.3329940281432755,1.0003249933465346,0.00029774593926030655,1761.4120459720584,-2.9446804e-03,384451,1042.63058,1775.56908,1.5925786e+05,4.7381218e+01,9.2319434e+03,1.5956542e+01,1.6665869e+05,4.9605824e+01,0,nan,nan,nan,nan,1042.63058,2.7928723e-04,1775.56908,2.4891889e-04,7.2705541e-03,3.7871152e-02
-0.33295243416205267,0.9999653980697384,0.0002904810948611927,1755.2772075660396,-3.0636250e-03,380034,1042.61514,1775.56556,1.5922264e+05,4.6213482e+01,5.0206074e+03,1.3963860e+01,1.6655675e+05,4.8383263e+01,0,nan,nan,nan,nan,1042.61514,2.6995622e-04,1775.56556,2.4105009e-04,-1.0734854e-02,3.4002353e-02
-0.33275726823649165,0.9999252401673743,0.00029324584480407937,1743.007642731965,-3.1895367e-03,371200,1042.61121,1775.51686,1.5899753e+05,4.6646709e+01,6.7452856e+03,1.4778964e+01,1.6652644e+05,4.8836834e+01,0,nan,nan,nan,nan,1042.61121,2.7384705e-04,1775.51686,2.4450955e-04,-1.4636811e-02,-1.8170174e-02
-0.3324309149134024,0.9998493325349311,0.00028199197550034423,1920.91948908529,3.1836447e-03,499292,471.02447,463.88799,1.6412547e+05,4.6225521e+01,2.6023743e+03,1.3441669e+01,1.6980548e+05,4.7891003e+01,0,nan,nan,nan,nan,471.02447,2.5849510e-04,463.88799,2.9313489e-04,2.6905585e-02,-1.3556075e-02
-0.33242214558822525,0.9997662127772133,0.00028388904244144186,1730.7382178546131,-3.1759548e-03,362366,1328.19953,1819.02100,1.5827939e+05,4.4909252e+01,4.0801167e+03,1.1624061e+01,1.6616645e+05,4.7183865e+01,0,nan,nan,nan,nan,1328.19953,2.5969290e-04,1819.02100,2.2971898e-04,-3.0139394e-03,4.1215777e-02
-0.33227990022669474,1.0000316897808519,0.00028735523076648685,1914.7847600999767,3.1742691e-03,494875,471.01289,463.88904,1.6424052e+05,4.7106239e+01,5.3851973e+03,1.5119176e+01,1.6984205e+05,4.8803455e+01,0,nan,nan,nan,nan,471.01289,2.6359200e-04,463.88904,2.9945301e-04,1.4268247e-02,-1.2308418e-02
-0.3321560675467481,1.0004338329136861,0.0002819325307648642,1908.6500039326565,3.1377117e-03,490458,470.99750,463.87174,1.6391050e+05,4.6202209e+01,2.6049602e+03,1.3462797e+01,1.6985488e+05,4.7866852e+01,0,nan,nan,nan,nan,470.99750,2.5800423e-04,463.87174,2.9381664e-04,-3.3893122e-03,-3.1318542e-02
-0.3320792137533317,1.0005715870471947,0.00028254916232108414,1902.51520078645,3.0541755e-03,486041,470.98222,463.85042,1.6400388e+05,4.6313641e+01,2.8312671e+03,1.3645220e+01,1.6991636e+05,4.7982300e+01,0,nan,nan,nan,nan,470.98222,2.5841797e-04,463.85042,2.9407479e-04,-1.9163370e-02,-5.5310708e-02
-0.33194909698795527,0.9999187063553352,0.00028427453164370513,1718.4689309032133,-3.0238014e-03,353532,1328.20961,1818.99021,1.5789848e+05,4.4944012e+01,4.3820547e+03,1.1795871e+01,1.6609489e+05,4.7220387e+01,0,nan,nan,nan,nan,1328.20961,2.6069998e-04,1818.99021,2.3076904e-04,7.8728646e-03,8.4597496e-03
-0.33166514461777297,0.9997150366639702,0.0002820457429699551,1712.3343348555834,-2.9002968e-03,349115,1328.21397,1818.99183,1.5839184e+05,4.4631275e+01,2.9564548e+03,1.1022379e+01,1.6620867e+05,4.6891811e+01,0,nan,nan,nan,nan,1328.21397,2.5763805e-04,1818.99183,2.2780080e-04,1.2017021e-02,1.0396138e-02
-0.3316051089127541,0.9997206368298044,0.0002978019290122328,1761.413434891289,-2.9446494e-03,384452,1042.63281,1775.57211,1.5934256e+05,4.7390316e+01,9.2735996e+03,1.5972467e+01,1.6655866e+05,4.9615349e+01,0,nan,nan,nan,nan,1042.63281,2.7873888e-04,1775.57211,2.4866141e-04,9.1195395e-03,4.2194292e-02
-0.3315635233136618,0.9996662332098272,0.0002905105787126696,1755.278596476888,-3.0636024e-03,380035,1042.60922,1775.56408,1.5910486e+05,4.6218163e+01,5.0389268e+03,1.3979440e+01,1.6650689e+05,4.8388165e+01,0,nan,nan,nan,nan,1042.60922,2.7043335e-04,1775.56408,2.4132759e-04,-1.6575543e-02,3.2580681e-02
-0.3313683729879813,1.0003951181837594,0.0002934702580438729,1743.0090316272135,-3.1895298e-03,371201,1042.61647,1775.51873,1.5921127e+05,4.6682472e+01,6.7376572e+03,1.4807084e+01,1.6660491e+05,4.8874271e+01,0,nan,nan,nan,nan,1042.61647,2.7359981e-04,1775.51873,2.4426117e-04,-8.9881122e-03,-1.6241133e-02
-0.33104202777985847,0.9999804884093974,0.00028206767074992164,1920.9208779724236,3.1836436e-03,499293,471.02553,463.89284,1.6421888e+05,4.6237934e+01,2.5951230e+03,1.3447314e+01,1.6982778e+05,4.7903862e+01,0,nan,nan,nan,nan,471.02553,2.5830138e-04,463.89284,2.9300380e-04,2.8207300e-02,-7.7766059e-03
-0.3310332656863011,0.9996780288291965,0.00028406235869086067,1730.739606734515,-3.1759632e-03,362367,1328.20032,1819.01946,1.5840211e+05,4.4936584e+01,4.0897961e+03,1.1616780e+01,1.6615150e+05,4.7212585e+01,0,nan,nan,nan,nan,1328.20032,2.5952046e-04,1819.01946,2.2955947e-04,-2.9807931e-03,4.0265791e-02
-0.33089100773804603,1.0006395185529635,0.00028752729426738356,1914.7861489924653,3.1742733e-03,494876,471.01367,463.89419,1.6439420e+05,4.7134502e+01,5.3522773e+03,1.5188714e+01,1.6994547e+05,4.8832733e+01,0,nan,nan,nan,nan,471.01367,2.6342535e-04,463.89419,2.9896272e-04,1.5031124e-02,-7.4561206e-03
-0.3307671641159686,1.0002199226496737,0.00028192633152351225,1908.6513928360873,3.1377268e-03,490459,470.99933,463.88202,1.6383889e+05,4.6201149e+01,2.5981082e+03,1.3467812e+01,1.6981841e+05,4.7865753e+01,0,nan,nan,nan,nan,470.99933,2.5822391e-04,463.88202,2.9367476e-04,-8.7881868e-04,-1.8923996e-02
-0.33069030310434755,1.0003851863975763,0.0002824395332183838,1902.5165896970989,3.0541979e-03,486042,470.98784,463.85870,1.6403761e+05,4.6295620e+01,2.8291147e+03,1.3603154e+01,1.6988450e+05,4.7963623e+01,0,nan,nan,nan,nan,470.98784,2.5833878e-04,463.85870,2.9367759e-04,-1.3356008e-02,-4.5604426e-02
-0.3305602324521715,1.0002215641339325,0.0002843199557840742,1718.470319767749,-3.0238251e-03,353533,1328.20529,1818.98399,1.5791103e+05,4.4951309e+01,4.3975308e+03,1.1779126e+01,1.6614562e+05,4.7228054e+01,0,nan,nan,nan,nan,1328.20529,2.6077076e-04,1818.98399,2.3082578e-04,2.6166553e-03,1.9403034e-03
-0.33027628939566966,1.0000230832449963,0.0002822217982225567,1712.3357237108055,-2.9003299e-03,349116,1328.19775,1818.96863,1.5850353e+05,4.4659081e+01,2.9611042e+03,1.1032489e+01,1.6625969e+05,4.6921024e+01,0,nan,nan,nan,nan,1328.19775,2.5734157e-04,1818.96863,2.2820621e-04,-5.7877847e-03,-1.5200474e-02
-0.3302161896826874,1.0001855681172698,0.00029771822288141074,1761.414823810519,-2.9446185e-03,384453,1042.63191,1775.57168,1.5938323e+05,4.7377182e+01,9.2774873e+03,1.5959472e+01,1.6663678e+05,4.9601601e+01,0,nan,nan,nan,nan,1042.63191,2.7859607e-04,1775.57168,2.4844703e-04,8.6350450e-03,4.1634284e-02
-0.33017461269810155,0.9998355728566818,0.0002905570231709167,1755.2799853875035,-3.0635800e-03,380036,1042.61334,1775.56553,1.5907306e+05,4.6225540e+01,5.0341133e+03,1.4002946e+01,1.6653506e+05,4.8395889e+01,0,nan,nan,nan,nan,1042.61334,2.7049391e-04,1775.56553,2.4143624e-04,-1.1760693e-02,3.4190703e-02
-0.3299794775061855,0.9996700616242326,0.00029354480246988993,1743.0104205226953,-3.1895225e-03,371202,1042.61284,1775.52355,1.5899880e+05,4.6694393e+01,6.7450142e+03,1.4872553e+01,1.6648436e+05,4.8886749e+01,0,nan,nan,nan,nan,1042.61284,2.7426306e-04,1775.52355,2.4476607e-04,-1.3640227e-02,-1.1391839e-02
-0.32965314064631457,0.9995673324947788,0.00028211241183899406,1920.922266859557,3.1836424e-03,499294,471.02412,463.88352,1.6409020e+05,4.6245270e+01,2.5965696e+03,1.3517747e+01,1.6975762e+05,4.7911461e+01,0,nan,nan,nan,nan,471.02412,2.5858430e-04,463.88352,2.9322450e-04,2.5649954e-02,-1.8593756e-02
-0.3296443860162981,0.9995777746390957,0.00028404483535481414,1730.740995614185,-3.1759718e-03,362368,1328.20307,1819.02301,1.5842531e+05,4.4933731e+01,4.1030015e+03,1.1638927e+01,1.6613453e+05,4.7209587e+01,0,nan,nan,nan,nan,1328.20307,2.5961470e-04,1819.02301,2.2924309e-04,-2.7815613e-04,4.4071570e-02
-0.3295021150165667,0.9991428552614061,0.0002868954578658703,1914.7875378851868,3.1742777e-03,494877,471.01357,463.89123,1.6382941e+05,4.7030979e+01,5.3784102e+03,1.5067718e+01,1.6969147e+05,4.8725479e+01,0,nan,nan,nan,nan,471.01357,2.6444017e-04,463.89123,3.0015997e-04,1.5712861e-02,-1.0811835e-02
-0.3293782609171103,1.0003182603401504,0.000282023172791368,1908.6527817392862,3.1377417e-03,490460,470.99877,463.87959,1.6390891e+05,4.6216976e+01,2.5909622e+03,1.3498040e+01,1.6983494e+05,4.7882153e+01,0,nan,nan,nan,nan,470.99877,2.5821262e-04,463.87959,2.9338477e-04,-1.0502350e-03,-2.2182209e-02
-0.32930139245490864,1.000119756856204,0.0002822451034050267,1902.5179786077483,3.0542202e-03,486043,470.98835,463.86181,1.6398817e+05,4.6263691e+01,2.8120010e+03,1.3554661e+01,1.6983922e+05,4.7930550e+01,0,nan,nan,nan,nan,470.98835,2.5820208e-04,463.86181,2.9348666e-04,-1.2529344e-02,-4.2391524e-02
-0.32917136791570556,0.999408481422781,0.00028429669677325017,1718.4717086322855,-3.0238489e-03,353534,1328.20103,1818.98631,1.5786970e+05,4.4947754e+01,4.3871118e+03,1.1811065e+01,1.6601102e+05,4.7224319e+01,0,nan,nan,nan,nan,1328.20103,2.6054814e-04,1818.98631,2.3074489e-04,-2.5762410e-03,3.8632711e-03
-0.32888743394028097,1.0000586207684459,0.0002822736477124298,1712.3371125662609,-2.9003627e-03,349117,1328.21142,1818.98733,1.5857830e+05,4.4667244e+01,2.9627029e+03,1.1021189e+01,1.6626542e+05,4.6929596e+01,0,nan,nan,nan,nan,1328.21142,2.5744041e-04,1818.98733,2.2755351e-04,9.5807649e-03,5.5023436e-03
-0.328827270452166,1.000106558414615,0.0002976454155350611,1761.4162127297495,-2.9445875e-03,384454,1042.63098,1775.57026,1.5927562e+05,4.7365795e+01,9.2605898e+03,1.5949045e+01,1.6662430e+05,4.9589676e+01,0,nan,nan,nan,nan,1042.63098,2.7891321e-04,1775.57026,2.4865291e-04,7.7763065e-03,4.0194806e-02
-0.3287857018494833,0.9996261860271308,0.0002904224753951294,1755.2813742983521,-3.0635574e-03,380037,1042.61142,1775.56048,1.5910211e+05,4.6204128e+01,5.0139834e+03,1.3973278e+01,1.6650016e+05,4.8373470e+01,0,nan,nan,nan,nan,1042.61142,2.7025992e-04,1775.56048,2.4128021e-04,-1.4427545e-02,2.8300364e-02
-0.3285905822572204,0.9996722404650019,0.0002933598357722416,1743.0118094179443,-3.1895156e-03,371203,1042.61804,1775.52377,1.5909972e+05,4.6665024e+01,6.7488979e+03,1.4794970e+01,1.6648494e+05,4.8856007e+01,0,nan,nan,nan,nan,1042.61804,2.7367563e-04,1775.52377,2.4432130e-04,-7.3633865e-03,-1.0402196e-02
-0.3282642535132254,1.0001981795678743,0.00028202190822592175,1920.9236557466902,3.1836412e-03,499295,471.02357,463.89210,1.6422198e+05,4.6230431e+01,2.5853059e+03,1.3430274e+01,1.6986477e+05,4.7896091e+01,0,nan,nan,nan,nan,471.02357,2.5831841e-04,463.89210,2.9287839e-04,2.5500076e-02,-8.7952269e-03
-0.3282555061130097,1.0006908664243452,0.0002840844567599707,1730.7423844940884,-3.1759802e-03,362369,1328.20110,1819.02220,1.5853867e+05,4.4939919e+01,4.0905825e+03,1.1626189e+01,1.6631923e+05,4.7216087e+01,0,nan,nan,nan,nan,1328.20110,2.5941461e-04,1819.02220,2.2890566e-04,-2.2748103e-03,4.3692879e-02
-0.32811322252791797,0.9997725913552256,0.00028732786567128073,1914.7889267776754,3.1742819e-03,494878,471.01904,463.90493,1.6426062e+05,4.7101913e+01,5.3662256e+03,1.5154021e+01,1.6979862e+05,4.8798973e+01,0,nan,nan,nan,nan,471.01904,2.6354901e-04,463.90493,2.9868586e-04,2.1065170e-02,4.0346347e-03
-0.32798935771779725,1.000183752246324,0.0002819455434615236,1908.6541706424855,3.1377566e-03,490461,470.99799,463.87660,1.6394222e+05,4.6204216e+01,2.5949802e+03,1.3449859e+01,1.6981195e+05,4.7868927e+01,0,nan,nan,nan,nan,470.99799,2.5799003e-04,463.87660,2.9345616e-04,-2.5216299e-03,-2.5560997e-02
-0.3279124818054697,0.9995072815492686,0.0002824262220119289,1902.5193675183978,3.0542426e-03,486044,470.98714,463.85258,1.6384814e+05,4.6293320e+01,2.8413230e+03,1.3670753e+01,1.6973500e+05,4.7961246e+01,0,nan,nan,nan,nan,470.98714,2.5845043e-04,463.85258,2.9405972e-04,-1.3955346e-02,-5.2724548e-02
-0.3277825031461816,0.999564526591411,0.0002842531640322778,1718.473097497055,-3.0238724e-03,353535,1328.20501,1818.98518,1.5775067e+05,4.4940990e+01,4.3895483e+03,1.1843658e+01,1.6603739e+05,4.7217213e+01,0,nan,nan,nan,nan,1328.20501,2.6072914e-04,1818.98518,2.3117621e-04,2.6300007e-03,2.6537306e-03
-0.3274985787177229,0.9998827605561413,0.0002821110734380601,1712.3385014214834,-2.9003958e-03,349118,1328.21015,1818.98598,1.5845573e+05,4.4641468e+01,2.9709436e+03,1.1006156e+01,1.6623600e+05,4.6902515e+01,0,nan,nan,nan,nan,1328.21015,2.5773951e-04,1818.98598,2.2755418e-04,8.4168660e-03,3.7371858e-03
-0.32743835122164455,0.999633650170269,0.0002975694252838055,1761.41760164898,-2.9445565e-03,384455,1042.63211,1775.57165,1.5917809e+05,4.7353893e+01,9.2969326e+03,1.5946493e+01,1.6654619e+05,4.9577217e+01,0,nan,nan,nan,nan,1042.63211,2.7905742e-04,1775.57165,2.4864904e-04,9.0856012e-03,4.1579101e-02
-0.3273967910013198,1.0001147689749528,0.00029050284119398723,1755.2827632092003,-3.0635349e-03,380038,1042.61406,1775.56966,1.5913578e+05,4.6216904e+01,5.0251348e+03,1.3976687e+01,1.6658152e+05,4.8386848e+01,0,nan,nan,nan,nan,1042.61406,2.7030607e-04,1775.56966,2.4126597e-04,-1.1328721e-02,3.8864002e-02
-0.32720168677587935,1.0000808345235213,0.00029341546039648455,1743.0131983134256,-3.1895083e-03,371204,1042.61102,1775.52392,1.5908170e+05,4.6673935e+01,6.7442026e+03,1.4804626e+01,1.6655320e+05,4.8865334e+01,0,nan,nan,nan,nan,1042.61102,2.7391946e-04,1775.52392,2.4452389e-04,-1.4887095e-02,-1.0472276e-02
-0.3268753663796815,1.000216657647049,0.0002820764406574512,1920.9250446338237,3.1836401e-03,499296,471.02839,463.89258,1.6422831e+05,4.6239372e+01,2.6129019e+03,1.3425922e+01,1.6986791e+05,4.7905354e+01,0,nan,nan,nan,nan,471.02839,2.5843008e-04,463.89258,2.9297222e-04,3.0096496e-02,-8.1212334e-03
-0.32686662644323405,1.0002627822595054,0.00028405533886770486,1730.7437733737581,-3.1759888e-03,362370,1328.19985,1819.02248,1.5847592e+05,4.4935234e+01,4.0962217e+03,1.1628175e+01,1.6624777e+05,4.7211163e+01,0,nan,nan,nan,nan,1328.19985,2.5957823e-04,1819.02248,2.2909492e-04,-3.2403213e-03,4.3720033e-02
-0.32672433004017876,0.9998296031054382,0.00028720862419447676,1914.7903156701632,3.1742861e-03,494879,471.01374,463.88789,1.6425714e+05,4.7082420e+01,5.3404888e+03,1.5075243e+01,1.6980852e+05,4.8778778e+01,0,nan,nan,nan,nan,471.01374,2.6350451e-04,463.88789,2.9905207e-04,1.4957595e-02,-1.4262334e-02
-0.3266004542861083,1.0000434012766617,0.0002819065104566525,1908.6555595459172,3.1377717e-03,490462,471.00020,463.86938,1.6396188e+05,4.6197773e+01,2.6008738e+03,1.3414608e+01,1.6978797e+05,4.7862255e+01,0,nan,nan,nan,nan,471.00020,2.5796931e-04,463.86938,2.9320223e-04,-3.8528906e-05,-3.4473456e-02
-0.3265235711560308,1.000127311870104,0.000282456830091983,1902.5207564290472,3.0542649e-03,486045,470.98305,463.85078,1.6398339e+05,4.6298279e+01,2.8327461e+03,1.3588677e+01,1.6984009e+05,4.7966385e+01,0,nan,nan,nan,nan,470.98305,2.5850409e-04,463.85078,2.9400492e-04,-1.8055845e-02,-5.4832406e-02
-0.32639363861107995,0.9999522486079243,0.0002842800911588024,1718.4744863615902,-3.0238961e-03,353536,1328.20284,1818.97845,1.5783773e+05,4.4945374e+01,4.3995610e+03,1.1800618e+01,1.6610225e+05,4.7221817e+01,0,nan,nan,nan,nan,1328.20284,2.6062751e-04,1818.97845,2.3120207e-04,3.0102346e-05,-3.9498606e-03
-0.32610972326301635,1.0002115742008029,0.00028214688921050535,1712.3398902769381,-2.9004286e-03,349119,1328.20316,1818.98347,1.5837580e+05,4.4647087e+01,2.9685725e+03,1.1041868e+01,1.6629052e+05,4.6908424e+01,0,nan,nan,nan,nan,1328.20316,2.5778470e-04,1818.98347,2.2796687e-04,1.7164303e-04,7.1804429e-04
-0.3260494322244085,0.9996677134361753,0.00029775631885121473,1761.4189905679773,-2.9445258e-03,384456,1042.63473,1775.57399,1.5929952e+05,4.7383827e+01,9.3037666e+03,1.5953378e+01,1.6655255e+05,4.9608559e+01,0,nan,nan,nan,nan,1042.63473,2.7890471e-04,1775.57399,2.4884651e-04,1.1262095e-02,4.4343118e-02
-0.32600788015270155,0.9998304231309377,0.00029052397828219944,1755.284152120049,-3.0635123e-03,380039,1042.60899,1775.56835,1.5909239e+05,4.6220264e+01,5.0312725e+03,1.4040804e+01,1.6653412e+05,4.8390362e+01,0,nan,nan,nan,nan,1042.60899,2.7039379e-04,1775.56835,2.4116173e-04,-1.6580781e-02,3.7431806e-02
-0.3258127915269142,1.0000533249634833,0.0002934844442246868,1743.0145872086746,-3.1895014e-03,371205,1042.61337,1775.51738,1.5909756e+05,4.6684971e+01,6.7646953e+03,1.4823139e+01,1.6654883e+05,4.8876884e+01,0,nan,nan,nan,nan,1042.61337,2.7384021e-04,1775.51738,2.4456368e-04,-1.2981461e-02,-1.7600376e-02
-0.3254864792461376,0.9994471413685256,0.0002818954534497311,1920.9264335209573,3.1836389e-03,499297,471.02035,463.87766,1.6403453e+05,4.6209702e+01,2.5978623e+03,1.3423775e+01,1.6973720e+05,4.7874615e+01,0,nan,nan,nan,nan,471.02035,2.5855453e-04,463.87766,2.9332790e-04,2.2106621e-02,-2.5050845e-02
-0.3254777465406278,0.9999497118593037,0.00028428259245463,1730.7451622536607,-3.1759972e-03,362371,1328.20003,1819.02075,1.5844331e+05,4.4971092e+01,4.1055718e+03,1.1693150e+01,1.6619542e+05,4.7248840e+01,0,nan,nan,nan,nan,1328.20003,2.5986036e-04,1819.02075,2.2939661e-04,-2.7850515e-03,4.1900955e-02
-0.32533543731915415,0.9994020300185891,0.00028702684040494384,1914.7917045628842,3.1742905e-03,494880,471.01040,463.89741,1.6403230e+05,4.7052685e+01,5.3630615e+03,1.5083505e+01,1.6973611e+05,4.8747967e+01,0,nan,nan,nan,nan,471.01040,2.6384104e-04,463.89741,2.9953849e-04,1.2501203e-02,-3.3655809e-03
-0.3252115510877047,0.9999048376709688,0.0002820310327824022,1908.6569484491156,3.1377866e-03,490463,471.00022,463.88592,1.6389775e+05,4.6218132e+01,2.6132881e+03,1.3504807e+01,1.6976428e+05,4.7883350e+01,0,nan,nan,nan,nan,471.00022,2.5810150e-04,463.88592,2.9326085e-04,6.1803497e-05,-1.5629934e-02
-0.3251346607396499,1.0008130807858189,0.00028254738635060317,1902.5221453394636,3.0542871e-03,486046,470.98749,463.85261,1.6408327e+05,4.6313065e+01,2.8266614e+03,1.3662896e+01,1.6995634e+05,4.7981705e+01,0,nan,nan,nan,nan,470.98749,2.5813136e-04,463.85261,2.9362499e-04,-1.3010982e-02,-5.3270284e-02
-0.3250047740759783,1.0000224101139192,0.0002843411205913457,1718.4758752261253,-3.0239199e-03,353537,1328.20595,1818.99413,1.5780742e+05,4.4955151e+01,4.3935024e+03,1.1802277e+01,1.6611438e+05,4.7232090e+01,0,nan,nan,nan,nan,1328.20595,2.6093068e-04,1818.99413,2.3127606e-04,3.4840940e-03,1.2136400e-02
-0.3247208680411404,1.0000501142286435,0.0002822032485210738,1712.34127913216,-2.9004617e-03,349120,1328.20926,1818.98883,1.5849531e+05,4.4655968e+01,2.9730754e+03,1.1016867e+01,1.6626352e+05,4.6917751e+01,0,nan,nan,nan,nan,1328.20926,2.5752667e-04,1818.98883,2.2736950e-04,6.3802600e-03,7.1696928e-03
-0.3246605129938871,1.0006728474739832,0.0002977671504845906,1761.4203794872078,-2.9444948e-03,384457,1042.63173,1775.56678,1.5930511e+05,4.7385754e+01,9.2977578e+03,1.5986403e+01,1.6672070e+05,4.9610573e+01,0,nan,nan,nan,nan,1042.63173,2.7894511e-04,1775.56678,2.4882381e-04,8.9577921e-03,3.5913810e-02
-0.32461896953691394,0.9998951418609116,0.0002904041968889516,1755.2855410306647,-3.0634899e-03,380040,1042.61493,1775.56706,1.5909684e+05,4.6201202e+01,5.0393672e+03,1.3969907e+01,1.6654489e+05,4.8370407e+01,0,nan,nan,nan,nan,1042.61493,2.7033250e-04,1775.56706,2.4111934e-04,-1.0778544e-02,3.6015701e-02
-0.32442389604602795,1.000577199377146,0.00029345376844066586,1743.0159761041555,-3.1894941e-03,371206,1042.61488,1775.52302,1.5919950e+05,4.6680145e+01,6.7612915e+03,1.4805759e+01,1.6663628e+05,4.8871838e+01,0,nan,nan,nan,nan,1042.61488,2.7349967e-04,1775.52302,2.4420393e-04,-1.0888611e-02,-1.0991627e-02
-0.3240975921135032,1.0001780030843608,0.00028199472489349195,1920.92782240809,3.1836377e-03,499298,471.02507,463.90126,1.6413281e+05,4.6225971e+01,2.6090713e+03,1.3426990e+01,1.6986133e+05,4.7891472e+01,0,nan,nan,nan,nan,471.02507,2.5855933e-04,463.90126,2.9316091e-04,2.7277533e-02,9.0152968e-04
-0.32408886687062477,0.9994832377020376,0.0002839725670748921,1730.7465511333307,-3.1760058e-03,362372,1328.20354,1819.02141,1.5839030e+05,4.4921963e+01,4.0827004e+03,1.1607205e+01,1.6611758e+05,4.7197224e+01,0,nan,nan,nan,nan,1328.20354,2.5961638e-04,1819.02141,2.2949273e-04,5.9109187e-04,4.2495526e-02
-0.3239465448307328,1.0003861579980275,0.0002872036756204324,1914.7930934553726,3.1742947e-03,494881,471.01647,463.89774,1.6432611e+05,4.7081734e+01,5.3440547e+03,1.5070344e+01,1.6990347e+05,4.8778065e+01,0,nan,nan,nan,nan,471.01647,2.6350087e-04,463.89774,2.9904520e-04,1.8558625e-02,-3.3058519e-03
-0.32382264765692526,0.9999160789570775,0.00028207719735749725,1908.6583373525464,3.1378018e-03,490464,470.99885,463.87167,1.6393564e+05,4.6225655e+01,2.6039146e+03,1.3524879e+01,1.6976603e+05,4.7891144e+01,0,nan,nan,nan,nan,470.99885,2.5794152e-04,463.87167,2.9318524e-04,-1.9017148e-03,-3.1383462e-02
-0.3237457500908931,1.0000225792695563,0.00028248082546529946,1902.5235342501123,3.0543094e-03,486047,470.98376,463.85511,1.6397188e+05,4.6302101e+01,2.8202065e+03,1.3678469e+01,1.6982189e+05,4.7970345e+01,0,nan,nan,nan,nan,470.98376,2.5816594e-04,463.85511,2.9361135e-04,-1.7272094e-02,-4.9597278e-02
-0.3236159095401945,0.9998648546994577,0.0002843517489211677,1718.477264090661,-3.0239436e-03,353538,1328.20196,1818.97848,1.5788988e+05,4.4956955e+01,4.4062783e+03,1.1830765e+01,1.6608867e+05,4.7233986e+01,0,nan,nan,nan,nan,1328.20196,2.6055929e-04,1818.97848,2.3099090e-04,-4.8419659e-04,-4.2876196e-03
-0.32333201258484223,0.9999906797322957,0.000282194906929599,1712.3426679876163,-2.9004945e-03,349121,1328.20967,1818.98567,1.5854331e+05,4.4654610e+01,2.9716775e+03,1.1018573e+01,1.6625350e+05,4.6916328e+01,0,nan,nan,nan,nan,1328.20967,2.5743368e-04,1818.98567,2.2767072e-04,7.1761869e-03,3.1248701e-03
-0.32327159376359305,0.9998560192679581,0.00029775687696515846,1761.421768406438,-2.9444639e-03,384458,1042.62850,1775.57132,1.5926873e+05,4.7384315e+01,9.2972598e+03,1.5947422e+01,1.6658531e+05,4.9609066e+01,0,nan,nan,nan,nan,1042.62850,2.7907733e-04,1775.57132,2.4900059e-04,4.7986261e-03,4.1105412e-02
-0.32323005868875043,1.0002607676389854,0.0002904985726528889,1755.2869299415129,-3.0634673e-03,380041,1042.61243,1775.56018,1.5916359e+05,4.6216209e+01,5.0256499e+03,1.3983611e+01,1.6660578e+05,4.8386120e+01,0,nan,nan,nan,nan,1042.61243,2.7036801e-04,1775.56018,2.4125763e-04,-1.2701783e-02,2.8906357e-02
-0.3230350007979723,1.0000828285718348,0.0002935834083534849,1743.0173649994035,-3.1894871e-03,371207,1042.61196,1775.52158,1.5916052e+05,4.6700829e+01,6.7572568e+03,1.4815133e+01,1.6655417e+05,4.8893490e+01,0,nan,nan,nan,nan,1042.61196,2.7399574e-04,1775.52158,2.4456359e-04,-1.4203920e-02,-1.3237611e-02
-0.3227087049799593,0.9998310616753378,0.0002819818560360993,1920.9292112952235,3.1836366e-03,499299,471.02487,463.88744,1.6405202e+05,4.6223862e+01,2.6044014e+03,1.3444534e+01,1.6980239e+05,4.7889282e+01,0,nan,nan,nan,nan,471.02487,2.5879941e-04,463.88744,2.9343794e-04,2.6903411e-02,-1.4752137e-02
-0.3226999869687006,1.0007136822622107,0.00028407566483672154,1730.7479400132327,-3.1760142e-03,362373,1328.19870,1819.01855,1.5854098e+05,4.4938187e+01,4.0794961e+03,1.1595634e+01,1.6632177e+05,4.7214268e+01,0,nan,nan,nan,nan,1328.19870,2.5940547e-04,1819.01855,2.2925220e-04,-4.9652387e-03,3.9377142e-02
-0.3225576523423115,0.9999639894432423,0.00028721755196843443,1914.794482347861,3.1742989e-03,494882,471.01104,463.88447,1.6425175e+05,4.7084072e+01,5.3462676e+03,1.5107972e+01,1.6983200e+05,4.8780483e+01,0,nan,nan,nan,nan,471.01104,2.6342113e-04,463.88447,2.9907213e-04,1.2077260e-02,-1.7673969e-02
-0.32243374445806694,1.0002330120602498,0.00028226753195601494,1908.6597262557452,3.1378167e-03,490465,470.99932,463.87645,1.6399878e+05,4.6256809e+01,2.6027598e+03,1.3592072e+01,1.6981969e+05,4.7923416e+01,0,nan,nan,nan,nan,470.99932,2.5809600e-04,463.87645,2.9321329e-04,-6.5377733e-04,-2.5230341e-02
-0.3223568394414542,1.0000997205501128,0.00028243355823810815,1902.5249231607618,3.0543318e-03,486048,470.98306,463.85196,1.6390914e+05,4.6294296e+01,2.8340518e+03,1.3671709e+01,1.6983478e+05,4.7962257e+01,0,nan,nan,nan,nan,470.98306,2.5821145e-04,463.85196,2.9390314e-04,-1.7809527e-02,-5.3140655e-02
-0.32222704477135267,0.9999791589536278,0.00028431806057902437,1718.4786529554299,-3.0239671e-03,353539,1328.20498,1818.98629,1.5784091e+05,4.4951759e+01,4.4135811e+03,1.1820646e+01,1.6610814e+05,4.7228527e+01,0,nan,nan,nan,nan,1328.20498,2.6065140e-04,1818.98629,2.3134792e-04,2.1176250e-03,4.2038579e-03
-0.3219431571287714,0.9997109129078895,0.0002822048985864436,1712.3440568430724,-2.9005273e-03,349122,1328.20689,1818.98555,1.5850116e+05,4.4656155e+01,2.9710396e+03,1.1014894e+01,1.6620684e+05,4.6917950e+01,0,nan,nan,nan,nan,1328.20689,2.5731287e-04,1818.98555,2.2766899e-04,4.4983649e-03,3.9365906e-03
-0.321882674533299,0.9995172618255277,0.00029769975060654297,1761.4231573256684,-2.9444329e-03,384459,1042.63219,1775.57575,1.5919134e+05,4.7375427e+01,9.2993525e+03,1.5956367e+01,1.6652959e+05,4.9599762e+01,0,nan,nan,nan,nan,1042.63219,2.7933967e-04,1775.57575,2.4900967e-04,8.3801802e-03,4.5220330e-02
-0.3218411478401322,0.9996255496470191,0.00029039440771623715,1755.2883188523615,-3.0634447e-03,380042,1042.60939,1775.56976,1.5913841e+05,4.6199638e+01,5.0259136e+03,1.3960793e+01,1.6649995e+05,4.8368767e+01,0,nan,nan,nan,nan,1042.60939,2.7015340e-04,1775.56976,2.4092532e-04,-1.6625060e-02,3.8901698e-02
-0.32164610531617654,1.0002393887871635,0.00029347001277339806,1743.0187538948853,-3.1894799e-03,371208,1042.61284,1775.52113,1.5913764e+05,4.6682846e+01,6.7589146e+03,1.4817862e+01,1.6658045e+05,4.8874668e+01,0,nan,nan,nan,nan,1042.61284,2.7389894e-04,1775.52113,2.4444499e-04,-1.3064425e-02,-1.3749478e-02
-0.3213198178464154,0.9998177552137526,0.00028200306891192366,1920.930600182357,3.1836354e-03,499300,471.02645,463.88818,1.6404283e+05,4.6227333e+01,2.6155745e+03,1.3481981e+01,1.6980011e+05,4.7892879e+01,0,nan,nan,nan,nan,471.02645,2.5872301e-04,463.88818,2.9340026e-04,2.8856620e-02,-1.3087312e-02
-0.3213111072996071,0.9999182934960649,0.0002840401989226618,1730.7493288929018,-3.1760228e-03,362374,1328.20462,1819.02249,1.5838155e+05,4.4932495e+01,4.0874307e+03,1.1661984e+01,1.6618925e+05,4.7208282e+01,0,nan,nan,nan,nan,1328.20462,2.5973053e-04,1819.02249,2.2941626e-04,1.3306842e-03,4.3651719e-02
-0.32116875962083213,1.0002626089332711,0.00028727567479764466,1914.7958712405825,3.1743033e-03,494883,471.01418,463.90100,1.6431142e+05,4.7093662e+01,5.3354634e+03,1.5122405e+01,1.6988294e+05,4.8790424e+01,0,nan,nan,nan,nan,471.01418,2.6333623e-04,463.90100,2.9881432e-04,1.5899394e-02,-2.1567382e-04
-0.3210448412592086,1.0003104810850034,0.000281999711667945,1908.661115158944,3.1378316e-03,490466,470.99529,463.87388,1.6394647e+05,4.6212872e+01,2.5959980e+03,1.3462681e+01,1.6983267e+05,4.7877899e+01,0,nan,nan,nan,nan,470.99529,2.5811576e-04,463.87388,2.9341993e-04,-5.0243116e-03,-2.8356414e-02
-0.3209679287920153,1.0002321691023575,0.0002824227835287975,1902.5263120714112,3.0543541e-03,486049,470.98817,463.85892,1.6398758e+05,4.6292480e+01,2.8367427e+03,1.3639370e+01,1.6985706e+05,4.7960373e+01,0,nan,nan,nan,nan,470.98817,2.5815124e-04,463.85892,2.9367153e-04,-1.2997608e-02,-4.5296196e-02
-0.320838180236251,0.9999208331675489,0.0002843770713436544,1718.480041819965,-3.0239909e-03,353540,1328.20530,1818.98569,1.5788202e+05,4.4961224e+01,4.4116265e+03,1.1841680e+01,1.6609894e+05,4.7238472e+01,0,nan,nan,nan,nan,1328.20530,2.6076840e-04,1818.98569,2.3084509e-04,2.6725694e-03,4.2628208e-03
-0.3205543019068955,0.9995216167381774,0.0002822041979515312,1712.3454456982943,-2.9005604e-03,349123,1328.20727,1818.97962,1.5850800e+05,4.4656013e+01,2.9732319e+03,1.1018326e+01,1.6617527e+05,4.6917801e+01,0,nan,nan,nan,nan,1328.20727,2.5745388e-04,1818.97962,2.2769820e-04,4.9450588e-03,-2.7314457e-03
-0.32049375530277757,1.0000855737978294,0.0002976924214549431,1761.424546244899,-2.9444019e-03,384460,1042.62969,1775.56592,1.5921883e+05,4.7374466e+01,9.3339902e+03,1.5973364e+01,1.6662500e+05,4.9598755e+01,0,nan,nan,nan,nan,1042.62969,2.7893489e-04,1775.56592,2.4893248e-04,6.4801238e-03,3.6028303e-02
-0.3204522369924234,1.000347075338701,0.00029048347561339265,1755.2897077632092,-3.0634222e-03,380043,1042.61738,1775.56564,1.5924805e+05,4.6213806e+01,5.0204561e+03,1.3958777e+01,1.6662012e+05,4.8383602e+01,0,nan,nan,nan,nan,1042.61738,2.7008826e-04,1775.56564,2.4090664e-04,-8.0160573e-03,3.4338113e-02
-0.32025721006766616,1.0005065819919414,0.0002935943836408017,1743.0201427901338,-3.1894729e-03,371209,1042.61397,1775.51975,1.5923292e+05,4.6702694e+01,6.7531763e+03,1.4812074e+01,1.6662517e+05,4.8895443e+01,0,nan,nan,nan,nan,1042.61397,2.7360776e-04,1775.51975,2.4446961e-04,-1.2946491e-02,-1.4578054e-02
-0.319930930713781,0.9999201461817342,0.0002819927454077491,1920.9319890694896,3.1836343e-03,499301,471.02157,463.88413,1.6413833e+05,4.6225639e+01,2.6049705e+03,1.3440316e+01,1.6981747e+05,4.7891121e+01,0,nan,nan,nan,nan,471.02157,2.5829129e-04,463.88413,2.9323445e-04,2.3872271e-02,-1.7368203e-02
-0.3199222273970008,1.0002664254330995,0.00028412879049633243,1730.7507177728044,-3.1760312e-03,362375,1328.19596,1819.01980,1.5848527e+05,4.4946419e+01,4.1024170e+03,1.1655229e+01,1.6624678e+05,4.7222916e+01,0,nan,nan,nan,nan,1328.19596,2.5929589e-04,1819.01980,2.2907776e-04,-8.0376370e-03,4.1274507e-02
-0.3197798671321834,1.0002185358059728,0.00028721716321809473,1914.7972601330712,3.1743075e-03,494884,471.01270,463.88977,1.6432334e+05,4.7084137e+01,5.3138555e+03,1.5088213e+01,1.6987569e+05,4.8780556e+01,0,nan,nan,nan,nan,471.01270,2.6331970e-04,463.88977,2.9882547e-04,1.4211331e-02,-1.1692489e-02
-0.31965593782751967,0.9995032385808801,0.00028182282301985223,1908.6625040623758,3.1378467e-03,490467,470.99838,463.87226,1.6386428e+05,4.6183846e+01,2.5890828e+03,1.3412876e+01,1.6969547e+05,4.7847824e+01,0,nan,nan,nan,nan,470.99838,2.5811253e-04,463.87226,2.9323387e-04,-1.6973553e-03,-2.9893704e-02
-0.3195790181425764,1.0000715070353452,0.0002824058680910957,1902.5277009820607,3.0543765e-03,486050,470.98766,463.86016,1.6396738e+05,4.6289654e+01,2.8249656e+03,1.3638226e+01,1.6982958e+05,4.7957443e+01,0,nan,nan,nan,nan,470.98766,2.5828215e-04,463.86016,2.9366778e-04,-1.2985731e-02,-4.3769367e-02
-0.3194493157011493,0.9997717306572022,0.00028433747814062026,1718.4814306845,-3.0240146e-03,353541,1328.20744,1818.98779,1.5783678e+05,4.4955101e+01,4.4264038e+03,1.1848083e+01,1.6607467e+05,4.7232037e+01,0,nan,nan,nan,nan,1328.20744,2.6091456e-04,1818.98779,2.3118257e-04,4.8864093e-03,5.2574249e-03
-0.31916544645196154,0.9999607710658348,0.0002822121167458382,1712.3468345537492,-2.9005932e-03,349124,1328.20720,1818.98874,1.5848489e+05,4.4657234e+01,2.9709866e+03,1.1055981e+01,1.6624817e+05,4.6919086e+01,0,nan,nan,nan,nan,1328.20720,2.5749084e-04,1818.98874,2.2753266e-04,4.3764561e-03,7.4396078e-03
-0.3191048360727109,1.000211373381703,0.0002977995349407886,1761.425935164129,-2.9443710e-03,384461,1042.62909,1775.57122,1.5933038e+05,4.7391712e+01,9.3022930e+03,1.5965854e+01,1.6664667e+05,4.9616814e+01,0,nan,nan,nan,nan,1042.62909,2.7892709e-04,1775.57122,2.4888272e-04,5.9315152e-03,4.0935472e-02
-0.3190633263775453,1.0003344731908486,0.00029042816204691524,1755.291096673824,-3.0633998e-03,380044,1042.61079,1775.56868,1.5915417e+05,4.6205002e+01,5.0101831e+03,1.3974129e+01,1.6661803e+05,4.8374386e+01,0,nan,nan,nan,nan,1042.61079,2.7014417e-04,1775.56868,2.4110261e-04,-1.3725382e-02,3.7479177e-02
-0.3188683145858704,1.0002576800498786,0.0002934658819098834,1743.0215316856156,-3.1894657e-03,371210,1042.61939,1775.50819,1.5913564e+05,4.6682312e+01,6.7767954e+03,1.4798118e+01,1.6658394e+05,4.8874107e+01,0,nan,nan,nan,nan,1042.61939,2.7358395e-04,1775.50819,2.4477416e-04,-5.9860372e-03,-2.7873732e-02
-0.3185420435806918,0.9995610606289286,0.00028193525934155553,1920.9333779566227,3.1836331e-03,499302,471.02578,463.88955,1.6407922e+05,4.6216206e+01,2.6033794e+03,1.3415605e+01,1.6975647e+05,4.7881351e+01,0,nan,nan,nan,nan,471.02578,2.5854274e-04,463.88955,2.9357462e-04,2.7889483e-02,-1.1368468e-02
-0.3185333477269978,0.9998838560229791,0.0002841696456827956,1730.7521066524744,-3.1760398e-03,362376,1328.20384,1819.01929,1.5849314e+05,4.4952789e+01,4.0839639e+03,1.1651168e+01,1.6618286e+05,4.7229610e+01,0,nan,nan,nan,nan,1328.20384,2.5944543e-04,1819.01929,2.2929868e-04,5.9899717e-04,4.0784750e-02
-0.31839097464398947,0.9995010370777844,0.0002869599335479256,1914.7986490255594,3.1743117e-03,494885,471.01293,463.88522,1.6397250e+05,4.7042034e+01,5.3409868e+03,1.5061281e+01,1.6975408e+05,4.8736938e+01,0,nan,nan,nan,nan,471.01293,2.6405454e-04,463.88522,3.0009088e-04,1.4514943e-02,-1.7553309e-02
-0.31826703462866135,0.9998497363450368,0.00028192181678848274,1908.6638929655746,3.1378616e-03,490468,470.99989,463.87688,1.6373105e+05,4.6200024e+01,2.5859048e+03,1.3518545e+01,1.6975414e+05,4.7864586e+01,0,nan,nan,nan,nan,470.99989,2.5855887e-04,463.87688,2.9377840e-04,4.8241713e-05,-2.5202464e-02
-0.3181901074931375,0.9997064767509158,0.00028235114966081566,1902.52908989271,3.0543988e-03,486051,470.98352,463.85513,1.6391989e+05,4.6280628e+01,2.8304622e+03,1.3628916e+01,1.6976739e+05,4.7948093e+01,0,nan,nan,nan,nan,470.98352,2.5813465e-04,463.85513,2.9364249e-04,-1.7832275e-02,-4.8901744e-02
-0.31806045093185276,0.9997819954548356,0.0002844003354106689,1718.4828195492694,-3.0240382e-03,353542,1328.20285,1818.98457,1.5788175e+05,4.4965168e+01,4.4260273e+03,1.1865227e+01,1.6607688e+05,4.7242619e+01,0,nan,nan,nan,nan,1328.20285,2.6068123e-04,1818.98457,2.3076509e-04,3.5576528e-04,2.1256113e-03
-0.31777659099657285,1.000249164515391,0.0002821498087318142,1712.3482234092046,-2.9006260e-03,349125,1328.20519,1818.97840,1.5850220e+05,4.4647354e+01,2.9746489e+03,1.1015512e+01,1.6629602e+05,4.6908703e+01,0,nan,nan,nan,nan,1328.20519,2.5736119e-04,1818.97840,2.2792075e-04,2.3275819e-03,-4.4418094e-03
-0.31771591684218947,0.9996942280324064,0.00029782593068800875,1761.4273240833595,-2.9443400e-03,384462,1042.63245,1775.57090,1.5925427e+05,4.7396122e+01,9.3395898e+03,1.6010633e+01,1.6656123e+05,4.9621429e+01,0,nan,nan,nan,nan,1042.63245,2.7899537e-04,1775.57090,2.4890245e-04,9.0066688e-03,4.0416475e-02
-0.31767441552892706,1.000897123468785,0.00029053142074638116,1755.2924855846727,-3.0633772e-03,380045,1042.61056,1775.56772,1.5929834e+05,4.6221432e+01,5.0230566e+03,1.3955437e+01,1.6671173e+05,4.8391586e+01,0,nan,nan,nan,nan,1042.61056,2.7012918e-04,1775.56772,2.4088875e-04,-1.4886431e-02,3.6675345e-02
-0.31747941933736,0.9995050836708255,0.00029343468121257286,1743.0229205808641,-3.1894587e-03,371211,1042.61419,1775.53269,1.5901172e+05,4.6677410e+01,6.7565142e+03,1.4836550e+01,1.6645881e+05,4.8868973e+01,0,nan,nan,nan,nan,1042.61419,2.7398003e-04,1775.53269,2.4459360e-04,-1.1948422e-02,-9.9921774e-04
-0.3171531564480574,1.0000027123457438,0.0002821283800818864,1920.9347668437554,3.1836319e-03,499303,471.02447,463.88777,1.6414380e+05,4.6247852e+01,2.6017043e+03,1.3502681e+01,1.6983145e+05,4.7914139e+01,0,nan,nan,nan,nan,471.02447,2.5837842e-04,463.88777,2.9333154e-04,2.6344918e-02,-1.4019936e-02
-0.3171444678237094,0.9998702371670876,0.0002839720587456082,1730.7534955323777,-3.1760482e-03,362377,1328.20204,1819.01484,1.5828758e+05,4.4921444e+01,4.0848252e+03,1.1625932e+01,1.6618027e+05,4.7196678e+01,0,nan,nan,nan,nan,1328.20204,2.5995323e-04,1819.01484,2.3007931e-04,-8.9079846e-04,3.4288652e-02
-0.3170020819234196,0.9999909522156306,0.000287171804739187,1914.80003791828,3.1743161e-03,494886,471.01796,463.90577,1.6432500e+05,4.7076836e+01,5.3058574e+03,1.5068529e+01,1.6983753e+05,4.8772991e+01,0,nan,nan,nan,nan,471.01796,2.6364007e-04,463.90577,2.9854773e-04,2.0662148e-02,4.4648261e-03
-0.3168781311978819,1.0000995414788654,0.00028192484202934395,1908.6652818690054,3.1378767e-03,490469,470.99771,463.88073,1.6393989e+05,4.6200474e+01,2.5865840e+03,1.3445500e+01,1.6979639e+05,4.7865055e+01,0,nan,nan,nan,nan,470.99771,2.5781564e-04,463.88073,2.9363667e-04,-2.8762666e-03,-2.1692742e-02
-0.31680119684369856,0.9999412537609277,0.0002823047536757301,1902.5304788033595,3.0544212e-03,486052,470.98559,463.85839,1.6396508e+05,4.6272964e+01,2.8262751e+03,1.3577462e+01,1.6980705e+05,4.7940155e+01,0,nan,nan,nan,nan,470.98559,2.5827091e-04,463.85839,2.9365314e-04,-1.5503156e-02,-4.6639200e-02
-0.31667158639515947,0.9998033662451354,0.0002844260087959313,1718.484208413806,-3.0240619e-03,353543,1328.20147,1818.98453,1.5783520e+05,4.4969368e+01,4.4324038e+03,1.1856969e+01,1.6608094e+05,4.7247028e+01,0,nan,nan,nan,nan,1328.20147,2.6059957e-04,1818.98453,2.3118574e-04,-1.1407195e-03,2.5773770e-03
-0.3163877357740148,0.9998819345772577,0.00028213538347879693,1712.3496122644272,-2.9006591e-03,349126,1328.20605,1818.98122,1.5851730e+05,4.4645042e+01,2.9793972e+03,1.0987292e+01,1.6623488e+05,4.6906277e+01,0,nan,nan,nan,nan,1328.20605,2.5724672e-04,1818.98122,2.2757790e-04,2.5501279e-03,-1.1765026e-03
-0.3163269976118954,0.9995250145349389,0.00029786147918407356,1761.4287130025898,-2.9443090e-03,384463,1042.63136,1775.57187,1.5922458e+05,4.7401989e+01,9.3510039e+03,1.6020456e+01,1.6653378e+05,4.9627571e+01,0,nan,nan,nan,nan,1042.63136,2.7916615e-04,1775.57187,2.4905230e-04,8.7116165e-03,4.1957375e-02
-0.31628550468076355,0.9998062967358049,0.0002903969091913271,1755.2938744955209,-3.0633546e-03,380046,1042.61529,1775.56632,1.5906944e+05,4.6200031e+01,5.0063203e+03,1.3988026e+01,1.6653005e+05,4.8369179e+01,0,nan,nan,nan,nan,1042.61529,2.7028113e-04,1775.56632,2.4115897e-04,-9.4158072e-03,3.5469949e-02
-0.31609052385556424,0.9997289988566288,0.0002934127651838083,1743.024309476346,-3.1894515e-03,371212,1042.61636,1775.51077,1.5893223e+05,4.6673985e+01,6.7697383e+03,1.4822584e+01,1.6649631e+05,4.8865387e+01,0,nan,nan,nan,nan,1042.61636,2.7393724e-04,1775.51077,2.4536066e-04,-9.0977810e-03,-2.4861844e-02
-0.3157642693145135,1.0002461763015402,0.00028206910337737727,1920.936155730889,3.1836308e-03,499304,471.02410,463.88963,1.6419759e+05,4.6238129e+01,2.6084885e+03,1.3456315e+01,1.6987277e+05,4.7904064e+01,0,nan,nan,nan,nan,471.02410,2.5841472e-04,463.88963,2.9314053e-04,2.6422678e-02,-1.1920843e-02
-0.3157555881539338,0.999897626590749,0.0002842478790413095,1730.7548844120474,-3.1760568e-03,362378,1328.19756,1819.02296,1.5843184e+05,4.4964985e+01,4.0791379e+03,1.1678021e+01,1.6618448e+05,4.7242424e+01,0,nan,nan,nan,nan,1328.19756,2.5970733e-04,1819.02296,2.2988682e-04,-6.2914281e-03,4.4140808e-02
-0.31561318943522565,0.9995523310984861,0.00028697696892420436,1914.8014268107681,3.1743203e-03,494887,471.01179,463.89789,1.6397761e+05,4.7044975e+01,5.3170059e+03,1.5051717e+01,1.6976330e+05,4.8739979e+01,0,nan,nan,nan,nan,471.01179,2.6397477e-04,463.89789,3.0003829e-04,1.4174190e-02,-3.9222478e-03
-0.3154892279994783,0.9999889863870587,0.0002819915255650608,1908.6666707722038,3.1378916e-03,490470,470.99746,463.87322,1.6392116e+05,4.6211365e+01,2.6076230e+03,1.3491641e+01,1.6977747e+05,4.7876335e+01,0,nan,nan,nan,nan,470.99746,2.5797976e-04,463.87322,2.9330363e-04,-3.3217927e-03,-2.9409777e-02
-0.31541228619425965,1.0004283148804882,0.0002824057555559274,1902.531867714009,3.0544435e-03,486053,470.98641,463.85168,1.6396709e+05,4.6289463e+01,2.8120352e+03,1.3651793e+01,1.6988956e+05,4.7957249e+01,0,nan,nan,nan,nan,470.98641,2.5807452e-04,463.85168,2.9392002e-04,-1.4667816e-02,-5.4284073e-02
-0.31528272185937567,1.0001448833203261,0.0002845552673479494,1718.4855972783419,-3.0240857e-03,353544,1328.20742,1818.99084,1.5796248e+05,4.4989944e+01,4.4388315e+03,1.1829451e+01,1.6613819e+05,4.7268646e+01,0,nan,nan,nan,nan,1328.20742,2.6085295e-04,1818.99084,2.3114607e-04,4.5842472e-03,8.7692766e-03
-0.3149988803193082,1.0005481906604539,0.00028214726090869673,1712.3510011198819,-2.9006919e-03,349127,1328.21194,1818.98236,1.5846809e+05,4.4646908e+01,2.9782979e+03,1.1016324e+01,1.6634558e+05,4.6908234e+01,0,nan,nan,nan,nan,1328.21194,2.5779766e-04,1818.98236,2.2873704e-04,9.9638756e-03,-7.4441591e-04
-0.31493807838160137,1.000262616222092,0.00029786870835787573,1761.43010192182,-2.9442781e-03,384464,1042.62952,1775.57138,1.5926100e+05,4.7403351e+01,9.3482979e+03,1.6025978e+01,1.6665741e+05,4.9628994e+01,0,nan,nan,nan,nan,1042.62952,2.7926717e-04,1775.57138,2.4886883e-04,5.8974908e-03,4.0765584e-02
-0.3148965938321453,0.9994739371195529,0.000290427896336085,1755.2952634063695,-3.0633321e-03,380047,1042.61035,1775.56138,1.5906097e+05,4.6204960e+01,5.0097935e+03,1.3967811e+01,1.6647469e+05,4.8374344e+01,0,nan,nan,nan,nan,1042.61035,2.7047124e-04,1775.56138,2.4145274e-04,-1.5109098e-02,3.0494560e-02
-0.31470162837376847,1.0002244899947221,0.0002932953238723202,1743.0256983718277,-3.1894443e-03,371213,1042.61342,1775.52373,1.5896281e+05,4.6655361e+01,6.7739897e+03,1.4810202e+01,1.6657905e+05,4.8845890e+01,0,nan,nan,nan,nan,1042.61342,2.7395456e-04,1775.52373,2.4495742e-04,-1.1926348e-02,-1.1404010e-02
-0.3143753821800601,1.000281440326826,0.0002822433524050331,1920.9375446180234,3.1836296e-03,499305,471.02584,463.88990,1.6422231e+05,4.6266682e+01,2.5899019e+03,1.3550887e+01,1.6987872e+05,4.7933647e+01,0,nan,nan,nan,nan,471.02584,2.5837048e-04,463.88990,2.9301125e-04,2.8193491e-02,-1.1565717e-02
-0.31436670825200963,0.9998798667355377,0.00028421461835734447,1730.7562732919494,-3.1760652e-03,362379,1328.20495,1819.02441,1.5850888e+05,4.4959637e+01,4.1017236e+03,1.1679899e+01,1.6618120e+05,4.7236801e+01,0,nan,nan,nan,nan,1328.20495,2.5948999e-04,1819.02441,2.2922091e-04,1.0749549e-03,4.5551326e-02
-0.31422429694657694,1.0007034601018339,0.00028729912708179515,1914.8028157032568,3.1743245e-03,494888,471.01583,463.89867,1.6438972e+05,4.7097855e+01,5.3083032e+03,1.5063661e+01,1.6995906e+05,4.8794765e+01,0,nan,nan,nan,nan,471.01583,2.6358632e-04,463.89867,2.9912466e-04,1.7504152e-02,-2.0341689e-03
-0.31410032480062,0.9999227217078811,0.00028194919996982854,1908.6680596754027,3.1379065e-03,490471,471.00115,463.87868,1.6380936e+05,4.6204384e+01,2.5855945e+03,1.3493083e+01,1.6976606e+05,4.7869102e+01,0,nan,nan,nan,nan,471.00115,2.5842583e-04,463.87868,2.9349653e-04,1.4694587e-03,-2.3562046e-02
-0.3140233757785609,1.000747066055085,0.00028242448755375386,1902.5332566244247,3.0544656e-03,486054,470.98619,463.86155,1.6401778e+05,4.6292480e+01,2.8309761e+03,1.3617611e+01,1.6994348e+05,4.7960373e+01,0,nan,nan,nan,nan,470.98619,2.5832045e-04,463.86155,2.9366580e-04,-1.4659593e-02,-4.2565264e-02
-0.31389385709144335,0.9993433209411471,0.0002843729960432373,1718.4869861431098,-3.0241092e-03,353545,1328.20487,1818.98003,1.5785978e+05,4.4961269e+01,4.4358677e+03,1.1847791e+01,1.6600556e+05,4.7238518e+01,0,nan,nan,nan,nan,1328.20487,2.6059785e-04,1818.98003,2.3104288e-04,1.7074451e-03,-2.1221738e-03
-0.31361002486460166,1.0004842497559316,0.0002821411754571075,1712.3523899753366,-2.9007248e-03,349128,1328.20548,1818.99141,1.5858992e+05,4.4645927e+01,2.9774775e+03,1.0984276e+01,1.6633488e+05,4.6907204e+01,0,nan,nan,nan,nan,1328.20548,2.5717349e-04,1818.99141,2.2754035e-04,2.4835845e-03,9.2357593e-03
-0.31354915915107995,0.9991967863209661,0.0002978667328502344,1761.4314908410506,-2.9442471e-03,384465,1042.62821,1775.57091,1.5918770e+05,4.7403248e+01,9.3766660e+03,1.6014219e+01,1.6648058e+05,4.9628887e+01,0,nan,nan,nan,nan,1042.62821,2.7918676e-04,1775.57091,2.4914238e-04,4.4072219e-03,4.0996298e-02
-0.3135076829839818,0.999792643316804,0.00029032791834583644,1755.2966523172176,-3.0633095e-03,380048,1042.61424,1775.57226,1.5911878e+05,4.6189060e+01,5.0011909e+03,1.3941709e+01,1.6652778e+05,4.8357693e+01,0,nan,nan,nan,nan,1042.61424,2.7012519e-04,1775.57226,2.4103545e-04,-1.1099145e-02,4.1310687e-02
-0.3133127331252581,1.0003872443780735,0.0002938633231557743,1743.0270872670762,-3.1894373e-03,371214,1042.61486,1775.52221,1.5924897e+05,4.6745773e+01,6.7793315e+03,1.4868330e+01,1.6660636e+05,4.8940548e+01,0,nan,nan,nan,nan,1042.61486,2.7422569e-04,1775.52221,2.4486618e-04,-1.1256277e-02,-1.2442496e-02
-0.3129864950465162,0.9997894938659696,0.00028197533308537066,1920.938933505157,3.1836284e-03,499306,471.02231,463.88828,1.6403589e+05,4.6222736e+01,2.5932256e+03,1.3475769e+01,1.6979512e+05,4.7888115e+01,0,nan,nan,nan,nan,471.02231,2.5861425e-04,463.88828,2.9343442e-04,2.3952676e-02,-1.3197497e-02
-0.31297782834940335,0.9997833515552589,0.0002840280689674547,1730.757662171852,-3.1760735e-03,362380,1328.19647,1819.02004,1.5832523e+05,4.4930038e+01,4.0867568e+03,1.1664623e+01,1.6616483e+05,4.7205704e+01,0,nan,nan,nan,nan,1328.19647,2.5986196e-04,1819.02004,2.2958034e-04,-6.9965413e-03,4.0412799e-02
-0.31283540422464284,0.9997094343137269,0.0002869659419841838,1914.8042045959787,3.1743289e-03,494889,471.01783,463.89025,1.6418100e+05,4.7043308e+01,5.2863145e+03,1.5020812e+01,1.6979052e+05,4.8738258e+01,0,nan,nan,nan,nan,471.01783,2.6337762e-04,463.89025,2.9938173e-04,1.8863158e-02,-1.1623428e-02
-0.3127114213684763,1.0002083498277892,0.0002820550036014197,1908.6694485788348,3.1379217e-03,490472,470.99852,463.87675,1.6389194e+05,4.6221676e+01,2.5800664e+03,1.3518153e+01,1.6981439e+05,4.7887024e+01,0,nan,nan,nan,nan,470.99852,2.5827804e-04,463.87675,2.9351836e-04,-1.5861207e-03,-2.5000313e-02
-0.31263446513003146,0.9998657158885834,0.0002824668203599739,1902.5346455350732,3.0544880e-03,486055,470.98770,463.85678,1.6398572e+05,4.6299362e+01,2.8390378e+03,1.3641917e+01,1.6979361e+05,4.7967503e+01,0,nan,nan,nan,nan,470.98770,2.5813343e-04,463.85678,2.9360040e-04,-1.3333458e-02,-4.8317205e-02
-0.3125049925563417,1.0002079281541252,0.0002843377988165107,1718.488375007645,-3.0241329e-03,353546,1328.19910,1818.98660,1.5787339e+05,4.4955845e+01,4.4324492e+03,1.1814702e+01,1.6614972e+05,4.7232822e+01,0,nan,nan,nan,nan,1328.19910,2.6074940e-04,1818.98660,2.3102188e-04,-4.5617898e-03,4.0639783e-03
-0.3122211696411341,1.0005068506714871,0.0002821872484905633,1712.35377883056,-2.9007578e-03,349129,1328.20937,1818.97682,1.5850333e+05,4.4653202e+01,2.9946296e+03,1.1018456e+01,1.6633858e+05,4.6914848e+01,0,nan,nan,nan,nan,1328.20937,2.5767536e-04,1818.97682,2.2844896e-04,7.1544549e-03,-6.8147709e-03
-0.31216023992101327,1.0002892401443406,0.0002979205174509666,1761.4328797602807,-2.9442161e-03,384466,1042.62971,1775.57026,1.5941233e+05,4.7412022e+01,9.3573203e+03,1.5983730e+01,1.6666336e+05,4.9638073e+01,0,nan,nan,nan,nan,1042.62971,2.7919532e-04,1775.57026,2.4859147e-04,6.0125426e-03,3.9630443e-02
-0.31211877213536354,0.9994000499347878,0.00029037781129479407,1755.2980412280663,-3.0632869e-03,380049,1042.61434,1775.57032,1.5905320e+05,4.6196995e+01,5.0115513e+03,1.3945897e+01,1.6646241e+05,4.8366005e+01,0,nan,nan,nan,nan,1042.61434,2.7066839e-04,1775.57032,2.4128389e-04,-1.0868308e-02,3.9354149e-02
-0.3119238376434623,0.99981508483344,0.00029359016579045736,1743.028476162558,-3.1894301e-03,371215,1042.61375,1775.51991,1.5907194e+05,4.6702385e+01,6.7910210e+03,1.4834708e+01,1.6651130e+05,4.8895119e+01,0,nan,nan,nan,nan,1042.61375,2.7402779e-04,1775.51991,2.4500652e-04,-1.2203921e-02,-1.5341056e-02
-0.3115976079138818,0.9995136011889736,0.00028215771399531974,1920.9403223922895,3.1836273e-03,499307,471.02589,463.88236,1.6412512e+05,4.6252617e+01,2.5935850e+03,1.3509316e+01,1.6974822e+05,4.7919075e+01,0,nan,nan,nan,nan,471.02589,2.5846722e-04,463.88236,2.9323145e-04,2.8055659e-02,-1.9399842e-02
-0.31158894867940035,0.9998373554722982,0.0002839959497275465,1730.759051051522,-3.1760822e-03,362381,1328.20023,1819.01970,1.5835703e+05,4.4924866e+01,4.0940334e+03,1.1645918e+01,1.6617347e+05,4.7200268e+01,0,nan,nan,nan,nan,1328.20023,2.5957497e-04,1819.01970,2.2961224e-04,-3.0570650e-03,4.0066522e-02
-0.31144651173599414,0.9996899942193633,0.00028717355160584406,1914.8055934884674,3.1743331e-03,494890,471.01267,463.89270,1.6423706e+05,4.7077419e+01,5.2900317e+03,1.5066769e+01,1.6978748e+05,4.8773594e+01,0,nan,nan,nan,nan,471.01267,2.6354261e-04,463.89270,2.9917425e-04,1.4212320e-02,-8.9367870e-03
-0.311322518169618,1.0001014254820604,0.00028200275114953797,1908.6708374820337,3.1379366e-03,490473,470.99855,463.88103,1.6396525e+05,4.6213078e+01,2.5956375e+03,1.3471377e+01,1.6979609e+05,4.7878109e+01,0,nan,nan,nan,nan,470.99855,2.5794719e-04,463.88103,2.9299848e-04,-1.7655402e-03,-2.1023467e-02
-0.31124555448059255,0.9996532503894551,0.0002822947040050611,1902.5360344457226,3.0545103e-03,486056,470.98341,463.85136,1.6383903e+05,4.6271095e+01,2.8305833e+03,1.3616179e+01,1.6975733e+05,4.7938217e+01,0,nan,nan,nan,nan,470.98341,2.5825039e-04,463.85136,2.9385905e-04,-1.7215604e-02,-5.3950805e-02
-0.3111161280205579,1.0002113740185035,0.0002844320058568948,1718.4897638721807,-3.0241567e-03,353547,1328.20357,1818.98571,1.5795602e+05,4.4970886e+01,4.4470625e+03,1.1818970e+01,1.6615083e+05,4.7248623e+01,0,nan,nan,nan,nan,1328.20357,2.6072277e-04,1818.98571,2.3079741e-04,5.7460688e-04,3.7861159e-03
-0.3108323141850633,1.0004784013347692,0.0002822436574829551,1712.355167686016,-2.9007907e-03,349130,1328.20134,1818.98336,1.5855169e+05,4.4662117e+01,2.9833574e+03,1.1011164e+01,1.6633381e+05,4.6924213e+01,0,nan,nan,nan,nan,1328.20134,2.5766683e-04,1818.98336,2.2768641e-04,-9.0509036e-04,4.9299299e-04
-0.31077132069049185,1.000386924256703,0.00029809662587439026,1761.4342686795112,-2.9441852e-03,384467,1042.63048,1775.57232,1.5945275e+05,4.7440258e+01,9.3937969e+03,1.6034502e+01,1.6668039e+05,4.9667641e+01,0,nan,nan,nan,nan,1042.63048,2.7906263e-04,1775.57232,2.4876103e-04,6.5199747e-03,4.2278811e-02
-0.31072986151957593,0.9993952043925897,0.00029059861608450084,1755.299430138682,-3.0632645e-03,380050,1042.60994,1775.56150,1.5905466e+05,4.6232128e+01,5.0267207e+03,1.3979399e+01,1.6646161e+05,4.8402786e+01,0,nan,nan,nan,nan,1042.60994,2.7058582e-04,1775.56150,2.4177053e-04,-1.5586618e-02,2.9760314e-02
-0.3105349423954067,1.0001036721447887,0.00029349874489399767,1743.029865057806,-3.1894231e-03,371216,1042.61148,1775.52082,1.5916867e+05,4.6687897e+01,6.8008291e+03,1.4819006e+01,1.6655956e+05,4.8879955e+01,0,nan,nan,nan,nan,1042.61148,2.7354917e-04,1775.52082,2.4455012e-04,-1.4689046e-02,-1.3458802e-02
-0.3102087207812474,0.9993702104983619,0.00028185158795590744,1920.9417112794222,3.1836261e-03,499308,471.02074,463.89018,1.6398309e+05,4.6202423e+01,2.5880952e+03,1.3432872e+01,1.6972381e+05,4.7867073e+01,0,nan,nan,nan,nan,471.02074,2.5842365e-04,463.89018,2.9348102e-04,2.2318223e-02,-1.0750216e-02
-0.31020006877679407,0.9994374660073532,0.000284005757206105,1730.7604399314246,-3.1760905e-03,362382,1328.20353,1819.02347,1.5829164e+05,4.4926319e+01,4.0834202e+03,1.1671280e+01,1.6610666e+05,4.7201801e+01,0,nan,nan,nan,nan,1328.20353,2.5983900e-04,1819.02347,2.2943431e-04,9.9229533e-04,4.4764578e-02
-0.3100576192482549,1.0001396224602817,0.00028701851070219743,1914.806982380955,3.1743373e-03,494891,471.00863,463.90091,1.6419728e+05,4.7052086e+01,5.2970708e+03,1.5055033e+01,1.6986414e+05,4.8747345e+01,0,nan,nan,nan,nan,471.00863,2.6358003e-04,463.90091,2.9888141e-04,1.0708232e-02,1.5192214e-05
-0.3099336149712144,0.9999914586474967,0.0002819337027728062,1908.672226385232,3.1379515e-03,490474,470.99947,463.87360,1.6387525e+05,4.6201717e+01,2.5832793e+03,1.3474296e+01,1.6977727e+05,4.7866344e+01,0,nan,nan,nan,nan,470.99947,2.5801107e-04,463.87360,2.9357863e-04,-1.0760763e-03,-2.9071666e-02
-0.30985664383024414,0.9997060614583643,0.0002822307278652443,1902.537423356373,3.0545327e-03,486057,470.98959,463.85730,1.6386669e+05,4.6260555e+01,2.8418174e+03,1.3578892e+01,1.6976609e+05,4.7927296e+01,0,nan,nan,nan,nan,470.98959,2.5828343e-04,463.85730,2.9395628e-04,-1.1852275e-02,-4.7667209e-02
-0.30972726325171607,0.9993602848522419,0.00028434220950151296,1718.4911527369495,-3.0241802e-03,353548,1328.20943,1818.98930,1.5786050e+05,4.4956841e+01,4.4385996e+03,1.1836339e+01,1.6600998e+05,4.7233864e+01,0,nan,nan,nan,nan,1328.20943,2.6079026e-04,1818.98930,2.3074837e-04,6.5767169e-03,7.6707243e-03
-0.3094434587303567,1.0000935777061,0.00028245585120292583,1712.3565565414708,-2.9008235e-03,349131,1328.21447,1818.99042,1.5855059e+05,4.4695686e+01,2.9819153e+03,1.1133722e+01,1.6626980e+05,4.6959484e+01,0,nan,nan,nan,nan,1328.21447,2.5789178e-04,1818.99042,2.2727066e-04,1.2604397e-02,9.1644321e-03
-0.3093824014599704,1.000251248621957,0.000297886109166791,1761.4356575987417,-2.9441542e-03,384468,1042.62724,1775.56617,1.5924270e+05,4.7406979e+01,9.3870439e+03,1.5999117e+01,1.6665855e+05,4.9632793e+01,0,nan,nan,nan,nan,1042.62724,2.7957221e-04,1775.56617,2.4919934e-04,3.9888984e-03,3.5648409e-02
-0.30934095067141243,1.0007050253736034,0.0002904856428834668,1755.3008190495302,-3.0632420e-03,380051,1042.61145,1775.56816,1.5925855e+05,4.6214157e+01,5.0022388e+03,1.3970913e+01,1.6667978e+05,4.8383972e+01,0,nan,nan,nan,nan,1042.61145,2.7013151e-04,1775.56816,2.4084750e-04,-1.3971940e-02,3.7234958e-02
-0.3091460469145204,1.0002684520260134,0.0002933557781044428,1743.031253953287,-3.1894159e-03,371217,1042.62272,1775.52913,1.5894331e+05,4.6665215e+01,6.8033804e+03,1.4827787e+01,1.6658722e+05,4.8856209e+01,0,nan,nan,nan,nan,1042.62272,2.7404612e-04,1775.52913,2.4509514e-04,-1.8666886e-03,-6.3843904e-03
-0.30881983364815824,0.9993523491287462,0.0002823955949987729,1920.9431001665553,3.1836249e-03,499309,471.02586,463.89522,1.6407523e+05,4.6291584e+01,2.5906838e+03,1.3627748e+01,1.6972073e+05,4.7959446e+01,0,nan,nan,nan,nan,471.02586,2.5876754e-04,463.89522,2.9353186e-04,2.7819270e-02,-5.3629335e-03
-0.30881118910701844,0.999994494435704,0.0002841730796403924,1730.7618288110943,-3.1760992e-03,362383,1328.19965,1819.02016,1.5845469e+05,4.4952694e+01,4.1016826e+03,1.1688141e+01,1.6619889e+05,4.7229511e+01,0,nan,nan,nan,nan,1328.19965,2.5965160e-04,1819.02016,2.2922139e-04,-3.3237454e-03,4.1213743e-02
-0.30866872676006096,1.0001255358994448,0.0002871636861978374,1914.8083712734433,3.1743415e-03,494892,471.01791,463.89604,1.6431306e+05,4.7075958e+01,5.2955078e+03,1.5054029e+01,1.6986203e+05,4.8772083e+01,0,nan,nan,nan,nan,471.01791,2.6353713e-04,463.89604,2.9882629e-04,1.9277571e-02,-4.8855515e-03
-0.30854471154043495,0.9995815167231558,0.00028205746455087433,1908.6736152886629,3.1379666e-03,490475,471.00111,463.86985,1.6384786e+05,4.6221954e+01,2.5867344e+03,1.3561190e+01,1.6970752e+05,4.7887310e+01,0,nan,nan,nan,nan,471.00111,2.5818645e-04,463.86985,2.9344976e-04,7.2899164e-04,-3.3257935e-02
-0.3084677331808052,1.000112119468491,0.0002824090794967207,1902.5388122670224,3.0545550e-03,486058,470.98368,463.85081,1.6395395e+05,4.6289730e+01,2.8296934e+03,1.3633854e+01,1.6983484e+05,4.7957527e+01,0,nan,nan,nan,nan,470.98368,2.5810138e-04,463.85081,2.9374094e-04,-1.7467307e-02,-5.4775231e-02
-0.3083383987166144,0.999918896394602,0.0002842637845786404,1718.4925416014846,-3.0242039e-03,353549,1328.20122,1818.98108,1.5775800e+05,4.4944584e+01,4.4678057e+03,1.1816362e+01,1.6610333e+05,4.7220989e+01,0,nan,nan,nan,nan,1328.20122,2.6071604e-04,1818.98108,2.3143196e-04,-1.4428190e-03,-1.9778528e-03
-0.3080546035084808,1.0003998702475063,0.00028228993626274644,1712.3579453966927,-2.9008565e-03,349132,1328.19970,1818.97714,1.5861872e+05,4.4669426e+01,2.9799692e+03,1.1036186e+01,1.6632070e+05,4.6931892e+01,0,nan,nan,nan,nan,1328.19970,2.5708068e-04,1818.97714,2.2763734e-04,-3.6290730e-03,-6.1301575e-03
-0.30799348222990375,1.0003818676350846,0.00029811019722158366,1761.4370465179718,-2.9441232e-03,384469,1042.62931,1775.57115,1.5937225e+05,4.7442860e+01,9.4042734e+03,1.6025753e+01,1.6668108e+05,4.9670361e+01,0,nan,nan,nan,nan,1042.62931,2.7911615e-04,1775.57115,2.4917288e-04,5.7967193e-03,4.0900130e-02
-0.3079520398227942,1.0002091494077792,0.0002905824039291603,1755.3022079603788,-3.0632194e-03,380052,1042.61798,1775.56087,1.5917378e+05,4.6229565e+01,5.0238169e+03,1.4005575e+01,1.6659722e+05,4.8400097e+01,0,nan,nan,nan,nan,1042.61798,2.7063244e-04,1775.56087,2.4107780e-04,-7.5603528e-03,2.9354835e-02
-0.30775715143272464,1.000522882250673,0.00029366840161935384,1743.0326428487688,-3.1894087e-03,371218,1042.60858,1775.51881,1.5919241e+05,4.6715008e+01,6.8083833e+03,1.4827298e+01,1.6662981e+05,4.8908340e+01,0,nan,nan,nan,nan,1042.60858,2.7382901e-04,1775.51881,2.4475669e-04,-1.7192174e-02,-1.5813939e-02
-0.30743094651461433,0.9993522697160772,0.00028195088322885935,1920.9444890536888,3.1836238e-03,499310,471.02145,463.88341,1.6403288e+05,4.6218666e+01,2.5921570e+03,1.3451671e+01,1.6972066e+05,4.7883904e+01,0,nan,nan,nan,nan,471.02145,2.5856882e-04,463.88341,2.9329577e-04,2.3169516e-02,-1.8319396e-02
-0.3074223092050943,1.000327620088524,0.00028414542086392067,1730.7632176909963,-3.1761075e-03,362384,1328.20119,1819.02152,1.5843050e+05,4.4948227e+01,4.1012520e+03,1.1655637e+01,1.6625391e+05,4.7224815e+01,0,nan,nan,nan,nan,1328.20119,2.5957162e-04,1819.02152,2.2940559e-04,-2.3249853e-03,4.2601433e-02
-0.3072798340394911,1.0000159508767497,0.00028703190420439846,1914.8097601661639,3.1743459e-03,494893,471.01286,463.88856,1.6432319e+05,4.7054436e+01,5.2625308e+03,1.5029271e+01,1.6984370e+05,4.8749786e+01,0,nan,nan,nan,nan,471.01286,2.6332255e-04,463.88856,2.9851292e-04,1.4367995e-02,-1.3126726e-02
-0.30715580834157663,0.9996685660661648,0.0002819918496005263,1908.6750041918617,3.1379815e-03,490476,471.00125,463.88301,1.6379892e+05,4.6211166e+01,2.6066472e+03,1.3500936e+01,1.6972214e+05,4.7876129e+01,0,nan,nan,nan,nan,471.00125,2.5851873e-04,463.88301,2.9381752e-04,1.2399367e-03,-1.8700602e-02
-0.3070788225322758,1.0005277718379804,0.0002826569254880523,1902.540201177671,3.0545774e-03,486059,470.99037,463.85988,1.6402689e+05,4.6330303e+01,2.8279922e+03,1.3737169e+01,1.6990523e+05,4.7999557e+01,0,nan,nan,nan,nan,470.99037,2.5842822e-04,463.85988,2.9365427e-04,-1.1529770e-02,-4.3355167e-02
-0.3069495339486821,0.9997708764147127,0.00028444848531477846,1718.4939304662526,-3.0242275e-03,353550,1328.21019,1818.98858,1.5788606e+05,4.4973938e+01,4.4594995e+03,1.1849553e+01,1.6607930e+05,4.7251831e+01,0,nan,nan,nan,nan,1328.21019,2.6081962e-04,1818.98858,2.3092491e-04,7.7194981e-03,6.8589505e-03
-0.30666574805286473,1.0001492972474844,0.0002821770236446942,1712.3593342521483,-2.9008894e-03,349133,1328.21097,1818.98852,1.5859739e+05,4.4651554e+01,2.9722800e+03,1.0990099e+01,1.6627902e+05,4.6913116e+01,0,nan,nan,nan,nan,1328.21097,2.5737684e-04,1818.98852,2.2718111e-04,8.8883350e-03,6.5737069e-03
-0.3066045629993823,1.0002874709261027,0.0002979827489539111,1761.4384354372023,-2.9440923e-03,384470,1042.62727,1775.57166,1.5934458e+05,4.7422794e+01,9.4188369e+03,1.6029413e+01,1.6666612e+05,4.9649357e+01,0,nan,nan,nan,nan,1042.62727,2.7920416e-04,1775.57166,2.4883638e-04,3.8854040e-03,4.1054867e-02
-0.3065631289744033,1.0000542944727782,0.00029058821565547486,1755.3035968712272,-3.0631968e-03,380053,1042.60878,1775.56725,1.5915631e+05,4.6230488e+01,4.9987974e+03,1.4016742e+01,1.6657144e+05,4.8401070e+01,0,nan,nan,nan,nan,1042.60878,2.7069639e-04,1775.56725,2.4119760e-04,-1.6448054e-02,3.5968784e-02
-0.30636825618421426,0.9996851705450959,0.00029360271023287204,1743.0340317440173,-3.1894017e-03,371219,1042.61320,1775.52344,1.5904370e+05,4.6704620e+01,6.8013809e+03,1.4858074e+01,1.6649052e+05,4.8897461e+01,0,nan,nan,nan,nan,1042.61320,2.7428157e-04,1775.52344,2.4487803e-04,-1.2764133e-02,-1.1211105e-02
-0.30604205938107043,0.9998985180020462,0.0002821733885636873,1920.9458779408224,3.1836226e-03,499311,471.02887,463.89202,1.6418162e+05,4.6255127e+01,2.5902373e+03,1.3521053e+01,1.6981338e+05,4.7921677e+01,0,nan,nan,nan,nan,471.02887,2.5852257e-04,463.89202,2.9299883e-04,3.1319011e-02,-8.6324895e-03
-0.30603342930294275,1.0004576949064887,0.0002842060634231925,1730.7646065708984,-3.1761159e-03,362385,1328.20401,1819.02078,1.5850598e+05,4.4957726e+01,4.1021226e+03,1.1673515e+01,1.6627519e+05,4.7234795e+01,0,nan,nan,nan,nan,1328.20401,2.5964490e-04,1819.02078,2.2922207e-04,-1.4241938e-05,4.1570187e-02
-0.3058909415499329,0.9994697099038651,0.0002866483935635332,1914.8111490586534,3.1743501e-03,494894,471.01144,463.89849,1.6383009e+05,4.6991650e+01,5.2776177e+03,1.4991610e+01,1.6975123e+05,4.8684734e+01,0,nan,nan,nan,nan,471.01144,2.6440251e-04,463.89849,3.0024120e-04,1.4461659e-02,-3.0477508e-03
-0.3057669051427183,0.9999017846278521,0.00028194969489789984,1908.6763930950606,3.1379964e-03,490477,470.99835,463.88099,1.6383606e+05,4.6204216e+01,2.5924128e+03,1.3504749e+01,1.6976158e+05,4.7868927e+01,0,nan,nan,nan,nan,470.99835,2.5811215e-04,463.88099,2.9345546e-04,-2.1158566e-03,-2.0816939e-02
-0.30568991188329164,1.0001357223896703,0.0002823624920352942,1902.54159008832,3.0545997e-03,486060,470.98635,463.85740,1.6396252e+05,4.6281979e+01,2.8226135e+03,1.3610276e+01,1.6983845e+05,4.7949497e+01,0,nan,nan,nan,nan,470.98635,2.5809879e-04,463.85740,2.9363058e-04,-1.4414534e-02,-4.7535487e-02
-0.30556066941221616,0.9996738512499923,0.00028430108423217423,1718.495319330789,-3.0242512e-03,353551,1328.20489,1818.99074,1.5776567e+05,4.4950783e+01,4.4660347e+03,1.1845479e+01,1.6606373e+05,4.7227505e+01,0,nan,nan,nan,nan,1328.20489,2.6100629e-04,1818.99074,2.3098898e-04,2.4359729e-03,8.7067559e-03
-0.30527689259747604,1.0002492551051434,0.00028224839832284316,1712.3607231076037,-2.9009222e-03,349134,1328.20707,1818.98679,1.5845642e+05,4.4662846e+01,2.9782410e+03,1.1051434e+01,1.6629564e+05,4.6924980e+01,0,nan,nan,nan,nan,1328.20707,2.5747347e-04,1818.98679,2.2798069e-04,4.9486184e-03,4.8427838e-03
-0.30521564376931565,1.000771690304878,0.00029823640017509647,1761.4398243564324,-2.9440613e-03,384471,1042.63069,1775.57326,1.5937945e+05,4.7463387e+01,9.4158984e+03,1.6085085e+01,1.6674759e+05,4.9691856e+01,0,nan,nan,nan,nan,1042.63069,2.7919281e-04,1775.57326,2.4919913e-04,7.0582852e-03,4.3159824e-02
-0.3051742181260124,1.0002650163642066,0.0002904767989110076,1755.3049857820756,-3.0631742e-03,380054,1042.61736,1775.56305,1.5914516e+05,4.6212769e+01,4.9978267e+03,1.3994849e+01,1.6660656e+05,4.8382519e+01,0,nan,nan,nan,nan,1042.61736,2.7029528e-04,1775.56305,2.4112732e-04,-7.6127215e-03,3.1532362e-02
-0.3049793607024185,1.0001957966609436,0.00029355934298276257,1743.035420639499,-3.1893945e-03,371220,1042.61852,1775.52601,1.5911783e+05,4.6697781e+01,6.8207993e+03,1.4837828e+01,1.6657578e+05,4.8890301e+01,0,nan,nan,nan,nan,1042.61852,2.7401908e-04,1775.52601,2.4472995e-04,-6.8464144e-03,-8.7124007e-03
-0.3046531722475265,1.000098543351742,0.0002821743404700478,1920.947266827956,3.1836214e-03,499312,471.02406,463.88882,1.6423672e+05,4.6255268e+01,2.5908999e+03,1.3484344e+01,1.6984727e+05,4.7921822e+01,0,nan,nan,nan,nan,471.02406,2.5832350e-04,463.88882,2.9283497e-04,2.5351703e-02,-1.1745160e-02
-0.304644549632485,1.0007997770440042,0.0002842080848027316,1730.7659954505689,-3.1761245e-03,362386,1328.20200,1819.02319,1.5861084e+05,4.4957951e+01,4.0879883e+03,1.1630118e+01,1.6633169e+05,4.7235031e+01,0,nan,nan,nan,nan,1328.20200,2.5950072e-04,1819.02319,2.2892868e-04,-1.8167270e-03,4.3994199e-02
-0.30450204906082945,1.0000342127406805,0.00028688729143362804,1914.8125379511425,3.1743543e-03,494895,471.01474,463.88898,1.6419177e+05,4.7030895e+01,5.2687583e+03,1.4991781e+01,1.6984742e+05,4.8725399e+01,0,nan,nan,nan,nan,471.01474,2.6340978e-04,463.88898,2.9922213e-04,1.6886715e-02,-1.2545800e-02
-0.30437800194386,1.000161946324251,0.00028202516486612464,1908.6777819982594,3.1380113e-03,490478,471.00320,463.87921,1.6390955e+05,4.6216541e+01,2.6166128e+03,1.3493074e+01,1.6980559e+05,4.7881699e+01,0,nan,nan,nan,nan,471.00320,2.5834359e-04,463.87921,2.9335025e-04,3.0569709e-03,-2.2773294e-02
-0.30430100146759287,1.0001667115552617,0.000282461889736304,1902.5429789987356,3.0546219e-03,486061,470.98950,463.85827,1.6398397e+05,4.6298222e+01,2.8345864e+03,1.3636527e+01,1.6984352e+05,4.7966324e+01,0,nan,nan,nan,nan,470.98950,2.5831279e-04,463.85827,2.9382404e-04,-1.1684245e-02,-4.6330512e-02
-0.30417180487552287,0.9996956007556693,0.000284329863360501,1718.4967081953257,-3.0242749e-03,353552,1328.19718,1818.97908,1.5777344e+05,4.4955490e+01,4.4809746e+03,1.1821164e+01,1.6606792e+05,4.7232445e+01,0,nan,nan,nan,nan,1328.19718,2.6089689e-04,1818.97908,2.3122625e-04,-6.5488527e-03,-3.8311325e-03
-0.30388803714276946,0.9999825951871875,0.00028220045333902054,1712.3621119630584,-2.9009550e-03,349135,1328.21143,1818.99076,1.5847866e+05,4.4655262e+01,2.9931050e+03,1.1056367e+01,1.6625131e+05,4.6917011e+01,0,nan,nan,nan,nan,1328.21143,2.5759684e-04,1818.99076,2.2742564e-04,8.7585850e-03,9.1480166e-03
-0.3038267245387942,0.9995715835393001,0.0002980406523729407,1761.441213275663,-2.9440303e-03,384472,1042.63407,1775.57715,1.5919681e+05,4.7432461e+01,9.4419033e+03,1.6063023e+01,1.6654842e+05,4.9659473e+01,0,nan,nan,nan,nan,1042.63407,2.7959869e-04,1775.57715,2.4928665e-04,1.1382577e-02,4.6830598e-02
-0.30378530727739417,1.000019652819487,0.00029054816792632954,1755.3063746929242,-3.0631516e-03,380055,1042.60751,1775.57263,1.5915922e+05,4.6224133e+01,5.0164321e+03,1.4024534e+01,1.6656573e+05,4.8394417e+01,0,nan,nan,nan,nan,1042.60751,2.7033180e-04,1775.57263,2.4100310e-04,-1.8129895e-02,4.1259870e-02
-0.3035904652208501,0.9995554500350862,0.00029331086952873154,1743.0368095349806,-3.1893873e-03,371221,1042.61161,1775.52005,1.5882497e+05,4.6658314e+01,6.8376650e+03,1.4827992e+01,1.6646934e+05,4.8848984e+01,0,nan,nan,nan,nan,1042.61161,2.7423087e-04,1775.52005,2.4512471e-04,-1.5309430e-02,-1.5126569e-02
-0.30326428534681327,1.000045313069291,0.00028213642232380705,1920.9486557148566,3.1836201e-03,499313,471.02469,463.89254,1.6418327e+05,4.6249035e+01,2.5803008e+03,1.3502842e+01,1.6983816e+05,4.7915363e+01,0,nan,nan,nan,nan,471.02469,2.5829228e-04,463.89254,2.9302365e-04,2.6651571e-02,-8.0615636e-03
-0.3032556697291966,0.9996712184594615,0.00028399978989197464,1730.7673843304722,-3.1761329e-03,362387,1328.19717,1819.01925,1.5829905e+05,4.4924908e+01,4.0948801e+03,1.1643609e+01,1.6614377e+05,4.7200314e+01,0,nan,nan,nan,nan,1328.19717,2.6005146e-04,1819.01925,2.2945019e-04,-5.6752297e-03,4.0007029e-02
-0.30311315633980485,0.999902243977001,0.00028719452827130425,1914.8139268438636,3.1743587e-03,494896,471.01450,463.89507,1.6427766e+05,4.7081352e+01,5.2595581e+03,1.5064115e+01,1.6982531e+05,4.8777668e+01,0,nan,nan,nan,nan,471.01450,2.6360268e-04,463.89507,2.9922009e-04,1.6639376e-02,-6.1792168e-03
-0.30298909851217104,1.000070447422162,0.0002820220134662683,1908.6791709016911,3.1380265e-03,490479,470.99942,463.87363,1.6395283e+05,4.6215981e+01,2.5949497e+03,1.3471696e+01,1.6978991e+05,4.7881119e+01,0,nan,nan,nan,nan,470.99942,2.5807015e-04,463.87363,2.9334397e-04,-7.9734530e-04,-2.8941484e-02
-0.30291209081724446,1.000101265077671,0.00028227268561749347,1902.544367909386,3.0546442e-03,486062,470.99017,463.85236,1.6399570e+05,4.6267151e+01,2.8250969e+03,1.3553667e+01,1.6983219e+05,4.7934135e+01,0,nan,nan,nan,nan,470.99017,2.5815092e-04,463.85236,2.9353160e-04,-1.0755010e-02,-5.2620050e-02
-0.3027829401069084,0.9997616092051143,0.0002845177932165575,1718.4980970600943,-3.0242985e-03,353553,1328.20775,1818.98901,1.5779670e+05,4.4985355e+01,4.4526079e+03,1.1910467e+01,1.6607945e+05,4.7263828e+01,0,nan,nan,nan,nan,1328.20775,2.6122399e-04,1818.98901,2.3125221e-04,5.7734903e-03,6.9727921e-03
-0.30249918192089353,1.0004629240473741,0.00028238216677932995,1712.3635008182803,-2.9009881e-03,349136,1328.20373,1818.97360,1.5862928e+05,4.4684021e+01,3.0030806e+03,1.1051155e+01,1.6633119e+05,4.6947231e+01,0,nan,nan,nan,nan,1328.20373,2.5751354e-04,1818.97360,2.2810127e-04,7.8266551e-04,-9.7019859e-03
-0.3024378053082728,0.9998128231180643,0.00029792443369769877,1761.4426021948934,-2.9439994e-03,384473,1042.63050,1775.56625,1.5922028e+05,4.7414188e+01,9.4556553e+03,1.6041267e+01,1.6658941e+05,4.9640347e+01,0,nan,nan,nan,nan,1042.63050,2.7929235e-04,1775.56625,2.4924078e-04,6.9542788e-03,3.5475805e-02
-0.30239639642923066,0.9993462764636938,0.0002903302567120254,1755.3077636037724,-3.0631290e-03,380056,1042.61251,1775.56702,1.5907934e+05,4.6189476e+01,5.0108442e+03,1.3950762e+01,1.6645359e+05,4.8358128e+01,0,nan,nan,nan,nan,1042.61251,2.7025482e-04,1775.56702,2.4112160e-04,-1.3140538e-02,3.5287656e-02
-0.30220156997211234,1.0002693982105928,0.0002936718358092835,1743.0381984302294,-3.1893803e-03,371222,1042.61896,1775.52199,1.5909444e+05,4.6715794e+01,6.8292949e+03,1.4871817e+01,1.6658845e+05,4.8909161e+01,0,nan,nan,nan,nan,1042.61896,2.7417098e-04,1775.52199,2.4512745e-04,-6.4436630e-03,-1.2785785e-02
-0.30187539821417886,0.9999903168203977,0.00028210892778696026,1920.9500446019892,3.1836189e-03,499314,471.02487,463.88871,1.6416570e+05,4.6244503e+01,2.6018125e+03,1.3495880e+01,1.6982875e+05,4.7910671e+01,0,nan,nan,nan,nan,471.02487,2.5826695e-04,463.88871,2.9317455e-04,2.6819346e-02,-1.2543906e-02
-0.3018667898265903,1.0002572501050966,0.000283986278435039,1730.7687732103748,-3.1761413e-03,362388,1328.20960,1819.02967,1.5829689e+05,4.4922672e+01,4.0960942e+03,1.1662980e+01,1.6624083e+05,4.7197968e+01,0,nan,nan,nan,nan,1328.20960,2.6036659e-04,1819.02967,2.2980729e-04,6.9246120e-03,5.0948005e-02
-0.30172426385206563,1.0002735471264315,0.00028714322156369394,1914.8153157363513,3.1743629e-03,494897,471.01641,463.90074,1.6435877e+05,4.7073025e+01,5.2537095e+03,1.5061744e+01,1.6988869e+05,4.8769043e+01,0,nan,nan,nan,nan,471.01641,2.6329004e-04,463.90074,2.9857509e-04,1.8140173e-02,-7.2491186e-04
-0.3016001953142222,0.9999379913723189,0.00028195278602944127,1908.680559804889,3.1380414e-03,490480,471.00074,463.87851,1.6391978e+05,4.6204594e+01,2.5904072e+03,1.3453903e+01,1.6976727e+05,4.7869324e+01,0,nan,nan,nan,nan,471.00074,2.5809841e-04,463.87851,2.9332071e-04,6.2894507e-04,-2.3720346e-02
-0.3015231801673508,0.9995027506609075,0.00028241861562556105,1902.5457568200359,3.0546666e-03,486063,470.98492,463.86150,1.6385936e+05,4.6291016e+01,2.8322524e+03,1.3692581e+01,1.6973036e+05,4.7958858e+01,0,nan,nan,nan,nan,470.98492,2.5827769e-04,463.86150,2.9389438e-04,-1.6005319e-02,-4.2971250e-02
-0.30139407557180675,1.0001151541353088,0.00028431933993780864,1718.4994859246294,-3.0243222e-03,353554,1328.20379,1818.98654,1.5783294e+05,4.4954136e+01,4.4695400e+03,1.1816039e+01,1.6613877e+05,4.7231022e+01,0,nan,nan,nan,nan,1328.20379,2.6079413e-04,1818.98654,2.3126321e-04,1.0333104e-03,3.6035385e-03
-0.30111032646550484,1.0002254474323233,0.000282166576721711,1712.3648896737357,-2.9010209e-03,349137,1328.20754,1818.98846,1.5852903e+05,4.4649914e+01,2.9950771e+03,1.1013350e+01,1.6629173e+05,4.6911396e+01,0,nan,nan,nan,nan,1328.20754,2.5743624e-04,1818.98846,2.2709202e-04,4.8754155e-03,6.7998548e-03
-0.3010488860782061,0.99966955585265,0.0002980452755643975,1761.4439911141235,-2.9439684e-03,384474,1042.62749,1775.56655,1.5924614e+05,4.7433651e+01,9.4459980e+03,1.6037382e+01,1.6656634e+05,4.9660721e+01,0,nan,nan,nan,nan,1042.62749,2.7923778e-04,1775.56655,2.4943918e-04,4.4463030e-03,3.6525421e-02
-0.3010074855806124,0.9993578208003885,0.0002906021007765551,1755.309152514621,-3.0631064e-03,380057,1042.61041,1775.56493,1.5909883e+05,4.6232735e+01,5.0261626e+03,1.4037882e+01,1.6645555e+05,4.8403416e+01,0,nan,nan,nan,nan,1042.61041,2.7050101e-04,1775.56493,2.4124731e-04,-1.5187138e-02,3.3400211e-02
-0.30081267449031657,1.0000299763904559,0.00029351257112116745,1743.0395873257112,-3.1893731e-03,371223,1042.61004,1775.51963,1.5902258e+05,4.6690521e+01,6.8311895e+03,1.4866039e+01,1.6654880e+05,4.8882702e+01,0,nan,nan,nan,nan,1042.61004,2.7402208e-04,1775.51963,2.4486971e-04,-1.5655734e-02,-1.5292499e-02
-0.30048651108154445,0.9994336727042064,0.0002820030756010724,1920.9514334891219,3.1836177e-03,499315,471.02487,463.88554,1.6405334e+05,4.6227135e+01,2.5957371e+03,1.3477125e+01,1.6973414e+05,4.7892673e+01,0,nan,nan,nan,nan,471.02487,2.5871393e-04,463.88554,2.9316923e-04,2.7023146e-02,-1.5490551e-02
-0.3004779101565873,0.9995532930636115,0.0002839753286085742,1730.7701620900448,-3.1761499e-03,362389,1328.19814,1819.01457,1.5827234e+05,4.4920849e+01,4.0909197e+03,1.1665095e+01,1.6612347e+05,4.7196053e+01,0,nan,nan,nan,nan,1328.19814,2.5981083e-04,1819.01457,2.2994634e-04,-4.2403978e-03,3.4622975e-02
-0.3003353713643264,0.9996995327668312,0.00028712749174440646,1914.816704628839,3.1743671e-03,494898,471.01434,463.89396,1.6418175e+05,4.7070534e+01,5.2555449e+03,1.5086989e+01,1.6979152e+05,4.8766464e+01,0,nan,nan,nan,nan,471.01434,2.6383996e-04,463.89396,2.9916820e-04,1.6004920e-02,-7.2315112e-03
-0.3002112921153639,0.9998880968289481,0.00028208568420803404,1908.681948708088,3.1380563e-03,490481,470.99848,463.87832,1.6388161e+05,4.6226334e+01,2.6071892e+03,1.3505814e+01,1.6975864e+05,4.7891842e+01,0,nan,nan,nan,nan,470.99848,2.5850482e-04,463.87832,2.9342866e-04,-1.8875676e-03,-2.4373876e-02
-0.3001342695188214,1.0002038779184077,0.0002823741324755439,1902.5471457306844,3.0546889e-03,486064,470.98869,463.85208,1.6399322e+05,4.6283672e+01,2.8202014e+03,1.3601933e+01,1.6984922e+05,4.7951248e+01,0,nan,nan,nan,nan,470.98869,2.5824210e-04,463.85208,2.9368262e-04,-1.1929913e-02,-5.3054888e-02
-0.30000521080387443,0.9998912048879789,0.00028439966971559614,1718.5008747893974,-3.0243457e-03,353555,1328.20582,1818.98109,1.5787320e+05,4.4966995e+01,4.4818711e+03,1.1829169e+01,1.6610214e+05,4.7244534e+01,0,nan,nan,nan,nan,1328.20582,2.6085068e-04,1818.98109,2.3111876e-04,3.0218144e-03,-1.2267507e-03
-0.29972147100920665,1.000103345207116,0.0002822185707323066,1712.366278529192,-2.9010538e-03,349138,1328.20819,1818.98236,1.5848862e+05,4.4658154e+01,3.0223271e+03,1.1044214e+01,1.6627147e+05,4.6920052e+01,0,nan,nan,nan,nan,1328.20819,2.5748386e-04,1818.98236,2.2724635e-04,4.9746684e-03,6.2447315e-04
-0.2996599668476847,0.9996355258496736,0.00029782046756718925,1761.445380033354,-2.9439374e-03,384475,1042.63533,1775.57867,1.5916419e+05,4.7398106e+01,9.4442383e+03,1.6010061e+01,1.6656148e+05,4.9623505e+01,0,nan,nan,nan,nan,1042.63533,2.7946607e-04,1775.57867,2.4928080e-04,1.1923900e-02,4.8325989e-02
-0.2996185749650522,0.9996431567329965,0.0002904052500982435,1755.3105414252366,-3.0630841e-03,380058,1042.61599,1775.57236,1.5911091e+05,4.6201424e+01,5.0168076e+03,1.3971959e+01,1.6650311e+05,4.8370640e+01,0,nan,nan,nan,nan,1042.61599,2.7021769e-04,1775.57236,2.4117983e-04,-8.6850002e-03,4.1539758e-02
-0.29942377900897554,1.000499292456607,0.00029347712123558255,1743.0409762211925,-3.1893658e-03,371224,1042.61585,1775.53578,1.5914267e+05,4.6684944e+01,6.8422656e+03,1.4821085e+01,1.6662717e+05,4.8876862e+01,0,nan,nan,nan,nan,1042.61585,2.7388742e-04,1775.53578,2.4484034e-04,-9.2352321e-03,1.6909782e-03
-0.29909762394800055,0.9997978501397781,0.0002820081550140205,1920.9528223762554,3.1836166e-03,499316,471.01987,463.88646,1.6397964e+05,4.6227940e+01,2.5943564e+03,1.3447698e+01,1.6979591e+05,4.7893513e+01,0,nan,nan,nan,nan,471.01987,2.5881364e-04,463.88646,2.9420713e-04,2.1409452e-02,-1.5410552e-02
-0.29908903025466316,0.9993233894394076,0.0002840709798505255,1730.7715509699467,-3.1761583e-03,362390,1328.19825,1819.01615,1.5834834e+05,4.4935879e+01,4.1012974e+03,1.1682313e+01,1.6608491e+05,4.7211845e+01,0,nan,nan,nan,nan,1328.19825,2.5951417e-04,1819.01615,2.2959527e-04,-5.2259425e-03,3.6604982e-02
-0.2989464786433018,0.9996556664655969,0.0002868461567410329,1914.81809352156,3.1743716e-03,494899,471.01618,463.89742,1.6404028e+05,4.7024506e+01,5.2522729e+03,1.5036527e+01,1.6978439e+05,4.8718777e+01,0,nan,nan,nan,nan,471.01618,2.6376703e-04,463.89742,2.9942111e-04,1.8760581e-02,-3.6328461e-03
-0.2988223889165056,1.0001661326853588,0.00028197756669805045,1908.6833376112868,3.1380712e-03,490482,471.00087,463.87123,1.6391483e+05,4.6208572e+01,2.5841431e+03,1.3476680e+01,1.6980569e+05,4.7873444e+01,0,nan,nan,nan,nan,471.00087,2.5800234e-04,463.87123,2.9324109e-04,1.9095167e-04,-3.1292785e-02
-0.2987453588698372,0.9995865824856178,0.0002823246720133832,1902.5485346413334,3.0547113e-03,486065,470.98219,463.85439,1.6383733e+05,4.6275513e+01,2.8283816e+03,1.3651489e+01,1.6974419e+05,4.7942795e+01,0,nan,nan,nan,nan,470.98219,2.5820042e-04,463.85439,2.9386234e-04,-1.9225778e-02,-5.0716512e-02
-0.29861634626809064,1.000077296010042,0.00028463565608269283,1718.5022636539331,-3.0243695e-03,353556,1328.20086,1818.98575,1.5792316e+05,4.5004467e+01,4.4835137e+03,1.1890677e+01,1.6613364e+05,4.7283905e+01,0,nan,nan,nan,nan,1328.20086,2.6083857e-04,1818.98575,2.3121633e-04,-2.4055419e-03,3.7483431e-03
-0.29833261555381796,1.0003653697284116,0.0002821734657360035,1712.3676673846473,-2.9010866e-03,349139,1328.20765,1818.98964,1.5834689e+05,4.4651028e+01,3.0047305e+03,1.1047145e+01,1.6631509e+05,4.6912567e+01,0,nan,nan,nan,nan,1328.20765,2.5813642e-04,1818.98964,2.2909653e-04,6.2364955e-03,6.6972645e-03
-0.298271047617618,1.0003963734027788,0.00029796912954422114,1761.446768952584,-2.9439065e-03,384476,1042.62815,1775.56858,1.5934286e+05,4.7421993e+01,9.4599961e+03,1.6031942e+01,1.6668906e+05,4.9648518e+01,0,nan,nan,nan,nan,1042.62815,2.7911508e-04,1775.56858,2.4908248e-04,3.8788940e-03,3.8356047e-02
-0.2982296641166613,1.0000773602637851,0.00029047459205184,1755.311930336085,-3.0630615e-03,380059,1042.61260,1775.56522,1.5921459e+05,4.6212467e+01,5.0030508e+03,1.3969830e+01,1.6657547e+05,4.8382198e+01,0,nan,nan,nan,nan,1042.61260,2.7000866e-04,1775.56522,2.4108011e-04,-1.2881534e-02,3.3755843e-02
-0.2980348837609199,0.9999274991983943,0.0002936327772388128,1743.0423651164406,-3.1893589e-03,371225,1042.61383,1775.51861,1.5905866e+05,4.6709763e+01,6.8399292e+03,1.4867004e+01,1.6653216e+05,4.8902847e+01,0,nan,nan,nan,nan,1042.61383,2.7413614e-04,1775.51861,2.4518045e-04,-1.2329451e-02,-1.7089712e-02
-0.29770873681445664,1.000101739117061,0.0002821066193729455,1920.954211263389,3.1836154e-03,499317,471.02769,463.88770,1.6410769e+05,4.6244061e+01,2.5962566e+03,1.3490662e+01,1.6984744e+05,4.7910213e+01,0,nan,nan,nan,nan,471.02769,2.5857324e-04,463.88770,2.9359845e-04,2.9169427e-02,-1.3725761e-02
-0.297700150352739,1.0004360431577208,0.0002841637521150579,1730.7729398498486,-3.1761667e-03,362391,1328.20372,1819.02032,1.5856670e+05,4.4950462e+01,4.1008462e+03,1.1636007e+01,1.6626948e+05,4.7227165e+01,0,nan,nan,nan,nan,1328.20372,2.5939374e-04,1819.02032,2.2900446e-04,-4.2903094e-04,4.1786943e-02
-0.29755758615419836,1.0001142957996567,0.00028680983878650804,1914.8194824140492,3.1743757e-03,494900,471.01308,463.89395,1.6426864e+05,4.7018642e+01,5.2355557e+03,1.4943007e+01,1.6986261e+05,4.8712704e+01,0,nan,nan,nan,nan,471.01308,2.6318038e-04,463.89395,2.9889721e-04,1.4674901e-02,-7.1658469e-03
-0.2974334854852714,0.9998458854585098,0.00028206662665943694,1908.684726514718,3.1380863e-03,490483,471.00015,463.88179,1.6394122e+05,4.6223122e+01,2.6000449e+03,1.3490621e+01,1.6975117e+05,4.7888519e+01,0,nan,nan,nan,nan,471.00015,2.5826646e-04,463.88179,2.9309327e-04,1.1135053e-04,-1.9973651e-02
-0.29735644845322895,0.9997759160640757,0.00028243038148288095,1902.54992355175,3.0547334e-03,486066,470.98448,463.85069,1.6381550e+05,4.6292782e+01,2.8371489e+03,1.3639631e+01,1.6977614e+05,4.7960686e+01,0,nan,nan,nan,nan,470.98448,2.5859260e-04,463.85069,2.9448466e-04,-1.6785391e-02,-5.5133034e-02
-0.2972274814992488,0.9996566903971833,0.00028444070072652423,1718.503652518702,-3.0243930e-03,353557,1328.20944,1818.99235,1.5778778e+05,4.4973801e+01,4.4806665e+03,1.1895859e+01,1.6606436e+05,4.7251686e+01,0,nan,nan,nan,nan,1328.20944,2.6119815e-04,1818.99235,2.3120186e-04,7.3843473e-03,1.0442218e-02
-0.2969437600991114,0.9999508088601309,0.0002819687025107215,1712.369056240102,-2.9011194e-03,349140,1328.22746,1819.01479,1.5818759e+05,4.4618641e+01,3.0101726e+03,1.1038112e+01,1.6624622e+05,4.6878536e+01,0,nan,nan,nan,nan,1328.22746,2.5926143e-04,1819.01479,2.2899761e-04,2.6719838e-02,3.3832081e-02
-0.2968821283870966,0.9998303508172782,0.0002979424171740708,1761.4481578718146,-2.9438755e-03,384477,1042.63347,1775.57024,1.5928900e+05,4.7417973e+01,9.4384619e+03,1.6018036e+01,1.6659556e+05,4.9644306e+01,0,nan,nan,nan,nan,1042.63347,2.7915835e-04,1775.57024,2.4907914e-04,9.7415084e-03,3.9501674e-02
-0.29684075326804304,1.0000526785892976,0.0002903829073476937,1755.3133192469336,-3.0630389e-03,380060,1042.61403,1775.56616,1.5914019e+05,4.6197891e+01,5.0014917e+03,1.3949292e+01,1.6657141e+05,4.8366940e+01,0,nan,nan,nan,nan,1042.61403,2.7025453e-04,1775.56616,2.4113197e-04,-1.1428235e-02,3.4343004e-02
-0.29664598827980626,0.9992526463752717,0.00029343937315365353,1743.0437540119217,-3.1893516e-03,371226,1042.61496,1775.52218,1.5898391e+05,4.6679054e+01,6.8642251e+03,1.4845269e+01,1.6641998e+05,4.8870697e+01,0,nan,nan,nan,nan,1042.61496,2.7402048e-04,1775.52218,2.4482136e-04,-1.1133481e-02,-1.2483911e-02
-0.2963198496813675,0.9998082100801808,0.00028206518131128425,1920.955600150522,3.1836142e-03,499318,471.02477,463.88424,1.6413414e+05,4.6237244e+01,2.5926045e+03,1.3490792e+01,1.6979750e+05,4.7903149e+01,0,nan,nan,nan,nan,471.02477,2.5840790e-04,463.88424,2.9306757e-04,2.6669694e-02,-1.7238980e-02
-0.29631127068296337,0.9997810701599822,0.00028404771783946354,1730.7743287295184,-3.1761753e-03,362392,1328.19372,1819.01491,1.5835062e+05,4.4932011e+01,4.1052520e+03,1.1672232e+01,1.6616027e+05,4.7207779e+01,0,nan,nan,nan,nan,1328.19372,2.5959223e-04,1819.01491,2.2939256e-04,-1.0044699e-02,3.5662808e-02
-0.29616869366464016,1.0005692590023778,0.00028701504499414193,1914.8208713065387,3.1743799e-03,494901,471.00616,463.89411,1.6433059e+05,4.7052376e+01,5.2127793e+03,1.5036043e+01,1.6994022e+05,4.8747650e+01,0,nan,nan,nan,nan,471.00616,2.6320742e-04,463.89411,2.9864607e-04,7.1867891e-03,-7.5395140e-03
-0.29604458228664043,1.0000274015402142,0.00028200653572050914,1908.6861154179167,3.1381012e-03,490484,470.99901,463.86807,1.6398564e+05,4.6213242e+01,2.6168057e+03,1.3464507e+01,1.6978184e+05,4.7878277e+01,0,nan,nan,nan,nan,470.99901,2.5797516e-04,463.86807,2.9334688e-04,-1.5565690e-03,-3.4846880e-02
-0.29596753780379004,1.0000066694542746,0.0002826055273540467,1902.5513124623994,3.0547557e-03,486067,470.98955,463.86908,1.6394186e+05,4.6321434e+01,2.8297119e+03,1.3729460e+01,1.6981512e+05,4.7990372e+01,0,nan,nan,nan,nan,470.98955,2.5833683e-04,463.86908,2.9386388e-04,-1.0983548e-02,-3.4276769e-02
-0.29583861696414715,0.9993624354069333,0.0002843469148898435,1718.505041383237,-3.0244167e-03,353558,1328.20462,1818.98045,1.5780459e+05,4.4959133e+01,4.4902407e+03,1.1833879e+01,1.6601608e+05,4.7236275e+01,0,nan,nan,nan,nan,1328.20462,2.6097678e-04,1818.98045,2.3138683e-04,2.1772864e-03,-2.4890308e-03
-0.2955549046434953,1.0001824562430832,0.00028216987553104965,1712.3704450955577,-2.9011522e-03,349141,1328.21181,1818.98325,1.5849178e+05,4.4650494e+01,3.0011763e+03,1.1024498e+01,1.6628481e+05,4.6912003e+01,0,nan,nan,nan,nan,1328.21181,2.5775106e-04,1818.98325,2.2804110e-04,9.2929732e-03,6.4384728e-04
-0.2954932091565752,0.9995218614429209,0.0002979367575626222,1761.4495467910451,-2.9438445e-03,384478,1042.63242,1775.57795,1.5910686e+05,4.7417309e+01,9.4723984e+03,1.6061918e+01,1.6654498e+05,4.9643612e+01,0,nan,nan,nan,nan,1042.63242,2.7984093e-04,1775.57795,2.4929544e-04,8.6877393e-03,4.8266917e-02
-0.29545184241987954,0.9996759771135593,0.0002903432236636893,1755.3147081577818,-3.0630163e-03,380061,1042.60941,1775.56675,1.5901369e+05,4.6191589e+01,5.0155093e+03,1.3979628e+01,1.6650870e+05,4.8360344e+01,0,nan,nan,nan,nan,1042.60941,2.7043759e-04,1775.56675,2.4131601e-04,-1.6062627e-02,3.5379607e-02
-0.29525709279823786,0.999733765725355,0.00029347953949820796,1743.0451429074033,-3.1893444e-03,371227,1042.61476,1775.51871,1.5897756e+05,4.6685509e+01,6.8641436e+03,1.4852253e+01,1.6650033e+05,4.8877453e+01,0,nan,nan,nan,nan,1042.61476,2.7400933e-04,1775.51871,2.4486065e-04,-1.0703613e-02,-1.5961550e-02
-0.2949309625487331,0.9998096966581959,0.0002821247811801983,1920.9569890376547,3.1836131e-03,499319,471.02056,463.88976,1.6413086e+05,4.6246990e+01,2.5950427e+03,1.3487028e+01,1.6979766e+05,4.7913246e+01,0,nan,nan,nan,nan,471.02056,2.5882988e-04,463.88976,2.9319699e-04,2.2247167e-02,-1.1263316e-02
-0.2949223907801297,0.9998183499976103,0.00028409786872394925,1730.7757176094212,-3.1761837e-03,362393,1328.20273,1819.02281,1.5841788e+05,4.4939850e+01,4.1082886e+03,1.1636811e+01,1.6616611e+05,4.7216015e+01,0,nan,nan,nan,nan,1328.20273,2.5957238e-04,1819.02281,2.2921049e-04,-3.7168397e-04,4.4100810e-02
-0.2947798009440703,1.0001844478895063,0.0002869665477432906,1914.8222601992593,3.1743844e-03,494902,471.02703,463.89914,1.6431830e+05,4.7044521e+01,5.2449746e+03,1.4994776e+01,1.6987520e+05,4.8739510e+01,0,nan,nan,nan,nan,471.02703,2.6346435e-04,463.89914,2.9848542e-04,2.9758690e-02,-1.7773120e-03
-0.2946556790880095,0.9993149498563885,0.00028208092360780155,1908.6875043211153,3.1381161e-03,490485,471.00208,463.88067,1.6384956e+05,4.6225388e+01,2.5981890e+03,1.3561146e+01,1.6966073e+05,4.7890865e+01,0,nan,nan,nan,nan,471.00208,2.5817569e-04,463.88067,2.9318285e-04,2.0642225e-03,-2.1326665e-02
-0.2945786271543511,1.0000080769161261,0.00028239062020489047,1902.5527013730489,3.0547781e-03,486068,470.98708,463.85371,1.6393588e+05,4.6286156e+01,2.8367598e+03,1.3640959e+01,1.6981517e+05,4.7953823e+01,0,nan,nan,nan,nan,470.98708,2.5828561e-04,463.85371,2.9367942e-04,-1.3555313e-02,-5.1863492e-02
-0.2944497524290455,1.0002121511090147,0.0002847361520291766,1718.5064302477722,-3.0244405e-03,353559,1328.20770,1818.98675,1.5788978e+05,4.5020847e+01,4.4871895e+03,1.1957950e+01,1.6615784e+05,4.7301109e+01,0,nan,nan,nan,nan,1328.20770,2.6117120e-04,1818.98675,2.3180297e-04,5.2705891e-03,4.3393634e-03
-0.29416604942093727,0.9996527009619958,0.00028223907835634023,1712.3718339507802,-2.9011853e-03,349142,1328.20321,1818.98686,1.5847527e+05,4.4661465e+01,2.9848765e+03,1.1094536e+01,1.6619681e+05,4.6923531e+01,0,nan,nan,nan,nan,1328.20321,2.5739532e-04,1818.98686,2.2717525e-04,1.5715363e-04,5.0652055e-03
-0.2941042899265085,1.0007204453089633,0.00029806461690308,1761.4509357102752,-2.9438136e-03,384479,1042.62805,1775.56321,1.5939011e+05,4.7437889e+01,9.4817412e+03,1.6032396e+01,1.6674553e+05,4.9665161e+01,0,nan,nan,nan,nan,1042.62805,2.7913196e-04,1775.56321,2.4898880e-04,4.3142494e-03,3.1959753e-02
-0.2940629315712613,0.9997963338721201,0.00029024538955180575,1755.3160970686304,-3.0629938e-03,380062,1042.60778,1775.56120,1.5897619e+05,4.6176041e+01,5.0186406e+03,1.3952947e+01,1.6652880e+05,4.8344063e+01,0,nan,nan,nan,nan,1042.60778,2.7049173e-04,1775.56120,2.4146435e-04,-1.8191531e-02,2.9556675e-02
-0.29386819754927274,1.0002627494241236,0.0002936763793905977,1743.0465318026522,-3.1893374e-03,371228,1042.61348,1775.53240,1.5906753e+05,4.6716877e+01,6.8645156e+03,1.4868386e+01,1.6658864e+05,4.8910297e+01,0,nan,nan,nan,nan,1042.61348,2.7411029e-04,1775.53240,2.4510999e-04,-1.2221301e-02,-1.6901975e-03
-0.2935420756480198,1.0001377844388233,0.0002820010042131181,1920.9583779245554,3.1836117e-03,499320,471.02675,463.89167,1.6420581e+05,4.6226677e+01,2.5865684e+03,1.3411180e+01,1.6985328e+05,4.7892200e+01,0,nan,nan,nan,nan,471.02675,2.5842231e-04,463.89167,2.9292746e-04,2.9200090e-02,-8.8575315e-03
-0.2935335108768413,0.9998994849142528,0.00028423396399926713,1730.7771064893245,-3.1761921e-03,362394,1328.19993,1819.01960,1.5847638e+05,4.4961285e+01,4.1094409e+03,1.1678129e+01,1.6617923e+05,4.7238533e+01,0,nan,nan,nan,nan,1328.19993,2.5961507e-04,1819.01960,2.2927324e-04,-3.3529699e-03,4.0772911e-02
-0.29339090845587634,0.9996949104856342,0.00028687297184148893,1914.8236490917475,3.1743885e-03,494903,471.00709,463.87961,1.6417698e+05,4.7029278e+01,5.2164443e+03,1.5016392e+01,1.6979241e+05,4.8723717e+01,0,nan,nan,nan,nan,471.00709,2.6323658e-04,463.87961,2.9901421e-04,8.3533088e-03,-2.3694023e-02
-0.2932667758896059,0.9994378592852619,0.0002819282084674033,1908.6888932243137,3.1381310e-03,490486,470.99922,463.88459,1.6394028e+05,4.6200321e+01,2.6154458e+03,1.3438868e+01,1.6968145e+05,4.7864895e+01,0,nan,nan,nan,nan,470.99922,2.5804766e-04,463.88459,2.9301146e-04,-9.9880318e-04,-1.6929327e-02
-0.2931897165049122,1.0003970050696995,0.0002823345499047657,1902.5540902836983,3.0548004e-03,486069,470.98414,463.85502,1.6395933e+05,4.6276913e+01,2.8156057e+03,1.3594343e+01,1.6988102e+05,4.7944244e+01,0,nan,nan,nan,nan,470.98414,2.5830357e-04,463.85502,2.9373015e-04,-1.6579119e-02,-4.9977660e-02
-0.2930608876597489,0.9999622524614149,0.0002843709290119187,1718.5078191125415,-3.0244640e-03,353560,1328.20474,1818.98570,1.5781606e+05,4.4963257e+01,4.4863848e+03,1.1852541e+01,1.6611692e+05,4.7240608e+01,0,nan,nan,nan,nan,1328.20474,2.6090929e-04,1818.98570,2.3101081e-04,2.2845983e-03,3.3971209e-03
-0.2927771939662307,1.0007205061773061,0.0002826908045493177,1712.373222806235,-2.9012181e-03,349143,1328.20793,1818.98235,1.5869309e+05,4.4732975e+01,3.0061655e+03,1.1081052e+01,1.6637442e+05,4.6998657e+01,0,nan,nan,nan,nan,1328.20793,2.5769798e-04,1818.98235,2.2800709e-04,4.9667004e-03,-5.1578991e-05
-0.2927153706959871,0.999931272829806,0.00029797919952197823,1761.4523246295057,-2.9437826e-03,384480,1042.62781,1775.57092,1.5931178e+05,4.7424534e+01,9.4610488e+03,1.6029266e+01,1.6661488e+05,4.9651176e+01,0,nan,nan,nan,nan,1042.62781,2.7955935e-04,1775.57092,2.4893050e-04,4.1388292e-03,4.0086567e-02
-0.2926740207228704,0.9999600651183671,0.00029039483166523226,1755.3174859794788,-3.0629712e-03,380063,1042.61180,1775.55355,1.5897773e+05,4.6199825e+01,5.0201128e+03,1.3996833e+01,1.6655611e+05,4.8368969e+01,0,nan,nan,nan,nan,1042.61180,2.7043503e-04,1775.55355,2.4156722e-04,-1.3112634e-02,2.1635519e-02
-0.2924793020679317,1.0002595575191418,0.0002936003578887214,1743.0479206981336,-3.1893302e-03,371229,1042.61471,1775.52082,1.5906047e+05,4.6704845e+01,6.8772388e+03,1.4873008e+01,1.6658833e+05,4.8897697e+01,0,nan,nan,nan,nan,1042.61471,2.7411588e-04,1775.52082,2.4471435e-04,-1.0840395e-02,-1.3669848e-02
-0.2921531885144759,1.0002364519650935,0.00028220660603449067,1920.959766811689,3.1836105e-03,499321,471.02102,463.88163,1.6418509e+05,4.6260353e+01,2.5914072e+03,1.3530060e+01,1.6986995e+05,4.7927090e+01,0,nan,nan,nan,nan,471.02102,2.5844981e-04,463.88163,2.9315351e-04,2.2593405e-02,-1.9984191e-02
-0.29214463120638356,0.9997352493021033,0.0002840633489165438,1730.778495368995,-3.1762007e-03,362395,1328.20097,1819.01982,1.5835591e+05,4.4934200e+01,4.1019575e+03,1.1654434e+01,1.6615159e+05,4.7210075e+01,0,nan,nan,nan,nan,1328.20097,2.5963833e-04,1819.01982,2.2981093e-04,-2.3459208e-03,4.0131934e-02
-0.29200201596813713,0.9991821073492989,0.0002866834859499251,1914.8250379842352,3.1743927e-03,494904,471.02505,463.90300,1.6391872e+05,4.6998310e+01,5.2084180e+03,1.5007979e+01,1.6970566e+05,4.8691635e+01,0,nan,nan,nan,nan,471.02505,2.6437864e-04,463.90300,2.9924922e-04,2.9028619e-02,2.5986067e-03
-0.29187787245791696,0.9996543590947176,0.00028195736038562867,1908.6902821277454,3.1381461e-03,490487,470.99697,463.86638,1.6381209e+05,4.6205055e+01,2.5971543e+03,1.3486628e+01,1.6971806e+05,4.7869801e+01,0,nan,nan,nan,nan,470.99697,2.5815913e-04,463.86638,2.9351417e-04,-3.5716742e-03,-3.6518510e-02
-0.2918008058563828,0.9997935179424812,0.00028227361850761447,1902.5554791943468,3.0548228e-03,486070,470.98846,463.85905,1.6392912e+05,4.6266872e+01,2.8379614e+03,1.3570912e+01,1.6977834e+05,4.7933846e+01,0,nan,nan,nan,nan,470.98846,2.5824690e-04,463.85905,2.9365526e-04,-1.2529436e-02,-4.5392420e-02
-0.2916720231230556,0.9997091111141239,0.00028441444752284493,1718.5092079770782,-3.0244878e-03,353561,1328.20334,1818.98548,1.5783303e+05,4.4970306e+01,4.5069697e+03,1.1861549e+01,1.6607548e+05,4.7248013e+01,0,nan,nan,nan,nan,1328.20334,2.6087987e-04,1818.98548,2.3108849e-04,1.0095666e-03,3.2879780e-03
-0.2913883385115241,0.9994725356390476,0.0002822381522563946,1712.3746116616896,-2.9012510e-03,349144,1328.20812,1818.98773,1.5844970e+05,4.4661366e+01,3.0075264e+03,1.1027628e+01,1.6616705e+05,4.6923428e+01,0,nan,nan,nan,nan,1328.20812,2.5751765e-04,1818.98773,2.2779155e-04,5.9302496e-03,5.8132727e-03
-0.291326451465693,0.9999001487848637,0.0002979301373802973,1761.453713548736,-2.9437516e-03,384481,1042.63561,1775.57315,1.5926055e+05,4.7416965e+01,9.4793770e+03,1.6033142e+01,1.6661052e+05,4.9643253e+01,0,nan,nan,nan,nan,1042.63561,2.7935376e-04,1775.57315,2.4894843e-04,1.3223068e-02,4.3532245e-02
-0.29128510987447953,1.000075385382018,0.00029050448683189025,1755.3188748903272,-3.0629486e-03,380064,1042.60897,1775.57002,1.5917239e+05,4.6217285e+01,5.0135654e+03,1.3958346e+01,1.6657538e+05,4.8387245e+01,0,nan,nan,nan,nan,1042.60897,2.7043064e-04,1775.57002,2.4125230e-04,-1.6528910e-02,3.8962610e-02
-0.29109040658613594,1.0002045081536866,0.00029351054101198134,1743.0493095936154,-3.1893230e-03,371230,1042.61728,1775.52567,1.5902633e+05,4.6690617e+01,6.8817720e+03,1.4858673e+01,1.6657938e+05,4.8882801e+01,0,nan,nan,nan,nan,1042.61728,2.7397915e-04,1775.52567,2.4477014e-04,-8.0929678e-03,-9.4682155e-03
-0.290764301380932,1.0005725664649143,0.00028229645729336753,1920.9611556988225,3.1836093e-03,499322,471.02494,463.88177,1.6421188e+05,4.6275051e+01,2.6025291e+03,1.3546178e+01,1.6992692e+05,4.7942318e+01,0,nan,nan,nan,nan,471.02494,2.5849845e-04,463.88177,2.9332747e-04,2.6866157e-02,-1.9647025e-02
-0.2907557513044594,1.0001675768598521,0.0002843891096144734,1730.779884248897,-3.1762091e-03,362396,1328.20249,1819.02089,1.5856595e+05,4.4985638e+01,4.1077070e+03,1.1677419e+01,1.6622309e+05,4.7264118e+01,0,nan,nan,nan,nan,1328.20249,2.5950739e-04,1819.02089,2.2934396e-04,-7.9198746e-04,4.2619314e-02
-0.2906131232473399,1.0003155647586885,0.00028704749671619597,1914.826426876956,3.1743972e-03,494905,471.00869,463.89070,1.6433039e+05,4.7058086e+01,5.2039233e+03,1.5051495e+01,1.6989853e+05,4.8753563e+01,0,nan,nan,nan,nan,471.00869,2.6313888e-04,463.89070,2.9861776e-04,9.7525259e-03,-1.0733263e-02
-0.29048896925905865,0.999640687337452,0.00028201099144945673,1908.6916710309442,3.1381610e-03,490488,470.99850,463.88220,1.6390945e+05,4.6213806e+01,2.6055789e+03,1.3492802e+01,1.6971559e+05,4.7878864e+01,0,nan,nan,nan,nan,470.99850,2.5803066e-04,463.88220,2.9341973e-04,-2.1161987e-03,-1.9880041e-02
-0.2904118954397745,1.0000395767192307,0.0002825871121394238,1902.5568681047635,3.0548449e-03,486071,470.98572,463.85266,1.6396520e+05,4.6318199e+01,2.8224717e+03,1.3699234e+01,1.6981992e+05,4.7987022e+01,0,nan,nan,nan,nan,470.98572,2.5812726e-04,463.85266,2.9391272e-04,-1.5494999e-02,-5.2572962e-02
-0.2902831583544412,1.0003437248164835,0.00028450898265460866,1718.5105968418468,-3.0245113e-03,353562,1328.20298,1818.98975,1.5793623e+05,4.4985416e+01,4.5038833e+03,1.1863273e+01,1.6618152e+05,4.7263889e+01,0,nan,nan,nan,nan,1328.20298,2.6073997e-04,1818.98975,2.3098970e-04,-5.5528671e-04,7.4118478e-03
-0.28999948305613543,0.99970597652125,0.00028220475661800223,1712.376000517145,-2.9012838e-03,349145,1328.20407,1818.98359,1.5839989e+05,4.4656116e+01,3.0104761e+03,1.1055655e+01,1.6620597e+05,4.6917908e+01,0,nan,nan,nan,nan,1328.20407,2.5765330e-04,1818.98359,2.2796320e-04,1.1702981e-03,8.0977706e-04
-0.289937532235399,1.0000037596200786,0.00029799580043898534,1761.4551024679663,-2.9437207e-03,384482,1042.63229,1775.56852,1.5932544e+05,4.7427662e+01,9.4865371e+03,1.6036442e+01,1.6662862e+05,4.9654446e+01,0,nan,nan,nan,nan,1042.63229,2.7921877e-04,1775.56852,2.4885862e-04,8.9494949e-03,3.8303114e-02
-0.2898961990258613,0.9999044271057519,0.00029038894579542065,1755.3202638011758,-3.0629260e-03,380065,1042.61310,1775.56750,1.5915650e+05,4.6198917e+01,5.0150850e+03,1.3941607e+01,1.6654695e+05,4.8368015e+01,0,nan,nan,nan,nan,1042.61310,2.7022045e-04,1775.56750,2.4098712e-04,-1.2326052e-02,3.6271598e-02
-0.28970151110456754,1.0004256800317748,0.00029372714329213985,1743.050698489097,-3.1893158e-03,371231,1042.61354,1775.52225,1.5908034e+05,4.6725140e+01,6.8939341e+03,1.4890238e+01,1.6661641e+05,4.8918941e+01,0,nan,nan,nan,nan,1042.61354,2.7422709e-04,1775.52225,2.4528263e-04,-1.2334567e-02,-1.2834214e-02
-0.2893754142473881,1.0001400433545726,0.00028201884982372586,1920.962544585956,3.1836082e-03,499323,471.02929,463.89781,1.6415392e+05,4.6229511e+01,2.5926721e+03,1.3441549e+01,1.6985338e+05,4.7895142e+01,0,nan,nan,nan,nan,471.02929,2.5861611e-04,463.89781,2.9308532e-04,3.1250611e-02,-2.8791612e-03
-0.28936687140253525,0.9996805055740148,0.00028411942709750753,1730.7812731287988,-3.1762174e-03,362397,1328.20288,1819.01636,1.5840630e+05,4.4942879e+01,4.1075513e+03,1.1661894e+01,1.6614180e+05,4.7219196e+01,0,nan,nan,nan,nan,1328.20288,2.5971021e-04,1819.01636,2.2947449e-04,-6.0401077e-04,3.6764592e-02
-0.28922423075891857,1.0002934291391223,0.0002868934644493017,1914.8278157694444,3.1744014e-03,494906,471.02190,463.90249,1.6433742e+05,4.7032925e+01,5.1995415e+03,1.4965166e+01,1.6989512e+05,4.8727501e+01,0,nan,nan,nan,nan,471.02190,2.6323955e-04,463.90249,2.9863612e-04,2.4251997e-02,1.5496548e-03
-0.28910006606110983,1.0000322665051637,0.0002820032904706313,1908.6930599341422,3.1381759e-03,490489,470.99581,463.86532,1.6393506e+05,4.6212505e+01,2.5830127e+03,1.3475386e+01,1.6978192e+05,4.7877518e+01,0,nan,nan,nan,nan,470.99581,2.5798279e-04,463.86532,2.9337761e-04,-4.0942440e-03,-3.8498305e-02
-0.2890229847903356,1.000197482765863,0.00028261898526953517,1902.558257015413,3.0548673e-03,486072,470.98695,463.85545,1.6397112e+05,4.6323372e+01,2.8255225e+03,1.3717470e+01,1.6984655e+05,4.7992378e+01,0,nan,nan,nan,nan,470.98695,2.5845497e-04,463.85545,2.9375643e-04,-1.3778644e-02,-4.9467724e-02
-0.2888942938193395,1.0001606967686711,0.0002847339658351277,1718.511985706382,-3.0245350e-03,353563,1328.20591,1818.98066,1.5793086e+05,4.5021156e+01,4.5093237e+03,1.1955365e+01,1.6615173e+05,4.7301441e+01,0,nan,nan,nan,nan,1328.20591,2.6127388e-04,1818.98066,2.3130437e-04,3.0102802e-03,-1.8587516e-03
-0.28861062760074674,1.0002284822099938,0.0002822258189841841,1712.3773893726004,-2.9013166e-03,349146,1328.20804,1818.98492,1.5860130e+05,4.4659473e+01,3.0022014e+03,1.0993530e+01,1.6629294e+05,4.6921440e+01,0,nan,nan,nan,nan,1328.20804,2.5741319e-04,1818.98492,2.2723727e-04,5.2430211e-03,3.0519194e-03
-0.28854861300487755,1.0001666786939332,0.0002979267646467747,1761.4564913871968,-2.9436897e-03,384483,1042.63128,1775.57174,1.5932583e+05,4.7416908e+01,9.4827822e+03,1.6002470e+01,1.6665662e+05,4.9643192e+01,0,nan,nan,nan,nan,1042.63128,2.7928667e-04,1775.57174,2.4897009e-04,7.9013938e-03,4.1584328e-02
-0.2885072881776978,0.9997329182104959,0.0002903817767888444,1755.321652712024,-3.0629034e-03,380066,1042.61360,1775.56462,1.5914039e+05,4.6197792e+01,5.0103149e+03,1.3957306e+01,1.6651844e+05,4.8366837e+01,0,nan,nan,nan,nan,1042.61360,2.7013454e-04,1775.56462,2.4099529e-04,-1.2165235e-02,3.3249523e-02
-0.2883126158558298,1.0003473858783942,0.00029371617274728405,1743.0520873843457,-3.1893088e-03,371232,1042.61272,1775.51915,1.5904033e+05,4.6723450e+01,6.9130117e+03,1.4909289e+01,1.6660359e+05,4.8917175e+01,0,nan,nan,nan,nan,1042.61272,2.7412418e-04,1775.51915,2.4502908e-04,-1.3197365e-02,-1.5930062e-02
-0.2879865271147537,0.9999528329116951,0.0002820063703032585,1920.9639334730887,3.1836070e-03,499324,471.02269,463.88500,1.6421045e+05,4.6227440e+01,2.5888970e+03,1.3404472e+01,1.6982147e+05,4.7892994e+01,0,nan,nan,nan,nan,471.02269,2.5852624e-04,463.88500,2.9299394e-04,2.4642888e-02,-1.6205518e-02
-0.2879779914997016,0.9996225027281147,0.00028405337405861046,1730.7826620087017,-3.1762258e-03,362398,1328.20139,1819.02195,1.5838502e+05,4.4932335e+01,4.1100132e+03,1.1630505e+01,1.6613180e+05,4.7208118e+01,0,nan,nan,nan,nan,1328.20139,2.5966318e-04,1819.02195,2.2932854e-04,-2.5436317e-03,4.3425523e-02
-0.28783533826936036,0.999801940813157,0.0002869841844947882,1914.829204661934,3.1744055e-03,494907,471.00943,463.89388,1.6422231e+05,4.7047901e+01,5.2071846e+03,1.5003946e+01,1.6981202e+05,4.8743015e+01,0,nan,nan,nan,nan,471.00943,2.6327407e-04,463.89388,2.9905364e-04,1.0925144e-02,-7.8368038e-03
-0.2877111628622515,1.0001320927609767,0.000282132281109524,1908.694448837341,3.1381908e-03,490490,471.00257,463.87782,1.6392866e+05,4.6233601e+01,2.6061340e+03,1.3523164e+01,1.6979872e+05,4.7899372e+01,0,nan,nan,nan,nan,471.00257,2.5841987e-04,463.87782,2.9340736e-04,2.0127897e-03,-2.4612205e-02
-0.2876340741408967,1.000074784046138,0.000282418419363378,1902.5596459260623,3.0548896e-03,486073,470.98350,463.85337,1.6395419e+05,4.6290443e+01,2.8308279e+03,1.3629539e+01,1.6982552e+05,4.7958267e+01,0,nan,nan,nan,nan,470.98350,2.5831687e-04,463.85337,2.9376164e-04,-1.7174415e-02,-5.1600344e-02
-0.2875054290514072,0.9998872189729388,0.00028450162065601854,1718.5133745711498,-3.0245585e-03,353564,1328.20265,1818.98888,1.5787805e+05,4.4984589e+01,4.5242251e+03,1.1888174e+01,1.6610692e+05,4.7263020e+01,0,nan,nan,nan,nan,1328.20265,2.6075149e-04,1818.98888,2.3116059e-04,-2.2296440e-04,6.7569860e-03
-0.28722177214513067,0.9992238404997617,0.0002822874373398928,1712.378778228056,-2.9013494e-03,349147,1328.20886,1818.98257,1.5841731e+05,4.4669262e+01,3.0128469e+03,1.1105285e+01,1.6612605e+05,4.6931721e+01,0,nan,nan,nan,nan,1328.20886,2.5758072e-04,1818.98257,2.2770542e-04,5.7450379e-03,3.1739159e-04
-0.28715969354198023,0.999691376200175,0.00029788535669621294,1761.4578803066597,-2.9436585e-03,384484,1042.63434,1775.56680,1.5920889e+05,4.7410564e+01,9.4922666e+03,1.6033241e+01,1.6657828e+05,4.9636547e+01,0,nan,nan,nan,nan,1042.63434,2.7939107e-04,1775.56680,2.4913790e-04,1.1290685e-02,3.6180634e-02
-0.2871183773290795,0.9996691540043556,0.0002904601346567684,1755.3230416228726,-3.0628808e-03,380067,1042.60868,1775.56791,1.5917767e+05,4.6210278e+01,4.9983110e+03,1.3969028e+01,1.6650788e+05,4.8379906e+01,0,nan,nan,nan,nan,1042.60868,2.7008477e-04,1775.56791,2.4109634e-04,-1.6757434e-02,3.6791101e-02
-0.286923720374034,1.000734863119205,0.0002937804390973827,1743.0534762798275,-3.1893016e-03,371233,1042.61801,1775.52329,1.5911378e+05,4.6733730e+01,6.8888867e+03,1.4953838e+01,1.6666834e+05,4.8927940e+01,0,nan,nan,nan,nan,1042.61801,2.7390578e-04,1775.52329,2.4491374e-04,-7.9444693e-03,-1.1466146e-02
-0.28659763998166454,1.0002507463950432,0.00028217893811989883,1920.9653223602218,3.1836058e-03,499325,471.02411,463.89025,1.6416089e+05,4.6255703e+01,2.5968606e+03,1.3502544e+01,1.6987195e+05,4.7922272e+01,0,nan,nan,nan,nan,471.02411,2.5869813e-04,463.89025,2.9323035e-04,2.6558910e-02,-1.0922407e-02
-0.28658911182992597,1.0000278317923381,0.00028428355910890097,1730.7840508883714,-3.1762344e-03,362399,1328.20008,1819.01895,1.5848078e+05,4.4968647e+01,4.1023345e+03,1.1741374e+01,1.6619881e+05,4.7246273e+01,0,nan,nan,nan,nan,1328.20008,2.5972523e-04,1819.01895,2.2928379e-04,-3.7300165e-03,3.9545748e-02
-0.286446445547881,0.9995859106747574,0.0002867292611408153,1914.8305935546555,3.1744100e-03,494908,471.01807,463.89435,1.6398919e+05,4.7006214e+01,5.2022949e+03,1.5028028e+01,1.6977569e+05,4.8699821e+01,0,nan,nan,nan,nan,471.01807,2.6380885e-04,463.89435,2.9939256e-04,2.0664776e-02,-7.2810310e-03
-0.2863222596633932,1.000839440547601,0.00028215310436881496,1908.69583774054,3.1382057e-03,490491,470.99826,463.87512,1.6408423e+05,4.6236973e+01,2.5985330e+03,1.3494643e+01,1.6991867e+05,4.7902866e+01,0,nan,nan,nan,nan,470.99826,2.5794160e-04,463.87512,2.9304018e-04,-2.0619966e-03,-2.7635869e-02
-0.2862451634914578,0.9997313785778336,0.0002826302867058432,1902.5610348367118,3.0549120e-03,486074,470.98496,463.84901,1.6395245e+05,4.6325119e+01,2.8245962e+03,1.3683722e+01,1.6976700e+05,4.7994190e+01,0,nan,nan,nan,nan,470.98496,2.5844047e-04,463.84901,2.9407724e-04,-1.6047424e-02,-5.6451477e-02
-0.286116564515396,0.999750704540413,0.0002845500596481599,1718.5147634356858,-3.0245823e-03,353565,1328.20442,1818.98609,1.5789403e+05,4.4992420e+01,4.5116660e+03,1.1890377e+01,1.6608488e+05,4.7271244e+01,0,nan,nan,nan,nan,1328.20442,2.6089259e-04,1818.98609,2.3107983e-04,1.5423809e-03,3.4920259e-03
-0.285832916689742,0.9992939683515487,0.00028222386346614154,1712.3801670835114,-2.9013823e-03,349148,1328.20292,1818.98117,1.5836647e+05,4.4659241e+01,3.0040940e+03,1.1098251e+01,1.6613784e+05,4.6921192e+01,0,nan,nan,nan,nan,1328.20292,2.5757562e-04,1818.98117,2.2780220e-04,-7.4935541e-04,-1.2851104e-03
-0.2857707743114588,1.0003394308335067,0.0002982125723387324,1761.4592692258902,-2.9436275e-03,384485,1042.62792,1775.57319,1.5937559e+05,4.7462883e+01,9.5008672e+03,1.6072744e+01,1.6668712e+05,4.9691326e+01,0,nan,nan,nan,nan,1042.62792,2.7946240e-04,1775.57319,2.4933222e-04,4.4351150e-03,4.2454913e-02
-0.28572946648137076,0.9997051480895955,0.0002903449889170955,1755.3244305337203,-3.0628582e-03,380068,1042.61407,1775.56858,1.5913314e+05,4.6191971e+01,5.0055430e+03,1.3945718e+01,1.6651394e+05,4.8360744e+01,0,nan,nan,nan,nan,1042.61407,2.7013256e-04,1775.56858,2.4098315e-04,-1.1118652e-02,3.7962593e-02
-0.28553482489314774,1.0005411719447732,0.0002936581134842867,1743.0548651753084,-3.1892944e-03,371234,1042.61244,1775.52060,1.5920308e+05,4.6714329e+01,6.8745132e+03,1.4855567e+01,1.6663630e+05,4.8907631e+01,0,nan,nan,nan,nan,1042.61244,2.7392866e-04,1775.52060,2.4464753e-04,-1.3563223e-02,-1.3505635e-02
-0.2852087530818608,1.0004558299279382,0.0002821595438770705,1920.9667112471216,3.1836045e-03,499326,471.03000,463.88686,1.6417173e+05,4.6252487e+01,2.5980996e+03,1.3453377e+01,1.6990666e+05,4.7918941e+01,0,nan,nan,nan,nan,471.03000,2.5866739e-04,463.88686,2.9352173e-04,3.1697996e-02,-1.4681187e-02
-0.2852002319273197,0.9997684815517456,0.00028406211007939766,1730.785439768274,-3.1762428e-03,362400,1328.20035,1819.02126,1.5840184e+05,4.4933521e+01,4.1176147e+03,1.1644179e+01,1.6615536e+05,4.7209370e+01,0,nan,nan,nan,nan,1328.20035,2.5978277e-04,1819.02126,2.2923551e-04,-3.3481524e-03,4.1950703e-02
-0.2850575530601418,1.000202317946499,0.0002869842443818248,1914.8319824471432,3.1744142e-03,494909,471.01449,463.89249,1.6428761e+05,4.7048122e+01,5.2000063e+03,1.4975724e+01,1.6988075e+05,4.8743240e+01,0,nan,nan,nan,nan,471.01449,2.6325090e-04,463.89249,2.9904296e-04,1.6337849e-02,-8.9099230e-03
-0.2849333564645349,1.0006026801139674,0.0002821357364472778,1908.6972266437388,3.1382206e-03,490492,470.99866,463.88055,1.6405342e+05,4.6234085e+01,2.5965220e+03,1.3498620e+01,1.6987833e+05,4.7899876e+01,0,nan,nan,nan,nan,470.99866,2.5791363e-04,463.88055,2.9300447e-04,-1.8674453e-03,-2.1186993e-02
-0.2848562530748495,0.9999793310371281,0.0002823131642505093,1902.5624237471284,3.0549341e-03,486075,470.98833,463.85372,1.6395381e+05,4.6273083e+01,2.8276821e+03,1.3594293e+01,1.6980892e+05,4.7940281e+01,0,nan,nan,nan,nan,470.98833,2.5813057e-04,463.85372,2.9368117e-04,-1.2302254e-02,-5.0944809e-02
-0.2847276997467816,0.9999573421603565,0.00028453850441778096,1718.5161523004545,-3.0246058e-03,353566,1328.20289,1818.98900,1.5792112e+05,4.4990761e+01,4.5093154e+03,1.1900427e+01,1.6611983e+05,4.7269505e+01,0,nan,nan,nan,nan,1328.20289,2.6068170e-04,1818.98900,2.3087408e-04,-1.1113788e-04,6.9278278e-03
-0.2844440612343533,0.999467681473502,0.00028219866466789147,1712.3815559389668,-2.9014151e-03,349149,1328.21299,1818.98841,1.5853247e+05,4.4655289e+01,3.0198433e+03,1.1026895e+01,1.6616686e+05,4.6917042e+01,0,nan,nan,nan,nan,1328.21299,2.5750758e-04,1818.98841,2.2746797e-04,1.0935083e-02,7.0101349e-03
-0.28438185508116476,0.9995869249976537,0.0002979985546580333,1761.4606581451205,-2.9435966e-03,384486,1042.63110,1775.57047,1.5920803e+05,4.7429070e+01,9.4995898e+03,1.6055054e+01,1.6656259e+05,4.9655922e+01,0,nan,nan,nan,nan,1042.63110,2.7938615e-04,1775.57047,2.4931773e-04,8.4076179e-03,4.0015180e-02
-0.284340555633662,1.0001324089831616,0.00029045695163565274,1755.325819444568,-3.0628357e-03,380069,1042.61394,1775.56269,1.5918173e+05,4.6209805e+01,5.0188994e+03,1.3968720e+01,1.6658517e+05,4.8379414e+01,0,nan,nan,nan,nan,1042.61394,2.7018631e-04,1775.56269,2.4102649e-04,-1.1455538e-02,3.1132070e-02
-0.28414592941226147,1.0000570774467559,0.0002936445829286933,1743.0562540707892,-3.1892871e-03,371235,1042.61434,1775.52824,1.5896412e+05,4.6712238e+01,6.9250757e+03,1.4933736e+01,1.6655588e+05,4.8905437e+01,0,nan,nan,nan,nan,1042.61434,2.7414376e-04,1775.52824,2.4541296e-04,-1.0987869e-02,-6.8625533e-03
-0.2838198659487716,1.0000391154059025,0.0002819574988741336,1920.9681001342547,3.1836033e-03,499327,471.02246,463.87992,1.6409958e+05,4.6219341e+01,2.5904622e+03,1.3436034e+01,1.6983578e+05,4.7884598e+01,0,nan,nan,nan,nan,471.02246,2.5843034e-04,463.87992,2.9347805e-04,2.4117427e-02,-2.1856301e-02
-0.28381135202448604,1.0000561208735328,0.0002841626479308445,1730.7868286481769,-3.1762512e-03,362401,1328.20660,1819.02318,1.5835208e+05,4.4949337e+01,4.1119258e+03,1.1730867e+01,1.6620281e+05,4.7225979e+01,0,nan,nan,nan,nan,1328.20660,2.5986799e-04,1819.02318,2.2948746e-04,3.6017410e-03,4.3808114e-02
-0.28366866057194784,1.0000890297245288,0.0002870456422527175,1914.8333713396314,3.1744184e-03,494910,471.01542,463.89690,1.6432038e+05,4.7058289e+01,5.1910874e+03,1.5031455e+01,1.6986189e+05,4.8753777e+01,0,nan,nan,nan,nan,471.01542,2.6333705e-04,463.89690,2.9847585e-04,1.7329942e-02,-4.2525870e-03
-0.2835444530328459,1.0004645170026234,0.000282029877932396,1908.6986155471704,3.1382358e-03,490493,470.99954,463.87511,1.6399412e+05,4.6216698e+01,2.5947268e+03,1.3458271e+01,1.6985472e+05,4.7881863e+01,0,nan,nan,nan,nan,470.99954,2.5797743e-04,463.87511,2.9316722e-04,-8.7737100e-04,-2.7463380e-02
-0.2834673424254106,0.999414081315677,0.00028236447321977647,1902.5638126577778,3.0549564e-03,486076,470.98022,463.86061,1.6376072e+05,4.6281445e+01,2.8378477e+03,1.3680464e+01,1.6971273e+05,4.7948940e+01,0,nan,nan,nan,nan,470.98022,2.5848797e-04,463.86061,2.9411929e-04,-2.0630807e-02,-4.3354340e-02
-0.2833388352116799,1.000176714567654,0.0002844976628413543,1718.5175411649896,-3.0246296e-03,353567,1328.20792,1818.98054,1.5785598e+05,4.4984470e+01,4.5329482e+03,1.1865501e+01,1.6615691e+05,4.7262897e+01,0,nan,nan,nan,nan,1328.20792,2.6133965e-04,1818.98054,2.3172356e-04,4.9818070e-03,-2.4369634e-03
-0.2830552057787372,1.000486246655251,0.00028234204869378066,1712.3829447944224,-2.9014479e-03,349150,1328.20896,1818.98379,1.5858973e+05,4.4678017e+01,3.0087700e+03,1.1045279e+01,1.6633636e+05,4.6940922e+01,0,nan,nan,nan,nan,1328.20896,2.5748226e-04,1818.98379,2.2756540e-04,5.7418183e-03,1.3217777e-03
-0.2829929358508707,0.9995236961277786,0.0002979819644345307,1761.4620470643508,-2.9435656e-03,384487,1042.63446,1775.57524,1.5923350e+05,4.7426674e+01,9.5343057e+03,1.6053036e+01,1.6655292e+05,4.9653416e+01,0,nan,nan,nan,nan,1042.63446,2.7931452e-04,1775.57524,2.4919063e-04,1.1051823e-02,4.5527000e-02
-0.28295164478504375,0.9993324725714924,0.00029034884085736443,1755.3272083554166,-3.0628131e-03,380070,1042.60989,1775.56596,1.5907953e+05,4.6192619e+01,5.0121587e+03,1.3941249e+01,1.6645198e+05,4.8361423e+01,0,nan,nan,nan,nan,1042.60989,2.7032010e-04,1775.56596,2.4121371e-04,-1.5369232e-02,3.4504086e-02
-0.28275703416329634,0.9994269487041877,0.000293560182321695,1743.0576429660382,-3.1892802e-03,371236,1042.61679,1775.52149,1.5891792e+05,4.6698875e+01,6.9067256e+03,1.4892263e+01,1.6645114e+05,4.8891445e+01,0,nan,nan,nan,nan,1042.61679,2.7430465e-04,1775.52149,2.4525294e-04,-9.2133759e-03,-1.3203729e-02
-0.28243097881477297,1.0002442363397062,0.00028218016273918697,1920.9694890213887,3.1836021e-03,499328,471.02666,463.89295,1.6421967e+05,4.6255806e+01,2.6013181e+03,1.3494296e+01,1.6987050e+05,4.7922379e+01,0,nan,nan,nan,nan,471.02666,2.5843899e-04,463.89295,2.9306533e-04,2.8759265e-02,-7.7096471e-03
-0.2824224721225619,0.9998221413324333,0.0002840808193942856,1730.7882175280788,-3.1762596e-03,362402,1328.19680,1819.01760,1.5849208e+05,4.4936295e+01,4.1144243e+03,1.1621680e+01,1.6616358e+05,4.7212280e+01,0,nan,nan,nan,nan,1328.19680,2.5939851e-04,1819.01760,2.2919322e-04,-7.1851430e-03,3.7787676e-02
-0.282279767851378,0.9994512161905735,0.0002867617196710809,1914.834760232352,3.1744228e-03,494911,471.01531,463.88964,1.6410366e+05,4.7011845e+01,5.1868091e+03,1.4988621e+01,1.6975394e+05,4.8705658e+01,0,nan,nan,nan,nan,471.01531,2.6340657e-04,463.88964,2.9950749e-04,1.7428823e-02,-1.2206508e-02
-0.2821555498348971,0.9994344047228795,0.00028189761681818813,1908.7000044503684,3.1382507e-03,490494,470.99662,463.87966,1.6388575e+05,4.6194992e+01,2.6047319e+03,1.3446899e+01,1.6967969e+05,4.7859371e+01,0,nan,nan,nan,nan,470.99662,2.5804088e-04,463.87966,2.9311486e-04,-3.8716078e-03,-2.2511572e-02
-0.2820784317768812,1.0004391075639203,0.0002825295707302869,1902.5652015684263,3.0549788e-03,486077,470.98786,463.86161,1.6404148e+05,4.6308453e+01,2.8134822e+03,1.3689386e+01,1.6988661e+05,4.7976921e+01,0,nan,nan,nan,nan,470.98786,2.5815537e-04,463.86161,2.9361353e-04,-1.2757219e-02,-4.2951003e-02
-0.28194997044306547,0.9999814851784035,0.00028438832975384825,1718.5189300297582,-3.0246531e-03,353568,1328.20877,1818.99679,1.5775608e+05,4.4967358e+01,4.5354282e+03,1.1882404e+01,1.6612511e+05,4.7244915e+01,0,nan,nan,nan,nan,1328.20877,2.6119966e-04,1818.99679,2.3103580e-04,6.3308524e-03,1.5530158e-02
-0.28166635032403065,1.0002845411960826,0.00028215447418350606,1712.3843336498771,-2.9014808e-03,349151,1328.20765,1818.98688,1.5848288e+05,4.4648384e+01,3.0094844e+03,1.1014875e+01,1.6630298e+05,4.6909786e+01,0,nan,nan,nan,nan,1328.20765,2.5780886e-04,1818.98688,2.2762096e-04,5.4147090e-03,4.6212869e-03
-0.2816040166203493,1.0003485984062754,0.0002981056663614245,1761.4634359835813,-2.9435346e-03,384488,1042.63330,1775.57447,1.5933200e+05,4.7446609e+01,9.5142090e+03,1.6081810e+01,1.6669125e+05,4.9674290e+01,0,nan,nan,nan,nan,1042.63330,2.7918792e-04,1775.57447,2.4909555e-04,9.7559150e-03,4.4131663e-02
-0.28156273393688025,1.0001039618363878,0.00029030268455894576,1755.3285972662648,-3.0627905e-03,380071,1042.61032,1775.56414,1.5911848e+05,4.6185299e+01,4.9948096e+03,1.3931037e+01,1.6658056e+05,4.8353756e+01,0,nan,nan,nan,nan,1042.61032,2.7021958e-04,1775.56414,2.4106685e-04,-1.4912527e-02,3.2486793e-02
-0.2813681386819553,1.0000111926844313,0.0002937018400450333,1743.0590318615195,-3.1892729e-03,371237,1042.61091,1775.52275,1.5901678e+05,4.6721466e+01,6.9246265e+03,1.4871207e+01,1.6654866e+05,4.8915100e+01,0,nan,nan,nan,nan,1042.61091,2.7448198e-04,1775.52275,2.4524605e-04,-1.4463760e-02,-1.2286343e-02
-0.2810420916803196,1.0003440111975024,0.00028207147836704937,1920.970877908523,3.1836010e-03,499329,471.02323,463.88620,1.6413523e+05,4.6237953e+01,2.5902998e+03,1.3479857e+01,1.6988731e+05,4.7903885e+01,0,nan,nan,nan,nan,471.02323,2.5862202e-04,463.88620,2.9325485e-04,2.5517989e-02,-1.5077244e-02
-0.28103359245278625,0.9998155334100551,0.0002841020709045584,1730.7896064077486,-3.1762682e-03,362403,1328.20018,1819.02795,1.5841947e+05,4.4939568e+01,4.1101216e+03,1.1658471e+01,1.6616214e+05,4.7215717e+01,0,nan,nan,nan,nan,1328.20018,2.5964633e-04,1819.02795,2.2907156e-04,-3.5925112e-03,4.9854904e-02
-0.2807666466360388,1.0001090109121098,0.00028224427547003883,1908.7013933535673,3.1382656e-03,490495,470.99657,463.87374,1.6395823e+05,4.6251755e+01,2.6021873e+03,1.3519405e+01,1.6979408e+05,4.7918182e+01,0,nan,nan,nan,nan,470.99657,2.5826722e-04,463.87374,2.9365459e-04,-3.7441351e-03,-2.9242197e-02
-0.280689521127897,1.0001025394203449,0.0002824140347836867,1902.5665904790753,3.0550011e-03,486078,470.98978,463.85330,1.6386666e+05,4.6289463e+01,2.8243826e+03,1.3668283e+01,1.6982927e+05,4.7957249e+01,0,nan,nan,nan,nan,470.98978,2.5870831e-04,463.85330,2.9392212e-04,-1.1202158e-02,-5.1559627e-02
-0.28056110567354153,1.0001181410562396,0.0002844790661079111,1718.5203188945277,-3.0246766e-03,353569,1328.20093,1818.97650,1.5780553e+05,4.4981884e+01,4.5364912e+03,1.1856762e+01,1.6614845e+05,4.7260174e+01,0,nan,nan,nan,nan,1328.20093,2.6115007e-04,1818.97650,2.3160577e-04,-1.8457408e-03,-6.5918271e-03
-0.2802774948693241,1.0001728423673542,0.00028245863106480385,1712.3857225053318,-2.9015136e-03,349152,1328.20805,1818.98085,1.5864103e+05,4.4696560e+01,3.0102546e+03,1.1133494e+01,1.6628459e+05,4.6960400e+01,0,nan,nan,nan,nan,1328.20805,2.5730237e-04,1818.98085,2.2722887e-04,5.0840219e-03,-1.4912459e-03
-0.2802150973902826,0.9997348333731056,0.00029793857881800956,1761.4648249028114,-2.9435037e-03,384489,1042.63174,1775.56895,1.5910972e+05,4.7420269e+01,9.5060420e+03,1.6057369e+01,1.6658984e+05,4.9646709e+01,0,nan,nan,nan,nan,1042.63174,2.7971566e-04,1775.56895,2.4970702e-04,8.5741542e-03,3.7522953e-02
-0.280173823088262,0.9998986980021378,0.00029043774275477966,1755.3299861771134,-3.0627679e-03,380072,1042.61608,1775.58018,1.5924839e+05,4.6206802e+01,5.0069639e+03,1.3946015e+01,1.6654644e+05,4.8376270e+01,0,nan,nan,nan,nan,1042.61608,2.7002310e-04,1775.58018,2.4077711e-04,-8.7717362e-03,4.9662810e-02
-0.27997924320015954,0.999695255763013,0.0002937659043268748,1743.0604207570013,-3.1892657e-03,371238,1042.61472,1775.52561,1.5900050e+05,4.6731720e+01,6.9312817e+03,1.4933792e+01,1.6649625e+05,4.8925831e+01,0,nan,nan,nan,nan,1042.61472,2.7446068e-04,1775.52561,2.4538944e-04,-1.0890855e-02,-9.0973899e-03
-0.2796532047805158,1.000426879063293,0.0002821794142291612,1920.972266795423,3.1835996e-03,499330,471.02786,463.89293,1.6419898e+05,4.6255611e+01,2.6011643e+03,1.3515717e+01,1.6990127e+05,4.7922180e+01,0,nan,nan,nan,nan,471.02786,2.5855124e-04,463.89293,2.9317784e-04,3.0110646e-02,-7.7102128e-03
-0.27964471254949785,0.9993346128626504,0.0002839865750045282,1730.7909952876519,-3.1762766e-03,362404,1328.20108,1819.02087,1.5833742e+05,4.4921204e+01,4.1181440e+03,1.1638616e+01,1.6608186e+05,4.7196423e+01,0,nan,nan,nan,nan,1328.20108,2.5974159e-04,1819.02087,2.2934923e-04,-2.0498808e-03,4.1583702e-02
-0.27950198264034043,1.00010393753816,0.00028696170291570076,1914.837538017563,3.1744314e-03,494913,471.01609,463.89122,1.6418205e+05,4.7044849e+01,5.1806484e+03,1.5051602e+01,1.6986558e+05,4.8739849e+01,0,nan,nan,nan,nan,471.01609,2.6365768e-04,463.89122,2.9914483e-04,1.8036621e-02,-1.0425706e-02
-0.27937774343718047,0.9999806715468484,0.0002820089390119938,1908.702782256766,3.1382805e-03,490496,471.00399,463.88210,1.6394770e+05,4.6213154e+01,2.5914827e+03,1.3482874e+01,1.6977214e+05,4.7878189e+01,0,nan,nan,nan,nan,471.00399,2.5810563e-04,463.88210,2.9315258e-04,3.6529938e-03,-1.9325018e-02
-0.27930061071151613,0.9999447110109089,0.0002822452111876351,1902.5679793894917,3.0550233e-03,486079,470.98546,463.85912,1.6385216e+05,4.6261742e+01,2.8228477e+03,1.3581227e+01,1.6980227e+05,4.7928528e+01,0,nan,nan,nan,nan,470.98546,2.5838293e-04,463.85912,2.9366976e-04,-1.5041837e-02,-4.5202576e-02
-0.27917224113775774,0.9998742969097757,0.00028442953618283457,1718.5217077590635,-3.0247003e-03,353570,1328.20396,1818.98651,1.5770339e+05,4.4974216e+01,4.5375400e+03,1.1915234e+01,1.6610858e+05,4.7252125e+01,0,nan,nan,nan,nan,1328.20396,2.6122341e-04,1818.98651,2.3158787e-04,1.6383315e-03,4.3389024e-03
-0.2788886394139354,0.9994873779480855,0.00028212537611756904,1712.3871113607872,-2.9015464e-03,349153,1328.21026,1818.99012,1.5838614e+05,4.4643871e+01,3.0128242e+03,1.1031434e+01,1.6617081e+05,4.6905045e+01,0,nan,nan,nan,nan,1328.21026,2.5770618e-04,1818.99012,2.2807767e-04,7.8304280e-03,7.8099933e-03
-0.2788261781597612,0.9995940763195137,0.0002980284909142457,1761.466213822042,-2.9434727e-03,384490,1042.63291,1775.57159,1.5915238e+05,4.7434830e+01,9.5322881e+03,1.6070562e+01,1.6656728e+05,4.9661953e+01,0,nan,nan,nan,nan,1042.63291,2.7964151e-04,1775.57159,2.4953464e-04,9.5211444e-03,4.1344151e-02
-0.27878491223964375,1.0007856674829252,0.000290460434391814,1755.331375087962,-3.0627453e-03,380073,1042.61539,1775.56807,1.5921259e+05,4.6210430e+01,5.0127632e+03,1.3958032e+01,1.6669425e+05,4.8380070e+01,0,nan,nan,nan,nan,1042.61539,2.7030346e-04,1775.56807,2.4108101e-04,-9.9895401e-03,3.6974121e-02
-0.2785903477188185,1.0004496781290664,0.00029390456456927056,1743.0618096524827,-3.1892585e-03,371239,1042.61282,1775.52263,1.5917480e+05,4.6753834e+01,6.9455044e+03,1.4930104e+01,1.6662211e+05,4.8948990e+01,0,nan,nan,nan,nan,1042.61282,2.7447633e-04,1775.52263,2.4487352e-04,-1.2819770e-02,-1.2095631e-02
-0.2782643176478814,0.9999898540226055,0.0002820509812924227,1920.9736556825555,3.1835984e-03,499331,471.02507,463.88492,1.6415659e+05,4.6234528e+01,2.5935930e+03,1.3464437e+01,1.6982691e+05,4.7900333e+01,0,nan,nan,nan,nan,471.02507,2.5841655e-04,463.88492,2.9312281e-04,2.6731074e-02,-1.6223544e-02
-0.2782558326468916,0.999905376814154,0.000284165748186375,1730.7923841675545,-3.1762850e-03,362405,1328.20455,1819.01776,1.5844392e+05,4.4949448e+01,4.1142334e+03,1.1679481e+01,1.6617638e+05,4.7226101e+01,0,nan,nan,nan,nan,1328.20455,2.5976152e-04,1819.01776,2.2937184e-04,1.6034641e-03,3.8854808e-02
-0.2781130901519191,1.0000531265467327,0.00028669911935299674,1914.8389269100514,3.1744356e-03,494914,471.01484,463.89519,1.6412520e+05,4.7001911e+01,5.1880073e+03,1.4959498e+01,1.6985733e+05,4.8695362e+01,0,nan,nan,nan,nan,471.01484,2.6333905e-04,463.89519,2.9926148e-04,1.6960865e-02,-6.2073744e-03
-0.27798884023832215,0.9998931039808244,0.0002822005351592427,1908.704171159965,3.1382954e-03,490497,470.99588,463.87025,1.6389528e+05,4.6244511e+01,2.5998298e+03,1.3588881e+01,1.6975714e+05,4.7910675e+01,0,nan,nan,nan,nan,470.99588,2.5790697e-04,463.87025,2.9371653e-04,-4.5400276e-03,-3.2699540e-02
-0.2779117000613951,1.0001053883234337,0.00028241606787534387,1902.5693683001418,3.0550456e-03,486080,470.98329,463.84910,1.6394481e+05,4.6289688e+01,2.8306167e+03,1.3630935e+01,1.6982936e+05,4.7957485e+01,0,nan,nan,nan,nan,470.98329,2.5812665e-04,463.84910,2.9388131e-04,-1.7434923e-02,-5.6169916e-02
-0.2777833763691433,1.000651052781808,0.00028452585039365327,1718.523096623832,-3.0247238e-03,353571,1328.20094,1818.98439,1.5788809e+05,4.4989624e+01,4.5373535e+03,1.1892471e+01,1.6623827e+05,4.7268311e+01,0,nan,nan,nan,nan,1328.20094,2.6096107e-04,1818.98439,2.3140741e-04,-1.5680111e-03,1.5591640e-03
-0.2774997839585467,0.9998365938183124,0.00028219820103629595,1712.3885002162426,-2.9015793e-03,349154,1328.20567,1818.98376,1.5838770e+05,4.4655449e+01,3.0138135e+03,1.1054760e+01,1.6622906e+05,4.6917206e+01,0,nan,nan,nan,nan,1328.20567,2.5767734e-04,1818.98376,2.2782467e-04,3.3072545e-03,1.1818695e-03
-0.27743725892923976,1.0001179134123794,0.00029804974351459396,1761.4676027412725,-2.9434417e-03,384491,1042.63133,1775.56820,1.5928406e+05,4.7438461e+01,9.5434316e+03,1.6051790e+01,1.6665545e+05,4.9665756e+01,0,nan,nan,nan,nan,1042.63133,2.7953205e-04,1775.56820,2.4924989e-04,7.2730607e-03,3.7669532e-02
-0.2773960011586496,1.0000409312938898,0.0002904585894604224,1755.332763999043,-3.0627225e-03,380074,1042.61064,1775.56177,1.5911333e+05,4.6210163e+01,5.0054248e+03,1.3952475e+01,1.6657027e+05,4.8379787e+01,0,nan,nan,nan,nan,1042.61064,2.7021943e-04,1775.56177,2.4144740e-04,-1.4974321e-02,3.0093789e-02
-0.27720145223702275,0.9998698068308536,0.0002938433042352972,1743.0631985479645,-3.1892513e-03,371240,1042.61517,1775.52112,1.5904050e+05,4.6744148e+01,6.9430933e+03,1.4942121e+01,1.6652575e+05,4.8938847e+01,0,nan,nan,nan,nan,1042.61517,2.7444054e-04,1775.52112,2.4532006e-04,-1.0019239e-02,-1.4180820e-02
-0.27687543051479224,1.0001380734879552,0.00028187043610327305,1920.9750445696886,3.1835972e-03,499332,471.02439,463.89179,1.6405617e+05,4.6204891e+01,2.5976943e+03,1.3410501e+01,1.6985195e+05,4.7869633e+01,0,nan,nan,nan,nan,471.02439,2.5855916e-04,463.89179,2.9350186e-04,2.6185706e-02,-8.8387253e-03
-0.2768669527440579,1.0001348234829457,0.00028409644935542696,1730.7937730474573,-3.1762933e-03,362406,1328.19726,1819.02360,1.5830192e+05,4.4938393e+01,4.1291597e+03,1.1689358e+01,1.6621416e+05,4.7214485e+01,0,nan,nan,nan,nan,1328.19726,2.5986438e-04,1819.02360,2.2970237e-04,-5.8069248e-03,4.4714514e-02
-0.2767241976639525,0.9995833280973475,0.0002867285954829243,1914.8403158025394,3.1744398e-03,494915,471.01764,463.90498,1.6415853e+05,4.7006847e+01,5.1808506e+03,1.4955873e+01,1.6977794e+05,4.8700481e+01,0,nan,nan,nan,nan,471.01764,2.6333870e-04,463.90498,2.9882242e-04,1.9916726e-02,4.4937078e-03
-0.27659993703946384,0.9997279143915019,0.00028195788970997095,1908.7055600631638,3.1383103e-03,490498,470.99728,463.88092,1.6386345e+05,4.6204708e+01,2.5943293e+03,1.3480259e+01,1.6972895e+05,4.7869442e+01,0,nan,nan,nan,nan,470.99728,2.5815758e-04,463.88092,2.9330971e-04,-2.8036630e-03,-2.1000674e-02
-0.2765227894119562,0.9994668050030024,0.00028230530062012705,1902.5707572107913,3.0550680e-03,486081,470.98890,463.86325,1.6381338e+05,4.6271481e+01,2.8263408e+03,1.3623409e+01,1.6972073e+05,4.7938622e+01,0,nan,nan,nan,nan,470.98890,2.5850834e-04,463.86325,2.9409223e-04,-1.1529513e-02,-4.1368160e-02
-0.2763945118340416,0.9999391335548277,0.00028449485184925974,1718.5244854883672,-3.0247476e-03,353572,1328.20724,1818.99028,1.5791473e+05,4.4984898e+01,4.5372651e+03,1.1871582e+01,1.6612064e+05,4.7263344e+01,0,nan,nan,nan,nan,1328.20724,2.6082012e-04,1818.99028,2.3107811e-04,4.0788311e-03,8.5258102e-03
-0.27611092850361274,0.999909146177043,0.0002822582144233623,1712.3898890716976,-2.9016121e-03,349155,1328.20671,1818.98222,1.5849162e+05,4.4664997e+01,3.0155454e+03,1.1041653e+01,1.6624131e+05,4.6927238e+01,0,nan,nan,nan,nan,1328.20671,2.5740874e-04,1818.98222,2.2756566e-04,4.2146253e-03,-1.6678924e-04
-0.2760483396991731,1.000156424476369,0.00029810985151325174,1761.4689916605025,-2.9434108e-03,384492,1042.63519,1775.57397,1.5933725e+05,4.7448277e+01,9.5424639e+03,1.6062366e+01,1.6666275e+05,4.9676037e+01,0,nan,nan,nan,nan,1042.63519,2.7937785e-04,1775.57397,2.4912244e-04,1.1883469e-02,4.4248611e-02
-0.27600709031003134,1.0001563428253777,0.00029041719145268054,1755.3341529098916,-3.0626999e-03,380075,1042.60887,1775.56395,1.5910602e+05,4.6203598e+01,5.0208276e+03,1.3962614e+01,1.6658956e+05,4.8372913e+01,0,nan,nan,nan,nan,1042.60887,2.7023040e-04,1775.56395,2.4135795e-04,-1.7052380e-02,3.1720769e-02
-0.2758125569880576,1.0002616441484926,0.0002936473478356999,1743.0645874432134,-3.1892443e-03,371241,1042.61721,1775.52365,1.5903619e+05,4.6713036e+01,6.9496621e+03,1.4890022e+01,1.6659122e+05,4.8906273e+01,0,nan,nan,nan,nan,1042.61721,2.7414394e-04,1775.52365,2.4497355e-04,-7.9632048e-03,-1.1274869e-02
-0.27548654338124834,1.0003762995777907,0.0002821632551846051,1920.9764334568222,3.1835961e-03,499333,471.02251,463.88166,1.6416514e+05,4.6252857e+01,2.5929309e+03,1.3518907e+01,1.6989228e+05,4.7919323e+01,0,nan,nan,nan,nan,471.02251,2.5844434e-04,463.88166,2.9315962e-04,2.4215646e-02,-2.0516055e-02
-0.27547807284145165,0.999149771152548,0.0002839479800406766,1730.79516192736,-3.1763017e-03,362407,1328.20163,1819.02088,1.5828480e+05,4.4914822e+01,4.1342891e+03,1.1627359e+01,1.6605011e+05,4.7189716e+01,0,nan,nan,nan,nan,1328.20163,2.5980777e-04,1819.02088,2.2951812e-04,-1.6109815e-03,4.1665062e-02
-0.27533530494338265,1.000462946736524,0.0002869604560650848,1914.84170469526,3.1744442e-03,494916,471.01394,463.89523,1.6430336e+05,4.7044975e+01,5.1915054e+03,1.5026937e+01,1.6992773e+05,4.8739979e+01,0,nan,nan,nan,nan,471.01394,2.6327267e-04,463.89523,2.9841394e-04,1.6222415e-02,-6.1058295e-03
-0.27521103384106027,0.9993049481717095,0.000281820033387337,1908.7069489663622,3.1383252e-03,490499,471.00065,463.87732,1.6372106e+05,4.6182083e+01,2.6018894e+03,1.3467222e+01,1.6965700e+05,4.7845997e+01,0,nan,nan,nan,nan,471.00065,2.5826812e-04,463.87732,2.9391242e-04,1.3913204e-04,-2.5132036e-02
-0.27513387876342676,1.0000463535857589,0.0002823428083482138,1902.5721461214398,3.0550903e-03,486082,470.98384,463.84847,1.6386255e+05,4.6277580e+01,2.8265249e+03,1.3643690e+01,1.6981895e+05,4.7944939e+01,0,nan,nan,nan,nan,470.98384,2.5833235e-04,463.84847,2.9390244e-04,-1.7066782e-02,-5.7012677e-02
-0.2750056470661093,0.9997072277990545,0.0002844878322798983,1718.5258743531351,-3.0247711e-03,353573,1328.20124,1818.97699,1.5783938e+05,4.4983963e+01,4.5271113e+03,1.1901936e+01,1.6608277e+05,4.7262363e+01,0,nan,nan,nan,nan,1328.20124,2.6089585e-04,1818.97699,2.3149699e-04,-1.5702370e-03,-6.3987602e-03
-0.27472207304822405,1.0000761141059866,0.0002824037768725486,1712.391277927153,-2.9016449e-03,349156,1328.20538,1818.98572,1.5858898e+05,4.4688087e+01,3.0164536e+03,1.1083415e+01,1.6626928e+05,4.6951500e+01,0,nan,nan,nan,nan,1328.20538,2.5754661e-04,1818.98572,2.2727052e-04,2.4572897e-03,4.6841367e-03
-0.274659420235821,1.000207063554439,0.00029812131463133584,1761.4703805799659,-2.9433796e-03,384493,1042.62987,1775.57004,1.5936961e+05,4.7450359e+01,9.5574248e+03,1.6058455e+01,1.6667208e+05,4.9678215e+01,0,nan,nan,nan,nan,1042.62987,2.7934866e-04,1775.57004,2.4914028e-04,5.9004487e-03,3.9715905e-02
-0.27461817946186784,0.9999047803158106,0.0002903883038910844,1755.3355418207398,-3.0626773e-03,380076,1042.61242,1775.56733,1.5911588e+05,4.6199020e+01,5.0210410e+03,1.3978955e+01,1.6654775e+05,4.8368122e+01,0,nan,nan,nan,nan,1042.61242,2.7023081e-04,1775.56733,2.4110994e-04,-1.2472101e-02,3.6242384e-02
-0.2744236615067166,1.0000999173627958,0.0002936789912752049,1743.0659763386948,-3.1892371e-03,371242,1042.61232,1775.51920,1.5896991e+05,4.6718132e+01,6.9683086e+03,1.4926945e+01,1.6656448e+05,4.8911606e+01,0,nan,nan,nan,nan,1042.61232,2.7430404e-04,1775.51920,2.4521354e-04,-1.3567945e-02,-1.5147389e-02
-0.2740976564805351,1.0001345599807172,0.0002821807699611959,1920.977822343723,3.1835947e-03,499334,471.02476,463.89030,1.6419575e+05,4.6255695e+01,2.5920850e+03,1.3486203e+01,1.6985108e+05,4.7922260e+01,0,nan,nan,nan,nan,471.02476,2.5870942e-04,463.89030,2.9298879e-04,2.6754713e-02,-1.0639390e-02
-0.27408919317235814,0.9993415370462654,0.00028403360509156707,1730.796550807029,-3.1763103e-03,362408,1328.20226,1819.02269,1.5825153e+05,4.4928272e+01,4.1285703e+03,1.1663151e+01,1.6608164e+05,4.7203850e+01,0,nan,nan,nan,nan,1328.20226,2.5977896e-04,1819.02269,2.2978894e-04,-1.3961843e-03,4.3602087e-02
-0.27394641245473395,1.0003304364096555,0.0002870369091975454,1914.8430935877486,3.1744484e-03,494917,471.01433,463.89712,1.6434278e+05,4.7057617e+01,5.1787856e+03,1.5042748e+01,1.6990564e+05,4.8753078e+01,0,nan,nan,nan,nan,471.01433,2.6302182e-04,463.89712,2.9866750e-04,1.6200023e-02,-3.8601416e-03
-0.27382213064311145,1.0002443431686405,0.00028207004716103315,1908.7083378695602,3.1383401e-03,490500,470.99931,463.88361,1.6390767e+05,4.6223007e+01,2.5881965e+03,1.3461092e+01,1.6981634e+05,4.7888401e+01,0,nan,nan,nan,nan,470.99931,2.5821905e-04,463.88361,2.9370730e-04,-8.0708088e-04,-1.7814668e-02
-0.27374496834727324,1.0004061476246937,0.00028241640185459627,1902.573535031856,3.0551124e-03,486083,470.98898,463.86465,1.6401298e+05,4.6289593e+01,2.8213931e+03,1.3575244e+01,1.6987986e+05,4.7957382e+01,0,nan,nan,nan,nan,470.98898,2.5828453e-04,463.86465,2.9386554e-04,-1.2927905e-02,-3.9072815e-02
-0.27361678253009813,0.9991521174540605,0.00028446305465334846,1718.5272632176711,-3.0247949e-03,353574,1328.20427,1818.98472,1.5770142e+05,4.4980225e+01,4.5448931e+03,1.1923553e+01,1.6599119e+05,4.7258430e+01,0,nan,nan,nan,nan,1328.20427,2.6105638e-04,1818.98472,2.3189798e-04,1.3761633e-03,2.1906667e-03
-0.27333321759215323,0.9997650980461135,0.00028231148010837573,1712.392666782609,-2.9016777e-03,349157,1328.21277,1818.99041,1.5855672e+05,4.4673538e+01,3.0242227e+03,1.1052126e+01,1.6621778e+05,4.6936214e+01,0,nan,nan,nan,nan,1328.21277,2.5780257e-04,1818.99041,2.2713588e-04,1.0747272e-02,9.4678346e-03
-0.27327050100575434,0.9998481660816831,0.0002980214763719214,1761.471769499196,-2.9433486e-03,384494,1042.62756,1775.57103,1.5923903e+05,4.7434727e+01,9.5625391e+03,1.6070723e+01,1.6661319e+05,4.9661846e+01,0,nan,nan,nan,nan,1042.62756,2.7942055e-04,1775.57103,2.4915481e-04,3.6321883e-03,4.0881965e-02
-0.2732292686132496,0.9998825502496266,0.0002905214234927326,1755.3369307315884,-3.0626548e-03,380077,1042.61291,1775.57125,1.5914419e+05,4.6220222e+01,5.0190220e+03,1.3984857e+01,1.6654412e+05,4.8390320e+01,0,nan,nan,nan,nan,1042.61291,2.7061327e-04,1775.57125,2.4135195e-04,-1.2942540e-02,3.9928149e-02
-0.2730347660249208,1.0002343173279484,0.00029366188488458945,1743.0673652341766,-3.1892299e-03,371243,1042.61407,1775.52984,1.5901141e+05,4.6715466e+01,6.9681875e+03,1.4893899e+01,1.6658709e+05,4.8908817e+01,0,nan,nan,nan,nan,1042.61407,2.7426810e-04,1775.52984,2.4511182e-04,-1.1444405e-02,-4.2672562e-03
-0.27270876934790067,1.0000626841179123,0.00028210700450825426,1920.9792112308555,3.1835935e-03,499335,471.02520,463.89201,1.6422850e+05,4.6243557e+01,2.5874314e+03,1.3445164e+01,1.6983873e+05,4.7909691e+01,0,nan,nan,nan,nan,471.02520,2.5845511e-04,463.89201,2.9292310e-04,2.7313039e-02,-8.8665197e-03
-0.272700313270434,0.99945344573696,0.00028405929134357505,1730.797939686931,-3.1763187e-03,362409,1328.20430,1819.02379,1.5838978e+05,4.4932243e+01,4.1200684e+03,1.1641960e+01,1.6609991e+05,4.7208023e+01,0,nan,nan,nan,nan,1328.20430,2.5964394e-04,1819.02379,2.2901755e-04,5.0244154e-04,4.5819048e-02
-0.27255751996608524,1.000744447790726,0.0002868717746908941,1914.8444824802373,3.1744526e-03,494918,471.01316,463.88792,1.6428330e+05,4.7030655e+01,5.1753979e+03,1.4960258e+01,1.6997636e+05,4.8725147e+01,0,nan,nan,nan,nan,471.01316,2.6356240e-04,463.88792,2.9859738e-04,1.5348859e-02,-1.4006125e-02
-0.2724332272114225,0.9996955220878588,0.000282120404356318,1908.7097267729919,3.1383552e-03,490501,470.99818,463.87496,1.6390031e+05,4.6231224e+01,2.5921997e+03,1.3509668e+01,1.6972303e+05,4.7896912e+01,0,nan,nan,nan,nan,470.99818,2.5830584e-04,463.87496,2.9350154e-04,-2.0970171e-03,-2.7594404e-02
-0.2723560576987438,1.0001926883731627,0.0002824016975231113,1902.5749239425045,3.0551348e-03,486084,470.98578,463.85895,1.6400433e+05,4.6287125e+01,2.8340178e+03,1.3590223e+01,1.6984342e+05,4.7954830e+01,0,nan,nan,nan,nan,470.98578,2.5818608e-04,463.85895,2.9367601e-04,-1.5270938e-02,-4.5169655e-02
-0.2722279177614837,0.9998833868469388,0.00028434243020408447,1718.5286520824397,-3.0248184e-03,353575,1328.20352,1818.98340,1.5761106e+05,4.4961323e+01,4.5526914e+03,1.1891626e+01,1.6611333e+05,4.7238575e+01,0,nan,nan,nan,nan,1328.20352,2.6137539e-04,1818.98340,2.3198672e-04,5.8971648e-04,8.1185042e-04
-0.27194436213676454,0.999944354177474,0.0002822246662311253,1712.3940556380644,-2.9017106e-03,349158,1328.20525,1818.98413,1.5844383e+05,4.4659859e+01,3.0311501e+03,1.1063353e+01,1.6624781e+05,4.6921844e+01,0,nan,nan,nan,nan,1328.20525,2.5747393e-04,1818.98413,2.2765120e-04,2.4181255e-03,2.1178748e-03
-0.2718815817752329,1.0005092696883622,0.00029825557064256834,1761.4731584184265,-2.9433176e-03,384495,1042.63371,1775.57439,1.5939159e+05,4.7472240e+01,9.5680186e+03,1.6110535e+01,1.6672425e+05,4.9701122e+01,0,nan,nan,nan,nan,1042.63371,2.7926473e-04,1775.57439,2.4902503e-04,9.8296786e-03,4.4607081e-02
-0.27184035776463134,1.0000599117877045,0.00029046438770822657,1755.338319642437,-3.0626322e-03,380078,1042.60794,1775.56765,1.5913570e+05,4.6211170e+01,5.0264785e+03,1.3973526e+01,1.6657375e+05,4.8380840e+01,0,nan,nan,nan,nan,1042.60794,2.7043687e-04,1775.56765,2.4122621e-04,-1.7739825e-02,3.6101345e-02
-0.27164587054403455,0.9998522901083852,0.00029383212564351594,1743.0687541296575,-3.1892227e-03,371244,1042.61174,1775.53438,1.5901659e+05,4.6742607e+01,6.9647085e+03,1.4919118e+01,1.6652367e+05,4.8937233e+01,0,nan,nan,nan,nan,1042.61174,2.7473338e-04,1775.53438,2.4553188e-04,-1.3647831e-02,6.8074506e-04
-0.27131988221435677,1.0005529309755594,0.00028215732361459996,1920.980600117989,3.1835923e-03,499336,471.02172,463.88558,1.6426716e+05,4.6251770e+01,2.5972219e+03,1.3441716e+01,1.6992184e+05,4.7918198e+01,0,nan,nan,nan,nan,471.02172,2.5836230e-04,463.88558,2.9326929e-04,2.3974599e-02,-1.5818411e-02
-0.27131143336760033,1.0003205445775172,0.0002844284707185659,1730.7993285668338,-3.1763271e-03,362410,1328.19897,1819.02168,1.5844766e+05,4.4990543e+01,4.1241406e+03,1.1749913e+01,1.6624367e+05,4.7269279e+01,0,nan,nan,nan,nan,1328.19897,2.5992337e-04,1819.02168,2.2976255e-04,-4.3302285e-03,4.2634640e-02
-0.27116862724506063,1.0002492465445285,0.00028708266729016337,1914.8458713729583,3.1744570e-03,494919,471.01722,463.90174,1.6433766e+05,4.7065346e+01,5.1861987e+03,1.5056392e+01,1.6989266e+05,4.8761086e+01,0,nan,nan,nan,nan,471.01722,2.6333405e-04,463.90174,2.9845652e-04,1.9157192e-02,4.5453824e-04
-0.2710443240125642,1.00014845647627,0.0002821580690354908,1908.7111156761907,3.1383701e-03,490502,470.99662,463.87618,1.6394225e+05,4.6237358e+01,2.6033115e+03,1.3535702e+01,1.6979978e+05,4.7903267e+01,0,nan,nan,nan,nan,470.99662,2.5805511e-04,463.87618,2.9343480e-04,-3.4707771e-03,-2.5622863e-02
-0.2709671470483954,1.0002389687206157,0.0002823472379179635,1902.5763128531548,3.0551571e-03,486085,470.98597,463.85317,1.6398614e+05,4.6278149e+01,2.8239817e+03,1.3593904e+01,1.6985111e+05,4.7945530e+01,0,nan,nan,nan,nan,470.98597,2.5814309e-04,463.85317,2.9362636e-04,-1.5010068e-02,-5.2014045e-02
-0.2708390529935514,0.9998713368849118,0.0002844684688907681,1718.5300409472077,-3.0248419e-03,353576,1328.20194,1818.98349,1.5776252e+05,4.4981434e+01,4.5521318e+03,1.1895219e+01,1.6611198e+05,4.7259705e+01,0,nan,nan,nan,nan,1328.20194,2.6117085e-04,1818.98349,2.3162187e-04,-3.0376640e-04,4.1530462e-04
-0.27055550668205797,0.9994108323053581,0.00028217782829017445,1712.395444493519,-2.9017434e-03,349159,1328.21124,1818.99082,1.5853894e+05,4.4652515e+01,3.0254758e+03,1.1006343e+01,1.6615934e+05,4.6914124e+01,0,nan,nan,nan,nan,1328.21124,2.5746520e-04,1818.99082,2.2726653e-04,8.0746077e-03,9.9060498e-03
-0.2704926625447115,1.0005252825339839,0.000298148446662823,1761.474547337657,-2.9432867e-03,384496,1042.63214,1775.56536,1.5936030e+05,4.7455452e+01,9.5589199e+03,1.6065887e+01,1.6672783e+05,4.9683540e+01,0,nan,nan,nan,nan,1042.63214,2.7927913e-04,1775.56536,2.4925912e-04,8.3825532e-03,3.4991216e-02
-0.27045144691646783,0.9997963956428009,0.0002905173830939706,1755.3397085532852,-3.0626096e-03,380079,1042.61847,1775.56823,1.5901033e+05,4.6219624e+01,5.0419893e+03,1.3997617e+01,1.6652994e+05,4.8389694e+01,0,nan,nan,nan,nan,1042.61847,2.7052680e-04,1775.56823,2.4158978e-04,-5.5987188e-03,3.7275821e-02
-0.2702569750631483,1.0007218771547834,0.0002937729641685816,1743.0701430251383,-3.1892154e-03,371245,1042.61817,1775.51525,1.5906481e+05,4.6733257e+01,6.9824717e+03,1.4919440e+01,1.6666872e+05,4.8927441e+01,0,nan,nan,nan,nan,1042.61817,2.7415474e-04,1775.51525,2.4531930e-04,-6.2912353e-03,-1.9999027e-02
-0.26993099508081286,1.0005560590324027,0.0002821565195183815,1920.9819890051226,3.1835912e-03,499337,471.02891,463.90036,1.6423061e+05,4.6251598e+01,2.5855833e+03,1.3470189e+01,1.6992223e+05,4.7918018e+01,0,nan,nan,nan,nan,471.02891,2.5845930e-04,463.90036,2.9336542e-04,3.0705212e-02,2.0724800e-04
-0.26992255346499405,0.9999121170907497,0.000284186969704934,1730.8007174467364,-3.1763355e-03,362411,1328.20347,1819.01910,1.5843398e+05,4.4952259e+01,4.1266909e+03,1.1677604e+01,1.6617545e+05,4.7229050e+01,0,nan,nan,nan,nan,1328.20347,2.5959229e-04,1819.01910,2.2936921e-04,-1.1367731e-04,4.0068343e-02
-0.2697797347564119,1.0000122819798813,0.000286588073557196,1914.847260265447,3.1744612e-03,494920,471.01123,463.89324,1.6413931e+05,4.6984375e+01,5.1511514e+03,1.4904274e+01,1.6985281e+05,4.8677197e+01,0,nan,nan,nan,nan,471.01123,2.6321344e-04,463.89324,2.9937245e-04,1.2947182e-02,-7.7889832e-03
-0.26965542081370586,0.9997245774532671,0.0002819158821486688,1908.7125045793896,3.1383850e-03,490503,470.99878,463.87464,1.6385459e+05,4.6197632e+01,2.6047017e+03,1.3470014e+01,1.6972769e+05,4.7862110e+01,0,nan,nan,nan,nan,470.99878,2.5801538e-04,463.87464,2.9337514e-04,-1.3635939e-03,-2.7885985e-02
-0.2695782366313324,1.0002749929647388,0.00028241858687983563,1902.577701763572,3.0551793e-03,486086,470.98563,463.85410,1.6403064e+05,4.6289799e+01,2.8241531e+03,1.3615088e+01,1.6985703e+05,4.7957592e+01,0,nan,nan,nan,nan,470.98563,2.5808116e-04,463.85410,2.9357575e-04,-1.5075202e-02,-5.1488362e-02
-0.2694501884577676,0.9997879861956435,0.00028446964318964307,1718.5314298117435,-3.0248656e-03,353577,1328.19865,1818.98173,1.5775791e+05,4.4981796e+01,4.5468599e+03,1.1908691e+01,1.6609880e+05,4.7260082e+01,0,nan,nan,nan,nan,1328.19865,2.6134521e-04,1818.98173,2.3158056e-04,-3.7929325e-03,-1.1933801e-03
-0.269166651227124,1.0003741924638658,0.00028223253572674356,1712.396833348974,-2.9017762e-03,349160,1328.21109,1818.99259,1.5859438e+05,4.4661232e+01,3.0223577e+03,1.1008099e+01,1.6631973e+05,4.6923283e+01,0,nan,nan,nan,nan,1328.21109,2.5740426e-04,1818.99259,2.2726020e-04,8.4964717e-03,1.1248313e-02
-0.2691037433146448,1.0006871074837043,0.00029833095035764856,1761.475936256887,-2.9432557e-03,384497,1042.62851,1775.57045,1.5937698e+05,4.7484756e+01,9.5440713e+03,1.6102358e+01,1.6675569e+05,4.9714226e+01,0,nan,nan,nan,nan,1042.62851,2.7955166e-04,1775.57045,2.4947216e-04,4.3368707e-03,3.9821107e-02
-0.2690625360678496,1.0001722650905163,0.0002904088306730542,1755.3410974641338,-3.0625870e-03,380080,1042.60627,1775.55866,1.5914012e+05,4.6202374e+01,5.0360024e+03,1.3966426e+01,1.6659262e+05,4.8371635e+01,0,nan,nan,nan,nan,1042.60627,2.7031486e-04,1775.55866,2.4121600e-04,-1.9490557e-02,2.6953289e-02
-0.2688680795813525,1.0004016064947832,0.0002938310075352761,1743.0715319206201,-3.1892082e-03,371246,1042.61544,1775.52691,1.5913098e+05,4.6742546e+01,6.9734414e+03,1.4924677e+01,1.6661558e+05,4.8937168e+01,0,nan,nan,nan,nan,1042.61544,2.7434729e-04,1775.52691,2.4501854e-04,-9.8624472e-03,-7.4819168e-03
-0.2685421081807817,0.9998056735225389,0.00028190665713557524,1920.9833778920226,3.1835898e-03,499338,471.02102,463.87365,1.6406170e+05,4.6210594e+01,2.5829980e+03,1.3431867e+01,1.6979464e+05,4.7875542e+01,0,nan,nan,nan,nan,471.02102,2.5842717e-04,463.87365,2.9343751e-04,2.2801585e-02,-2.9507047e-02
-0.26853367356170565,0.9994285345970245,0.0002840761593553982,1730.8021063266397,-3.1763439e-03,362412,1328.20251,1819.01967,1.5831916e+05,4.4934635e+01,4.1225747e+03,1.1684766e+01,1.6609477e+05,4.7210541e+01,0,nan,nan,nan,nan,1328.20251,2.5978062e-04,1819.01967,2.2953907e-04,-3.3168253e-04,4.0473558e-02
-0.2683908422679906,1.0001178095893022,0.0002867877534453711,1914.8486491579354,3.1744654e-03,494921,471.01025,463.89106,1.6423939e+05,4.7017220e+01,5.1639751e+03,1.4981265e+01,1.6987116e+05,4.8711227e+01,0,nan,nan,nan,nan,471.01025,2.6305128e-04,463.89106,2.9919553e-04,1.1774493e-02,-1.0989748e-02
-0.26826651761484754,1.0002026609064636,0.0002818966076520348,1908.7138934825884,3.1383999e-03,490504,470.99951,463.87995,1.6397898e+05,4.6194439e+01,2.5923928e+03,1.3412016e+01,1.6980872e+05,4.7858803e+01,0,nan,nan,nan,nan,470.99951,2.5797464e-04,463.87995,2.9302377e-04,-3.2065940e-04,-2.2332057e-02
-0.2681893259825756,0.9994935123459563,0.00028223045668544463,1902.5790906742207,3.0552016e-03,486087,470.98455,463.85266,1.6385644e+05,4.6258911e+01,2.8221680e+03,1.3587226e+01,1.6972414e+05,4.7925594e+01,0,nan,nan,nan,nan,470.98455,2.5817973e-04,463.85266,2.9371359e-04,-1.6846621e-02,-5.2168664e-02
-0.26806132368824365,1.0002087798914356,0.0002845975662507574,1718.532818676513,-3.0248892e-03,353578,1328.21010,1818.98654,1.5774875e+05,4.5002201e+01,4.5658369e+03,1.1923221e+01,1.6616936e+05,4.7281525e+01,0,nan,nan,nan,nan,1328.21010,2.6158724e-04,1818.98654,2.3169471e-04,8.8560609e-03,3.8874133e-03
-0.2677777957717353,0.9996396102445005,0.0002820998747836283,1712.3982222044294,-2.9018091e-03,349161,1328.20308,1818.97104,1.5839931e+05,4.4640308e+01,3.0351992e+03,1.1015430e+01,1.6619786e+05,4.6901299e+01,0,nan,nan,nan,nan,1328.20308,2.5760499e-04,1818.97104,2.2814615e-04,4.2481904e-04,-1.2900591e-02
-0.2677148240841234,0.9998273556277718,0.00029808081605675726,1761.4773251761176,-2.9432247e-03,384498,1042.63119,1775.57146,1.5920909e+05,4.7445202e+01,9.5601152e+03,1.6100122e+01,1.6661333e+05,4.9672813e+01,0,nan,nan,nan,nan,1042.63119,2.7945958e-04,1775.57146,2.4931782e-04,8.3174296e-03,4.1025668e-02
-0.2676736252194587,0.9998839935773748,0.00029039823223549026,1755.3424863749822,-3.0625644e-03,380081,1042.61219,1775.57151,1.5907491e+05,4.6200714e+01,5.0473496e+03,1.3968591e+01,1.6654470e+05,4.8369900e+01,0,nan,nan,nan,nan,1042.61219,2.7036655e-04,1775.57151,2.4136712e-04,-1.2457969e-02,4.0942524e-02
-0.2674791841000115,1.000403211607218,0.0002940252605762616,1743.0729208161015,-3.1892010e-03,371247,1042.61715,1775.51991,1.5917055e+05,4.6773510e+01,6.9944722e+03,1.4936410e+01,1.6661606e+05,4.8969585e+01,0,nan,nan,nan,nan,1042.61715,2.7443864e-04,1775.51991,2.4518234e-04,-9.0405112e-03,-1.4756436e-02
-0.2671532210474652,0.9998231350031341,0.00028226308748746984,1920.984766779156,3.1835886e-03,499339,471.02912,463.88950,1.6416806e+05,4.6268990e+01,2.6011321e+03,1.3506222e+01,1.6979745e+05,4.7936035e+01,0,nan,nan,nan,nan,471.02912,2.5914083e-04,463.88950,2.9332083e-04,3.1483367e-02,-1.1389391e-02
-0.26714479365841726,0.9997118212192395,0.0002841121299259314,1730.803495206543,-3.1763522e-03,362413,1328.20355,1819.02575,1.5832500e+05,4.4940243e+01,4.1350840e+03,1.1686320e+01,1.6614152e+05,4.7216427e+01,0,nan,nan,nan,nan,1328.20355,2.6019136e-04,1819.02575,2.2931480e-04,3.8747588e-04,4.7443349e-02
-0.26700194954719336,1.000138347381059,0.0002867093042445828,1914.8500380506562,3.1744698e-03,494922,471.01911,463.89989,1.6409103e+05,4.7004478e+01,5.1406636e+03,1.4995291e+01,1.6987506e+05,4.8698025e+01,0,nan,nan,nan,nan,471.01911,2.6368847e-04,463.89989,2.9938729e-04,2.2207787e-02,-1.3246663e-03
-0.2668776144168987,0.9999269142993671,0.0002820138806276351,1908.7152823857864,3.1384148e-03,490505,470.99931,463.88399,1.6392592e+05,4.6213623e+01,2.5985159e+03,1.3436467e+01,1.6976177e+05,4.7878674e+01,0,nan,nan,nan,nan,470.99931,2.5828782e-04,463.88399,2.9343530e-04,-8.1361772e-04,-1.7631624e-02
-0.2668004153338188,0.9995492545369713,0.0002823174601373625,1902.5804795848694,3.0552240e-03,486088,470.98683,463.85368,1.6386825e+05,4.6273125e+01,2.8188154e+03,1.3588530e+01,1.6973342e+05,4.7940319e+01,0,nan,nan,nan,nan,470.98683,2.5819728e-04,463.85368,2.9420835e-04,-1.4339474e-02,-5.1714487e-02
-0.26667245915245985,1.0000857115234083,0.00028454817967985875,1718.5342075410488,-3.0249129e-03,353579,1328.19933,1818.98432,1.5781016e+05,4.4994572e+01,4.5615747e+03,1.1894019e+01,1.6614958e+05,4.7273506e+01,0,nan,nan,nan,nan,1328.19933,2.6108819e-04,1818.98432,2.3196467e-04,-3.8347992e-03,1.3682633e-03
-0.26638894031634663,1.000018682297667,0.00028215600928276123,1712.3996110598848,-2.9018419e-03,349162,1328.20696,1818.98520,1.5843684e+05,4.4649261e+01,3.0329170e+03,1.1035977e+01,1.6626114e+05,4.6910706e+01,0,nan,nan,nan,nan,1328.20696,2.5773363e-04,1818.98520,2.2801686e-04,4.4624321e-03,3.1714407e-03
-0.2663259046212261,1.000195617162675,0.0002982977745678525,1761.4787140955805,-2.9431935e-03,384499,1042.62968,1775.56686,1.5928939e+05,4.7480000e+01,9.5695664e+03,1.6107014e+01,1.6667562e+05,4.9709244e+01,0,nan,nan,nan,nan,1042.62968,2.7995705e-04,1775.56686,2.4948997e-04,5.9872889e-03,3.6616921e-02
-0.2662847143710678,1.0002024464020114,0.00029053878591301063,1755.3438752858306,-3.0625418e-03,380082,1042.60844,1775.56560,1.5919838e+05,4.6223099e+01,5.0416157e+03,1.3979328e+01,1.6659783e+05,4.8393333e+01,0,nan,nan,nan,nan,1042.60844,2.7022671e-04,1775.56560,2.4115251e-04,-1.7097404e-02,3.4261107e-02
-0.26609028885104635,0.9999232622646343,0.00029372162337642127,1743.0743097113505,-3.1891940e-03,371248,1042.61920,1775.51936,1.5891367e+05,4.6725269e+01,6.9881245e+03,1.4924855e+01,1.6653633e+05,4.8919075e+01,0,nan,nan,nan,nan,1042.61920,2.7440698e-04,1775.51936,2.4572515e-04,-6.1765383e-03,-1.6628489e-02
-0.2657643339139213,0.9996742198377994,0.00028203706589228404,1920.9861556662895,3.1835875e-03,499340,471.02103,463.88925,1.6404947e+05,4.6231895e+01,2.5964136e+03,1.3477193e+01,1.6977202e+05,4.7897606e+01,0,nan,nan,nan,nan,471.02103,2.5869164e-04,463.88925,2.9348276e-04,2.3244498e-02,-1.1559787e-02
-0.2657559137562657,1.0000900157329113,0.00028424053201990497,1730.804884086445,-3.1763606e-03,362414,1328.19826,1819.02038,1.5846948e+05,4.4960464e+01,4.1343999e+03,1.1657179e+01,1.6620405e+05,4.7237671e+01,0,nan,nan,nan,nan,1328.19826,2.5951251e-04,1819.02038,2.2957202e-04,-6.3518565e-03,4.0947147e-02
-0.26561305705854465,1.0001332454526752,0.00028670326883110573,1914.8514269431448,3.1744740e-03,494923,471.00677,463.88988,1.6412380e+05,4.7003605e+01,5.1436558e+03,1.4968741e+01,1.6987462e+05,4.8697121e+01,0,nan,nan,nan,nan,471.00677,2.6333606e-04,463.88988,2.9897213e-04,8.2595041e-03,-1.2147378e-02
-0.26548871121849515,1.0000760359634697,0.0002819921875445377,1908.7166712889848,3.1384297e-03,490506,470.99789,463.86700,1.6400670e+05,4.6210026e+01,2.5882209e+03,1.3438983e+01,1.6978694e+05,4.7874950e+01,0,nan,nan,nan,nan,470.99789,2.5786558e-04,463.86700,2.9324295e-04,-3.0188437e-03,-3.6485523e-02
-0.26541150491721055,0.9997355800837938,0.0002824368244556094,1902.581868495286,3.0552461e-03,486089,470.98930,463.86708,1.6386008e+05,4.6292633e+01,2.8332769e+03,1.3640265e+01,1.6976488e+05,4.7960533e+01,0,nan,nan,nan,nan,470.98930,2.5850302e-04,463.86708,2.9411944e-04,-1.1412418e-02,-3.6400598e-02
-0.2652835943838454,1.000281410194136,0.00028459492371995675,1718.5355964058174,-3.0249364e-03,353580,1328.21123,1818.99272,1.5793362e+05,4.5002140e+01,4.5727432e+03,1.1906464e+01,1.6618275e+05,4.7281460e+01,0,nan,nan,nan,nan,1328.21123,2.6098228e-04,1818.99272,2.3092184e-04,8.4566521e-03,1.1866368e-02
-0.26500008462858204,1.000002688248275,0.0002823227337752844,1712.4009999155726,-2.9018745e-03,349163,1328.20598,1818.98566,1.5850588e+05,4.4675709e+01,3.0361282e+03,1.1060699e+01,1.6625873e+05,4.6938496e+01,0,nan,nan,nan,nan,1328.20598,2.5739009e-04,1818.98566,2.2772732e-04,3.6148219e-03,3.2775656e-03
-0.26493698539070465,0.9997630860869556,0.00029821093020601777,1761.480103014811,-2.9431626e-03,384500,1042.63050,1775.57390,1.5930936e+05,4.7466434e+01,9.6069521e+03,1.6107227e+01,1.6660445e+05,4.9695045e+01,0,nan,nan,nan,nan,1042.63050,2.7954808e-04,1775.57390,2.4924107e-04,6.7820870e-03,4.3904986e-02
-0.2648958032896189,1.0011242852179374,0.00029052681374294384,1755.345264196912,-3.0625190e-03,380083,1042.61628,1775.57338,1.5930627e+05,4.6221218e+01,5.0502026e+03,1.3960387e+01,1.6675147e+05,4.8391365e+01,0,nan,nan,nan,nan,1042.61628,2.7025279e-04,1775.57338,2.4094566e-04,-8.0084158e-03,4.2866509e-02
-0.26470139336879583,0.9998548357213598,0.0002936775411137322,1743.0756986068327,-3.1891868e-03,371249,1042.61051,1775.53147,1.5898667e+05,4.6718311e+01,6.9846064e+03,1.4917819e+01,1.6652514e+05,4.8911797e+01,0,nan,nan,nan,nan,1042.61051,2.7441766e-04,1775.53147,2.4550362e-04,-1.4713522e-02,-3.1649359e-03
-0.2643754470136628,0.9998875434322658,0.0002820354931907745,1920.9875445531898,3.1835861e-03,499341,471.02023,463.88161,1.6406355e+05,4.6231594e+01,2.6085332e+03,1.3434461e+01,1.6980808e+05,4.7897293e+01,0,nan,nan,nan,nan,471.02023,2.5892258e-04,463.88161,2.9353140e-04,2.1995656e-02,-2.0331353e-02
-0.2643670340871722,1.0000960128658738,0.00028418266135692426,1730.8062729661142,-3.1763692e-03,362415,1328.20295,1819.01835,1.5839814e+05,4.4951221e+01,4.1255625e+03,1.1675722e+01,1.6620472e+05,4.7227962e+01,0,nan,nan,nan,nan,1328.20295,2.5967017e-04,1819.01835,2.2965339e-04,-1.6675159e-04,3.9127745e-02
-0.26422416456989595,0.9996607853291292,0.0002866745053034851,1914.8528158356335,3.1744782e-03,494924,471.01339,463.89438,1.6424930e+05,4.6999008e+01,5.1227710e+03,1.4935424e+01,1.6979480e+05,4.8692356e+01,0,nan,nan,nan,nan,471.01339,2.6301152e-04,463.89438,2.9850536e-04,1.4902456e-02,-7.0397691e-03
-0.26409980801963684,1.0000545955917202,0.0002818837199933324,1908.7180601921837,3.1384446e-03,490507,471.00161,463.87621,1.6393914e+05,4.6192219e+01,2.5915383e+03,1.3421380e+01,1.6978317e+05,4.7856499e+01,0,nan,nan,nan,nan,471.00161,2.5804839e-04,463.87621,2.9312650e-04,1.2223249e-03,-2.5802946e-02
-0.26402259426777164,0.9998168821114845,0.0002822185101209154,1902.5832574059355,3.0552684e-03,486090,470.97907,463.84574,1.6382462e+05,4.6256802e+01,2.8215315e+03,1.3592936e+01,1.6977850e+05,4.7923412e+01,0,nan,nan,nan,nan,470.97907,2.5818788e-04,463.84574,2.9400838e-04,-2.1768423e-02,-6.0506724e-02
-0.2638947296159131,0.999212439148064,0.00028473599299790026,1718.5369852705853,-3.0249599e-03,353581,1328.20582,1818.98599,1.5783556e+05,4.5024628e+01,4.5735000e+03,1.1964223e+01,1.6600581e+05,4.7305088e+01,0,nan,nan,nan,nan,1328.20582,2.6124541e-04,1818.98599,2.3148948e-04,3.2298090e-03,3.9430722e-03
-0.26361122917319335,1.000395960041509,0.0002823560983407411,1712.402388771028,-2.9019073e-03,349164,1328.20902,1818.98773,1.5861516e+05,4.4681057e+01,3.0405754e+03,1.1055468e+01,1.6632441e+05,4.6944118e+01,0,nan,nan,nan,nan,1328.20902,2.5748491e-04,1818.98773,2.2725279e-04,5.9589520e-03,6.4683896e-03
-0.2635480661597285,1.0000009598698856,0.00029811779780773164,1761.481491934042,-2.9431316e-03,384501,1042.63350,1775.57288,1.5925991e+05,4.7451874e+01,9.5792715e+03,1.6095304e+01,1.6664502e+05,4.9679802e+01,0,nan,nan,nan,nan,1042.63350,2.7953225e-04,1775.57288,2.4938400e-04,9.8661026e-03,4.3189451e-02
-0.2635068924405459,1.0002942145930385,0.00029051885480781077,1755.346653107761,-3.0624964e-03,380084,1042.60782,1775.55934,1.5918967e+05,4.6219982e+01,5.0579360e+03,1.3983159e+01,1.6661330e+05,4.8390068e+01,0,nan,nan,nan,nan,1042.60782,2.7015540e-04,1775.55934,2.4124842e-04,-1.8064458e-02,2.7560614e-02
-0.2633124978865453,1.0005137818370655,0.0002938166137518144,1743.077087502315,-3.1891796e-03,371250,1042.61925,1775.52473,1.5914238e+05,4.6740490e+01,6.9855889e+03,1.4911527e+01,1.6663509e+05,4.8935020e+01,0,nan,nan,nan,nan,1042.61925,2.7412979e-04,1775.52473,2.4522524e-04,-6.4151851e-03,-9.9491719e-03
-0.26298655988102837,1.0001033849517775,0.000282133619862817,1920.9889334403224,3.1835849e-03,499342,471.02902,463.89830,1.6415959e+05,4.6247631e+01,2.6021929e+03,1.3495090e+01,1.6984458e+05,4.7913914e+01,0,nan,nan,nan,nan,471.02902,2.5844865e-04,463.89830,2.9301751e-04,3.1363320e-02,-1.9244197e-03
-0.26297815418456594,0.9998015530201135,0.0002841586235996338,1730.8076618460168,-3.1763776e-03,362416,1328.20453,1819.02494,1.5842362e+05,4.4947330e+01,4.1422686e+03,1.1679767e+01,1.6615545e+05,4.7223877e+01,0,nan,nan,nan,nan,1328.20453,2.5967011e-04,1819.02494,2.2926123e-04,1.6674947e-03,4.6072543e-02
-0.2628352718493261,0.9999697349696185,0.0002868337213910406,1914.854204728354,3.1744826e-03,494925,471.01446,463.89343,1.6431019e+05,4.7025230e+01,5.1380938e+03,1.4977605e+01,1.6984770e+05,4.8719524e+01,0,nan,nan,nan,nan,471.01446,2.6299481e-04,463.89343,2.9850384e-04,1.6342036e-02,-7.4150302e-03
-0.2627109048203238,0.9998345141925075,0.00028206630927442647,1908.719449095383,3.1384595e-03,490508,471.00219,463.87638,1.6389844e+05,4.6222099e+01,2.5896252e+03,1.3521605e+01,1.6974567e+05,4.7887459e+01,0,nan,nan,nan,nan,471.00219,2.5822726e-04,463.87638,2.9339601e-04,1.8853623e-03,-2.5669722e-02
-0.2626336836183327,1.0002552560355455,0.0002824105992502586,1902.584646316585,3.0552908e-03,486091,470.99066,463.86440,1.6395691e+05,4.6288242e+01,2.8068882e+03,1.3649305e+01,1.6985277e+05,4.7955978e+01,0,nan,nan,nan,nan,470.99066,2.5814312e-04,463.86440,2.9367505e-04,-1.0127620e-02,-3.9314702e-02
-0.2625058650808114,1.0002282419626436,0.0002847769984546019,1718.5383741351204,-3.0249837e-03,353582,1328.20126,1818.98042,1.5795403e+05,4.5031296e+01,4.5869053e+03,1.2002824e+01,1.6617525e+05,4.7312088e+01,0,nan,nan,nan,nan,1328.20126,2.6079389e-04,1818.98042,2.3157359e-04,-1.3016114e-03,-2.2720452e-03
-0.26222237371712254,0.999907187485041,0.00028231156529264845,1712.403777626484,-2.9019401e-03,349165,1328.20586,1818.98593,1.5852047e+05,4.4674091e+01,3.0406821e+03,1.1071882e+01,1.6624341e+05,4.6936794e+01,0,nan,nan,nan,nan,1328.20586,2.5745208e-04,1818.98593,2.2752838e-04,3.0847550e-03,4.4141184e-03
-0.2621591469287523,0.9997050515461007,0.00029816122686233466,1761.482880853273,-2.9431006e-03,384502,1042.62731,1775.56947,1.5930934e+05,4.7459053e+01,9.5894424e+03,1.6104227e+01,1.6659664e+05,4.9687313e+01,0,nan,nan,nan,nan,1042.62731,2.7936033e-04,1775.56947,2.4919954e-04,3.7766229e-03,3.9294541e-02
-0.2621179815914729,0.9997585619733346,0.0002905416828483362,1755.3480420186102,-3.0624738e-03,380085,1042.61291,1775.56661,1.5910538e+05,4.6223640e+01,5.0482554e+03,1.3998179e+01,1.6652417e+05,4.8393898e+01,0,nan,nan,nan,nan,1042.61291,2.7055587e-04,1775.56661,2.4135371e-04,-1.2790173e-02,3.5548683e-02
-0.26192360240474954,1.000430279453918,0.00029385149311790586,1743.0784763977967,-3.1891724e-03,371251,1042.61474,1775.52577,1.5918002e+05,4.6746098e+01,7.0150132e+03,1.4916388e+01,1.6662141e+05,4.8940887e+01,0,nan,nan,nan,nan,1042.61474,2.7419746e-04,1775.52577,2.4485504e-04,-1.1108598e-02,-8.8634593e-03
-0.2615976727479392,1.000054038555868,0.0002821846966003879,1920.9903223274555,3.1835837e-03,499343,471.02536,463.89000,1.6416472e+05,4.6255966e+01,2.6039700e+03,1.3502718e+01,1.6983603e+05,4.7922543e+01,0,nan,nan,nan,nan,471.02536,2.5886574e-04,463.89000,2.9337782e-04,2.7934507e-02,-1.0966356e-02
-0.26158927428195966,0.9994364629898191,0.00028414275652450225,1730.8090507259194,-3.1763860e-03,362417,1328.20156,1819.02133,1.5838414e+05,4.4944736e+01,4.1429980e+03,1.1672221e+01,1.6609447e+05,4.7221149e+01,0,nan,nan,nan,nan,1328.20156,2.5973839e-04,1819.02133,2.2930333e-04,-2.6904275e-03,4.2448539e-02
-0.2614463793606774,1.0000499138904744,0.00028663063981299237,1914.8555936208427,3.1744868e-03,494926,471.01622,463.89690,1.6418531e+05,4.6992050e+01,5.1084189e+03,1.4913748e+01,1.6986175e+05,4.8685150e+01,0,nan,nan,nan,nan,471.01622,2.6329356e-04,463.89690,2.9929596e-04,1.8319385e-02,-4.2183106e-03
-0.26132200162146546,0.999747308915297,0.0002819589159270448,1908.7208379985818,3.1384744e-03,490509,470.99874,463.88387,1.6391781e+05,4.6204460e+01,2.6020264e+03,1.3438792e+01,1.6973073e+05,4.7869186e+01,0,nan,nan,nan,nan,470.99874,2.5812560e-04,463.88387,2.9313975e-04,-1.8132842e-03,-1.7795313e-02
-0.26124477320172446,1.000338575135257,0.0002823565370029641,1902.5860352270015,3.0553129e-03,486092,470.98621,463.85383,1.6391912e+05,4.6279327e+01,2.8160991e+03,1.3619554e+01,1.6986672e+05,4.7946747e+01,0,nan,nan,nan,nan,470.98621,2.5825098e-04,463.85383,2.9397884e-04,-1.5072678e-02,-5.1679853e-02
-0.2611170003119696,0.9997919209699249,0.00028446621873023627,1718.5397629998893,-3.0250072e-03,353583,1328.20772,1818.98787,1.5779100e+05,4.4982330e+01,4.5659194e+03,1.1913815e+01,1.6610342e+05,4.7260647e+01,0,nan,nan,nan,nan,1328.20772,2.6113194e-04,1818.98787,2.3138903e-04,5.6771669e-03,5.6304126e-03
-0.26083351826173384,1.0016321759105207,0.0002825096596231855,1712.4051664819394,-2.9019730e-03,349166,1328.20713,1818.98279,1.5881506e+05,4.4705513e+01,3.0362217e+03,1.1060043e+01,1.6653048e+05,4.6969810e+01,0,nan,nan,nan,nan,1328.20713,2.5709977e-04,1818.98279,2.2709332e-04,3.7494996e-03,5.3684565e-04
-0.2607702276982309,1.0002095243811062,0.0002982968860095315,1761.4842697725035,-2.9430697e-03,384503,1042.63617,1775.57765,1.5934148e+05,4.7480907e+01,9.6007891e+03,1.6119982e+01,1.6668164e+05,4.9710197e+01,0,nan,nan,nan,nan,1042.63617,2.7983566e-04,1775.57765,2.4921031e-04,1.2760471e-02,4.8126683e-02
-0.26072907074308205,1.0008565500777586,0.00029062888136548485,1755.3494309294585,-3.0624513e-03,380086,1042.61103,1775.56235,1.5924220e+05,4.6237537e+01,5.0537173e+03,1.4025871e+01,1.6670714e+05,4.8408447e+01,0,nan,nan,nan,nan,1042.61103,2.7014039e-04,1775.56235,2.4097026e-04,-1.4026457e-02,3.1038163e-02
-0.2605347069234085,0.9999276326741345,0.0002938425711287488,1743.079865293278,-3.1891651e-03,371252,1042.61889,1775.51875,1.5908581e+05,4.6744740e+01,7.0257627e+03,1.4930037e+01,1.6653789e+05,4.8939465e+01,0,nan,nan,nan,nan,1042.61889,2.7423372e-04,1775.51875,2.4521601e-04,-6.1522932e-03,-1.6421940e-02
-0.26020878584722595,0.9993955739174695,0.0002819752188865431,1920.9917112143562,3.1835823e-03,499344,471.02076,463.88463,1.6403914e+05,4.6221581e+01,2.5955696e+03,1.3415156e+01,1.6972405e+05,4.7886921e+01,0,nan,nan,nan,nan,471.02076,2.5875945e-04,463.88463,2.9351056e-04,2.2333214e-02,-1.7446097e-02
-0.260200394379126,0.999768528861435,0.0002840739302456915,1730.8104396058222,-3.1763944e-03,362418,1328.20545,1819.02740,1.5836214e+05,4.4933762e+01,4.1297637e+03,1.1652513e+01,1.6614933e+05,4.7209621e+01,0,nan,nan,nan,nan,1328.20545,2.5982005e-04,1819.02740,2.2928372e-04,2.2150690e-03,4.9469728e-02
-0.2600574868720287,1.000137227953073,0.0002867148104045916,1914.8569825133313,3.1744910e-03,494927,471.01879,463.90499,1.6426322e+05,4.7005970e+01,5.1150010e+03,1.4948576e+01,1.6987702e+05,4.8699570e+01,0,nan,nan,nan,nan,471.01879,2.6334604e-04,463.90499,2.9817561e-04,2.1708492e-02,4.8275357e-03
-0.25993309842351664,1.0001867954242099,0.00028195852495273017,1908.7222269017798,3.1384893e-03,490510,470.99884,463.86850,1.6393927e+05,4.6204365e+01,2.5826758e+03,1.3459236e+01,1.6980520e+05,4.7869083e+01,0,nan,nan,nan,nan,470.99884,2.5808037e-04,463.86850,2.9321172e-04,-1.4512731e-03,-3.4056578e-02
-0.25985586255319504,0.999953116975139,0.0002823715629836295,1902.58742413765,3.0553353e-03,486093,470.98981,463.86240,1.6397791e+05,4.6281734e+01,2.8167134e+03,1.3609770e+01,1.6980109e+05,4.7949245e+01,0,nan,nan,nan,nan,470.98981,2.5823654e-04,463.86240,2.9371609e-04,-1.0541276e-02,-4.2031374e-02
-0.25972813554335517,0.999861945886023,0.0002844779141740119,1718.5411518646579,-3.0250307e-03,353584,1328.19994,1818.97877,1.5765850e+05,4.4984352e+01,4.5735869e+03,1.1922558e+01,1.6611572e+05,4.7262775e+01,0,nan,nan,nan,nan,1328.19994,2.6119381e-04,1818.97877,2.3283895e-04,-3.1884357e-03,-4.9475343e-03
-0.25944466280702727,1.0001793616260288,0.0002823116300794196,1712.4065553373941,-2.9020058e-03,349167,1328.20867,1818.98670,1.5857233e+05,4.4674255e+01,3.0532209e+03,1.1073936e+01,1.6628925e+05,4.6936970e+01,0,nan,nan,nan,nan,1328.20867,2.5733144e-04,1818.98670,2.2708272e-04,6.2429542e-03,5.2947560e-03
-0.2593813082351062,0.9995683086040815,0.0002981601939633185,1761.4856586919666,-2.9430385e-03,384504,1042.62706,1775.56534,1.5919966e+05,4.7459412e+01,9.5755908e+03,1.6108269e+01,1.6657572e+05,4.9687695e+01,0,nan,nan,nan,nan,1042.62706,2.7977829e-04,1775.56534,2.4946398e-04,3.9543104e-03,3.4778252e-02
-0.25934015989469117,0.9994665070735214,0.000290437573111565,1755.350819840307,-3.0624287e-03,380087,1042.61174,1775.56997,1.5902662e+05,4.6207127e+01,5.0816138e+03,1.3983196e+01,1.6647572e+05,4.8376610e+01,0,nan,nan,nan,nan,1042.61174,2.7066059e-04,1775.56997,2.4132298e-04,-1.3163478e-02,3.8420741e-02
-0.25914581144252224,0.999860051196185,0.00029384875508012406,1743.081254188759,-3.1891579e-03,371253,1042.61233,1775.52709,1.5903336e+05,4.6745777e+01,7.0159170e+03,1.4947222e+01,1.6652684e+05,4.8940552e+01,0,nan,nan,nan,nan,1042.61233,2.7454621e-04,1775.52709,2.4512122e-04,-1.3807262e-02,-7.9644173e-03
-0.2588198987132273,0.9999166493449563,0.0002821987481547751,1920.9931001014902,3.1835812e-03,499345,471.02337,463.87702,1.6411336e+05,4.6258175e+01,2.5973525e+03,1.3527629e+01,1.6981238e+05,4.7924835e+01,0,nan,nan,nan,nan,471.02337,2.5879420e-04,463.87702,2.9338303e-04,2.5061209e-02,-2.5033535e-02
-0.25881151447651973,1.000446841426786,0.0002842285815475147,1730.8118284857248,-3.1764028e-03,362419,1328.19876,1819.01674,1.5856625e+05,4.4958145e+01,4.1294287e+03,1.1650978e+01,1.6626175e+05,4.7235237e+01,0,nan,nan,nan,nan,1328.19876,2.5941312e-04,1819.01674,2.2919226e-04,-5.1364210e-03,3.6782712e-02
-0.25866859415100407,1.000109882846116,0.0002867332800223102,1914.8583714060524,3.1744954e-03,494928,471.01272,463.88958,1.6425423e+05,4.7009117e+01,5.1040537e+03,1.4949909e+01,1.6987280e+05,4.8702835e+01,0,nan,nan,nan,nan,471.01272,2.6330407e-04,463.88958,2.9848990e-04,1.4140333e-02,-1.1456758e-02
-0.25854419522511307,0.9998913457974742,0.00028206880429843553,1908.7236158049782,3.1385042e-03,490511,471.00107,463.87520,1.6391792e+05,4.6222401e+01,2.5880469e+03,1.3522372e+01,1.6975492e+05,4.7887772e+01,0,nan,nan,nan,nan,471.00107,2.5812641e-04,463.87520,2.9323628e-04,1.1522018e-03,-2.6652141e-02
-0.2584669519037561,0.9995749838608463,0.0002821790559696048,1902.5888130482995,3.0553576e-03,486094,470.98384,463.85623,1.6381780e+05,4.6250141e+01,2.8240288e+03,1.3575712e+01,1.6973670e+05,4.7916508e+01,0,nan,nan,nan,nan,470.98384,2.5814920e-04,463.85623,2.9378774e-04,-1.7095797e-02,-4.8493698e-02
-0.2583392710082535,1.000216580677247,0.00028442106845957024,1718.542540729193,-3.0250545e-03,353585,1328.20422,1818.98960,1.5777034e+05,4.4975552e+01,4.5722520e+03,1.1873219e+01,1.6617530e+05,4.7253525e+01,0,nan,nan,nan,nan,1328.20422,2.6141573e-04,1818.98960,2.3183695e-04,1.9861618e-03,7.1445829e-03
-0.2580558071192627,1.0014400295112682,0.0002824580473927205,1712.407944193082,-2.9020384e-03,349168,1328.20764,1818.98820,1.5869380e+05,4.4697502e+01,3.0407124e+03,1.1052599e+01,1.6649914e+05,4.6961395e+01,0,nan,nan,nan,nan,1328.20764,2.5731360e-04,1818.98820,2.2781132e-04,4.3590739e-03,4.8023369e-03
-0.25799238900481214,1.0000050681879553,0.00029801087430567286,1761.4870476111969,-2.9430075e-03,384505,1042.63287,1775.56620,1.5919455e+05,4.7435913e+01,9.6085078e+03,1.6076292e+01,1.6664944e+05,4.9663090e+01,0,nan,nan,nan,nan,1042.63287,2.7970754e-04,1775.56620,2.4939992e-04,9.6519953e-03,3.5405338e-02
-0.2579512488132423,0.9996330410914886,0.00029061114049921954,1755.3522087513884,-3.0624059e-03,380088,1042.61278,1775.56241,1.5909878e+05,4.6234768e+01,5.0756133e+03,1.4049883e+01,1.6650355e+05,4.8405548e+01,0,nan,nan,nan,nan,1042.61278,2.7041524e-04,1775.56241,2.4135553e-04,-1.2247781e-02,3.1421646e-02
-0.2577569159614086,1.0004441996130213,0.0002939261870698193,1743.08264308424,-3.1891507e-03,371254,1042.61460,1775.52330,1.5909283e+05,4.6758156e+01,7.0129932e+03,1.4932370e+01,1.6662434e+05,4.8953510e+01,0,nan,nan,nan,nan,1042.61460,2.7437159e-04,1775.52330,2.4524258e-04,-1.1333504e-02,-1.1282444e-02
-0.2574310115796834,0.9997229416970903,0.0002819547071487524,1920.9944889886237,3.1835800e-03,499346,471.02464,463.89155,1.6405311e+05,4.6218128e+01,2.6000535e+03,1.3447886e+01,1.6977931e+05,4.7883343e+01,0,nan,nan,nan,nan,471.02464,2.5858294e-04,463.89155,2.9339138e-04,2.7267424e-02,-9.3758777e-03
-0.2574226345745956,0.9998751018043476,0.00028411013599645164,1730.8132173656268,-3.1764111e-03,362420,1328.20192,1819.02425,1.5837589e+05,4.4939323e+01,4.1372676e+03,1.1669823e+01,1.6616642e+05,4.7215462e+01,0,nan,nan,nan,nan,1328.20192,2.5969092e-04,1819.02425,2.2931342e-04,-9.6021738e-04,4.5962438e-02
-0.25727970166235536,1.0004325343692182,0.000286743308088294,1914.859760298541,3.1744996e-03,494929,471.01515,463.89592,1.6427186e+05,4.7010887e+01,5.0909556e+03,1.4972587e+01,1.6992805e+05,4.8704662e+01,0,nan,nan,nan,nan,471.01515,2.6313597e-04,463.89592,2.9840734e-04,1.7554097e-02,-4.9133054e-03
-0.25715529202716425,1.0000716176125322,0.00028211559603698517,1908.7250047081761,3.1385191e-03,490512,471.00052,463.88252,1.6395752e+05,4.6230030e+01,2.6004053e+03,1.3513890e+01,1.6978539e+05,4.7895676e+01,0,nan,nan,nan,nan,471.00052,2.5812382e-04,463.88252,2.9325081e-04,4.9172511e-04,-1.9245598e-02
-0.25707804148714786,0.9997811274606463,0.00028223520102078653,1902.590201958716,3.0553797e-03,486095,470.99062,463.85044,1.6386148e+05,4.6259296e+01,2.8095894e+03,1.3576486e+01,1.6977153e+05,4.7925991e+01,0,nan,nan,nan,nan,470.99062,2.5829385e-04,463.85044,2.9385200e-04,-9.8415092e-03,-5.5497117e-02
-0.25695040623963905,0.9997022310436506,0.00028460790949071894,1718.5439295939616,-3.0250780e-03,353586,1328.20724,1818.98539,1.5781945e+05,4.5005276e+01,4.6033174e+03,1.1926192e+01,1.6609052e+05,4.7284752e+01,0,nan,nan,nan,nan,1328.20724,2.6138377e-04,1818.98539,2.3158337e-04,5.0315005e-03,2.3432306e-03
-0.256666951663874,1.0003528429080815,0.0002822898621714505,1712.4093330485373,-2.9020712e-03,349169,1328.20697,1818.98518,1.5848322e+05,4.4670979e+01,3.0509519e+03,1.1076623e+01,1.6631869e+05,4.6933521e+01,0,nan,nan,nan,nan,1328.20697,2.5767533e-04,1818.98518,2.2758909e-04,4.4917450e-03,3.5614751e-03
-0.2566034697742907,0.9997801012177878,0.0002981444799192613,1761.4884365304274,-2.9429765e-03,384506,1042.62903,1775.57443,1.5929744e+05,4.7457451e+01,9.6038525e+03,1.6078056e+01,1.6661288e+05,4.9685638e+01,0,nan,nan,nan,nan,1042.62903,2.7938624e-04,1775.57443,2.4931488e-04,5.5550979e-03,4.4367958e-02
-0.25656233796507877,0.9997952752498003,0.0002905562564999075,1755.3535976622366,-3.0623833e-03,380089,1042.61204,1775.56147,1.5912038e+05,4.6226067e+01,5.0850444e+03,1.4011201e+01,1.6653067e+05,4.8396435e+01,0,nan,nan,nan,nan,1042.61204,2.7034990e-04,1775.56147,2.4132385e-04,-1.2809430e-02,3.0021632e-02
-0.2563680204798402,0.9998582344620072,0.00029389869893675,1743.0840319797217,-3.1891435e-03,371255,1042.61538,1775.51507,1.5902489e+05,4.6753838e+01,7.0330879e+03,1.4952418e+01,1.6652695e+05,4.8948994e+01,0,nan,nan,nan,nan,1042.61538,2.7471010e-04,1775.51507,2.4531817e-04,-1.0544267e-02,-2.0057570e-02
-0.25604212467987963,0.9995518336459254,0.0002820034419974993,1920.9958778755235,3.1835786e-03,499347,471.02097,463.88846,1.6391739e+05,4.6226070e+01,2.5934392e+03,1.3482159e+01,1.6975008e+05,4.7891571e+01,0,nan,nan,nan,nan,471.02097,2.5930424e-04,463.88846,2.9394293e-04,2.3809684e-02,-1.2858711e-02
-0.2560337546719893,0.9994622607712916,0.0002841600319304171,1730.8146062455294,-3.1764195e-03,362421,1328.20303,1819.02394,1.5837672e+05,4.4947136e+01,4.1429370e+03,1.1675204e+01,1.6609752e+05,4.7223671e+01,0,nan,nan,nan,nan,1328.20303,2.5980198e-04,1819.02394,2.2929761e-04,3.6236845e-04,4.4924032e-02
-0.2558908089411034,0.9998709118994517,0.00028667416531390487,1914.8611491912623,3.1745040e-03,494930,471.01386,463.89350,1.6416491e+05,4.6999664e+01,5.1053340e+03,1.4967142e+01,1.6983309e+05,4.8693043e+01,0,nan,nan,nan,nan,471.01386,2.6324487e-04,463.89350,2.9885836e-04,1.5518142e-02,-8.0597680e-03
-0.25576638882739644,1.0000864532071854,0.0002821495203127005,1908.726393611376,3.1385340e-03,490513,471.00368,463.87472,1.6393745e+05,4.6235554e+01,2.5967017e+03,1.3561893e+01,1.6978778e+05,4.7901398e+01,0,nan,nan,nan,nan,471.00368,2.5814900e-04,463.87472,2.9331859e-04,3.1588923e-03,-2.8163105e-02
-0.25568913083770894,0.9996111146931734,0.00028234765857436097,1902.5915908693655,3.0554021e-03,486096,470.98473,463.85640,1.6387623e+05,4.6277676e+01,2.8152231e+03,1.3604478e+01,1.6974248e+05,4.7945038e+01,0,nan,nan,nan,nan,470.98473,2.5853998e-04,463.85640,2.9388742e-04,-1.6183406e-02,-4.8756555e-02
-0.2555615414701151,1.0006141020467578,0.00028463249476845586,1718.5453184587311,-3.0251015e-03,353587,1328.20189,1818.98159,1.5795417e+05,4.5009342e+01,4.5870293e+03,1.1891986e+01,1.6624267e+05,4.7289028e+01,0,nan,nan,nan,nan,1328.20189,2.6123531e-04,1818.98159,2.3133800e-04,-1.2245341e-03,-8.2169723e-04
-0.2552780962084853,0.999978332697394,0.0002823859995513034,1712.4107219039927,-2.9021041e-03,349170,1328.20942,1818.98628,1.5863950e+05,4.4686272e+01,3.0514609e+03,1.1058874e+01,1.6625673e+05,4.6949593e+01,0,nan,nan,nan,nan,1328.20942,2.5735243e-04,1818.98628,2.2724734e-04,6.1724409e-03,4.7606421e-03
-0.25521455054422404,1.000200022033938,0.0002984366892829119,1761.4898254496575,-2.9429456e-03,384507,1042.63815,1775.57400,1.5929077e+05,4.7504227e+01,9.6173721e+03,1.6205040e+01,1.6668380e+05,4.9734612e+01,0,nan,nan,nan,nan,1042.63815,2.7952224e-04,1775.57400,2.4947055e-04,1.4599230e-02,4.4353787e-02
-0.2551734271164605,1.0000351602890671,0.000290647577289209,1755.3549865730852,-3.0623607e-03,380090,1042.61223,1775.56474,1.5916361e+05,4.6240623e+01,5.1014863e+03,1.4007858e+01,1.6657073e+05,4.8411678e+01,0,nan,nan,nan,nan,1042.61223,2.7038937e-04,1775.56474,2.4144693e-04,-1.2988491e-02,3.3608768e-02
-0.2549791249980444,0.999525119717309,0.000293938617036443,1743.0854208752035,-3.1891363e-03,371256,1042.61495,1775.52418,1.5906294e+05,4.6760250e+01,7.0397407e+03,1.4948966e+01,1.6647167e+05,4.8955704e+01,0,nan,nan,nan,nan,1042.61495,2.7443308e-04,1775.52418,2.4530696e-04,-1.1487549e-02,-9.7727627e-03
-0.2546532375467905,0.9996492791605266,0.00028207618784752353,1920.9972667626566,3.1835774e-03,499348,471.02749,463.88510,1.6412600e+05,4.6237949e+01,2.5905193e+03,1.3481522e+01,1.6976645e+05,4.7903877e+01,0,nan,nan,nan,nan,471.02749,2.5860441e-04,463.88510,2.9322301e-04,2.9712889e-02,-1.6121751e-02
-0.2546448747687009,0.9998767184238071,0.0002841658710541943,1730.8159951254327,-3.1764279e-03,362422,1328.20017,1819.02212,1.5847998e+05,4.4947979e+01,4.1290850e+03,1.1660229e+01,1.6616609e+05,4.7224556e+01,0,nan,nan,nan,nan,1328.20017,2.5956173e-04,1819.02212,2.2898382e-04,-3.9297231e-03,4.3898012e-02
-0.2545019164531368,0.9999492338129056,0.0002865997240377327,1914.8625380837502,3.1745082e-03,494931,471.01714,463.90529,1.6397988e+05,4.6987587e+01,5.0904102e+03,1.4993861e+01,1.6984683e+05,4.8680527e+01,0,nan,nan,nan,nan,471.01714,2.6357578e-04,463.90529,2.9984137e-04,1.9640200e-02,4.5198402e-03
-0.2543774856280834,1.0005240732442995,0.00028216656005663354,1908.7277825145752,3.1385489e-03,490514,470.99677,463.87770,1.6399422e+05,4.6238319e+01,2.5992703e+03,1.3494715e+01,1.6986195e+05,4.7904259e+01,0,nan,nan,nan,nan,470.99677,2.5855197e-04,463.87770,2.9335817e-04,-2.9402559e-03,-2.4593467e-02
-0.25430022018827003,0.9994314405411933,0.0002822168734739956,1902.592979780015,3.0554244e-03,486097,470.98844,463.85426,1.6380608e+05,4.6256191e+01,2.8123418e+03,1.3567635e+01,1.6971180e+05,4.7922779e+01,0,nan,nan,nan,nan,470.98844,2.5873483e-04,463.85426,2.9384074e-04,-1.1828031e-02,-5.0740927e-02
-0.2541726769343313,0.9999780397844409,0.00028463469880038987,1718.546707323267,-3.0251252e-03,353588,1328.20521,1818.98208,1.5794181e+05,4.5009876e+01,4.6081025e+03,1.1910050e+01,1.6613767e+05,4.7289585e+01,0,nan,nan,nan,nan,1328.20521,2.6095615e-04,1818.98208,2.3116257e-04,2.3382816e-03,1.5361614e-04
-0.2538892407537787,1.000042988840213,0.00028237847362493014,1712.4121107594474,-2.9021369e-03,349171,1328.21114,1818.98642,1.5858997e+05,4.4685169e+01,3.0442400e+03,1.1019093e+01,1.6626781e+05,4.6948433e+01,0,nan,nan,nan,nan,1328.21114,2.5756424e-04,1818.98642,2.2779951e-04,8.2575129e-03,4.1260044e-03
-0.25382563108087197,1.0003513831675324,0.00029832609903265275,1761.4912143691208,-2.9429144e-03,384508,1042.62734,1775.57096,1.5936612e+05,4.7486893e+01,9.6313730e+03,1.6148907e+01,1.6670997e+05,4.9716465e+01,0,nan,nan,nan,nan,1042.62734,2.7949928e-04,1775.57096,2.4910306e-04,2.9635339e-03,4.0894110e-02
-0.25378451626784226,1.0003114529100674,0.0002906634349232453,1755.3563754839338,-3.0623381e-03,380091,1042.61490,1775.56768,1.5922089e+05,4.6243172e+01,5.0883594e+03,1.4031219e+01,1.6661684e+05,4.8414349e+01,0,nan,nan,nan,nan,1042.61490,2.7039350e-04,1775.56768,2.4114738e-04,-1.0705081e-02,3.5880607e-02
-0.2535902295167034,1.0007142094240118,0.0002938785922168768,1743.0868097706848,-3.1891291e-03,371257,1042.61464,1775.52474,1.5916219e+05,4.6750763e+01,7.0330659e+03,1.4922467e+01,1.6666992e+05,4.8945766e+01,0,nan,nan,nan,nan,1042.61464,2.7422031e-04,1775.52474,2.4522838e-04,-1.0676153e-02,-9.1602718e-03
-0.25326435041415607,0.9998805312316961,0.0002820442943877687,1920.9986556497893,3.1835763e-03,499349,471.02180,463.89506,1.6409983e+05,4.6232674e+01,2.5897588e+03,1.3476282e+01,1.6980556e+05,4.7898411e+01,0,nan,nan,nan,nan,471.02180,2.5873058e-04,463.89506,2.9309563e-04,2.4086563e-02,-5.6597828e-03
-0.25325599486586725,1.0002495035959165,0.0002842048732243675,1730.8173840053355,-3.1764363e-03,362423,1328.20101,1819.01864,1.5837878e+05,4.4954067e+01,4.1567119e+03,1.1699924e+01,1.6622775e+05,4.7230949e+01,0,nan,nan,nan,nan,1328.20101,2.6004977e-04,1819.01864,2.2943907e-04,-2.1820974e-03,3.9162792e-02
-0.2531130239644881,0.9995660505736385,0.0002866972291986014,1914.8639269762389,3.1745124e-03,494932,471.01352,463.89803,1.6417508e+05,4.7003693e+01,5.0967988e+03,1.4961244e+01,1.6978219e+05,4.8697212e+01,0,nan,nan,nan,nan,471.01352,2.6314668e-04,463.89803,2.9876773e-04,1.5691724e-02,-3.0475559e-03
-0.2529885824296798,1.0000695498438141,0.0002820931861279491,1908.7291714177736,3.1385638e-03,490515,471.00100,463.87170,1.6395888e+05,4.6226254e+01,2.5916023e+03,1.3533210e+01,1.6978466e+05,4.7891766e+01,0,nan,nan,nan,nan,471.00100,2.5804981e-04,463.87170,2.9315701e-04,8.3606259e-04,-3.1543974e-02
-0.25291130977257126,1.0003561973668824,0.00028226803756908046,1902.5943686904307,3.0554465e-03,486098,470.98261,463.85582,1.6374556e+05,4.6264530e+01,2.8158391e+03,1.3643722e+01,1.6986864e+05,4.7931416e+01,0,nan,nan,nan,nan,470.98261,2.5903370e-04,463.85582,2.9400870e-04,-1.7272288e-02,-4.9305927e-02
-0.2527838121657169,0.9997344158201193,0.0002845713906165706,1718.5480961880355,-3.0251488e-03,353589,1328.19962,1818.97894,1.5781180e+05,4.5000046e+01,4.6197661e+03,1.1925358e+01,1.6609786e+05,4.7279255e+01,0,nan,nan,nan,nan,1328.19962,2.6115804e-04,1818.97894,2.3150898e-04,-2.9101011e-03,-3.0949800e-03
-0.2525003850662415,0.999990148187336,0.0002822814484674497,1712.413499615135,-2.9021695e-03,349172,1328.20689,1818.99058,1.5852994e+05,4.4669899e+01,3.0533232e+03,1.1062844e+01,1.6625936e+05,4.6932392e+01,0,nan,nan,nan,nan,1328.20689,2.5728211e-04,1818.99058,2.2729671e-04,4.2214720e-03,9.0355398e-03
-0.25243671185035055,0.9998223293162563,0.0002982279544223078,1761.4926032883513,-2.9428834e-03,384509,1042.62758,1775.56782,1.5928388e+05,4.7471542e+01,9.6485732e+03,1.6111845e+01,1.6662275e+05,4.9700390e+01,0,nan,nan,nan,nan,1042.62758,2.7946284e-04,1775.56782,2.4949899e-04,3.9975434e-03,3.7392247e-02
-0.25239560541967876,0.9998182384112887,0.0002906863620247815,1755.357764394782,-3.0623155e-03,380092,1042.60867,1775.56719,1.5914048e+05,4.6246845e+01,5.0788042e+03,1.4014504e+01,1.6653480e+05,4.8418194e+01,0,nan,nan,nan,nan,1042.60867,2.7076973e-04,1775.56719,2.4148812e-04,-1.7261544e-02,3.5762288e-02
-0.25220133403490763,1.0008847647546568,0.0002941660134742004,1743.0881986661666,-3.1891218e-03,371258,1042.61041,1775.52642,1.5911627e+05,4.6796539e+01,7.0301089e+03,1.5020749e+01,1.6669853e+05,4.8993694e+01,0,nan,nan,nan,nan,1042.61041,2.7433471e-04,1775.52642,2.4556278e-04,-1.5679281e-02,-8.0838585e-03
-0.25187546351389756,1.0002899297650982,0.0002820311445690585,1921.0000445366895,3.1835749e-03,499350,471.02574,463.88900,1.6409305e+05,4.6230469e+01,2.5905891e+03,1.3486013e+01,1.6987491e+05,4.7896126e+01,0,nan,nan,nan,nan,471.02574,2.5855529e-04,463.88900,2.9371894e-04,2.8500104e-02,-1.2946093e-02
-0.251867114963261,1.00026175828531,0.0002841975485434821,1730.818772885238,-3.1764447e-03,362424,1328.20260,1819.02503,1.5840300e+05,4.4952827e+01,4.1361875e+03,1.1701868e+01,1.6622950e+05,4.7229652e+01,0,nan,nan,nan,nan,1328.20260,2.5983149e-04,1819.02503,2.2961124e-04,-2.4737275e-04,4.6166297e-02
-0.25172413124300874,1.000140519692454,0.0002867026752540868,1914.8653158689604,3.1745168e-03,494933,471.01164,463.89136,1.6430028e+05,4.7004711e+01,5.0797104e+03,1.4912255e+01,1.6988020e+05,4.8698265e+01,0,nan,nan,nan,nan,471.01164,2.6295608e-04,463.89136,2.9841781e-04,1.3472818e-02,-1.0330389e-02
-0.251599679231731,1.0000480645189769,0.00028209831740153506,1908.7305603209716,3.1385787e-03,490516,470.99841,463.88098,1.6387016e+05,4.6227062e+01,2.6011191e+03,1.3548582e+01,1.6978088e+05,4.7892597e+01,0,nan,nan,nan,nan,470.99841,2.5812650e-04,463.88098,2.9347607e-04,-1.9548873e-03,-2.1104440e-02
-0.25152239912313235,0.9999273733413745,0.0002823610210458101,1902.59575760108,3.0554689e-03,486099,470.98883,463.85445,1.6392197e+05,4.6279724e+01,2.8067952e+03,1.3607380e+01,1.6979566e+05,4.7947159e+01,0,nan,nan,nan,nan,470.98883,2.5855494e-04,463.85445,2.9377430e-04,-1.1991259e-02,-5.0784320e-02
-0.2513949473975572,0.9998352451796352,0.0002847113998226294,1718.5494850528037,-3.0251723e-03,353590,1328.20407,1818.98933,1.5787353e+05,4.5022366e+01,4.6006099e+03,1.1950409e+01,1.6611528e+05,4.7302708e+01,0,nan,nan,nan,nan,1328.20407,2.6134856e-04,1818.98933,2.3143242e-04,1.5755109e-03,7.6562916e-03
-0.2511115296099433,1.0001360827033212,0.00028228131567708663,1712.4148884705912,-2.9022023e-03,349173,1328.20657,1818.98385,1.5851791e+05,4.4669971e+01,3.0457607e+03,1.1070129e+01,1.6628395e+05,4.6932465e+01,0,nan,nan,nan,nan,1328.20657,2.5744399e-04,1818.98385,2.2758084e-04,4.0368987e-03,1.6882240e-03
-0.25104779262028387,0.9999748519113281,0.00029823463348102326,1761.4939922075814,-2.9428524e-03,384510,1042.63493,1775.57716,1.5920595e+05,4.7472878e+01,9.6532910e+03,1.6132652e+01,1.6664911e+05,4.9701790e+01,0,nan,nan,nan,nan,1042.63493,2.7982224e-04,1775.57716,2.4958036e-04,1.1392851e-02,4.7452983e-02
-0.25100669433913936,1.0005302530965512,0.0002905305735466529,1755.3591533058625,-3.0622927e-03,380093,1042.61114,1775.56971,1.5920970e+05,4.6222092e+01,5.0807280e+03,1.3987524e+01,1.6665350e+05,4.8392277e+01,0,nan,nan,nan,nan,1042.61114,2.7035605e-04,1775.56971,2.4108292e-04,-1.4041650e-02,3.8487356e-02
-0.25048657638035365,0.9996348868567473,0.0002821407995349755,1921.001433423823,3.1835737e-03,499351,471.02508,463.88997,1.6409645e+05,4.6248394e+01,2.6051570e+03,1.3527714e+01,1.6976348e+05,4.7914700e+01,0,nan,nan,nan,nan,471.02508,2.5854970e-04,463.88997,2.9321859e-04,2.6973238e-02,-1.1091037e-02
-0.2504782350606547,1.0001651814753727,0.00028416149961609606,1730.8201617651407,-3.1764531e-03,362425,1328.21006,1819.03146,1.5845312e+05,4.4947048e+01,4.1483145e+03,1.1661822e+01,1.6621316e+05,4.7223579e+01,0,nan,nan,nan,nan,1328.21006,2.5984031e-04,1819.03146,2.2943479e-04,7.7108624e-03,5.3520892e-02
-0.25033523875436003,1.000226790243476,0.00028673741632189787,1914.866704761449,3.1745210e-03,494934,471.01656,463.89121,1.6435962e+05,4.7010532e+01,5.0715669e+03,1.4943303e+01,1.6989531e+05,4.8704296e+01,0,nan,nan,nan,nan,471.01656,2.6298888e-04,463.89121,2.9806775e-04,1.8429382e-02,-1.0935660e-02
-0.25021077603378217,0.9997352944619965,0.00028208109154200715,1908.7319492241695,3.1385936e-03,490517,470.99755,463.86418,1.6390656e+05,4.6224209e+01,2.6077324e+03,1.3498306e+01,1.6972766e+05,4.7889641e+01,0,nan,nan,nan,nan,470.99755,2.5815013e-04,463.86418,2.9335340e-04,-2.6197142e-03,-3.8974963e-02
-0.2501334887065241,1.000090517432516,0.00028228701064539786,1902.5971465114967,3.0554910e-03,486100,470.98686,463.85306,1.6391273e+05,4.6267548e+01,2.8258052e+03,1.3590893e+01,1.6982319e+05,4.7934540e+01,0,nan,nan,nan,nan,470.98686,2.5806235e-04,463.85306,2.9385710e-04,-1.5017360e-02,-5.2079625e-02
-0.2500060828624555,0.9998707496407307,0.0002845997809066792,1718.5508739173388,-3.0251960e-03,353591,1328.20237,1818.98214,1.5787692e+05,4.5004894e+01,4.6033594e+03,1.1896592e+01,1.6612184e+05,4.7284351e+01,0,nan,nan,nan,nan,1328.20237,2.6108301e-04,1818.98214,2.3139869e-04,-5.2390480e-04,-2.9005637e-04
-0.2497226741538725,0.9997805903565591,0.00028222210477636645,1712.4162773260473,-2.9022351e-03,349174,1328.20712,1818.98033,1.5842544e+05,4.4660694e+01,3.0533267e+03,1.1065954e+01,1.6622519e+05,4.6922718e+01,0,nan,nan,nan,nan,1328.20712,2.5763543e-04,1818.98033,2.2786371e-04,4.6824119e-03,-2.4702568e-03
-0.24965887338976245,0.9999511552607178,0.000298163793699247,1761.495381126812,-2.9428215e-03,384511,1042.62316,1775.56132,1.5924828e+05,4.7461872e+01,9.6529326e+03,1.6096785e+01,1.6664612e+05,4.9690266e+01,0,nan,nan,nan,nan,1042.62316,2.7967812e-04,1775.56132,2.4960787e-04,-6.0510507e-04,3.0333010e-02
-0.2496177834914306,1.0000591362206661,0.00029054060444562636,1755.3605422167102,-3.0622701e-03,380094,1042.60886,1775.56559,1.5917130e+05,4.6223717e+01,5.0645869e+03,1.3995601e+01,1.6657514e+05,4.8393978e+01,0,nan,nan,nan,nan,1042.60886,2.7034283e-04,1775.56559,2.4113727e-04,-1.6687678e-02,3.4016460e-02
-0.24942354307177084,1.000323700663672,0.0002939308325950964,1743.0909764571297,-3.1891074e-03,371260,1042.61234,1775.52117,1.5913234e+05,4.6759239e+01,7.0390640e+03,1.4931421e+01,1.6660550e+05,4.8954643e+01,0,nan,nan,nan,nan,1042.61234,2.7464403e-04,1775.52117,2.4528665e-04,-1.3406437e-02,-1.3059665e-02
-0.24909768947918565,1.0006392622521543,0.00028205417906311585,1921.0028223107242,3.1835723e-03,499352,471.02088,463.88293,1.6421562e+05,4.6234146e+01,2.5830281e+03,1.3441803e+01,1.6993388e+05,4.7899937e+01,0,nan,nan,nan,nan,471.02088,2.5841477e-04,463.88293,2.9316908e-04,2.2835340e-02,-1.9157110e-02
-0.24908935515873054,1.0001241171565811,0.0002841381587701429,1730.8215506450426,-3.1764614e-03,362426,1328.20188,1819.02327,1.5818389e+05,4.4943279e+01,4.1602725e+03,1.1726178e+01,1.6620603e+05,4.7219616e+01,0,nan,nan,nan,nan,1328.20188,2.6045786e-04,1819.02327,2.3072596e-04,-7.7493553e-04,4.3607336e-02
-0.24894634626571133,1.0002898116288779,0.0002866017189881373,1914.8680936539376,3.1745252e-03,494935,471.01587,463.90199,1.6421883e+05,4.6988403e+01,5.0535796e+03,1.4908537e+01,1.6990645e+05,4.8681374e+01,0,nan,nan,nan,nan,471.01587,2.6329505e-04,463.90199,2.9842346e-04,1.7826537e-02,2.0856936e-03
-0.24882187283492385,0.9997445002060721,0.0002819838436219178,1908.7333381273684,3.1386085e-03,490518,471.00035,463.88778,1.6384673e+05,4.6208237e+01,2.6094243e+03,1.3484184e+01,1.6972909e+05,4.7873093e+01,0,nan,nan,nan,nan,471.00035,2.5809449e-04,463.88778,2.9347828e-04,6.0183462e-04,-1.3416520e-02
-0.2487445780575399,0.9996394491762377,0.0002822893937146424,1902.5985354221457,3.0555134e-03,486101,470.98467,463.86339,1.6391962e+05,4.6267891e+01,2.8252588e+03,1.3592151e+01,1.6974642e+05,4.7934898e+01,0,nan,nan,nan,nan,470.98467,2.5816061e-04,463.86339,2.9366984e-04,-1.6153155e-02,-4.0506389e-02
-0.24861721809384107,0.9998805670979587,0.00028469264275358285,1718.5522627821074,-3.0252195e-03,353592,1328.19951,1818.98339,1.5779045e+05,4.5019756e+01,4.6002842e+03,1.1954716e+01,1.6612414e+05,4.7299969e+01,0,nan,nan,nan,nan,1328.19951,2.6129073e-04,1818.98339,2.3193743e-04,-3.2826385e-03,6.4184843e-04
-0.24833381869916593,1.0003994792309314,0.0002822663005591792,1712.417666181502,-2.9022680e-03,349175,1328.20747,1818.98942,1.5849392e+05,4.4667778e+01,3.0567537e+03,1.1058145e+01,1.6632844e+05,4.6930164e+01,0,nan,nan,nan,nan,1328.20747,2.5756119e-04,1818.98942,2.2770262e-04,5.1302514e-03,7.1388250e-03
-0.24826995392686513,0.9999291131686537,0.00029808960578163246,1761.4967700462748,-2.9427903e-03,384512,1042.63384,1775.56769,1.5914097e+05,4.7450333e+01,9.6669707e+03,1.6107861e+01,1.6664339e+05,4.9678188e+01,0,nan,nan,nan,nan,1042.63384,2.7978167e-04,1775.56769,2.4960679e-04,1.0910578e-02,3.6680222e-02
-0.24822887264281235,1.0002785405211714,0.0002906457956992776,1755.3619311275588,-3.0622475e-03,380095,1042.61741,1775.57024,1.5914131e+05,4.6240482e+01,5.0748745e+03,1.4006990e+01,1.6661178e+05,4.8411530e+01,0,nan,nan,nan,nan,1042.61741,2.7064286e-04,1775.57024,2.4153784e-04,-8.1100492e-03,3.9043967e-02
-0.24803464758997507,1.0000845403296383,0.000294010685655428,1743.0923653526115,-3.1891002e-03,371261,1042.61725,1775.51792,1.5911666e+05,4.6771999e+01,7.0572441e+03,1.5008019e+01,1.6656586e+05,4.8968006e+01,0,nan,nan,nan,nan,1042.61725,2.7421265e-04,1775.51792,2.4516345e-04,-7.7838167e-03,-1.6763203e-02
-0.24770880234564174,0.9997153406894054,0.00028204490919692474,1921.0042111978578,3.1835712e-03,499353,471.02493,463.88984,1.6414486e+05,4.6232574e+01,2.5900525e+03,1.3455537e+01,1.6977678e+05,4.7898312e+01,0,nan,nan,nan,nan,471.02493,2.5850136e-04,463.88984,2.9312985e-04,2.7170103e-02,-1.1340552e-02
-0.247700475256579,0.9996306315234426,0.00028409310532023665,1730.8229395249448,-3.1764698e-03,362427,1328.20119,1819.01613,1.5833873e+05,4.4936077e+01,4.1482192e+03,1.1664975e+01,1.6612375e+05,4.7212051e+01,0,nan,nan,nan,nan,1328.20119,2.5995291e-04,1819.01613,2.2995584e-04,-1.6071110e-03,3.6459893e-02
-0.24755745354514147,1.0005815110520724,0.0002867023821656219,1914.8694825466582,3.1745296e-03,494936,471.01767,463.89579,1.6437636e+05,4.7005039e+01,5.0614976e+03,1.4907471e+01,1.6995645e+05,4.8698605e+01,0,nan,nan,nan,nan,471.01767,2.6282168e-04,463.89579,2.9804141e-04,1.9532340e-02,-5.1848218e-03
-0.24743296963515604,0.9991625562440462,0.0002820411919098632,1908.7347270305681,3.1386234e-03,490519,471.00111,463.87891,1.6379995e+05,4.6217598e+01,2.6286089e+03,1.3523408e+01,1.6963017e+05,4.7882793e+01,0,nan,nan,nan,nan,471.00111,2.5827967e-04,463.87891,2.9344537e-04,8.7498041e-04,-2.3470797e-02
-0.247355667408101,1.000278391749277,0.00028239375198073975,1902.5999243327951,3.0555357e-03,486102,470.98604,463.85350,1.6397798e+05,4.6284946e+01,2.8039250e+03,1.3609309e+01,1.6985475e+05,4.7952568e+01,0,nan,nan,nan,nan,470.98604,2.5822141e-04,463.85350,2.9382203e-04,-1.4945889e-02,-5.2335102e-02
-0.24722835332522664,1.000063952040111,0.00028458402400324205,1718.553651646876,-3.0252431e-03,353593,1328.20336,1818.98106,1.5774222e+05,4.5002766e+01,4.6184897e+03,1.1936523e+01,1.6615528e+05,4.7282116e+01,0,nan,nan,nan,nan,1328.20336,2.6157103e-04,1818.98106,2.3191312e-04,9.9990075e-04,-2.0850203e-03
-0.24694496301140134,0.9997058416482649,0.00028221023784989134,1712.4190550371898,-2.9023006e-03,349176,1328.21021,1818.98354,1.5845269e+05,4.4659008e+01,3.0571760e+03,1.1056868e+01,1.6621347e+05,4.6920944e+01,0,nan,nan,nan,nan,1328.21021,2.5773328e-04,1818.98354,2.2743363e-04,8.2318354e-03,1.0443176e-03
-0.2468810346963437,0.9999563803944949,0.0002982135181552609,1761.4981589655054,-2.9427593e-03,384513,1042.62949,1775.57442,1.5925375e+05,4.7470333e+01,9.6863271e+03,1.6125494e+01,1.6664889e+05,4.9699123e+01,0,nan,nan,nan,nan,1042.62949,2.7960030e-04,1775.57442,2.4942614e-04,5.1165707e-03,4.4964157e-02
-0.24683996156136345,1.0002572726344152,0.0002905493397586377,1755.3633200386403,-3.0622247e-03,380096,1042.61066,1775.56258,1.5919373e+05,4.6225166e+01,5.0759912e+03,1.4001754e+01,1.6660834e+05,4.8395496e+01,0,nan,nan,nan,nan,1042.61066,2.7029557e-04,1775.56258,2.4109305e-04,-1.4671994e-02,3.0937759e-02
-0.2466457521090888,1.0003472576013672,0.00029386766118455926,1743.0937542480924,-3.1890930e-03,371262,1042.61438,1775.51776,1.5910281e+05,4.6749302e+01,7.0417593e+03,1.4933507e+01,1.6660981e+05,4.8944241e+01,0,nan,nan,nan,nan,1042.61438,2.7425081e-04,1775.51776,2.4539302e-04,-1.1387743e-02,-1.7339855e-02
-0.24631991521277996,1.000219723610603,0.00028198017781584563,1921.0056000849906,3.1835700e-03,499354,471.02770,463.89034,1.6395336e+05,4.6221920e+01,2.5999353e+03,1.3473063e+01,1.6986225e+05,4.7887268e+01,0,nan,nan,nan,nan,471.02770,2.5887854e-04,463.89034,2.9443481e-04,3.0291233e-02,-1.2162426e-02
-0.24631159535397273,0.9994658703901647,0.000283974926253111,1730.8243284048474,-3.1764782e-03,362428,1328.20161,1819.02605,1.5815702e+05,4.4917309e+01,4.1616084e+03,1.1691118e+01,1.6609609e+05,4.7192333e+01,0,nan,nan,nan,nan,1328.20161,2.6012567e-04,1819.02605,2.3030107e-04,-1.2418284e-03,4.6758983e-02
-0.24616856105717488,0.9997618183508736,0.00028653362904745134,1914.8708714391462,3.1745338e-03,494937,471.01022,463.88989,1.6421683e+05,4.6977489e+01,5.0486445e+03,1.4899808e+01,1.6981769e+05,4.8670067e+01,0,nan,nan,nan,nan,471.01022,2.6296070e-04,463.88989,2.9856880e-04,1.1212599e-02,-1.2161246e-02
-0.24604406643629773,0.9992425738860319,0.0002819107565494349,1908.736115933767,3.1386383e-03,490520,470.99933,463.87870,1.6384488e+05,4.6196190e+01,2.5945244e+03,1.3468264e+01,1.6964362e+05,4.7860615e+01,0,nan,nan,nan,nan,470.99933,2.5805019e-04,463.87870,2.9326713e-04,-1.1042545e-03,-2.3401730e-02
-0.24596675699103798,1.0000155970097881,0.0002824047464195334,1902.6013132432122,3.0555578e-03,486103,470.98617,463.85275,1.6393811e+05,4.6286697e+01,2.8023137e+03,1.3591643e+01,1.6980994e+05,4.7954388e+01,0,nan,nan,nan,nan,470.98617,2.5856268e-04,463.85275,2.9402168e-04,-1.5091168e-02,-5.2499034e-02
-0.24583948855729432,1.00014136558028,0.0002845701083818222,1718.555040511644,-3.0252666e-03,353594,1328.20613,1818.98797,1.5781106e+05,4.5000744e+01,4.6121792e+03,1.1900730e+01,1.6616881e+05,4.7279991e+01,0,nan,nan,nan,nan,1328.20613,2.6130732e-04,1818.98797,2.3176639e-04,4.2402437e-03,5.2254945e-03
-0.24555610755601265,0.9994305241119135,0.00028238839451555153,1712.4204438926452,-2.9023334e-03,349177,1328.20544,1818.98353,1.5848194e+05,4.4687294e+01,3.0796758e+03,1.1142850e+01,1.6616806e+05,4.6950668e+01,0,nan,nan,nan,nan,1328.20544,2.5757580e-04,1818.98353,2.2752823e-04,2.1943545e-03,1.3686533e-03
-0.24549211546582228,1.0000458232675886,0.0002985145568619988,1761.4995478847359,-2.9427283e-03,384514,1042.63112,1775.56748,1.5931934e+05,4.7518520e+01,9.6988613e+03,1.6191549e+01,1.6666477e+05,4.9749577e+01,0,nan,nan,nan,nan,1042.63112,2.7956700e-04,1775.56748,2.4954233e-04,7.2900304e-03,3.7004434e-02
-0.24545105071319995,1.0000533837671448,0.0002904928676992021,1755.3647089494884,-3.0622021e-03,380097,1042.61118,1775.56567,1.5913944e+05,4.6216217e+01,5.0695601e+03,1.3981835e+01,1.6657450e+05,4.8386124e+01,0,nan,nan,nan,nan,1042.61118,2.7044228e-04,1775.56567,2.4119185e-04,-1.3636721e-02,3.4870781e-02
-0.2452568566282025,1.000151735228636,0.00029387705541939195,1743.0951431435733,-3.1890857e-03,371263,1042.61564,1775.52426,1.5911114e+05,4.6750854e+01,7.0613115e+03,1.4939395e+01,1.6657747e+05,4.8945866e+01,0,nan,nan,nan,nan,1042.61564,2.7420287e-04,1775.52426,2.4502774e-04,-9.9653630e-03,-1.0353458e-02
-0.24493102831274882,1.000773285535537,0.00028225685053648227,1921.0069889718907,3.1835686e-03,499355,471.02191,463.88325,1.6423669e+05,4.6267216e+01,2.5993313e+03,1.3527242e+01,1.6995608e+05,4.7934200e+01,0,nan,nan,nan,nan,471.02191,2.5829091e-04,463.88325,2.9316408e-04,2.3653718e-02,-1.8869165e-02
-0.24492271545068434,1.0000417724086228,0.00028418383800878446,1730.8257172847507,-3.1764866e-03,362429,1328.19884,1819.01890,1.5842902e+05,4.4950275e+01,4.1580317e+03,1.1672045e+01,1.6619152e+05,4.7226971e+01,0,nan,nan,nan,nan,1328.19884,2.5971243e-04,1819.01890,2.2943095e-04,-4.8772888e-03,3.9507233e-02
-0.2447796685692083,1.000350709262387,0.0002867697784309416,1914.8722603316342,3.1745380e-03,494938,471.01541,463.89707,1.6431983e+05,4.7016342e+01,5.0397788e+03,1.4996333e+01,1.6991816e+05,4.8710312e+01,0,nan,nan,nan,nan,471.01541,2.6268602e-04,463.89707,2.9822194e-04,1.7063338e-02,-3.9995713e-03
-0.24465516347117955,0.9998779623910646,0.00028213443085949475,1908.7375048367321,3.1386530e-03,490521,470.99672,463.87018,1.6382895e+05,4.6232811e+01,2.5948342e+03,1.3521976e+01,1.6975138e+05,4.7898556e+01,0,nan,nan,nan,nan,470.99672,2.5842499e-04,463.87018,2.9391312e-04,-3.2611950e-03,-3.2736167e-02
-0.24457784634159907,1.000124718652653,0.00028252187798047526,1902.6027021538616,3.0555802e-03,486104,470.98724,463.85917,1.6396503e+05,4.6305851e+01,2.8130820e+03,1.3641992e+01,1.6982831e+05,4.7974228e+01,0,nan,nan,nan,nan,470.98724,2.5839411e-04,463.85917,2.9384840e-04,-1.3382007e-02,-4.4853736e-02
-0.24445062402151052,0.9999457435461124,0.00028460331180386373,1718.5564293761797,-3.0252903e-03,353595,1328.20334,1818.98716,1.5784322e+05,4.5006172e+01,4.6287578e+03,1.1936511e+01,1.6613697e+05,4.7285698e+01,0,nan,nan,nan,nan,1328.20334,2.6098898e-04,1818.98716,2.3118485e-04,5.4962915e-05,4.9668942e-03
-0.24416725210062395,0.9995300452798946,0.0002822579177441737,1712.4218327481005,-2.9023662e-03,349178,1328.20915,1818.98939,1.5844695e+05,4.4666744e+01,3.0717122e+03,1.1092618e+01,1.6618497e+05,4.6929077e+01,0,nan,nan,nan,nan,1328.20915,2.5767676e-04,1818.98939,2.2744009e-04,6.3073551e-03,8.0617210e-03
-0.24410319600292496,0.9996282189801821,0.0002982402201336391,1761.5009368041988,-2.9426971e-03,384515,1042.63249,1775.57133,1.5920556e+05,4.7475128e+01,9.7117764e+03,1.6130251e+01,1.6659612e+05,4.9704144e+01,0,nan,nan,nan,nan,1042.63249,2.7977227e-04,1775.57133,2.4954326e-04,8.7377504e-03,4.1340496e-02
-0.2440621398645817,1.000536439168594,0.0002906648122724969,1755.366097860337,-3.0621795e-03,380098,1042.61409,1775.56882,1.5920459e+05,4.6243595e+01,5.0612939e+03,1.4032235e+01,1.6665508e+05,4.8414791e+01,0,nan,nan,nan,nan,1042.61409,2.7044202e-04,1775.56882,2.4125783e-04,-1.1188895e-02,3.7493035e-02
-0.24386796114663412,0.9993046765281922,0.0002938042611851023,1743.0965320390549,-3.1890785e-03,371264,1042.60713,1775.52954,1.5900467e+05,4.6739330e+01,7.0449111e+03,1.4949403e+01,1.6643658e+05,4.8933800e+01,0,nan,nan,nan,nan,1042.60713,2.7456932e-04,1775.52954,2.4504567e-04,-1.9122431e-02,-4.9024266e-03
-0.24354214117920492,0.9999358677484436,0.00028231734256498585,1921.0083778590242,3.1835674e-03,499356,471.02630,463.89841,1.6409148e+05,4.6277081e+01,2.6026492e+03,1.3587977e+01,1.6981367e+05,4.7944420e+01,0,nan,nan,nan,nan,471.02630,2.5883687e-04,463.89841,2.9350896e-04,2.8162105e-02,-1.5502173e-03
-0.24353383554739594,0.9999215920417182,0.00028423530375540194,1730.827106164654,-3.1764950e-03,362430,1328.19931,1819.01858,1.5834769e+05,4.4958351e+01,4.1496958e+03,1.1684481e+01,1.6617128e+05,4.7235451e+01,0,nan,nan,nan,nan,1328.19931,2.6028522e-04,1819.01858,2.2957398e-04,-4.1939854e-03,3.9046053e-02
-0.24339077584772895,1.0003251505597066,0.00028678198667117207,1914.8736492243556,3.1745424e-03,494939,471.01174,463.90111,1.6439517e+05,4.7018463e+01,5.0368398e+03,1.4944588e+01,1.6991428e+05,4.8712513e+01,0,nan,nan,nan,nan,471.01174,2.6268509e-04,463.90111,2.9810713e-04,1.3170689e-02,3.4549113e-04
-0.24326626027277598,1.0003547099896906,0.00028211888577133967,1908.7388937399305,3.1386679e-03,490522,470.99744,463.87846,1.6393822e+05,4.6230225e+01,2.6112278e+03,1.3540440e+01,1.6983220e+05,4.7895882e+01,0,nan,nan,nan,nan,470.99744,2.5805729e-04,463.87846,2.9323570e-04,-3.2474538e-03,-2.3764119e-02
-0.2431889359259003,0.9998145271561341,0.0002822523158262757,1902.6040910642773,3.0556023e-03,486105,470.98581,463.85496,1.6386094e+05,4.6261627e+01,2.7965669e+03,1.3577181e+01,1.6977547e+05,4.7928410e+01,0,nan,nan,nan,nan,470.98581,2.5830729e-04,463.85496,2.9398050e-04,-1.5034685e-02,-5.0136589e-02
-0.2430617592519866,0.9995670897217394,0.00028464652793524803,1718.5578182409492,-3.0253138e-03,353596,1328.20391,1818.98524,1.5785155e+05,4.5013187e+01,4.6255845e+03,1.1945402e+01,1.6607472e+05,4.7293064e+01,0,nan,nan,nan,nan,1328.20391,2.6089582e-04,1818.98524,2.3155489e-04,1.0422124e-03,2.8209346e-03
-0.24277839641308674,0.9997401927009378,0.00028215686244808326,1712.423221603788,-2.9023988e-03,349179,1328.21143,1818.98631,1.5828512e+05,4.4650856e+01,3.0764456e+03,1.1079003e+01,1.6622028e+05,4.6912380e+01,0,nan,nan,nan,nan,1328.21143,2.5795828e-04,1818.98631,2.2809776e-04,9.7150868e-03,3.9464314e-03
-0.24271427677240354,1.000602800596838,0.00029840099915874786,1761.5023257234293,-2.9426662e-03,384516,1042.62879,1775.57144,1.5940141e+05,4.7500992e+01,9.6901162e+03,1.6154848e+01,1.6675952e+05,4.9731224e+01,0,nan,nan,nan,nan,1042.62879,2.7944779e-04,1775.57144,2.4927902e-04,4.7732908e-03,4.1298799e-02
-0.2426732290164182,1.0000381144328159,0.0002904711519703935,1755.3674867711852,-3.0621570e-03,380099,1042.61364,1775.56249,1.5915603e+05,4.6212818e+01,5.0677251e+03,1.3988700e+01,1.6657219e+05,4.8382568e+01,0,nan,nan,nan,nan,1042.61364,2.7030686e-04,1775.56249,2.4108801e-04,-1.0971845e-02,3.1029670e-02
-0.24247906566506572,0.9996505526430441,0.000293675210352409,1743.0979209345364,-3.1890713e-03,371265,1042.61621,1775.51854,1.5884117e+05,4.6718857e+01,7.0696172e+03,1.4934283e+01,1.6649439e+05,4.8912369e+01,0,nan,nan,nan,nan,1042.61621,2.7469470e-04,1775.51854,2.4564256e-04,-9.1672791e-03,-1.6876524e-02
-0.24215325427849166,0.9998803699323533,0.0002822353053765,1921.009766745925,3.1835660e-03,499357,471.02219,463.87925,1.6411167e+05,4.6263580e+01,2.5865342e+03,1.3507755e+01,1.6980405e+05,4.7930431e+01,0,nan,nan,nan,nan,471.02219,2.5859952e-04,463.87925,2.9376766e-04,2.3522649e-02,-2.3148213e-02
-0.24214495564478966,0.9997459669133085,0.0002841987751972463,1730.8284950445566,-3.1765033e-03,362431,1328.20525,1819.02386,1.5842122e+05,4.4952496e+01,4.1524897e+03,1.1689359e+01,1.6614183e+05,4.7229301e+01,0,nan,nan,nan,nan,1328.20525,2.5974895e-04,1819.02386,2.2928799e-04,2.1706552e-03,4.5374274e-02
-0.2420018833586255,1.0004275720993863,0.0002866163697968729,1914.8750381168447,3.1745466e-03,494940,471.01578,463.88942,1.6432141e+05,4.6991436e+01,5.0389287e+03,1.4877460e+01,1.6993212e+05,4.8684513e+01,0,nan,nan,nan,nan,471.01578,2.6306737e-04,463.88942,2.9830111e-04,1.7312501e-02,-1.2304548e-02
-0.24187735707482716,1.0000447086234294,0.0002820944608590524,1908.7402826431285,3.1386828e-03,490523,470.99761,463.86182,1.6389931e+05,4.6226192e+01,2.6072178e+03,1.3526462e+01,1.6977944e+05,4.7891697e+01,0,nan,nan,nan,nan,470.99761,2.5799274e-04,463.86182,2.9380695e-04,-3.5960171e-03,-4.2475883e-02
-0.24180002527691613,0.9998598617392671,0.00028242759211503026,1902.6054799749263,3.0556247e-03,486106,470.98344,463.85265,1.6393934e+05,4.6290306e+01,2.8121323e+03,1.3616385e+01,1.6978300e+05,4.7958122e+01,0,nan,nan,nan,nan,470.98344,2.5854693e-04,463.85265,2.9366967e-04,-1.7963700e-02,-5.2389741e-02
-0.24167289448337215,0.9998465133216992,0.0002845431265127603,1718.5592071057179,-3.0253374e-03,353597,1328.20486,1818.98275,1.5778097e+05,4.4997013e+01,4.6263208e+03,1.1933018e+01,1.6612181e+05,4.7276073e+01,0,nan,nan,nan,nan,1328.20486,2.6125601e-04,1818.98275,2.3149562e-04,2.2138420e-03,4.4164812e-04
-0.24138954095838017,1.0000139135354362,0.00028217017783314805,1712.4246104592428,-2.9024316e-03,349180,1328.20132,1818.98172,1.5837222e+05,4.4653065e+01,3.0700337e+03,1.1057881e+01,1.6626617e+05,4.6914703e+01,0,nan,nan,nan,nan,1328.20132,2.5780403e-04,1818.98172,2.2792639e-04,-1.3990131e-03,-1.6057087e-03
-0.24132535754233686,0.9999747881245657,0.00029826536676076003,1761.5037146426594,-2.9426352e-03,384517,1042.63136,1775.57041,1.5929597e+05,4.7479675e+01,9.6966924e+03,1.6129852e+01,1.6665581e+05,4.9708908e+01,0,nan,nan,nan,nan,1042.63136,2.7962364e-04,1775.57041,2.4940711e-04,7.6848059e-03,4.0184278e-02
-0.2412843179349693,1.000304571515345,0.0002904335036873378,1755.3688756822667,-3.0621341e-03,380100,1042.61133,1775.56919,1.5908400e+05,4.6206860e+01,5.0608442e+03,1.3981110e+01,1.6661667e+05,4.8376331e+01,0,nan,nan,nan,nan,1042.61133,2.7045171e-04,1775.56919,2.4127771e-04,-1.3893104e-02,3.7337519e-02
-0.24109017018326995,1.000157781309342,0.0002939476192778448,1743.0993098300182,-3.1890641e-03,371266,1042.61308,1775.53021,1.5905817e+05,4.6762253e+01,7.0406538e+03,1.5001708e+01,1.6657906e+05,4.8957798e+01,0,nan,nan,nan,nan,1042.61308,2.7452398e-04,1775.53021,2.4533001e-04,-1.3029590e-02,-4.2962786e-03
-0.24076436714585725,1.000239200024338,0.0002821029566325683,1921.0111556330576,3.1835649e-03,499358,471.02666,463.89207,1.6423855e+05,4.6241837e+01,2.5947637e+03,1.3421286e+01,1.6986480e+05,4.7907906e+01,0,nan,nan,nan,nan,471.02666,2.5852214e-04,463.89207,2.9293422e-04,2.8390067e-02,-9.0452451e-03
-0.24075607574263813,1.0000852832172096,0.0002842645994072706,1730.8298839244587,-3.1765117e-03,362432,1328.19840,1819.01730,1.5843133e+05,4.4962837e+01,4.1565879e+03,1.1722241e+01,1.6619795e+05,4.7240170e+01,0,nan,nan,nan,nan,1328.19840,2.5950288e-04,1819.01730,2.2977812e-04,-6.0943584e-03,3.7109885e-02
-0.24061299063714614,1.0003799522971935,0.00028663820425323583,1914.8764270095662,3.1745511e-03,494941,471.01949,463.90311,1.6435233e+05,4.6995144e+01,5.0342939e+03,1.4907397e+01,1.6992450e+05,4.8688354e+01,0,nan,nan,nan,nan,471.01949,2.6296204e-04,463.90311,2.9793024e-04,2.1391135e-02,2.9756972e-03
-0.24048845387505935,0.9997200359492655,0.0002819962428143682,1908.7416715463282,3.1386977e-03,490524,471.00425,463.89331,1.6387334e+05,4.6210068e+01,2.6010337e+03,1.3507346e+01,1.6972420e+05,4.7874989e+01,0,nan,nan,nan,nan,471.00425,2.5826116e-04,463.89331,2.9336588e-04,4.9327803e-03,-8.1469547e-03
-0.2404111146283867,1.0005147521426652,0.0002823536862193266,1902.6068688855748,3.0556470e-03,486107,470.98398,463.85354,1.6399506e+05,4.6278145e+01,2.8072627e+03,1.3583562e+01,1.6989403e+05,4.7945526e+01,0,nan,nan,nan,nan,470.98398,2.5806550e-04,463.85354,2.9369516e-04,-1.7298002e-02,-5.1776297e-02
-0.24028402971543983,0.9998284686992959,0.0002847075293960277,1718.5605959704858,-3.0253609e-03,353598,1328.20410,1818.98361,1.5777039e+05,4.5023190e+01,4.6159805e+03,1.1990222e+01,1.6611947e+05,4.7303577e+01,0,nan,nan,nan,nan,1328.20410,2.6124626e-04,1818.98361,2.3191853e-04,1.5167774e-03,1.3848230e-03
-0.2400006855027641,1.0002237489811636,0.0002822606090443849,1712.4259993146984,-2.9024645e-03,349181,1328.21431,1818.98860,1.5846783e+05,4.4667480e+01,3.0769604e+03,1.1070030e+01,1.6630144e+05,4.6929848e+01,0,nan,nan,nan,nan,1328.21431,2.5812929e-04,1818.98860,2.2766454e-04,1.3206633e-02,6.4331200e-03
-0.2399364380789848,1.0000299948975129,0.00029830732571782407,1761.5051035621227,-2.9426040e-03,384518,1042.63344,1775.56958,1.5929473e+05,4.7486637e+01,9.7261934e+03,1.6147160e+01,1.6666597e+05,4.9716190e+01,0,nan,nan,nan,nan,1042.63344,2.7973001e-04,1775.56958,2.4940979e-04,1.0237997e-02,3.9279256e-02
-0.23989540708635104,0.9996418005107178,0.000290497971160723,1755.3702645931153,-3.0621116e-03,380101,1042.61018,1775.56498,1.5906016e+05,4.6217144e+01,5.0623032e+03,1.4008743e+01,1.6650639e+05,4.8387100e+01,0,nan,nan,nan,nan,1042.61018,2.7038457e-04,1775.56498,2.4139012e-04,-1.5057215e-02,3.3983942e-02
-0.23970127470192892,0.9994214220162612,0.00029377858205035715,1743.1006987254996,-3.1890569e-03,371267,1042.61789,1775.51470,1.5888855e+05,4.6735416e+01,7.0744438e+03,1.4971950e+01,1.6645662e+05,4.8929703e+01,0,nan,nan,nan,nan,1042.61789,2.7456417e-04,1775.51470,2.4555463e-04,-7.4116522e-03,-2.1204006e-02
-0.23937548024559874,1.0001971902531783,0.0002822677808100506,1921.0125445199578,3.1835635e-03,499359,471.02245,463.88816,1.6415281e+05,4.6268799e+01,2.5852666e+03,1.3553398e+01,1.6985748e+05,4.7935841e+01,0,nan,nan,nan,nan,471.02245,2.5855700e-04,463.88816,2.9316510e-04,2.4500385e-02,-1.3415313e-02
-0.23936719584071398,1.000413250945358,0.000284267917119575,1730.8312728043607,-3.1765201e-03,362433,1328.20848,1819.02767,1.5843412e+05,4.4963295e+01,4.1736328e+03,1.1729490e+01,1.6625220e+05,4.7240646e+01,0,nan,nan,nan,nan,1328.20848,2.5992555e-04,1819.02767,2.2941221e-04,5.8868779e-03,4.9824491e-02
-0.23922409814895218,1.0006758892455305,0.0002866345504538751,1914.8778159020544,3.1745553e-03,494942,471.01235,463.88972,1.6440103e+05,4.6994671e+01,5.0134961e+03,1.4899353e+01,1.6997522e+05,4.8687866e+01,0,nan,nan,nan,nan,471.01235,2.6288594e-04,463.88972,2.9802951e-04,1.4248233e-02,-1.1164194e-02
-0.2390995506757463,0.9999297503599271,0.00028208551488682123,1908.7430604495275,3.1387126e-03,490525,470.99911,463.88442,1.6392955e+05,4.6224663e+01,2.6086277e+03,1.3484144e+01,1.6975969e+05,4.7890114e+01,0,nan,nan,nan,nan,470.99911,2.5817944e-04,463.88442,2.9332898e-04,-1.1852175e-03,-1.6801668e-02
-0.23902220421086895,0.9998370287473528,0.00028230815405073907,1902.6082577959924,3.0556691e-03,486108,470.99090,463.86869,1.6394438e+05,4.6270638e+01,2.8195974e+03,1.3580852e+01,1.6977878e+05,4.7937748e+01,0,nan,nan,nan,nan,470.99090,2.5826768e-04,463.86869,2.9369426e-04,-9.6899662e-03,-3.4569047e-02
-0.23889516518033815,0.9998448226193806,0.0002845349565775474,1718.561984835021,-3.0253846e-03,353599,1328.20697,1818.99189,1.5778369e+05,4.4996082e+01,4.6346064e+03,1.1914632e+01,1.6612284e+05,4.7275093e+01,0,nan,nan,nan,nan,1328.20697,2.6119442e-04,1818.99189,2.3133357e-04,4.0556323e-03,1.0462533e-02
-0.23861182981386264,0.9999822018603156,0.0002824825392468432,1712.4273881703873,-2.9024971e-03,349182,1328.21046,1818.98647,1.5858344e+05,4.4702702e+01,3.0698904e+03,1.1085222e+01,1.6626167e+05,4.6966854e+01,0,nan,nan,nan,nan,1328.21046,2.5756707e-04,1818.98647,2.2761087e-04,7.6164263e-03,5.0183623e-03
-0.23854751884846337,0.9999042314823141,0.00029835515658446527,1761.5064924813532,-2.9425730e-03,384519,1042.62960,1775.57134,1.5922150e+05,4.7494522e+01,9.7506123e+03,1.6144974e+01,1.6664597e+05,4.9724449e+01,0,nan,nan,nan,nan,1042.62960,2.7991040e-04,1775.57134,2.4964625e-04,6.1200601e-03,4.0924862e-02
-0.23850649623818754,1.0001263230846404,0.00029061874848782763,1755.3716535039634,-3.0620890e-03,380102,1042.61783,1775.56673,1.5918461e+05,4.6236393e+01,5.0547490e+03,1.4008763e+01,1.6658720e+05,4.8407249e+01,0,nan,nan,nan,nan,1042.61783,2.7057371e-04,1775.56673,2.4124322e-04,-7.2198329e-03,3.5535850e-02
-0.23831237922013315,0.9998236338363756,0.0002939041055937644,1743.1020876209814,-3.1890497e-03,371268,1042.61461,1775.53053,1.5908333e+05,4.6755436e+01,7.0285879e+03,1.4974540e+01,1.6652381e+05,4.8950665e+01,0,nan,nan,nan,nan,1042.61461,2.7437889e-04,1775.53053,2.4506857e-04,-1.1285463e-02,-3.5627568e-03
-0.23798659311205483,0.9996692342102458,0.00028217629359593893,1921.0139334070914,3.1835623e-03,499360,471.02320,463.89136,1.6410708e+05,4.6253746e+01,2.6159390e+03,1.3534735e+01,1.6976762e+05,4.7920246e+01,0,nan,nan,nan,nan,471.02320,2.5856076e-04,463.89136,2.9301987e-04,2.5383977e-02,-9.4956001e-03
-0.2379783159381077,1.0001826014036732,0.0002842880736022865,1730.8326616842633,-3.1765285e-03,362434,1328.19823,1819.01677,1.5840342e+05,4.4966412e+01,4.1639238e+03,1.1684648e+01,1.6621362e+05,4.7243923e+01,0,nan,nan,nan,nan,1328.19823,2.6000739e-04,1819.01677,2.3013605e-04,-5.1330025e-03,3.6733158e-02
-0.23783520566121297,0.9997711981610856,0.0002866809363098586,1914.8792047945421,3.1745594e-03,494943,471.01415,463.89706,1.6420641e+05,4.7002399e+01,5.0219028e+03,1.4951408e+01,1.6982202e+05,4.8695873e+01,0,nan,nan,nan,nan,471.01415,2.6296385e-04,463.89706,2.9864511e-04,1.5955377e-02,-2.9101055e-03
-0.23771064747779747,1.0001608018814148,0.00028201040623738457,1908.7444493527255,3.1387275e-03,490526,470.99752,463.87385,1.6389298e+05,4.6212322e+01,2.5884744e+03,1.3458814e+01,1.6979880e+05,4.7877327e+01,0,nan,nan,nan,nan,470.99752,2.5838739e-04,463.87385,2.9363297e-04,-2.8479542e-03,-2.9172391e-02
-0.2376332935609753,0.999697098497804,0.000282214425241729,1902.6096467066423,3.0556915e-03,486109,470.98410,463.85214,1.6388881e+05,4.6255230e+01,2.8127061e+03,1.3559865e+01,1.6975486e+05,4.7921783e+01,0,nan,nan,nan,nan,470.98410,2.5814542e-04,463.85214,2.9377977e-04,-1.6629629e-02,-5.3213671e-02
-0.23750630041149634,1.0004151216457693,0.00028471769753306086,1718.5633736997897,-3.0254081e-03,353600,1328.20132,1818.98361,1.5789023e+05,4.5025158e+01,4.6323813e+03,1.1960556e+01,1.6621827e+05,4.7305641e+01,0,nan,nan,nan,nan,1328.20132,2.6114070e-04,1818.98361,2.3151707e-04,-1.4892594e-03,1.3758001e-03
-0.23722297435847395,0.9998350838501844,0.00028223047982534527,1712.4287770258427,-2.9025299e-03,349183,1328.20662,1818.98595,1.5852648e+05,4.4662922e+01,3.0749609e+03,1.1032951e+01,1.6623761e+05,4.6925060e+01,0,nan,nan,nan,nan,1328.20662,2.5737943e-04,1818.98595,2.2737606e-04,3.5287524e-03,4.1686888e-03
-0.2371585996183967,0.9997995471364338,0.0002984122623508118,1761.5078814005833,-2.9425421e-03,384520,1042.63491,1775.56869,1.5925928e+05,4.7503887e+01,9.7362891e+03,1.6150015e+01,1.6662950e+05,4.9734257e+01,0,nan,nan,nan,nan,1042.63491,2.8008895e-04,1775.56869,2.4981832e-04,1.0690110e-02,3.8675629e-02
-0.23711758515673864,1.0002344671839385,0.00029068015722194746,1755.373042415045,-3.0620662e-03,380103,1042.60813,1775.56324,1.5920478e+05,4.6246193e+01,5.0454980e+03,1.4031175e+01,1.6660533e+05,4.8417511e+01,0,nan,nan,nan,nan,1042.60813,2.7050226e-04,1775.56324,2.4132093e-04,-1.7515045e-02,3.1820342e-02
-0.23692348373833738,1.0001956885725825,0.0002938739540360118,1743.1034765164632,-3.1890424e-03,371269,1042.61121,1775.52222,1.5907908e+05,4.6750694e+01,7.0594209e+03,1.4946864e+01,1.6658597e+05,4.8945702e+01,0,nan,nan,nan,nan,1042.61121,2.7436586e-04,1775.52222,2.4513490e-04,-1.5071516e-02,-1.3126096e-02
-0.23659770597851093,0.999975765867699,0.00028211082419983747,1921.015322294225,3.1835611e-03,499361,471.02554,463.88608,1.6412241e+05,4.6242962e+01,2.6083132e+03,1.3486148e+01,1.6981948e+05,4.7909073e+01,0,nan,nan,nan,nan,471.02554,2.5858279e-04,463.88608,2.9317278e-04,2.7502205e-02,-1.6078511e-02
-0.23658943603527405,1.0003018313030319,0.0002843122954727227,1730.834050564166,-3.1765369e-03,362435,1328.19924,1819.02243,1.5852730e+05,4.4970181e+01,4.1588491e+03,1.1701969e+01,1.6623319e+05,4.7247879e+01,0,nan,nan,nan,nan,1328.19924,2.5950687e-04,1819.02243,2.2911128e-04,-4.2870608e-03,4.3751646e-02
-0.23644631294018836,1.0006485440595485,0.00028660218816653184,1914.8805936872632,3.1745639e-03,494944,471.01529,463.89458,1.6434100e+05,4.6989616e+01,5.0110034e+03,1.4849351e+01,1.6997150e+05,4.8682629e+01,0,nan,nan,nan,nan,471.01529,2.6282933e-04,463.89458,2.9848353e-04,1.6709615e-02,-6.7268708e-03
-0.2363217442793939,1.0000037509292328,0.0002819786685554909,1908.745838255924,3.1387424e-03,490527,470.99953,463.87775,1.6393442e+05,4.6207092e+01,2.5969644e+03,1.3458009e+01,1.6977202e+05,4.7871906e+01,0,nan,nan,nan,nan,470.99953,2.5811268e-04,463.87775,2.9309053e-04,-9.1436936e-04,-2.4507750e-02
-0.23624438314482177,0.9999449412924679,0.0002822766003669282,1902.6110356170584,3.0557136e-03,486110,470.98828,463.85223,1.6399942e+05,4.6265377e+01,2.8067598e+03,1.3557830e+01,1.6979678e+05,4.7932297e+01,0,nan,nan,nan,nan,470.98828,2.5803718e-04,463.85223,2.9353632e-04,-1.2876281e-02,-5.2631333e-02
-0.2361174356428819,0.999677595750473,0.0002845139920837442,1718.5647625645584,-3.0254317e-03,353601,1328.20365,1818.98850,1.5774494e+05,4.4993122e+01,4.6363965e+03,1.1932540e+01,1.6609638e+05,4.7271984e+01,0,nan,nan,nan,nan,1328.20365,2.6119198e-04,1818.98850,2.3139339e-04,9.9186052e-04,6.8766451e-03
-0.23583411867093673,1.0000483892493097,0.0002823624685030821,1712.4301658815302,-2.9025625e-03,349184,1328.20708,1818.97922,1.5832883e+05,4.4683914e+01,3.0853726e+03,1.1094765e+01,1.6627348e+05,4.6947117e+01,0,nan,nan,nan,nan,1328.20708,2.5815397e-04,1818.97922,2.2924649e-04,3.5877072e-03,-4.2810878e-03
-0.23576968038787527,1.000387596430981,0.0002983272585169149,1761.5092703198138,-2.9425111e-03,384521,1042.62997,1775.56987,1.5932830e+05,4.7490635e+01,9.7587236e+03,1.6127546e+01,1.6672847e+05,4.9720379e+01,0,nan,nan,nan,nan,1042.62997,2.7984683e-04,1775.56987,2.4959797e-04,6.0699484e-03,3.9462619e-02
-0.23572867430834776,1.0002461741003152,0.00029059009142075906,1755.3744313258933,-3.0620436e-03,380104,1042.61488,1775.57159,1.5922450e+05,4.6231895e+01,5.0654287e+03,1.3983265e+01,1.6660739e+05,4.8402542e+01,0,nan,nan,nan,nan,1042.61488,2.7018390e-04,1775.57159,2.4113533e-04,-1.0869896e-02,4.0771294e-02
-0.23553458825699636,1.000572276150876,0.0002939941242963128,1743.1048654119445,-3.1890352e-03,371270,1042.61617,1775.52533,1.5914456e+05,4.6769867e+01,7.0735928e+03,1.4940132e+01,1.6664889e+05,4.8965775e+01,0,nan,nan,nan,nan,1042.61617,2.7455273e-04,1775.52533,2.4520961e-04,-9.6563464e-03,-8.9825988e-03
-0.23520881907802504,1.0000185290000465,0.00028208633014531096,1921.0167111811254,3.1835597e-03,499362,471.02582,463.88665,1.6419578e+05,4.6238899e+01,2.6019976e+03,1.3455482e+01,1.6982655e+05,4.7904861e+01,0,nan,nan,nan,nan,471.02582,2.5853352e-04,463.88665,2.9298032e-04,2.7863005e-02,-1.4738985e-02
-0.23520055613266777,0.9994580664814614,0.00028421834853904467,1730.8354394440687,-3.1765453e-03,362436,1328.20417,1819.02098,1.5845639e+05,4.4955254e+01,4.1855112e+03,1.1674906e+01,1.6609273e+05,4.7232201e+01,0,nan,nan,nan,nan,1328.20417,2.5971758e-04,1819.02098,2.2929680e-04,1.1890421e-03,4.2274345e-02
-0.23505742045153966,0.9998982887281479,0.0002865500015378405,1914.8819825797518,3.1745681e-03,494945,471.01675,463.89151,1.6418877e+05,4.6981190e+01,5.0230469e+03,1.4907252e+01,1.6984452e+05,4.8673897e+01,0,nan,nan,nan,nan,471.01675,2.6333964e-04,463.89151,2.9850661e-04,1.8965747e-02,-1.0464250e-02
-0.23493284108144508,1.0002346724316638,0.0002820602803807075,1908.7472271591218,3.1387573e-03,490528,470.99629,463.87196,1.6395291e+05,4.6220428e+01,2.5993481e+03,1.3501406e+01,1.6981111e+05,4.7885727e+01,0,nan,nan,nan,nan,470.99629,2.5793182e-04,463.87196,2.9349813e-04,-4.3601058e-03,-3.1013047e-02
-0.23485547249629235,1.0001827054733148,0.0002823246297178414,1902.612424527707,3.0557360e-03,486111,470.98366,463.85789,1.6392388e+05,4.6273209e+01,2.7955076e+03,1.3601325e+01,1.6983700e+05,4.7940407e+01,0,nan,nan,nan,nan,470.98366,2.5828136e-04,463.85789,2.9437058e-04,-1.7703265e-02,-4.7753818e-02
-0.23472857087426746,1.0001020677224421,0.0002848588941763154,1718.566151429327,-3.0254552e-03,353602,1328.20773,1818.98490,1.5792411e+05,4.5047840e+01,4.6306230e+03,1.1982015e+01,1.6616756e+05,4.7329475e+01,0,nan,nan,nan,nan,1328.20773,2.6118886e-04,1818.98490,2.3151474e-04,5.0597717e-03,3.2344556e-03
-0.23444526321532067,0.9993826786056413,0.00028213156346470705,1712.4315547369858,-2.9025953e-03,349185,1328.21097,1818.99510,1.5831811e+05,4.4647484e+01,3.0859192e+03,1.1050729e+01,1.6616320e+05,4.6908840e+01,0,nan,nan,nan,nan,1328.21097,2.5794422e-04,1818.99510,2.2803455e-04,9.3992557e-03,1.3403930e-02
-0.23438076092475058,0.9996401934680154,0.0002985479292547419,1761.510659239277,-2.9424799e-03,384522,1042.62919,1775.57276,1.5925178e+05,4.7526043e+01,9.7976582e+03,1.6218531e+01,1.6660488e+05,4.9757446e+01,0,nan,nan,nan,nan,1042.62919,2.7998819e-04,1775.57276,2.4984969e-04,6.0043423e-03,4.2451460e-02
-0.23433976345995688,1.000005412116538,0.0002905874452351889,1755.3758202367417,-3.0620210e-03,380105,1042.61555,1775.56090,1.5910909e+05,4.6231510e+01,5.0464595e+03,1.4021415e+01,1.6656741e+05,4.8402138e+01,0,nan,nan,nan,nan,1042.61555,2.7082875e-04,1775.56090,2.4126009e-04,-9.4111171e-03,2.8758975e-02
-0.2341456927752006,0.9997756153381576,0.0002937785554690933,1743.1062543074263,-3.1890280e-03,371271,1042.61269,1775.52513,1.5888072e+05,4.6735630e+01,7.0667500e+03,1.4972150e+01,1.6651641e+05,4.8929928e+01,0,nan,nan,nan,nan,1042.61269,2.7478195e-04,1775.52513,2.4536939e-04,-1.3125768e-02,-9.3898792e-03
-0.23381993194470851,1.0004051770357916,0.0002821204462527251,1921.0181000682587,3.1835586e-03,499363,471.02540,463.88886,1.6420083e+05,4.6244438e+01,2.5876443e+03,1.3484485e+01,1.6989200e+05,4.7910599e+01,0,nan,nan,nan,nan,471.02540,2.5841504e-04,463.88886,2.9296349e-04,2.7642254e-02,-1.2092939e-02
-0.23381167623074361,1.0002727660099833,0.00028431436368887,1730.8368283239706,-3.1765536e-03,362437,1328.20015,1819.02253,1.5839967e+05,4.4970379e+01,4.1624751e+03,1.1757941e+01,1.6622789e+05,4.7248089e+01,0,nan,nan,nan,nan,1328.20015,2.5965594e-04,1819.02253,2.2966843e-04,-3.5633326e-03,4.3506332e-02
-0.2336685279624362,1.0002788116080374,0.0002866977741011724,1914.883371472241,3.1745723e-03,494946,471.01403,463.89990,1.6430730e+05,4.7005543e+01,5.0211938e+03,1.4967397e+01,1.6990961e+05,4.8699131e+01,0,nan,nan,nan,nan,471.01403,2.6275025e-04,463.89990,2.9820469e-04,1.5924286e-02,-1.6961804e-03
-0.2335439381154174,1.0010820142551402,0.0002821908815073217,1908.7486160620879,3.1387720e-03,490529,470.99862,463.87256,1.6398450e+05,4.6241795e+01,2.6110669e+03,1.3511721e+01,1.6995484e+05,4.7907867e+01,0,nan,nan,nan,nan,470.99862,2.5807996e-04,463.87256,2.9382342e-04,-1.8826633e-03,-2.9142875e-02
-0.23346656207968408,0.9997377062829708,0.0002822964942083766,1902.6138134381235,3.0557581e-03,486112,470.98379,463.85289,1.6387166e+05,4.6268555e+01,2.8073716e+03,1.3601392e+01,1.6976127e+05,4.7935585e+01,0,nan,nan,nan,nan,470.98379,2.5803648e-04,463.85289,2.9377991e-04,-1.8007591e-02,-5.2332226e-02
-0.2333397063382563,0.9999907367702364,0.00028461302734651277,1718.567540293863,-3.0254789e-03,353603,1328.20692,1818.98387,1.5780020e+05,4.5009136e+01,4.6381157e+03,1.1936988e+01,1.6614972e+05,4.7288811e+01,0,nan,nan,nan,nan,1328.20692,2.6124716e-04,1818.98387,2.3217154e-04,4.4218660e-03,1.1665815e-03
-0.23305640752710133,1.0000072373275328,0.00028223453880333606,1712.432943592674,-2.9026279e-03,349186,1328.20543,1818.98360,1.5839525e+05,4.4663895e+01,3.0961221e+03,1.1086724e+01,1.6626745e+05,4.6926079e+01,0,nan,nan,nan,nan,1328.20543,2.5768974e-04,1818.98360,2.2804900e-04,2.9970342e-03,5.8362144e-04
-0.23299184169445653,0.999851300556398,0.00029840248475311793,1761.5120481585072,-2.9424489e-03,384523,1042.63604,1775.57278,1.5922631e+05,4.7503162e+01,9.8261230e+03,1.6170382e+01,1.6664103e+05,4.9733494e+01,0,nan,nan,nan,nan,1042.63604,2.8023156e-04,1775.57278,2.4977649e-04,1.2574544e-02,4.2668372e-02
-0.232950852378508,1.0001757652732397,0.00029050302287320204,1755.3772091478231,-3.0619982e-03,380106,1042.61147,1775.56888,1.5908452e+05,4.6218113e+01,5.0666431e+03,1.4014161e+01,1.6659591e+05,4.8388111e+01,0,nan,nan,nan,nan,1042.61147,2.7038154e-04,1775.56888,2.4129567e-04,-1.3707773e-02,3.7584439e-02
-0.23275679706148367,0.99996761593914,0.0002940213414567531,1743.10764320314,-3.1890206e-03,371272,1042.62055,1775.51939,1.5918245e+05,4.6774307e+01,7.0679473e+03,1.4955850e+01,1.6654858e+05,4.8970421e+01,0,nan,nan,nan,nan,1042.62055,2.7416920e-04,1775.51939,2.4502008e-04,-4.4537373e-03,-1.5315340e-02
-0.23243104504445,1.000351051148857,0.0002821536625148211,1921.019488955159,3.1835572e-03,499364,471.02561,463.88677,1.6421864e+05,4.6249821e+01,2.6008071e+03,1.3435472e+01,1.6988262e+05,4.7916180e+01,0,nan,nan,nan,nan,471.02561,2.5851434e-04,463.88677,2.9319391e-04,2.7790006e-02,-1.4229137e-02
-0.23242279632813734,0.9999682250422267,0.00028417803494610954,1730.8382172038732,-3.1765620e-03,362438,1328.20381,1819.02214,1.5836316e+05,4.4948750e+01,4.1658027e+03,1.1657490e+01,1.6617705e+05,4.7225365e+01,0,nan,nan,nan,nan,1328.20381,2.5991484e-04,1819.02214,2.2985315e-04,3.1426127e-04,4.2709198e-02
-0.23227963524095685,1.0005115614484086,0.00028660988737750005,1914.8847603649624,3.1745767e-03,494947,471.01144,463.89471,1.6437333e+05,4.6991261e+01,5.0180317e+03,1.4900664e+01,1.6994962e+05,4.8684334e+01,0,nan,nan,nan,nan,471.01144,2.6272796e-04,463.89471,2.9795454e-04,1.3349211e-02,-6.8848133e-03
-0.2321550349156496,1.0007863999221434,0.0002819973501134725,1908.7500049652876,3.1387869e-03,490530,471.00002,463.87594,1.6406561e+05,4.6210056e+01,2.5910144e+03,1.3425965e+01,1.6990453e+05,4.7874981e+01,0,nan,nan,nan,nan,471.00002,2.5779355e-04,463.87594,2.9289551e-04,2.9880929e-04,-2.5659245e-02
-0.23207765143024517,1.0002823568907386,0.0002825880855416483,1902.615202348773,3.0557804e-03,486113,470.98943,463.86205,1.6398489e+05,4.6316296e+01,2.8060898e+03,1.3718873e+01,1.6985359e+05,4.7985050e+01,0,nan,nan,nan,nan,470.98943,2.5816119e-04,463.86205,2.9374621e-04,-1.1310185e-02,-4.1736312e-02
-0.23195084156964185,1.0005128535556722,0.0002847859994692347,1718.5689291586316,-3.0255024e-03,353604,1328.19914,1818.98026,1.5785972e+05,4.5036671e+01,4.6374653e+03,1.1964911e+01,1.6623711e+05,4.7317738e+01,0,nan,nan,nan,nan,1328.19914,2.6143203e-04,1818.98026,2.3178932e-04,-3.7650708e-03,-2.5732962e-03
-0.23166755207171263,0.9999646960211488,0.0002822882984185853,1712.4343324481295,-2.9026608e-03,349187,1328.20171,1818.98694,1.5840903e+05,4.4672516e+01,3.0843599e+03,1.1110562e+01,1.6626080e+05,4.6935135e+01,0,nan,nan,nan,nan,1328.20171,2.5758595e-04,1818.98694,2.2767193e-04,-8.2951458e-04,4.7698179e-03
-0.23160292223110446,1.0001461461540964,0.0002985566919843928,1761.5134370779706,-2.9424177e-03,384524,1042.62730,1775.57441,1.5927019e+05,4.7527988e+01,9.8207607e+03,1.6192837e+01,1.6669116e+05,4.9759487e+01,0,nan,nan,nan,nan,1042.62730,2.7997568e-04,1775.57441,2.5001323e-04,3.4371805e-03,4.4561177e-02
-0.23156194153034448,1.0000621815373845,0.0002905843029227677,1755.3785980586713,-3.0619756e-03,380107,1042.61243,1775.57224,1.5914483e+05,4.6231075e+01,5.0603862e+03,1.4010483e+01,1.6657709e+05,4.8401680e+01,0,nan,nan,nan,nan,1042.61243,2.7036777e-04,1775.57224,2.4130216e-04,-1.2766954e-02,4.1336793e-02
-0.2313679015805974,0.9996494083156918,0.00029384186388786097,1743.109032098621,-3.1890133e-03,371273,1042.61503,1775.52797,1.5910811e+05,4.6745815e+01,7.0480908e+03,1.4925346e+01,1.6649578e+05,4.8940586e+01,0,nan,nan,nan,nan,1042.61503,2.7439455e-04,1775.52797,2.4511974e-04,-1.1166833e-02,-6.9161374e-03
-0.2310421579118156,1.0001695131174528,0.0002820436490738034,1921.0208778422916,3.1835560e-03,499365,471.02294,463.88747,1.6412048e+05,4.6231735e+01,2.5936777e+03,1.3456794e+01,1.6985159e+05,4.7897442e+01,0,nan,nan,nan,nan,471.02294,2.5846105e-04,463.88747,2.9350075e-04,2.4348944e-02,-1.3830918e-02
-0.23103391642484894,1.0000604009020513,0.00028427991050080953,1730.8396060837765,-3.1765704e-03,362439,1328.19899,1819.01817,1.5842828e+05,4.4964806e+01,4.1735400e+03,1.1699924e+01,1.6619214e+05,4.7242233e+01,0,nan,nan,nan,nan,1328.19899,2.5971688e-04,1819.01817,2.2945405e-04,-4.8331423e-03,3.9148357e-02
-0.23089074275321764,1.0008034132978076,0.0002866153027680886,1914.8861492574501,3.1745809e-03,494948,471.01646,463.89672,1.6441005e+05,4.6992283e+01,4.9914155e+03,1.4890059e+01,1.6999966e+05,4.8685390e+01,0,nan,nan,nan,nan,471.01646,2.6283454e-04,463.89672,2.9799869e-04,1.7798271e-02,-5.1749274e-03
-0.23076613171679128,1.000139583361683,0.0002819929686634607,1908.7513938684865,3.1388018e-03,490531,470.99743,463.87364,1.6392680e+05,4.6209305e+01,2.5965017e+03,1.3422810e+01,1.6979461e+05,4.7874203e+01,0,nan,nan,nan,nan,470.99743,2.5804233e-04,463.87364,2.9362665e-04,-2.5847962e-03,-2.8909737e-02
-0.2306887410136369,1.0002183305788226,0.00028243884785216476,1902.6165912591896,3.0558025e-03,486114,470.98437,463.85665,1.6397342e+05,4.6291794e+01,2.8058979e+03,1.3649590e+01,1.6984256e+05,4.7959663e+01,0,nan,nan,nan,nan,470.98437,2.5806521e-04,463.85665,2.9390579e-04,-1.6539326e-02,-4.8554949e-02
-0.2305619768010274,0.9999011428888162,0.00028478529490454096,1718.5703180234002,-3.0255259e-03,353605,1328.20194,1818.98829,1.5784866e+05,4.5036732e+01,4.6415728e+03,1.2045319e+01,1.6613612e+05,4.7317802e+01,0,nan,nan,nan,nan,1328.20194,2.6113828e-04,1818.98829,2.3118146e-04,-1.1784360e-03,6.0387920e-03
-0.23027869661700606,1.0001293902701762,0.0002825213956930787,1712.4357213035842,-2.9026936e-03,349188,1328.20698,1818.98542,1.5851858e+05,4.4709515e+01,3.0886899e+03,1.1113765e+01,1.6628861e+05,4.6974014e+01,0,nan,nan,nan,nan,1328.20698,2.5792184e-04,1818.98542,2.2838922e-04,4.5369742e-03,2.8572294e-03
-0.23021400300103778,0.9992888453059748,0.00029843646144619664,1761.5148259972007,-2.9423868e-03,384525,1042.63634,1775.57112,1.5910472e+05,4.7509125e+01,9.8192021e+03,1.6201395e+01,1.6654923e+05,4.9739738e+01,0,nan,nan,nan,nan,1042.63634,2.8021570e-04,1775.57112,2.5007105e-04,1.3198701e-02,4.0767722e-02
-0.2301730304488956,0.9998568109788578,0.0002904633854128808,1755.3799869697527,-3.0619528e-03,380108,1042.61326,1775.55794,1.5906847e+05,4.6211868e+01,5.0707773e+03,1.3986139e+01,1.6654302e+05,4.8381577e+01,0,nan,nan,nan,nan,1042.61326,2.7038535e-04,1775.55794,2.4139487e-04,-1.2357488e-02,2.6095247e-02
-0.22997900609880162,0.9996295240182038,0.00029411666550814764,1743.1104209941027,-3.1890061e-03,371274,1042.61822,1775.52640,1.5905439e+05,4.6789581e+01,7.0643794e+03,1.4986078e+01,1.6649266e+05,4.8986412e+01,0,nan,nan,nan,nan,1042.61822,2.7476807e-04,1775.52640,2.4555932e-04,-7.2211702e-03,-7.7824206e-03
-0.22965327101155708,1.0001927590296298,0.00028211350680365006,1921.0222667291919,3.1835546e-03,499366,471.02187,463.88396,1.6409538e+05,4.6243134e+01,2.6110955e+03,1.3521439e+01,1.6985533e+05,4.7909248e+01,0,nan,nan,nan,nan,471.02187,2.5843343e-04,463.88396,2.9356783e-04,2.3594426e-02,-1.8376686e-02
-0.2296450365220153,0.9999219333465955,0.0002841523800315528,1730.8409949636793,-3.1765788e-03,362440,1328.20033,1819.02051,1.5841412e+05,4.4944572e+01,4.1685806e+03,1.1648232e+01,1.6616891e+05,4.7220978e+01,0,nan,nan,nan,nan,1328.20033,2.5961947e-04,1819.02051,2.2933820e-04,-3.0028441e-03,4.1094691e-02
-0.22950185003219303,0.9999481655829179,0.0002865716077469015,1914.8875381501712,3.1745853e-03,494949,471.01602,463.89386,1.6427553e+05,4.6985249e+01,4.9931343e+03,1.4920299e+01,1.6985484e+05,4.8678101e+01,0,nan,nan,nan,nan,471.01602,2.6279976e-04,463.89386,2.9828085e-04,1.7573792e-02,-7.2295582e-03
-0.22937722851884246,0.999460806202638,0.00028187759201902504,1908.7527827716845,3.1388167e-03,490532,471.00307,463.88891,1.6381067e+05,4.6190372e+01,2.6039629e+03,1.3445456e+01,1.6967927e+05,4.7854588e+01,0,nan,nan,nan,nan,471.00307,2.5824961e-04,463.88891,2.9341871e-04,3.6389325e-03,-1.2064713e-02
-0.229299830364198,0.9998985386946562,0.0002823073611468364,1902.617980169839,3.0558249e-03,486115,470.98888,463.85598,1.6391680e+05,4.6270203e+01,2.8123164e+03,1.3598933e+01,1.6978809e+05,4.7937294e+01,0,nan,nan,nan,nan,470.98888,2.5811902e-04,463.85598,2.9382293e-04,-1.1971601e-02,-4.8434671e-02
-0.22917311203241297,0.9992479095418335,0.0002845217776988296,1718.5717068881688,-3.0255495e-03,353606,1328.20769,1818.98321,1.5770833e+05,4.4995235e+01,4.6417656e+03,1.1951588e+01,1.6602823e+05,4.7274204e+01,0,nan,nan,nan,nan,1328.20769,2.6141066e-04,1818.98321,2.3182697e-04,5.3265351e-03,5.7954987e-04
-0.22888984092946885,0.9998956030677046,0.0002822242967163849,1712.4371101592717,-2.9027262e-03,349189,1328.21193,1818.98753,1.5853603e+05,4.4662613e+01,3.0748730e+03,1.1017660e+01,1.6625017e+05,4.6924736e+01,0,nan,nan,nan,nan,1328.21193,2.5765100e-04,1818.98753,2.2732592e-04,9.4357543e-03,6.2750811e-03
-0.22882508377051636,1.0003043362086037,0.00029861305813707256,1761.5162149164312,-2.9423558e-03,384526,1042.63607,1775.57394,1.5932697e+05,4.7537514e+01,9.8361182e+03,1.6227640e+01,1.6671947e+05,4.9769459e+01,0,nan,nan,nan,nan,1042.63607,2.7994002e-04,1775.57394,2.4958633e-04,1.3022354e-02,4.3654568e-02
-0.2287841196005047,0.9994985644624751,0.000290491989920728,1755.3813758806011,-3.0619302e-03,380109,1042.61144,1775.57221,1.5909842e+05,4.6216454e+01,5.0730918e+03,1.4012426e+01,1.6648345e+05,4.8386375e+01,0,nan,nan,nan,nan,1042.61144,2.7039650e-04,1775.57221,2.4114261e-04,-1.3689558e-02,4.1661654e-02
-0.2285901106174606,1.000105191816141,0.00029386224903570085,1743.111809889584,-3.1889989e-03,371275,1042.61085,1775.51974,1.5908330e+05,4.6749165e+01,7.0595317e+03,1.4943523e+01,1.6657208e+05,4.8944096e+01,0,nan,nan,nan,nan,1042.61085,2.7429339e-04,1775.51974,2.4516135e-04,-1.4624751e-02,-1.5305902e-02
-0.22826438387892267,1.0001399652263228,0.0002821736761875055,1921.0236556163245,3.1835535e-03,499367,471.02475,463.88768,1.6416197e+05,4.6252934e+01,2.5953279e+03,1.3519996e+01,1.6984616e+05,4.7919407e+01,0,nan,nan,nan,nan,471.02475,2.5857156e-04,463.88768,2.9314740e-04,2.6907763e-02,-1.3391552e-02
-0.228256156619409,1.000204257534373,0.00028436381585827177,1730.842383843582,-3.1765872e-03,362441,1328.20315,1819.02821,1.5848438e+05,4.4977959e+01,4.1582876e+03,1.1718597e+01,1.6621561e+05,4.7256054e+01,0,nan,nan,nan,nan,1328.20315,2.5984185e-04,1819.02821,2.2925553e-04,-5.5891584e-04,5.0094731e-02
-0.22811295754445382,0.9998800116718473,0.0002867365982714626,1914.888927042659,3.1745895e-03,494950,471.01673,463.89047,1.6424395e+05,4.7012421e+01,4.9901279e+03,1.4943159e+01,1.6984373e+05,4.8706257e+01,0,nan,nan,nan,nan,471.01673,2.6331970e-04,463.89047,2.9883295e-04,1.8272763e-02,-1.1351922e-02
-0.22798832532066626,0.999704517170787,0.00028199043030766616,1908.7541716748826,3.1388316e-03,490533,470.99641,463.87474,1.6377984e+05,4.6208828e+01,2.5941982e+03,1.3456793e+01,1.6972053e+05,4.7873711e+01,0,nan,nan,nan,nan,470.99641,2.5820237e-04,463.87474,2.9392942e-04,-3.4041216e-03,-2.8240720e-02
-0.22791091971566857,0.9999770117456014,0.00028229164559337563,1902.6193690804876,3.0558472e-03,486116,470.98396,463.85298,1.6390156e+05,4.6267582e+01,2.8058706e+03,1.3594086e+01,1.6980127e+05,4.7934582e+01,0,nan,nan,nan,nan,470.98396,2.5814745e-04,463.85298,2.9388344e-04,-1.6781097e-02,-5.2178316e-02
-0.22778424726425328,0.9998213204122094,0.0002845766660984107,1718.573095752937,-3.0255730e-03,353607,1328.20422,1818.98783,1.5786164e+05,4.5004089e+01,4.6215381e+03,1.1927344e+01,1.6612416e+05,4.7283504e+01,0,nan,nan,nan,nan,1328.20422,2.6106654e-04,1818.98783,2.3127302e-04,1.9438738e-03,5.9563220e-03
-0.22750098547317066,0.9999373072278308,0.00028248264792047863,1712.438499014728,-2.9027590e-03,349190,1328.20454,1818.98125,1.5848084e+05,4.4703617e+01,3.1032739e+03,1.1142920e+01,1.6625753e+05,4.6967815e+01,0,nan,nan,nan,nan,1328.20454,2.5791593e-04,1818.98125,2.2803184e-04,2.2458185e-03,-1.4126673e-03
-0.22743616430739166,0.9997063131538529,0.0002984491137732264,1761.5176038358943,-2.9423246e-03,384527,1042.62979,1775.56980,1.5924823e+05,4.7511696e+01,9.8506836e+03,1.6191319e+01,1.6662077e+05,4.9742428e+01,0,nan,nan,nan,nan,1042.62979,2.7989727e-04,1775.56980,2.4962705e-04,6.1704819e-03,3.9665718e-02
-0.22739520875211383,1.0003149033286536,0.0002906441287015839,1755.3827647914495,-3.0619076e-03,380110,1042.61146,1775.56581,1.5924695e+05,4.6240692e+01,5.0759629e+03,1.3999979e+01,1.6661955e+05,4.8411751e+01,0,nan,nan,nan,nan,1042.61146,2.7018593e-04,1775.56581,2.4118474e-04,-1.3930657e-02,3.4595326e-02
-0.22720121513566482,0.9999996047640931,0.0002939374897155192,1743.1131987850658,-3.1889917e-03,371276,1042.61661,1775.51626,1.5901975e+05,4.6761185e+01,7.0724722e+03,1.4966187e+01,1.6655469e+05,4.8956684e+01,0,nan,nan,nan,nan,1042.61661,2.7476921e-04,1775.51626,2.4544110e-04,-9.4636623e-03,-1.8678237e-02
-0.22687549697729992,0.9999110069667632,0.00028202999892925707,1921.0250445032261,3.1835521e-03,499368,471.02375,463.89049,1.6404275e+05,4.6229332e+01,2.5940679e+03,1.3460938e+01,1.6980708e+05,4.7894951e+01,0,nan,nan,nan,nan,471.02375,2.5874231e-04,463.89049,2.9338573e-04,2.5898229e-02,-1.0912633e-02
-0.2268672764839721,0.9999376077798529,0.0002842321644515191,1730.8437727237174,-3.1765953e-03,362442,1328.19766,1819.01244,1.5842578e+05,4.4957073e+01,4.1576943e+03,1.1709372e+01,1.6617109e+05,4.7234112e+01,0,nan,nan,nan,nan,1328.19766,2.5959607e-04,1819.01244,2.2967299e-04,-5.2785198e-03,3.2212760e-02
-0.2267240650558051,0.9993356106710084,0.00028644395159258375,1914.8903159351476,3.1745937e-03,494951,471.01072,463.89214,1.6398225e+05,4.6964573e+01,5.0075605e+03,1.4919678e+01,1.6975172e+05,4.8656681e+01,0,nan,nan,nan,nan,471.01072,2.6358225e-04,463.89214,2.9940813e-04,1.2182771e-02,-9.2804916e-03
-0.2265994223553207,1.000117948988797,0.00028201800601176436,1908.755560577848,3.1388463e-03,490534,470.99818,463.87731,1.6394161e+05,4.6213318e+01,2.5930610e+03,1.3461818e+01,1.6979061e+05,4.7878361e+01,0,nan,nan,nan,nan,470.99818,2.5797740e-04,463.87731,2.9350346e-04,-2.3994108e-03,-2.4638671e-02
-0.2265220092990603,0.9997274792139351,0.0002821974363803169,1902.6207579909042,3.0558694e-03,486117,470.98289,463.85247,1.6381725e+05,4.6252098e+01,2.8024233e+03,1.3573530e+01,1.6975873e+05,4.7918537e+01,0,nan,nan,nan,nan,470.98289,2.5827397e-04,463.85247,2.9394036e-04,-1.8168503e-02,-5.2920967e-02
-0.22639538249632096,1.00037704111511,0.00028483331829916314,1718.574484617705,-3.0255965e-03,353608,1328.20549,1818.97914,1.5800130e+05,4.5044849e+01,4.6325625e+03,1.1945813e+01,1.6621714e+05,4.7326332e+01,0,nan,nan,nan,nan,1328.20549,2.6109381e-04,1818.97914,2.3151912e-04,2.5173584e-03,-3.4864540e-03
-0.2261121297842692,1.0008884450167985,0.00028257697028767013,1712.439887870417,-2.9027916e-03,349191,1328.20640,1818.98504,1.5866578e+05,4.4718662e+01,3.1024434e+03,1.1165216e+01,1.6641611e+05,4.6983620e+01,0,nan,nan,nan,nan,1328.20640,2.5785953e-04,1818.98504,2.2756413e-04,2.5575832e-03,2.5420601e-03
-0.2260472450770976,0.9993505941758489,0.00029831754003543514,1761.5189927551246,-2.9422936e-03,384528,1042.62960,1775.56785,1.5903462e+05,4.7491028e+01,9.8503574e+03,1.6202709e+01,1.6656245e+05,4.9720791e+01,0,nan,nan,nan,nan,1042.62960,2.8030548e-04,1775.56785,2.4997539e-04,7.1994518e-03,3.7401728e-02
-0.22600629767066494,0.9999188054631535,0.0002906892899932569,1755.384153702531,-3.0618848e-03,380111,1042.61287,1775.56634,1.5916648e+05,4.6247906e+01,5.0660391e+03,1.4006679e+01,1.6655370e+05,4.8419304e+01,0,nan,nan,nan,nan,1042.61287,2.7054769e-04,1775.56634,2.4150142e-04,-1.2211974e-02,3.5346474e-02
-0.2258123196543238,1.0001491268470797,0.0002938289721718007,1743.1145876805472,-3.1889845e-03,371277,1042.61289,1775.52361,1.5907803e+05,4.6743980e+01,7.0619521e+03,1.4930461e+01,1.6657978e+05,4.8938667e+01,0,nan,nan,nan,nan,1042.61289,2.7429135e-04,1775.52361,2.4495268e-04,-1.3409883e-02,-1.0917092e-02
-0.22548660984330127,0.9996117289702469,0.00028202126200508514,1921.0264333903601,3.1835509e-03,499369,471.02534,463.88764,1.6409928e+05,4.6227844e+01,2.5960215e+03,1.3444483e+01,1.6975605e+05,4.7893410e+01,0,nan,nan,nan,nan,471.02534,2.5847295e-04,463.88764,2.9322106e-04,2.7417809e-02,-1.3076994e-02
-0.22547839658204794,0.9998815160439114,0.0002843078756092751,1730.8451616036193,-3.1766037e-03,362443,1328.20649,1819.02247,1.5842588e+05,4.4968998e+01,4.1597476e+03,1.1690733e+01,1.6616156e+05,4.7246635e+01,0,nan,nan,nan,nan,1328.20649,2.5972220e-04,1819.02247,2.2991045e-04,3.0889132e-03,4.3447047e-02
-0.22533517233341627,1.0000691406043276,0.000286551714532238,1914.89170482787,3.1745981e-03,494952,471.01755,463.89752,1.6419914e+05,4.6982365e+01,4.9892661e+03,1.4914534e+01,1.6987678e+05,4.8675117e+01,0,nan,nan,nan,nan,471.01755,2.6371138e-04,463.89752,2.9822116e-04,2.0177705e-02,-3.9902329e-03
-0.22521051915600765,1.0002484982960806,0.00028203114191060975,1908.7569494810473,3.1388612e-03,490535,470.99928,463.87137,1.6395412e+05,4.6215439e+01,2.6052163e+03,1.3480639e+01,1.6981266e+05,4.7880558e+01,0,nan,nan,nan,nan,470.99928,2.5799134e-04,463.87137,2.9319682e-04,-9.1170287e-04,-3.1271409e-02
-0.2251330986496214,0.9998040322248148,0.000282352641472855,1902.6221469015536,3.0558917e-03,486118,470.98667,463.85886,1.6387498e+05,4.6277493e+01,2.8090928e+03,1.3631971e+01,1.6977158e+05,4.7944847e+01,0,nan,nan,nan,nan,470.98667,2.5826492e-04,463.85886,2.9397028e-04,-1.4268728e-02,-4.6491861e-02
-0.22500651796053717,0.99991404123682,0.00028453003565075856,1718.5758734822407,-3.0256202e-03,353609,1328.20362,1818.98752,1.5767269e+05,4.4997059e+01,4.6568232e+03,1.1956765e+01,1.6614084e+05,4.7276123e+01,0,nan,nan,nan,nan,1328.20362,2.6166302e-04,1818.98752,2.3164012e-04,1.0184486e-03,5.4339254e-03
-0.22472327432956263,1.000139865303502,0.00028251930497955253,1712.4412767258716,-2.9028244e-03,349192,1328.20772,1818.98675,1.5854498e+05,4.4709648e+01,3.0905498e+03,1.1154930e+01,1.6629209e+05,4.6974155e+01,0,nan,nan,nan,nan,1328.20772,2.5805432e-04,1818.98675,2.2748362e-04,5.3038010e-03,4.9990816e-03
-0.2246583258465762,1.0006594009307441,0.0002986735159280376,1761.5203816743551,-2.9422627e-03,384529,1042.63708,1775.56925,1.5937058e+05,4.7547974e+01,9.8560918e+03,1.6208151e+01,1.6678156e+05,4.9780411e+01,0,nan,nan,nan,nan,1042.63708,2.7990178e-04,1775.56925,2.4982324e-04,1.4664692e-02,3.9370693e-02
-0.22461738682250143,0.9999033077893911,0.00029044134217635074,1755.3855426133791,-3.0618622e-03,380112,1042.61384,1775.56316,1.5911586e+05,4.6208492e+01,5.0642109e+03,1.3974157e+01,1.6655123e+05,4.8378040e+01,0,nan,nan,nan,nan,1042.61384,2.7023055e-04,1775.56316,2.4112817e-04,-1.1522869e-02,3.1722378e-02
-0.22442342417252803,0.9996781769771573,0.0002940437952665194,1743.115976576029,-3.1889773e-03,371278,1042.62122,1775.51624,1.5912059e+05,4.6778206e+01,7.0681812e+03,1.5017359e+01,1.6650153e+05,4.8974503e+01,0,nan,nan,nan,nan,1042.62122,2.7419964e-04,1775.51624,2.4501691e-04,-4.7227354e-03,-1.8504847e-02
-0.22409772294327013,1.0004584037659154,0.0002820846087037405,1921.0278222772602,3.1835495e-03,499370,471.02244,463.88279,1.6423072e+05,4.6238174e+01,2.5929624e+03,1.3438526e+01,1.6989962e+05,4.7904110e+01,0,nan,nan,nan,nan,471.02244,2.5847866e-04,463.88279,2.9294851e-04,2.4569964e-02,-1.8663488e-02
-0.2240895166798964,1.0003978137565923,0.0002843280610494316,1730.8465504835215,-3.1766121e-03,362444,1328.19820,1819.01875,1.5842700e+05,4.4972137e+01,4.1804541e+03,1.1697916e+01,1.6624716e+05,4.7249935e+01,0,nan,nan,nan,nan,1328.19820,2.5955681e-04,1819.01875,2.2975680e-04,-5.9104310e-03,3.9092507e-02
-0.22394627984476756,0.9998295045267923,0.00028649678846203765,1914.8930937203586,3.1746023e-03,494953,471.01812,463.90261,1.6421373e+05,4.6973495e+01,4.9854766e+03,1.4868837e+01,1.6983655e+05,4.8665924e+01,0,nan,nan,nan,nan,471.01812,2.6294959e-04,463.90261,2.9866328e-04,2.0900421e-02,2.0740069e-03
-0.22382161595623984,1.0003352243053651,0.0002820304783760254,1908.758338384247,3.1388761e-03,490536,470.99806,463.87766,1.6401895e+05,4.6215302e+01,2.5946475e+03,1.3417188e+01,1.6982727e+05,4.7880417e+01,0,nan,nan,nan,nan,470.99806,2.5823337e-04,463.87766,2.9315616e-04,-2.5524152e-03,-2.3951512e-02
-0.22374418823301312,0.999644726539256,0.00028226128067554613,1902.6235358119702,3.0559138e-03,486119,470.99013,463.84917,1.6381908e+05,4.6262474e+01,2.8089919e+03,1.3615581e+01,1.6974438e+05,4.7929291e+01,0,nan,nan,nan,nan,470.99013,2.5835304e-04,463.84917,2.9377392e-04,-1.1046888e-02,-5.6169767e-02
-0.22361765319192273,0.9996294420936888,0.0002845827254595434,1718.5772623470093,-3.0256438e-03,353610,1328.20605,1818.98872,1.5777908e+05,4.5005566e+01,4.6576304e+03,1.1942599e+01,1.6609419e+05,4.7285061e+01,0,nan,nan,nan,nan,1328.20605,2.6132446e-04,1818.98872,2.3154264e-04,2.9945071e-03,6.2979334e-03
-0.22333441864179804,1.000119900380936,0.00028243656412962914,1712.4426655815594,-2.9028570e-03,349193,1328.21138,1818.98534,1.5862552e+05,4.4696678e+01,3.0981316e+03,1.1065580e+01,1.6628922e+05,4.6960526e+01,0,nan,nan,nan,nan,1328.21138,2.5758395e-04,1818.98534,2.2747941e-04,8.2232645e-03,3.6732256e-03
-0.22326940638367887,1.0002467350642092,0.0002986022009088437,1761.521770593818,-2.9422315e-03,384530,1042.62915,1775.57562,1.5936078e+05,4.7536896e+01,9.8939160e+03,1.6199768e+01,1.6671377e+05,4.9768818e+01,0,nan,nan,nan,nan,1042.62915,2.7993979e-04,1775.57562,2.4959279e-04,5.6605274e-03,4.5414258e-02
-0.22322847574105253,1.000052183033604,0.00029064140824894887,1755.3869315244606,-3.0618394e-03,380113,1042.61504,1775.56742,1.5920023e+05,4.6240356e+01,5.0799414e+03,1.3991883e+01,1.6657614e+05,4.8411400e+01,0,nan,nan,nan,nan,1042.61504,2.7052328e-04,1775.56742,2.4135463e-04,-1.0582090e-02,3.6444765e-02
-0.22303452845790162,0.9998630526935963,0.0002938657814545394,1743.1173654717436,-3.1889698e-03,371279,1042.61563,1775.52470,1.5911209e+05,4.6749947e+01,7.0504595e+03,1.4939553e+01,1.6653252e+05,4.8944912e+01,0,nan,nan,nan,nan,1042.61563,2.7428946e-04,1775.52470,2.4509037e-04,-1.0368679e-02,-9.8633738e-03
-0.222708836043239,0.9998535786078578,0.0002818954807422019,1921.0292111641602,3.1835481e-03,499371,471.02691,463.89537,1.6407678e+05,4.6207111e+01,2.5918247e+03,1.3402461e+01,1.6979670e+05,4.7871929e+01,0,nan,nan,nan,nan,471.02691,2.5860296e-04,463.89537,2.9335148e-04,2.8866477e-02,-5.7725222e-03
-0.22270063677729013,1.0000588413400022,0.0002841998435952186,1730.847939363424,-3.1766205e-03,362445,1328.20373,1819.02187,1.5841519e+05,4.4951801e+01,4.1650435e+03,1.1685445e+01,1.6619064e+05,4.7228573e+01,0,nan,nan,nan,nan,1328.20373,2.5971385e-04,1819.02187,2.2917819e-04,-1.0244286e-04,4.3179907e-02
-0.22255738735702835,1.000264222528276,0.0002864551580869956,1914.8944826128463,3.1746065e-03,494954,471.01405,463.88923,1.6434600e+05,4.6966793e+01,4.9833994e+03,1.4835362e+01,1.6991086e+05,4.8658985e+01,0,nan,nan,nan,nan,471.01405,2.6266117e-04,463.88923,2.9829337e-04,1.5265128e-02,-1.2950967e-02
-0.22243271275829102,0.9996751953236512,0.00028198579987405594,1908.759727287445,3.1388910e-03,490537,470.99966,463.87505,1.6382836e+05,4.6207954e+01,2.6131826e+03,1.3468118e+01,1.6971511e+05,4.7872803e+01,0,nan,nan,nan,nan,470.99966,2.5829242e-04,463.87505,2.9374348e-04,-1.2560317e-04,-2.8258998e-02
-0.2223552775835742,1.0001861772395328,0.0002823032990954737,1902.6249247226197,3.0559362e-03,486120,470.98308,463.85584,1.6392289e+05,4.6269325e+01,2.8098853e+03,1.3592432e+01,1.6983616e+05,4.7936386e+01,0,nan,nan,nan,nan,470.98308,2.5807144e-04,463.85584,2.9390556e-04,-1.7937150e-02,-4.9210250e-02
-0.2222287884233083,0.9997919739873321,0.00028466647069866016,1718.578651211778,-3.0256673e-03,353611,1328.20745,1818.98891,1.5789141e+05,4.5018982e+01,4.6486577e+03,1.1956368e+01,1.6612183e+05,4.7299152e+01,0,nan,nan,nan,nan,1328.20745,2.6114023e-04,1818.98891,2.3118361e-04,4.8232148e-03,6.9302972e-03
-0.2219455629535787,1.0000840661672785,0.00028250134508984477,1712.4440544372476,-2.9028896e-03,349194,1328.20858,1818.98882,1.5853373e+05,4.4707050e+01,3.1089705e+03,1.1172574e+01,1.6628372e+05,4.6971424e+01,0,nan,nan,nan,nan,1328.20858,2.5788468e-04,1818.98882,2.2748869e-04,6.0863229e-03,7.0191082e-03
-0.22188048715315745,1.000210382168116,0.0002987264387503247,1761.5231595130485,-2.9422005e-03,384531,1042.63400,1775.57196,1.5934777e+05,4.7556953e+01,9.9118877e+03,1.6239264e+01,1.6670869e+05,4.9789814e+01,0,nan,nan,nan,nan,1042.63400,2.8011625e-04,1775.57196,2.4978360e-04,1.0490293e-02,4.1823763e-02
-0.22183956489266166,1.0002618473648723,0.0002904456963125627,1755.388320435309,-3.0618168e-03,380114,1042.61685,1775.56222,1.5918569e+05,4.6209255e+01,5.0506001e+03,1.3963973e+01,1.6661119e+05,4.8378838e+01,0,nan,nan,nan,nan,1042.61685,2.7010762e-04,1775.56222,2.4118832e-04,-8.3572017e-03,3.0657522e-02
-0.2216456329765606,1.000269419682753,0.00029381736662371287,1743.118754367225,-3.1889626e-03,371280,1042.61335,1775.51794,1.5900362e+05,4.6742294e+01,7.0626675e+03,1.4951064e+01,1.6660039e+05,4.8936905e+01,0,nan,nan,nan,nan,1042.61335,2.7442386e-04,1775.51794,2.4529730e-04,-1.2149841e-02,-1.7707633e-02
-0.22131994891060458,1.0003898206576238,0.000282340281024212,1921.0306000512928,3.1835469e-03,499372,471.02677,463.88906,1.6421748e+05,4.6279968e+01,2.5978333e+03,1.3531473e+01,1.6988755e+05,4.7947411e+01,0,nan,nan,nan,nan,471.02677,2.5876152e-04,463.88906,2.9320220e-04,2.9004404e-02,-1.2260494e-02
-0.22131175687468385,1.0000333982679372,0.00028424145425763397,1730.8493282433267,-3.1766288e-03,362446,1328.19666,1819.02027,1.5840888e+05,4.4958336e+01,4.1773169e+03,1.1705780e+01,1.6618622e+05,4.7235435e+01,0,nan,nan,nan,nan,1328.19666,2.5967712e-04,1819.02027,2.2920549e-04,-6.7499829e-03,4.1160766e-02
-0.2211684946364585,0.9996585142027463,0.000286571531355137,1914.895871505567,3.1746109e-03,494955,471.01431,463.87795,1.6413573e+05,4.6986004e+01,4.9944902e+03,1.4947077e+01,1.6980842e+05,4.8678886e+01,0,nan,nan,nan,nan,471.01431,2.6292558e-04,463.87795,2.9896328e-04,1.5465292e-02,-2.4522578e-02
-0.22104380955988745,1.0005825830760358,0.00028212852577477455,1908.7611161906434,3.1389059e-03,490538,471.00074,463.87733,1.6402552e+05,4.6231316e+01,2.5930261e+03,1.3459355e+01,1.6986905e+05,4.7897003e+01,0,nan,nan,nan,nan,471.00074,2.5800429e-04,463.87733,2.9352205e-04,3.0085095e-04,-2.4329005e-02
-0.22096636716764806,0.9994661046878306,0.0002823276499460566,1902.6263136330356,3.0559583e-03,486121,470.98687,463.86024,1.6386247e+05,4.6273273e+01,2.8173735e+03,1.3638140e+01,1.6971373e+05,4.7940475e+01,0,nan,nan,nan,nan,470.98687,2.5808412e-04,463.86024,2.9382194e-04,-1.4590703e-02,-4.4465706e-02
-0.22083992365446647,1.0000122741751434,0.0002848358645815191,1718.5800400765468,-3.0256908e-03,353612,1328.20548,1818.98446,1.5788416e+05,4.5045944e+01,4.6371182e+03,1.1977149e+01,1.6615906e+05,4.7327480e+01,0,nan,nan,nan,nan,1328.20548,2.6139052e-04,1818.98446,2.3182898e-04,2.8803705e-03,1.8661701e-03
-0.22055670749819,1.0001018082561164,0.00028249658531665325,1712.445443292703,-2.9029225e-03,349195,1328.20557,1818.98209,1.5856828e+05,4.4706425e+01,3.1074133e+03,1.1150822e+01,1.6628712e+05,4.6970764e+01,0,nan,nan,nan,nan,1328.20557,2.5754963e-04,1818.98209,2.2794894e-04,2.5786045e-03,-6.4554310e-04
-0.22049156769071487,1.000068963395696,0.0002989398130786227,1761.524548432511,-2.9421693e-03,384532,1042.63303,1775.57042,1.5927612e+05,4.7591202e+01,9.9270469e+03,1.6312235e+01,1.6668609e+05,4.9825668e+01,0,nan,nan,nan,nan,1042.63303,2.8070199e-04,1775.57042,2.5010566e-04,9.3049826e-03,3.9691940e-02
-0.22045065381144013,1.0006152631671332,0.0002905179483277609,1755.3897093463902,-3.0617940e-03,380115,1042.60753,1775.56963,1.5914805e+05,4.6220783e+01,5.0809473e+03,1.4000290e+01,1.6667017e+05,4.8390907e+01,0,nan,nan,nan,nan,1042.60753,2.7044603e-04,1775.56963,2.4120127e-04,-1.8200163e-02,3.7671439e-02
-0.22025673749567432,0.9996157396945601,0.0002939562331502685,1743.1201432627058,-3.1889554e-03,371281,1042.61445,1775.52706,1.5907228e+05,4.6764439e+01,7.0610112e+03,1.4970272e+01,1.6649170e+05,4.8960087e+01,0,nan,nan,nan,nan,1042.61445,2.7466626e-04,1775.52706,2.4526863e-04,-1.1332808e-02,-7.6613668e-03
-0.21993106201034607,1.0002195338005113,0.0002821314255892947,1921.031988938193,3.1835455e-03,499373,471.02626,463.88257,1.6410941e+05,4.6245674e+01,2.5979028e+03,1.3494444e+01,1.6985842e+05,4.7911884e+01,0,nan,nan,nan,nan,471.02626,2.5868465e-04,463.88257,2.9331303e-04,2.8177112e-02,-1.8875286e-02
-0.21992287697116808,1.0002614182057092,0.00028420769455315877,1730.8507171232302,-3.1766372e-03,362447,1328.20193,1819.02225,1.5841245e+05,4.4952942e+01,4.1675381e+03,1.1674517e+01,1.6622392e+05,4.7229771e+01,0,nan,nan,nan,nan,1328.20193,2.5991737e-04,1819.02225,2.2932897e-04,-7.9605478e-04,4.2946476e-02
-0.21977960214826453,1.0003402583191374,0.0002864299384634037,1914.897260398055,3.1746151e-03,494956,471.01177,463.90698,1.6421738e+05,4.6962914e+01,4.9859150e+03,1.4887394e+01,1.6992470e+05,4.8654964e+01,0,nan,nan,nan,nan,471.01177,2.6274432e-04,463.90698,2.9831298e-04,1.3414740e-02,6.9347001e-03
-0.21965490659476927,1.000043860386624,0.0002819788464507248,1908.7625050936085,3.1389205e-03,490539,470.99785,463.88474,1.6393766e+05,4.6206757e+01,2.5952217e+03,1.3454320e+01,1.6977748e+05,4.7871563e+01,0,nan,nan,nan,nan,470.99785,2.5813561e-04,463.88474,2.9329723e-04,-2.0091399e-03,-1.7148299e-02
-0.21957745651843652,1.0004508182840275,0.00028238078239106794,1902.6277025436848,3.0559807e-03,486122,470.98905,463.85298,1.6396736e+05,4.6281940e+01,2.7978921e+03,1.3622932e+01,1.6988080e+05,4.7949455e+01,0,nan,nan,nan,nan,470.98905,2.5833328e-04,463.85298,2.9376108e-04,-1.1989258e-02,-5.2868370e-02
-0.21945105888585204,1.000581123771141,0.0002846373700137981,1718.5814289413154,-3.0257143e-03,353613,1328.20439,1818.98854,1.5781036e+05,4.5014721e+01,4.6604937e+03,1.1947296e+01,1.6625420e+05,4.7294678e+01,0,nan,nan,nan,nan,1328.20439,2.6126514e-04,1818.98854,2.3156643e-04,1.6870422e-03,6.6031697e-03
-0.2191678518106528,1.0005370261267952,0.0002825016768232733,1712.4468321483905,-2.9029550e-03,349196,1328.20331,1818.98044,1.5863480e+05,4.4707352e+01,3.1002581e+03,1.1128487e+01,1.6635995e+05,4.6971741e+01,0,nan,nan,nan,nan,1328.20331,2.5744276e-04,1818.98044,2.2766960e-04,7.0695329e-04,-2.3275833e-03
-0.21910264846110294,1.0000358279315888,0.00029863580899079,1761.5259373517406,-2.9421384e-03,384533,1042.63171,1775.56872,1.5919141e+05,4.7543083e+01,9.9422129e+03,1.6268469e+01,1.6668155e+05,4.9775291e+01,0,nan,nan,nan,nan,1042.63171,2.8022457e-04,1775.56872,2.4992708e-04,8.8164704e-03,3.7696358e-02
-0.21906174296282188,0.9995272084025059,0.00029051226672072253,1755.3910982572388,-3.0617714e-03,380116,1042.61440,1775.56668,1.5910530e+05,4.6219913e+01,5.0814258e+03,1.4001316e+01,1.6648906e+05,4.8389996e+01,0,nan,nan,nan,nan,1042.61440,2.7060715e-04,1775.56668,2.4119498e-04,-1.1182711e-02,3.5554755e-02
-0.21886784201478804,0.9995349154662448,0.00029394126063615376,1743.1215321581867,-3.1889481e-03,371282,1042.61298,1775.52551,1.5905095e+05,4.6762112e+01,7.0483140e+03,1.4981369e+01,1.6647844e+05,4.8957649e+01,0,nan,nan,nan,nan,1042.61298,2.7449988e-04,1775.52551,2.4519302e-04,-1.2720773e-02,-8.9097004e-03
-0.21854217487680216,0.9999324388325419,0.0002821440851869492,1921.0333778253266,3.1835444e-03,499374,471.02337,463.89127,1.6413409e+05,4.6247688e+01,2.5992480e+03,1.3512688e+01,1.6980945e+05,4.7913971e+01,0,nan,nan,nan,nan,471.02337,2.5847487e-04,463.89127,2.9321131e-04,2.5343899e-02,-9.8252986e-03
-0.21853399706787968,1.0001980073240566,0.00028431903101244885,1730.8521060031335,-3.1766456e-03,362448,1328.20193,1819.02208,1.5848928e+05,4.4970509e+01,4.1825303e+03,1.1683977e+01,1.6621322e+05,4.7248222e+01,0,nan,nan,nan,nan,1328.20193,2.5980276e-04,1819.02208,2.2918325e-04,-1.5667104e-03,4.2912941e-02
-0.21839070942678518,1.0011400911844883,0.0002866829019790867,1914.8986492907766,3.1746195e-03,494957,471.02166,463.89912,1.6447038e+05,4.7004520e+01,4.9577373e+03,1.4891875e+01,1.7006103e+05,4.8698071e+01,0,nan,nan,nan,nan,471.02166,2.6280823e-04,463.89912,2.9808367e-04,2.4395920e-02,-2.6425740e-03
-0.21826600339591096,0.9998113192520448,0.0002818649989693346,1908.7638939968074,3.1389354e-03,490540,470.99800,463.87317,1.6379520e+05,4.6188072e+01,2.5832407e+03,1.3450616e+01,1.6973791e+05,4.7852203e+01,0,nan,nan,nan,nan,470.99800,2.5836355e-04,463.87317,2.9348297e-04,-1.9900645e-03,-2.9790943e-02
-0.21818854610182825,0.9997951636801284,0.0002823182555970131,1902.6290914541014,3.0560028e-03,486123,470.98653,463.85916,1.6390434e+05,4.6271652e+01,2.7945371e+03,1.3612333e+01,1.6976931e+05,4.7938793e+01,0,nan,nan,nan,nan,470.98653,2.5811480e-04,463.85916,2.9370526e-04,-1.4732883e-02,-4.5192461e-02
-0.2180621941172376,0.9998016378343088,0.0002846869952840321,1718.582817806084,-3.0257378e-03,353614,1328.20659,1818.98365,1.5787486e+05,4.5022736e+01,4.6485059e+03,1.1938688e+01,1.6612531e+05,4.7303101e+01,0,nan,nan,nan,nan,1328.20659,2.6124952e-04,1818.98365,2.3172422e-04,3.6483018e-03,1.2947504e-03
-0.21777899635594622,1.0002805122126666,0.00028233826616351433,1712.4482210038452,-2.9029879e-03,349197,1328.20778,1818.98512,1.5858141e+05,4.4681618e+01,3.0963040e+03,1.1064688e+01,1.6631777e+05,4.6944702e+01,0,nan,nan,nan,nan,1328.20778,2.5748654e-04,1818.98512,2.2758587e-04,5.1081842e-03,3.0410448e-03
-0.21771372923058152,1.0002634492171603,0.00029878749824536674,1761.5273262709711,-2.9421074e-03,384534,1042.63010,1775.57334,1.5935188e+05,4.7567513e+01,9.9545283e+03,1.6243719e+01,1.6672045e+05,4.9800865e+01,0,nan,nan,nan,nan,1042.63010,2.8011468e-04,1775.57334,2.5000502e-04,6.2516308e-03,4.2740423e-02
-0.21767283188182773,0.9997432450349752,0.0002905452602212817,1755.3924871683198,-3.0617486e-03,380117,1042.61166,1775.56671,1.5913159e+05,4.6225197e+01,5.0773066e+03,1.3995396e+01,1.6652517e+05,4.8395527e+01,0,nan,nan,nan,nan,1042.61166,2.7038140e-04,1775.56671,2.4132407e-04,-1.3676820e-02,3.5890933e-02
-0.21747894653299227,1.0003992881048438,0.00029418888826533544,1743.1229210536685,-3.1889409e-03,371283,1042.61729,1775.53053,1.5920533e+05,4.6801552e+01,7.0470342e+03,1.4979201e+01,1.6662259e+05,4.8998947e+01,0,nan,nan,nan,nan,1042.61729,2.7461801e-04,1775.53053,2.4539605e-04,-8.7182606e-03,-3.2813447e-03
-0.2171532879760889,1.0000159293123567,0.00028206053915107263,1921.0347667122273,3.1835430e-03,499375,471.02320,463.88312,1.6413564e+05,4.6233936e+01,2.5883682e+03,1.3445186e+01,1.6982344e+05,4.7899723e+01,0,nan,nan,nan,nan,471.02320,2.5852345e-04,463.88312,2.9330587e-04,2.4751708e-02,-1.8669877e-02
-0.21714511693312488,0.9999170564631147,0.0002842600828330251,1730.8534948832682,-3.1766538e-03,362449,1328.20400,1819.02226,1.5836170e+05,4.4961136e+01,4.1745464e+03,1.1751674e+01,1.6616636e+05,4.7238380e+01,0,nan,nan,nan,nan,1328.20400,2.5980687e-04,1819.02226,2.2920599e-04,5.8247114e-04,4.3957353e-02
-0.21700181693768172,1.000021748167223,0.0002863330362873465,1914.9000381832657,3.1746237e-03,494958,471.01255,463.89010,1.6417233e+05,4.6947285e+01,4.9822612e+03,1.4856708e+01,1.6987153e+05,4.8638771e+01,0,nan,nan,nan,nan,471.01255,2.6274720e-04,463.89010,2.9902108e-04,1.3802789e-02,-1.1827767e-02
-0.21687710019637052,1.0004910770322362,0.0002822006864672862,1908.765282900007,3.1389503e-03,490541,471.00128,463.88471,1.6399022e+05,4.6243050e+01,2.6097839e+03,1.3545209e+01,1.6985320e+05,4.7909164e+01,0,nan,nan,nan,nan,471.00128,2.5840750e-04,463.88471,2.9321868e-04,1.9020438e-03,-1.6742378e-02
-0.21679963545284409,1.0000166355539435,0.0002823416696959511,1902.6304803647504,3.0560251e-03,486124,470.98528,463.85698,1.6392067e+05,4.6275448e+01,2.7869016e+03,1.3628572e+01,1.6980677e+05,4.7942730e+01,0,nan,nan,nan,nan,470.98528,2.5810552e-04,463.85698,2.9371917e-04,-1.6175969e-02,-4.7555465e-02
-0.21667332934862316,1.0005194002979254,0.0002847653774401292,1718.5842066708526,-3.0257613e-03,353615,1328.20380,1818.98553,1.5797991e+05,4.5035297e+01,4.6618452e+03,1.1955140e+01,1.6624519e+05,4.7316299e+01,0,nan,nan,nan,nan,1328.20380,2.6099669e-04,1818.98553,2.3122692e-04,5.7095924e-04,3.2627943e-03
-0.21639014066772688,1.0000108728123676,0.00028233348578844783,1712.4496098595334,-2.9030205e-03,349198,1328.20531,1818.98605,1.5856580e+05,4.4680988e+01,3.1113123e+03,1.1063741e+01,1.6627341e+05,4.6944038e+01,0,nan,nan,nan,nan,1328.20531,2.5744032e-04,1818.98605,2.2734569e-04,2.2049746e-03,3.9946130e-03
-0.2163248097676842,0.9991129090051155,0.00029863126529506645,1761.528715190434,-2.9420762e-03,384535,1042.63320,1775.57041,1.5921581e+05,4.7542915e+01,9.9506787e+03,1.6245823e+01,1.6652966e+05,4.9775116e+01,0,nan,nan,nan,nan,1042.63320,2.8015580e-04,1775.57041,2.4990278e-04,9.9025005e-03,4.0319808e-02
-0.21628392103320948,0.9997920448810689,0.00029058020313219235,1755.3938760791684,-3.0617260e-03,380118,1042.61277,1775.56300,1.5920677e+05,4.6230785e+01,5.0916367e+03,1.3993673e+01,1.6653342e+05,4.8401382e+01,0,nan,nan,nan,nan,1042.61277,2.7039033e-04,1775.56300,2.4112592e-04,-1.2795513e-02,3.1646427e-02
-0.21609005081836585,1.000115165018748,0.0002938759010880198,1743.1243099493831,-3.1889335e-03,371284,1042.61248,1775.51732,1.5907077e+05,4.6751816e+01,7.0419312e+03,1.4946469e+01,1.6657545e+05,4.8946873e+01,0,nan,nan,nan,nan,1042.61248,2.7471292e-04,1775.51732,2.4497957e-04,-1.3469021e-02,-1.8079702e-02
-0.215764400842545,1.0004632121200538,0.0002822148925524005,1921.0361555993609,3.1835418e-03,499376,471.02063,463.89332,1.6425694e+05,4.6259182e+01,2.6032485e+03,1.3490945e+01,1.6989917e+05,4.7925877e+01,0,nan,nan,nan,nan,471.02063,2.5850799e-04,463.89332,2.9304696e-04,2.2875335e-02,-8.0100829e-03
-0.21575623703120073,1.000221605977076,0.0002843339519634167,1730.8548837631702,-3.1766621e-03,362450,1328.20227,1819.02081,1.5848017e+05,4.4972775e+01,4.1684282e+03,1.1743834e+01,1.6621680e+05,4.7250607e+01,0,nan,nan,nan,nan,1328.20227,2.5976860e-04,1819.02081,2.2937509e-04,-1.1207805e-03,4.1839547e-02
-0.21561292444903302,1.0005233163011173,0.00028651867965996165,1914.9014270757543,3.1746279e-03,494959,471.01706,463.90009,1.6430064e+05,4.6977844e+01,4.9676704e+03,1.4898949e+01,1.6995719e+05,4.8670437e+01,0,nan,nan,nan,nan,471.01706,2.6269135e-04,463.90009,2.9873056e-04,2.0186041e-02,-1.5592640e-03
-0.21548819699773958,1.0002182832925988,0.0002819159923934666,1908.7666718032056,3.1389652e-03,490542,471.00077,463.87046,1.6387531e+05,4.6196369e+01,2.5858960e+03,1.3440314e+01,1.6980678e+05,4.7860802e+01,0,nan,nan,nan,nan,471.00077,2.5810854e-04,463.87046,2.9386961e-04,2.8164807e-04,-3.2653168e-02
-0.21541072503623582,0.9997319426622493,0.0002824406640261951,1902.631869275167,3.0560473e-03,486125,470.98817,463.86157,1.6392166e+05,4.6291630e+01,2.8058345e+03,1.3659991e+01,1.6975828e+05,4.7959496e+01,0,nan,nan,nan,nan,470.98817,2.5814195e-04,463.86157,2.9369848e-04,-1.2981047e-02,-4.2339671e-02
-0.21528446458046346,1.0003321262325748,0.0002846526039058086,1718.5855955356208,-3.0257849e-03,353616,1328.20288,1818.98653,1.5781752e+05,4.5017632e+01,4.6541094e+03,1.1938383e+01,1.6621469e+05,4.7297737e+01,0,nan,nan,nan,nan,1328.20288,2.6105504e-04,1818.98653,2.3182004e-04,-2.7355697e-04,4.1756118e-03
-0.2150012852114287,0.9998780744429624,0.00028228551379715376,1712.4509987149897,-2.9030533e-03,349199,1328.20807,1818.98656,1.5844531e+05,4.4673523e+01,3.1119185e+03,1.1093277e+01,1.6625180e+05,4.6936195e+01,0,nan,nan,nan,nan,1328.20807,2.5780362e-04,1818.98656,2.2818671e-04,5.5113412e-03,3.9990111e-03
-0.21493589053716278,0.999526899163598,0.00029867625246179013,1761.5301041096645,-2.9420452e-03,384536,1042.63367,1775.56838,1.5915058e+05,4.7550358e+01,9.9788086e+03,1.6267244e+01,1.6659964e+05,4.9782909e+01,0,nan,nan,nan,nan,1042.63367,2.8058884e-04,1775.56838,2.5024501e-04,1.0683544e-02,3.7345309e-02
-0.21489500995267008,0.9998715373584179,0.0002907611171252545,1755.395264990249,-3.0617032e-03,380119,1042.61342,1775.56223,1.5920208e+05,4.6259602e+01,5.1010015e+03,1.4025049e+01,1.6654678e+05,4.8431549e+01,0,nan,nan,nan,nan,1042.61342,2.7055677e-04,1775.56223,2.4150552e-04,-1.2865254e-02,3.1079888e-02
-0.21470115533702483,0.9998944055796056,0.00029381497880502487,1743.1256988448645,-3.1889263e-03,371285,1042.61513,1775.52212,1.5911398e+05,4.6742176e+01,7.0216509e+03,1.4927751e+01,1.6653888e+05,4.8936783e+01,0,nan,nan,nan,nan,1042.61513,2.7426126e-04,1775.52212,2.4482468e-04,-1.0669532e-02,-1.1810373e-02
-0.21437551394183174,0.9999872018015693,0.0002822357621803989,1921.0375444862616,3.1835404e-03,499377,471.02644,463.88732,1.6419728e+05,4.6262547e+01,2.6174761e+03,1.3488104e+01,1.6981812e+05,4.7929363e+01,0,nan,nan,nan,nan,471.02644,2.5882554e-04,463.88732,2.9300884e-04,2.8303577e-02,-1.3409151e-02
-0.21436735712859445,1.0000143570411753,0.0002842421622515224,1730.8562726430728,-3.1766705e-03,362451,1328.20086,1819.01848,1.5843620e+05,4.4958214e+01,4.1815957e+03,1.1693283e+01,1.6618220e+05,4.7235310e+01,0,nan,nan,nan,nan,1328.20086,2.5988027e-04,1819.01848,2.2940307e-04,-2.4716936e-03,3.9551340e-02
-0.2142240317280084,1.000132951230503,0.00028636685016632284,1914.9028159684754,3.1746323e-03,494960,471.01308,463.88611,1.6426361e+05,4.6953087e+01,4.9514048e+03,1.4842588e+01,1.6989134e+05,4.8644783e+01,0,nan,nan,nan,nan,471.01308,2.6268128e-04,463.88611,2.9840413e-04,1.4547173e-02,-1.6159676e-02
-0.21409929403216665,1.0001602803901986,0.00028204316599678733,1908.7680607061711,3.1389799e-03,490543,470.99546,463.87440,1.6393670e+05,4.6217182e+01,2.5996699e+03,1.3486767e+01,1.6979684e+05,4.7882362e+01,0,nan,nan,nan,nan,470.99546,2.5795511e-04,463.87440,2.9337991e-04,-4.7615184e-03,-2.7720911e-02
-0.2140218146191728,1.0001071806106845,0.00028222414429587253,1902.633258185584,3.0560694e-03,486126,470.99337,463.85823,1.6394784e+05,4.6256104e+01,2.8053538e+03,1.3542125e+01,1.6982186e+05,4.7922688e+01,0,nan,nan,nan,nan,470.99337,2.5832118e-04,463.85823,2.9384840e-04,-7.2912420e-03,-4.7236223e-02
-0.2138956000453618,0.9997304934561533,0.0002845890753323146,1718.5869844001559,-3.0258086e-03,353617,1328.20804,1818.98446,1.5774477e+05,4.5007751e+01,4.6597456e+03,1.1960868e+01,1.6611534e+05,4.7287354e+01,0,nan,nan,nan,nan,1328.20804,2.6175525e-04,1818.98446,2.3147388e-04,6.0430900e-03,1.9659798e-03
-0.21361242952320936,0.9999858654305854,0.0002824050114518035,1712.452387570678,-2.9030859e-03,349200,1328.20415,1818.98339,1.5847556e+05,4.4692562e+01,3.1100122e+03,1.1107876e+01,1.6627019e+05,4.6956200e+01,0,nan,nan,nan,nan,1328.20415,2.5762527e-04,1818.98339,2.2794036e-04,9.3696819e-04,9.9854765e-04
-0.2135469710738107,0.999678051895292,0.00029862050088318783,1761.531493029128,-2.9420140e-03,384537,1042.63179,1775.57145,1.5922084e+05,4.7541763e+01,9.9850469e+03,1.6243784e+01,1.6662581e+05,4.9773907e+01,0,nan,nan,nan,nan,1042.63179,2.8027318e-04,1775.57145,2.4992487e-04,8.6079659e-03,4.1118238e-02
-0.21350609910496132,0.9996244855192509,0.00029068454385495,1755.3966539010967,-3.0616806e-03,380120,1042.61424,1775.56796,1.5910581e+05,4.6247452e+01,5.0956650e+03,1.4031931e+01,1.6650575e+05,4.8418831e+01,0,nan,nan,nan,nan,1042.61424,2.7061193e-04,1775.56796,2.4161208e-04,-1.1289063e-02,3.6748257e-02
-0.21331225985522906,1.0003595659866265,0.00029387341013260274,1743.1270877403463,-3.1889190e-03,371286,1042.61567,1775.52997,1.5919567e+05,4.6751526e+01,7.0491807e+03,1.4925474e+01,1.6661653e+05,4.8946568e+01,0,nan,nan,nan,nan,1042.61567,2.7407912e-04,1775.52997,2.4485434e-04,-1.0116518e-02,-3.9799986e-03
-0.21298662704202798,0.9998804657838437,0.0002821359518046102,1921.0389333731614,3.1835390e-03,499378,471.02630,463.88603,1.6410717e+05,4.6246128e+01,2.6025400e+03,1.3499096e+01,1.6979978e+05,4.7912350e+01,0,nan,nan,nan,nan,471.02630,2.5877121e-04,463.88603,2.9305002e-04,2.8765166e-02,-1.5396459e-02
-0.2129784772257608,1.0001818967518434,0.00028423349223324093,1730.8576615229756,-3.1766789e-03,362452,1328.19745,1819.01819,1.5826861e+05,4.4956802e+01,4.1823618e+03,1.1745493e+01,1.6620988e+05,4.7233822e+01,0,nan,nan,nan,nan,1328.19745,2.5977701e-04,1819.01819,2.2988455e-04,-5.3206636e-03,3.8595721e-02
-0.2128351392402692,0.9992482461653974,0.0002861629761315979,1914.904204860963,3.1746365e-03,494961,471.01512,463.90156,1.6390030e+05,4.6919785e+01,4.9527217e+03,1.4865179e+01,1.6974152e+05,4.8610279e+01,0,nan,nan,nan,nan,471.01512,2.6312540e-04,463.90156,2.9955513e-04,1.7261123e-02,7.8359840e-04
-0.21271039083421783,1.0004865575564996,0.00028198336795544766,1908.769449609369,3.1389948e-03,490544,471.00305,463.88184,1.6392692e+05,4.6207359e+01,2.6049570e+03,1.3467425e+01,1.6985214e+05,4.7872185e+01,0,nan,nan,nan,nan,471.00305,2.5819836e-04,463.88184,2.9377523e-04,3.1279258e-03,-2.0288581e-02
-0.2126329039697339,0.9998548392392659,0.00028221859467067586,1902.6346470962335,3.0560917e-03,486127,470.98590,463.85944,1.6388931e+05,4.6255157e+01,2.7944119e+03,1.3550398e+01,1.6977886e+05,4.7921707e+01,0,nan,nan,nan,nan,470.98590,2.5857126e-04,463.85944,2.9363571e-04,-1.4931878e-02,-4.4829547e-02
-0.21250673527674735,1.0002111762642334,0.00028467219002142023,1718.5883732649245,-3.0258321e-03,353618,1328.19912,1818.98727,1.5783678e+05,4.5021057e+01,4.6573691e+03,1.1957634e+01,1.6619583e+05,4.7301338e+01,0,nan,nan,nan,nan,1328.19912,2.6128563e-04,1818.98727,2.3132350e-04,-4.4463309e-03,5.2965330e-03
-0.21222357383567214,0.9994088456126257,0.00028220388816722875,1712.4537764263655,-2.9031185e-03,349201,1328.21020,1818.99037,1.5811283e+05,4.4660858e+01,3.1231262e+03,1.1118684e+01,1.6617473e+05,4.6922894e+01,0,nan,nan,nan,nan,1328.21020,2.5873425e-04,1818.99037,2.2882398e-04,7.9099191e-03,7.9675941e-03
-0.21215805184374403,0.9994840023748398,0.000298647080911074,1761.532881948358,-2.9419831e-03,384538,1042.63844,1775.57469,1.5917552e+05,4.7546272e+01,9.9919658e+03,1.6244955e+01,1.6659444e+05,4.9778629e+01,0,nan,nan,nan,nan,1042.63844,2.8054550e-04,1775.57469,2.5007431e-04,1.5869560e-02,4.4909388e-02
-0.21211718802351243,1.0001568703453139,0.00029071893311628897,1755.3980428121781,-3.0616578e-03,380121,1042.60677,1775.56667,1.5919934e+05,4.6252960e+01,5.1185181e+03,1.4022863e+01,1.6659455e+05,4.8424595e+01,0,nan,nan,nan,nan,1042.60677,2.7069592e-04,1775.56667,2.4133842e-04,-1.9035758e-02,3.5040889e-02
-0.21192336437366066,1.000111696736007,0.0002938673792761626,1743.1284766358278,-3.1889118e-03,371287,1042.61461,1775.51449,1.5909167e+05,4.6750622e+01,7.0330981e+03,1.4952926e+01,1.6657544e+05,4.8945621e+01,0,nan,nan,nan,nan,1042.61461,2.7413102e-04,1775.51449,2.4512334e-04,-1.0670476e-02,-2.0051865e-02
-0.21159773990848407,0.9998504359995828,0.0002820203403228964,1921.040322260295,3.1835379e-03,499379,471.02453,463.89192,1.6412714e+05,4.6227119e+01,2.5935576e+03,1.3442052e+01,1.6979447e+05,4.7892658e+01,0,nan,nan,nan,nan,471.02453,2.5843800e-04,463.89192,2.9314664e-04,2.6298376e-02,-8.8374391e-03
-0.21158959732315452,1.000098404830132,0.0002842987183028953,1730.8590504028782,-3.1766873e-03,362453,1328.20532,1819.02603,1.5848495e+05,4.4967083e+01,4.1799980e+03,1.1661707e+01,1.6619586e+05,4.7244621e+01,0,nan,nan,nan,nan,1328.20532,2.5979750e-04,1819.02603,2.2931579e-04,2.5194117e-03,4.7878183e-02
-0.21144624651969934,0.9990229926527002,0.00028619504288974833,1914.9055937536837,3.1746409e-03,494962,471.01093,463.89513,1.6400719e+05,4.6925171e+01,4.9641396e+03,1.4843381e+01,1.6970372e+05,4.8615860e+01,0,nan,nan,nan,nan,471.01093,2.6299639e-04,463.89513,2.9885443e-04,1.2576916e-02,-6.4780707e-03
-0.21132148763535952,1.0001574083464781,0.00028193669656338937,1908.770838512568,3.1390097e-03,490545,470.99906,463.88148,1.6395675e+05,4.6199684e+01,2.6182024e+03,1.3411469e+01,1.6979616e+05,4.7864231e+01,0,nan,nan,nan,nan,470.99906,2.5810834e-04,463.88148,2.9330939e-04,-1.1307141e-03,-2.0000108e-02
-0.21124399355358037,1.0000516689776981,0.0002822836195723172,1902.6360360066496,3.0561138e-03,486128,470.98833,463.85159,1.6389395e+05,4.6265774e+01,2.7892759e+03,1.3586179e+01,1.6981214e+05,4.7932705e+01,0,nan,nan,nan,nan,470.98833,2.5833340e-04,463.85159,2.9406574e-04,-1.2734326e-02,-5.4287884e-02
-0.2111178705081329,1.0003027690882713,0.00028474850132615385,1718.589762129693,-3.0258556e-03,353619,1328.20327,1818.98442,1.5792936e+05,4.5033295e+01,4.6484761e+03,1.1970350e+01,1.6621164e+05,4.7314190e+01,0,nan,nan,nan,nan,1328.20327,2.6131151e-04,1818.98442,2.3128703e-04,7.1883202e-04,2.1316081e-03
-0.21083471838005607,1.0005802807917155,0.00028246464628102816,1712.455165281821,-2.9031513e-03,349202,1328.21401,1818.98880,1.5862733e+05,4.4702255e+01,3.1232983e+03,1.1108535e+01,1.6636998e+05,4.6966389e+01,0,nan,nan,nan,nan,1328.21401,2.5774745e-04,1818.98880,2.2726190e-04,1.2099231e-02,7.7437074e-03
-0.21076913238039197,1.0001032926587559,0.0002988933136005089,1761.5342708678213,-2.9419519e-03,384539,1042.62174,1775.56308,1.5929042e+05,4.7585751e+01,1.0013497e+04,1.6287758e+01,1.6669862e+05,4.9819962e+01,0,nan,nan,nan,nan,1042.62174,2.8063433e-04,1775.56308,2.5026698e-04,-2.2511140e-03,3.2270882e-02
-0.21072827717534892,0.9997769122551071,0.00029051067739426206,1755.3994317230263,-3.0616352e-03,380122,1042.61185,1775.56729,1.5909950e+05,4.6219860e+01,5.1360366e+03,1.4000857e+01,1.6653139e+05,4.8389942e+01,0,nan,nan,nan,nan,1042.61185,2.7033646e-04,1775.56729,2.4132771e-04,-1.3802473e-02,3.5993814e-02
-0.21053446865926162,0.9998870780599604,0.00029369956568424263,1743.1298655315422,-3.1889044e-03,371288,1042.61492,1775.51670,1.5902369e+05,4.6723972e+01,7.0169937e+03,1.4907108e+01,1.6653820e+05,4.8917725e+01,0,nan,nan,nan,nan,1042.61492,2.7429892e-04,1775.51670,2.4516881e-04,-1.0741710e-02,-1.8689422e-02
-0.2102088530077708,1.000633214765192,0.00028214027188685944,1921.0417111471957,3.1835365e-03,499380,471.02452,463.88982,1.6423133e+05,4.6246719e+01,2.5932734e+03,1.3465036e+01,1.6992719e+05,4.7912964e+01,0,nan,nan,nan,nan,471.02452,2.5842185e-04,463.88982,2.9307741e-04,2.6876580e-02,-1.1452807e-02
-0.2102007171877176,0.9999962840389526,0.00028426800125323873,1730.8604392830136,-3.1766954e-03,362454,1328.19794,1819.01818,1.5832005e+05,4.4962181e+01,4.1888486e+03,1.1764330e+01,1.6617875e+05,4.7239475e+01,0,nan,nan,nan,nan,1328.19794,2.5965759e-04,1819.01818,2.2967582e-04,-4.9839853e-03,3.8773149e-02
-0.21005735403105064,0.999487393298901,0.0002864293016658487,1914.9069826461723,3.1746451e-03,494963,471.01223,463.88551,1.6420119e+05,4.6963707e+01,4.9499365e+03,1.4885386e+01,1.6978306e+05,4.8655785e+01,0,nan,nan,nan,nan,471.01223,2.6291216e-04,463.88551,2.9834558e-04,1.3280347e-02,-1.6826821e-02
-0.20993258466933185,0.9996957258933644,0.00028188306628349017,1908.772227415534,3.1390244e-03,490546,471.00454,463.88075,1.6386191e+05,4.6190861e+01,2.6100654e+03,1.3417271e+01,1.6971767e+05,4.7855099e+01,0,nan,nan,nan,nan,471.00454,2.5827019e-04,463.88075,2.9332424e-04,4.3473123e-03,-2.1544017e-02
-0.20985508290505095,0.999532405491172,0.00028217046987684765,1902.6374249172982,3.0561362e-03,486129,470.98675,463.86113,1.6384248e+05,4.6247185e+01,2.7991267e+03,1.3566572e+01,1.6972381e+05,4.7913452e+01,0,nan,nan,nan,nan,470.98675,2.5823078e-04,463.86113,2.9377162e-04,-1.3909675e-02,-4.3356031e-02
-0.2097290057392911,0.9999033064976063,0.00028460834349884677,1718.591150994462,-3.0258792e-03,353620,1328.20465,1818.98326,1.5771997e+05,4.5011292e+01,4.6730278e+03,1.1979033e+01,1.6614588e+05,4.7291073e+01,0,nan,nan,nan,nan,1328.20465,2.6137949e-04,1818.98326,2.3221159e-04,2.0374714e-03,4.0126464e-04
-0.20944586269183674,1.0000733779395825,0.0002824512845202575,1712.4565541375093,-2.9031839e-03,349203,1328.20261,1818.98190,1.5851811e+05,4.4700272e+01,3.1273652e+03,1.1117372e+01,1.6628620e+05,4.6964302e+01,0,nan,nan,nan,nan,1328.20261,2.5813992e-04,1818.98190,2.2769340e-04,-3.8594202e-04,-3.7370514e-04
-0.2093802131503253,1.0003287810416983,0.00029872031012391476,1761.5356597870514,-2.9419209e-03,384540,1042.63415,1775.57230,1.5932509e+05,4.7558487e+01,1.0003737e+04,1.6254490e+01,1.6673719e+05,4.9791416e+01,0,nan,nan,nan,nan,1042.63415,2.8015443e-04,1775.57230,2.4981055e-04,1.1311305e-02,4.1462451e-02
-0.20933936609390003,0.9992395538561992,0.0002904142282994578,1755.4008206341077,-3.0616124e-03,380123,1042.60995,1775.56842,1.5900198e+05,4.6204548e+01,5.1179233e+03,1.3993146e+01,1.6644200e+05,4.8373913e+01,0,nan,nan,nan,nan,1042.60995,2.7055515e-04,1775.56842,2.4139424e-04,-1.5553942e-02,3.7064996e-02
-0.20914557317746585,0.999990996965858,0.00029366472582267146,1743.131254427024,-3.1888972e-03,371289,1042.61672,1775.52605,1.5894838e+05,4.6718487e+01,7.0191885e+03,1.4925222e+01,1.6655570e+05,4.8911976e+01,0,nan,nan,nan,nan,1042.61672,2.7443637e-04,1775.52605,2.4520839e-04,-8.8089881e-03,-8.4813274e-03
-0.2088199658751364,1.00030871431562,0.0002822251669882338,1921.0431000343283,3.1835353e-03,499381,471.02635,463.88806,1.6419950e+05,4.6260578e+01,2.5971340e+03,1.3485642e+01,1.6987188e+05,4.7927322e+01,0,nan,nan,nan,nan,471.02635,2.5878786e-04,463.88806,2.9316018e-04,2.8182721e-02,-1.3980304e-02
-0.20881183728511132,0.9996956891747263,0.00028442564798260896,1730.8618281629163,-3.1767038e-03,362455,1328.19935,1819.02109,1.5840341e+05,4.4987076e+01,4.1788604e+03,1.1723714e+01,1.6612866e+05,4.7265636e+01,0,nan,nan,nan,nan,1328.19935,2.5969252e-04,1819.02109,2.3004743e-04,-3.8592636e-03,4.2256903e-02
-0.20866846154149243,1.000179990238162,0.00028662318059092623,1914.9083715386619,3.1746493e-03,494964,471.01510,463.89665,1.6425305e+05,4.6995621e+01,4.9452788e+03,1.4937714e+01,1.6990117e+05,4.8688850e+01,0,nan,nan,nan,nan,471.01510,2.6276018e-04,463.89665,2.9884410e-04,1.7255913e-02,-3.9771902e-03
-0.20854368147047353,1.0004654117428278,0.00028199599896859686,1908.7736163187328,3.1390393e-03,490547,471.00268,463.87924,1.6395412e+05,4.6209347e+01,2.6080437e+03,1.3448933e+01,1.6984825e+05,4.7874245e+01,0,nan,nan,nan,nan,471.00268,2.5824341e-04,463.87924,2.9334298e-04,2.6064776e-03,-2.2516182e-02
-0.20834014097067666,0.9996730071047514,0.00028457580541890607,1718.5925398592306,-3.0259027e-03,353621,1328.20189,1818.98898,1.5775070e+05,4.5006306e+01,4.6660732e+03,1.1966709e+01,1.6610820e+05,4.7285835e+01,0,nan,nan,nan,nan,1328.20189,2.6152664e-04,1818.98898,2.3150485e-04,-1.1845122e-03,7.0344540e-03
-0.20805700700429952,0.9997438173545388,0.0002824307633323264,1712.4579429931969,-2.9032165e-03,349204,1328.21005,1818.98277,1.5852417e+05,4.4697159e+01,3.1349534e+03,1.1104563e+01,1.6623189e+05,4.6961029e+01,0,nan,nan,nan,nan,1328.21005,2.5780450e-04,1818.98277,2.2816718e-04,7.0221736e-03,3.8377263e-04
-0.20799129391980387,1.0001030612179687,0.00029891567994853847,1761.537048706282,-2.9418899e-03,384541,1042.63422,1775.57454,1.5933333e+05,4.7589867e+01,1.0047905e+04,1.6292511e+01,1.6670053e+05,4.9824272e+01,0,nan,nan,nan,nan,1042.63422,2.8066020e-04,1775.57454,2.5001555e-04,1.1294554e-02,4.4252791e-02
-0.20795045524528177,1.0000319085868257,0.00029065977493676664,1755.4022095449563,-3.0615898e-03,380124,1042.61619,1775.56327,1.5920491e+05,4.6243645e+01,5.1300137e+03,1.4019222e+01,1.6657411e+05,4.8414845e+01,0,nan,nan,nan,nan,1042.61619,2.7023087e-04,1775.56327,2.4130331e-04,-9.4156181e-03,3.2205917e-02
-0.20775667769657957,0.9996294804991375,0.00029362354301138804,1743.132643322505,-3.1888899e-03,371290,1042.61200,1775.51432,1.5890750e+05,4.6711983e+01,7.0178984e+03,1.4918404e+01,1.6649567e+05,4.8905170e+01,0,nan,nan,nan,nan,1042.61200,2.7452645e-04,1775.51432,2.4528458e-04,-1.3526485e-02,-2.1080365e-02
-0.2074310789748779,0.9996439660924111,0.0002821163961171577,1921.0444889212285,3.1835339e-03,499382,471.02161,463.88385,1.6412508e+05,4.6242691e+01,2.6052529e+03,1.3495806e+01,1.6975877e+05,4.7908791e+01,0,nan,nan,nan,nan,471.02161,2.5843599e-04,463.88385,2.9305872e-04,2.2910830e-02,-1.8014031e-02
-0.20742295738250505,0.9998187473926544,0.00028423196645101863,1730.8632170428189,-3.1767122e-03,362456,1328.20229,1819.02070,1.5842850e+05,4.4956409e+01,4.1806133e+03,1.1672701e+01,1.6614898e+05,4.7233414e+01,0,nan,nan,nan,nan,1328.20229,2.5982244e-04,1819.02070,2.2948610e-04,-8.6878001e-04,4.1201439e-02
-0.20727956882001308,1.0003650812746934,0.0002866305215569961,1914.9097604313833,3.1746537e-03,494965,471.01586,463.90012,1.6437623e+05,4.6996952e+01,4.9480737e+03,1.4921325e+01,1.6993308e+05,4.8690231e+01,0,nan,nan,nan,nan,471.01586,2.6270506e-04,463.90012,2.9785224e-04,1.7842678e-02,-6.3348137e-04
-0.20715477827161521,0.999972299324497,0.0002822173340435124,1908.7750052219317,3.1390542e-03,490548,471.00129,463.88099,1.6396738e+05,4.6245586e+01,2.6017563e+03,1.3503025e+01,1.6976444e+05,4.7911793e+01,0,nan,nan,nan,nan,471.00129,2.5835334e-04,463.88099,2.9340768e-04,9.0781652e-04,-2.0686515e-02
-0.20707726183900377,0.9999740137494955,0.0002824328743707076,1902.6402027383642,3.0561807e-03,486131,470.98413,463.84946,1.6386247e+05,4.6290119e+01,2.7925955e+03,1.3694501e+01,1.6979852e+05,4.7957932e+01,0,nan,nan,nan,nan,470.98413,2.5816125e-04,463.84946,2.9386851e-04,-1.6603662e-02,-5.6058478e-02
-0.20695127620206222,0.9994652027035741,0.0002845911440946112,1718.5939287239992,-3.0259262e-03,353622,1328.20562,1818.98559,1.5773530e+05,4.5008892e+01,4.6678350e+03,1.1966825e+01,1.6607427e+05,4.7288555e+01,0,nan,nan,nan,nan,1328.20562,2.6141337e-04,1818.98559,2.3173589e-04,3.5470985e-03,3.6836527e-03
-0.20666815154959295,1.000274472198382,0.0002823835119310537,1712.4593318486516,-2.9032493e-03,349205,1328.20854,1818.98628,1.5850047e+05,4.4689812e+01,3.1234573e+03,1.1113632e+01,1.6632061e+05,4.6953312e+01,0,nan,nan,nan,nan,1328.20854,2.5803980e-04,1818.98628,2.2788589e-04,6.5247212e-03,3.7257071e-03
-0.2066023744564518,0.9998119561043092,0.00029905902371184473,1761.5384376257452,-2.9418587e-03,384542,1042.63062,1775.57199,1.5931700e+05,4.7612965e+01,1.0082880e+04,1.6341228e+01,1.6665298e+05,4.9848454e+01,0,nan,nan,nan,nan,1042.63062,2.8042577e-04,1775.57199,2.5020470e-04,6.7249080e-03,4.1856978e-02
-0.20656154416428762,0.9998449335383046,0.00029074814672605407,1755.4035984560373,-3.0615670e-03,380125,1042.60763,1775.57192,1.5907797e+05,4.6257740e+01,5.1256216e+03,1.4062712e+01,1.6654308e+05,4.8429600e+01,0,nan,nan,nan,nan,1042.60763,2.7142986e-04,1775.57192,2.4151067e-04,-1.8130446e-02,4.0554568e-02
-0.2063677822156933,1.000044357940133,0.00029381303218698233,1743.1340322179858,-3.1888827e-03,371291,1042.61045,1775.52755,1.5907567e+05,4.6742176e+01,7.0066089e+03,1.4936359e+01,1.6656495e+05,4.8936783e+01,0,nan,nan,nan,nan,1042.61045,2.7431065e-04,1775.52755,2.4530434e-04,-1.4700832e-02,-5.9399097e-03
-0.20604219207507413,0.999514415687222,0.0002821129129257263,1921.0458778081284,3.1835325e-03,499383,471.02841,463.89804,1.6404244e+05,4.6242054e+01,2.5889717e+03,1.3515932e+01,1.6973655e+05,4.7908134e+01,0,nan,nan,nan,nan,471.02841,2.5888800e-04,463.89804,2.9325113e-04,3.1046236e-02,-2.1852879e-03
-0.2060340774796714,0.9998417751161838,0.0002840513386270292,1730.8646059227217,-3.1767206e-03,362457,1328.19912,1819.02442,1.5824514e+05,4.4927811e+01,4.1742598e+03,1.1662908e+01,1.6615269e+05,4.7203362e+01,0,nan,nan,nan,nan,1328.19912,2.5994377e-04,1819.02442,2.2977183e-04,-4.0621292e-03,4.5274056e-02
-0.20589067633227387,1.0001791101279096,0.00028633565644359867,1914.911149323871,3.1746579e-03,494966,471.01462,463.89108,1.6425055e+05,4.6948734e+01,4.9405098e+03,1.4845930e+01,1.6990195e+05,4.8640274e+01,0,nan,nan,nan,nan,471.01462,2.6260075e-04,463.89108,2.9819086e-04,1.6084595e-02,-1.0561931e-02
-0.20576587530626966,0.9994203986997329,0.00028204091473160806,1908.776394124897,3.1390688e-03,490549,470.99546,463.87500,1.6377934e+05,4.6216652e+01,2.5913416e+03,1.3522657e+01,1.6967064e+05,4.7881813e+01,0,nan,nan,nan,nan,470.99546,2.5831908e-04,463.87500,2.9368821e-04,-4.5578843e-03,-2.7018247e-02
-0.20568835142194075,1.000299146115388,0.0002823392183900011,1902.6415916487813,3.0562028e-03,486132,470.99105,463.86160,1.6396623e+05,4.6274727e+01,2.7931340e+03,1.3578168e+01,1.6985359e+05,4.7941986e+01,0,nan,nan,nan,nan,470.99105,2.5828369e-04,463.86160,2.9387051e-04,-9.7173806e-03,-4.3135874e-02
-0.20556241143344778,1.000103693512908,0.00028476214472059655,1718.5953175887678,-3.0259497e-03,353623,1328.20124,1818.98106,1.5789416e+05,4.5036095e+01,4.6632544e+03,1.1959816e+01,1.6618094e+05,4.7317135e+01,0,nan,nan,nan,nan,1328.20124,2.6104233e-04,1818.98106,2.3204050e-04,-1.0971363e-03,-9.5453882e-04
-0.2052792958613736,1.0003743940396492,0.00028252315390876097,1712.4607207043398,-2.9032819e-03,349206,1328.20761,1818.98861,1.5863644e+05,4.4712048e+01,3.1351711e+03,1.1110557e+01,1.6633773e+05,4.6976673e+01,0,nan,nan,nan,nan,1328.20761,2.5771634e-04,1818.98861,2.2749393e-04,4.3610036e-03,6.6495477e-03
-0.20521345522638512,0.9995383712711474,0.0002987786620305916,1761.5398265449753,-2.9418278e-03,384543,1042.63423,1775.56788,1.5910644e+05,4.7568607e+01,1.0064926e+04,1.6305410e+01,1.6660836e+05,4.9802010e+01,0,nan,nan,nan,nan,1042.63423,2.8087397e-04,1775.56788,2.5040220e-04,1.1456417e-02,3.7220575e-02
-0.20517263331566937,1.000100421427389,0.00029085726761970255,1755.404987366886,-3.0615444e-03,380126,1042.61843,1775.56420,1.5929580e+05,4.6275139e+01,5.1231211e+03,1.4104514e+01,1.6658575e+05,4.8447815e+01,0,nan,nan,nan,nan,1042.61843,2.7020756e-04,1775.56420,2.4111939e-04,-6.5321340e-03,3.3352774e-02
-0.20497888650129426,1.0003491529143635,0.0002938582007522573,1743.1354211137002,-3.1888753e-03,371292,1042.61173,1775.51749,1.5910056e+05,4.6749416e+01,7.0179121e+03,1.4944735e+01,1.6661591e+05,4.8944359e+01,0,nan,nan,nan,nan,1042.61173,2.7426778e-04,1775.51749,2.4539040e-04,-1.3203607e-02,-1.7388703e-02
-0.20465330494153022,1.0001939218111053,0.00028222886083292543,1921.047266695262,3.1835313e-03,499384,471.02303,463.87713,1.6414489e+05,4.6261005e+01,2.5938762e+03,1.3509888e+01,1.6985173e+05,4.7927765e+01,0,nan,nan,nan,nan,471.02303,2.5888183e-04,463.87713,2.9339042e-04,2.4980634e-02,-2.5261804e-02
-0.20464519734423448,1.0002226681843882,0.00028442441787467613,1730.8659948028571,-3.1767287e-03,362458,1328.20036,1819.01781,1.5849397e+05,4.4986782e+01,4.1784922e+03,1.1737643e+01,1.6621586e+05,4.7265327e+01,0,nan,nan,nan,nan,1328.20036,2.5997218e-04,1819.01781,2.2941270e-04,-2.7217576e-03,3.8850382e-02
-0.2045017838440799,1.0000627357497973,0.00028670947233936495,1914.9125382163593,3.1746621e-03,494967,471.00560,463.90261,1.6433558e+05,4.7010151e+01,4.9318755e+03,1.4923347e+01,1.6988264e+05,4.8703903e+01,0,nan,nan,nan,nan,471.00560,2.6269120e-04,463.90261,2.9839840e-04,6.6787992e-03,1.8993713e-03
-0.20437697210809347,0.9997915919451422,0.0002818148035157238,1908.7777830280952,3.1390837e-03,490550,471.00015,463.87361,1.6385352e+05,4.6179581e+01,2.6090752e+03,1.3395024e+01,1.6973356e+05,4.7843403e+01,0,nan,nan,nan,nan,471.00015,2.5829271e-04,463.87361,2.9346807e-04,5.6053809e-04,-2.9686840e-02
-0.2042994407729566,0.9998802284809054,0.0002823164572037085,1902.6429805594303,3.0562251e-03,486133,470.98633,463.85292,1.6388075e+05,4.6270969e+01,2.7848926e+03,1.3619146e+01,1.6978231e+05,4.7938084e+01,0,nan,nan,nan,nan,470.98633,2.5836958e-04,463.85292,2.9364772e-04,-1.4401009e-02,-5.2119147e-02
-0.20417354666483334,0.9998591711737876,0.0002848203323911405,1718.5967064535364,-3.0259732e-03,353624,1328.20608,1818.98186,1.5787175e+05,4.5045456e+01,4.6597979e+03,1.1969306e+01,1.6614091e+05,4.7326969e+01,0,nan,nan,nan,nan,1328.20608,2.6135604e-04,1818.98186,2.3175219e-04,3.1708484e-03,-3.9962798e-04
-0.2038904401729269,1.0001665111252807,0.0002825095667379791,1712.4621095600282,-2.9033145e-03,349207,1328.21230,1818.98851,1.5862353e+05,4.4710030e+01,3.1414414e+03,1.1137642e+01,1.6630366e+05,4.6974552e+01,0,nan,nan,nan,nan,1328.21230,2.5774000e-04,1818.98851,2.2728545e-04,9.8224077e-03,7.0358296e-03
-0.20382453576303305,1.0000619074363575,0.00029897202786847266,1761.5412154644387,-2.9417966e-03,384544,1042.63447,1775.57750,1.5928247e+05,4.7599670e+01,1.0093955e+04,1.6338596e+01,1.6669659e+05,4.9834534e+01,0,nan,nan,nan,nan,1042.63447,2.8059786e-04,1775.57750,2.5019198e-04,1.0764543e-02,4.7571402e-02
-0.20378372223467522,0.9999206597707408,0.0002904742328008697,1755.406376277967,-3.0615216e-03,380127,1042.61340,1775.56585,1.5906334e+05,4.6214226e+01,5.1117373e+03,1.3991480e+01,1.6655594e+05,4.8384045e+01,0,nan,nan,nan,nan,1042.61340,2.7046699e-04,1775.56585,2.4139191e-04,-1.1637652e-02,3.4173436e-02
-0.20358999101972586,0.9993118752881957,0.00029360003069835687,1743.1368100091818,-3.1888681e-03,371293,1042.61825,1775.52554,1.5889548e+05,4.6708397e+01,6.9881992e+03,1.4900304e+01,1.6644331e+05,4.8901413e+01,0,nan,nan,nan,nan,1042.61825,2.7443838e-04,1775.52554,2.4530833e-04,-6.6288481e-03,-1.0008737e-02
-0.20326441803990747,1.0001292782688553,0.0002821119718333641,1921.0486555821635,3.1835299e-03,499385,471.02551,463.89366,1.6407452e+05,4.6241787e+01,2.5948291e+03,1.3479352e+01,1.6984053e+05,4.7907856e+01,0,nan,nan,nan,nan,471.02551,2.5861218e-04,463.89366,2.9384310e-04,2.7216250e-02,-7.4697710e-03
-0.2032563174416282,0.9997943984965981,0.000284187145521313,1730.8673836827597,-3.1767371e-03,362459,1328.20465,1819.02288,1.5835869e+05,4.4949226e+01,4.1826738e+03,1.1689724e+01,1.6614458e+05,4.7225864e+01,0,nan,nan,nan,nan,1328.20465,2.5987386e-04,1819.02288,2.2953165e-04,1.4992254e-03,4.3747034e-02
-0.20311289112351005,1.000439810752314,0.00028652708123997494,1914.9139271090799,3.1746665e-03,494968,471.02280,463.88859,1.6432828e+05,4.6980377e+01,4.9247285e+03,1.4919415e+01,1.6994714e+05,4.8673054e+01,0,nan,nan,nan,nan,471.02280,2.6286661e-04,463.88859,2.9833385e-04,2.5087815e-02,-1.3256111e-02
-0.20298806890923515,0.9999110194828286,0.00028200274516567114,1908.779171931294,3.1390986e-03,490551,470.99929,463.87531,1.6389392e+05,4.6210350e+01,2.5917163e+03,1.3490581e+01,1.6975375e+05,4.7875282e+01,0,nan,nan,nan,nan,470.99929,2.5807804e-04,463.87531,2.9348049e-04,-1.4081321e-03,-2.6464010e-02
-0.2029105303572578,1.0001663068599638,0.0002823939567338789,1902.644369469846,3.0562473e-03,486134,470.98590,463.85348,1.6395608e+05,4.6283627e+01,2.8026548e+03,1.3604126e+01,1.6983075e+05,4.7951202e+01,0,nan,nan,nan,nan,470.98590,2.5834821e-04,463.85348,2.9374548e-04,-1.4730931e-02,-5.1479056e-02
-0.20278468189667365,1.0003964569211075,0.00028465076523481134,1718.5980953183046,-3.0259967e-03,353625,1328.20065,1818.98717,1.5784219e+05,4.5018803e+01,4.6712456e+03,1.1972665e+01,1.6623075e+05,4.7298962e+01,0,nan,nan,nan,nan,1328.20065,2.6115414e-04,1818.98717,2.3141812e-04,-1.7445907e-03,4.9871374e-03
-0.20250158448470756,0.9996521371201456,0.00028241620813324324,1712.4634984157165,-2.9033471e-03,349208,1328.20902,1818.98853,1.5854152e+05,4.4695389e+01,3.1416628e+03,1.1114157e+01,1.6621864e+05,4.6959171e+01,0,nan,nan,nan,nan,1328.20902,2.5766550e-04,1818.98853,2.2731522e-04,6.6167382e-03,6.9048721e-03
-0.202435616532739,1.0002508570110558,0.00029898559006570754,1761.542604383669,-2.9417656e-03,384545,1042.62326,1775.56426,1.5930544e+05,4.7602100e+01,1.0108749e+04,1.6328762e+01,1.6672905e+05,4.9837082e+01,0,nan,nan,nan,nan,1042.62326,2.8052845e-04,1775.56426,2.5020738e-04,-4.7837631e-04,3.3266373e-02
-0.20239481138605697,1.0000231593453397,0.0002906485405181714,1755.4077651888156,-3.0614990e-03,380128,1042.61399,1775.56537,1.5911016e+05,4.6241997e+01,5.1331353e+03,1.4045008e+01,1.6657314e+05,4.8413116e+01,0,nan,nan,nan,nan,1042.61399,2.7055599e-04,1775.56537,2.4141364e-04,-1.1286937e-02,3.4109384e-02
-0.2022010955379301,0.9998562240351144,0.0002938778219605073,1743.1381989046636,-3.1888608e-03,371294,1042.61274,1775.52284,1.5903942e+05,4.6752632e+01,6.9989131e+03,1.4977750e+01,1.6653416e+05,4.8947731e+01,0,nan,nan,nan,nan,1042.61274,2.7435590e-04,1775.52284,2.4503036e-04,-1.3005575e-02,-1.1681872e-02
-0.20187553113942158,1.000115771726949,0.0002821532764535689,1921.050044469064,3.1835285e-03,499386,471.02450,463.88921,1.6413191e+05,4.6248497e+01,2.5999629e+03,1.3511250e+01,1.6983803e+05,4.7914806e+01,0,nan,nan,nan,nan,471.02450,2.5861751e-04,463.88921,2.9311312e-04,2.6481504e-02,-1.1811486e-02
-0.20186743753879455,1.0006806667737964,0.0002843026067746712,1730.8687725626626,-3.1767455e-03,362460,1328.20270,1819.02378,1.5844945e+05,4.4967461e+01,4.1838071e+03,1.1709364e+01,1.6629177e+05,4.7245022e+01,0,nan,nan,nan,nan,1328.20270,2.5992288e-04,1819.02378,2.2985156e-04,-7.2152406e-04,4.5054246e-02
-0.20172399863486135,1.0002228788488972,0.0002865378914903227,1914.9153160015685,3.1746707e-03,494969,471.01068,463.89362,1.6426267e+05,4.6982273e+01,4.9101538e+03,1.4877327e+01,1.6991075e+05,4.8675022e+01,0,nan,nan,nan,nan,471.01068,2.6275771e-04,463.89362,2.9875635e-04,1.1937988e-02,-8.6591532e-03
-0.20159916594320748,1.0000707419756616,0.00028187007217604626,1908.78056083426,3.1391133e-03,490552,471.00148,463.87977,1.6390072e+05,4.6188580e+01,2.5890508e+03,1.3415812e+01,1.6978077e+05,4.7852734e+01,0,nan,nan,nan,nan,471.00148,2.5814521e-04,463.87977,2.9324068e-04,1.6219984e-03,-2.2285139e-02
-0.2015216199411043,0.9996768030753642,0.00028211408843537017,1902.6457583802621,3.0562694e-03,486135,470.98727,463.85918,1.6380931e+05,4.6237720e+01,2.7937783e+03,1.3535845e+01,1.6974750e+05,4.7903645e+01,0,nan,nan,nan,nan,470.98727,2.5830453e-04,463.85918,2.9384319e-04,-1.3287369e-02,-4.5616895e-02
-0.20139581712874133,0.9999438826682786,0.0002846042688552911,1718.5994841830725,-3.0260202e-03,353626,1328.20736,1818.98511,1.5776998e+05,4.5011600e+01,4.6537979e+03,1.1964333e+01,1.6615612e+05,4.7291397e+01,0,nan,nan,nan,nan,1328.20736,2.6153194e-04,1818.98511,2.3153596e-04,5.7018623e-03,2.6841599e-03
-0.20111272902931887,0.9997493863674111,0.00028235439701038633,1712.4648872711718,-2.9033800e-03,349209,1328.19978,1818.98112,1.5845245e+05,4.4685745e+01,3.1494121e+03,1.1112132e+01,1.6623531e+05,4.6949039e+01,0,nan,nan,nan,nan,1328.19978,2.5756675e-04,1818.98112,2.2782301e-04,-3.6608651e-03,-1.5149802e-03
-0.2010466970696143,0.9997997029518516,0.00029895346983917876,1761.543993303132,-2.9417344e-03,384546,1042.63846,1775.57369,1.5927677e+05,4.7597263e+01,1.0126307e+04,1.6315882e+01,1.6665481e+05,4.9832016e+01,0,nan,nan,nan,nan,1042.63846,2.8056858e-04,1775.57369,2.5028555e-04,1.5068904e-02,4.3627176e-02
-0.20100590030460808,1.0009747036606602,0.0002907580114946988,1755.409154099897,-3.0614762e-03,380129,1042.60907,1775.57199,1.5924614e+05,4.6259449e+01,5.1463452e+03,1.4023067e+01,1.6673175e+05,4.8431385e+01,0,nan,nan,nan,nan,1042.60907,2.7049956e-04,1775.57199,2.4133823e-04,-1.6075229e-02,4.0263664e-02
-0.20081219982375842,0.9996733641435464,0.0002937912460378979,1743.1395878003777,-3.1888534e-03,371295,1042.60790,1775.52129,1.5900881e+05,4.6738914e+01,7.0057412e+03,1.4968812e+01,1.6650388e+05,4.8933365e+01,0,nan,nan,nan,nan,1042.60790,2.7434615e-04,1775.52129,2.4516639e-04,-1.7911592e-02,-1.3849972e-02
-0.2004866440065598,1.0004435306687705,0.0002821567790525186,1921.0514333561969,3.1835274e-03,499387,471.02356,463.88761,1.6420597e+05,4.6249016e+01,2.5921479e+03,1.3466468e+01,1.6989347e+05,4.7915340e+01,0,nan,nan,nan,nan,471.02356,2.5839693e-04,463.88761,2.9315669e-04,2.4986088e-02,-1.3679300e-02
-0.2004785576368704,1.0000729517137803,0.0002843794162685768,1730.8701614425645,-3.1767539e-03,362461,1328.20026,1819.01882,1.5834530e+05,4.4979580e+01,4.1787788e+03,1.1716835e+01,1.6619067e+05,4.7257759e+01,0,nan,nan,nan,nan,1328.20026,2.6019005e-04,1819.01882,2.3011613e-04,-2.5577517e-03,3.9342143e-02
-0.200335105913382,0.9996948299882406,0.00028634002917134,1914.91670489429,3.1746752e-03,494970,471.02087,463.90830,1.6416500e+05,4.6949951e+01,4.9292139e+03,1.4878345e+01,1.6982150e+05,4.8641537e+01,0,nan,nan,nan,nan,471.02087,2.6286647e-04,463.90830,2.9923121e-04,2.2738650e-02,7.9005444e-03
-0.20021026274434917,1.0002013062637272,0.0002819854986665335,1908.781949737459,3.1391282e-03,490553,470.99879,463.88053,1.6397100e+05,4.6207470e+01,2.5919963e+03,1.3439671e+01,1.6980284e+05,4.7872303e+01,0,nan,nan,nan,nan,470.99879,2.5806238e-04,463.88053,2.9321868e-04,-1.3879411e-03,-2.1395626e-02
-0.20013270929166538,1.0004814292899389,0.0002824676051695497,1902.6471472909116,3.0562917e-03,486136,470.98593,463.85906,1.6402611e+05,4.6295628e+01,2.7912031e+03,1.3571029e+01,1.6988400e+05,4.7963634e+01,0,nan,nan,nan,nan,470.98593,2.5807970e-04,463.85906,2.9405949e-04,-1.4492729e-02,-4.5652717e-02
-0.2000069523601269,0.999804991288232,0.00028457815052234774,1718.600873047841,-3.0260438e-03,353627,1328.20610,1818.98365,1.5779034e+05,4.5007622e+01,4.6586880e+03,1.1961164e+01,1.6613362e+05,4.7287220e+01,0,nan,nan,nan,nan,1328.20610,2.6128234e-04,1818.98365,2.3159181e-04,3.6238111e-03,1.2346637e-03
-0.19972387334109953,0.9997864675176988,0.0002823918893147843,1712.46627612686,-2.9034126e-03,349210,1328.20784,1818.98417,1.5839009e+05,4.4691811e+01,3.1457688e+03,1.1126372e+01,1.6624198e+05,4.6955414e+01,0,nan,nan,nan,nan,1328.20784,2.5799286e-04,1818.98417,2.2819186e-04,5.3912331e-03,1.4475647e-03
-0.1996577778390929,0.9998182217945847,0.0002988447561150194,1761.5453822223626,-2.9417034e-03,384547,1042.63039,1775.57414,1.5921167e+05,4.7580227e+01,1.0121093e+04,1.6302362e+01,1.6665886e+05,4.9814182e+01,0,nan,nan,nan,nan,1042.63039,2.8079987e-04,1775.57414,2.5022237e-04,6.9549265e-03,4.3688383e-02
-0.19961698922361393,1.0004129184171222,0.00029076335969249127,1755.410543010978,-3.0614533e-03,380130,1042.61163,1775.56515,1.5915288e+05,4.6260326e+01,5.1424800e+03,1.4102650e+01,1.6663830e+05,4.8432312e+01,0,nan,nan,nan,nan,1042.61163,2.7056228e-04,1775.56515,2.4129385e-04,-1.3508584e-02,3.3508256e-02
-0.19942330434196265,0.9993668343341525,0.0002937063597854106,1743.1409766958595,-3.1888462e-03,371296,1042.61442,1775.52095,1.5880794e+05,4.6725460e+01,6.9960903e+03,1.4963864e+01,1.6645300e+05,4.8919277e+01,0,nan,nan,nan,nan,1042.61442,2.7472203e-04,1775.52095,2.4559727e-04,-1.1839071e-02,-1.4438102e-02
-0.19909775710675603,0.9996668581517821,0.0002818685425502479,1921.0528222430967,3.1835260e-03,499388,471.02280,463.89018,1.6398427e+05,4.6201706e+01,2.5913315e+03,1.3425849e+01,1.6976136e+05,4.7866333e+01,0,nan,nan,nan,nan,471.02280,2.5879536e-04,463.89018,2.9334120e-04,2.5280248e-02,-1.0598172e-02
-0.1990896775021156,1.000754985668747,0.0002842496831368002,1730.8715503226992,-3.1767620e-03,362462,1328.20206,1819.02349,1.5842058e+05,4.4959042e+01,4.1880923e+03,1.1665326e+01,1.6630392e+05,4.7236176e+01,0,nan,nan,nan,nan,1328.20206,2.5986871e-04,1819.02349,2.2975895e-04,-1.6379247e-04,4.4248156e-02
-0.1989462134247333,0.9994338275994128,0.00028595371474637236,1914.9180937867786,3.1746794e-03,494971,471.01335,463.88964,1.6386800e+05,4.6886734e+01,4.9215874e+03,1.4802428e+01,1.6977762e+05,4.8576042e+01,0,nan,nan,nan,nan,471.01335,2.6336769e-04,463.88964,2.9972859e-04,1.5707662e-02,-1.2601928e-02
-0.19882135954549085,1.0000073719931826,0.00028192114250719796,1908.7833386406578,3.1391431e-03,490554,470.99761,463.87493,1.6386214e+05,4.6196899e+01,2.6091743e+03,1.3450551e+01,1.6976983e+05,4.7861351e+01,0,nan,nan,nan,nan,470.99761,2.5817030e-04,463.87493,2.9348632e-04,-2.2701442e-03,-2.8107477e-02
-0.19874379887460236,0.9999286112421977,0.00028230283854976474,1902.6485362013286,3.0563138e-03,486137,470.98542,463.85776,1.6391558e+05,4.6268578e+01,2.8002686e+03,1.3594703e+01,1.6978998e+05,4.7935616e+01,0,nan,nan,nan,nan,470.98542,2.5819207e-04,463.85776,2.9386184e-04,-1.5503115e-02,-4.6890419e-02
-0.19861808759151245,1.0001968857767807,0.0002845993852155201,1718.6022619126097,-3.0260673e-03,353628,1328.20183,1818.98850,1.5782839e+05,4.5011131e+01,4.6677461e+03,1.1944394e+01,1.6619930e+05,4.7290909e+01,0,nan,nan,nan,nan,1328.20183,2.6121718e-04,1818.98850,2.3163419e-04,-1.5358395e-03,6.0112574e-03
-0.19833501765265282,0.9998404463821426,0.0002823611848952673,1712.4676649825485,-2.9034452e-03,349211,1328.21107,1818.98626,1.5852756e+05,4.4687096e+01,3.1437290e+03,1.1089543e+01,1.6625147e+05,4.6950455e+01,0,nan,nan,nan,nan,1328.21107,2.5780650e-04,1818.98626,2.2762171e-04,9.2205200e-03,4.5527611e-03
-0.19826885837619557,0.9996740451323345,0.0002988772004456833,1761.5467711418255,-2.9416722e-03,384548,1042.62916,1775.56558,1.5912702e+05,4.7585674e+01,1.0143761e+04,1.6324917e+01,1.6663580e+05,4.9819878e+01,0,nan,nan,nan,nan,1042.62916,2.8101704e-04,1775.56558,2.5046247e-04,5.9066131e-03,3.4452572e-02
-0.19822807837499568,1.000126243159191,0.00029083948180569087,1755.4119319218266,-3.0614308e-03,380131,1042.61161,1775.56541,1.5914638e+05,4.6272472e+01,5.1409487e+03,1.4073155e+01,1.6659066e+05,4.8445026e+01,0,nan,nan,nan,nan,1042.61161,2.7080500e-04,1775.56541,2.4164107e-04,-1.3501627e-02,3.3634394e-02
-0.19803440886039425,0.9994432569504086,0.0002937047093138142,1743.142365591341,-3.1888389e-03,371297,1042.61247,1775.53509,1.5901291e+05,4.6725246e+01,6.9771655e+03,1.4918918e+01,1.6646591e+05,4.8919056e+01,0,nan,nan,nan,nan,1042.61247,2.7428113e-04,1775.53509,2.4510460e-04,-1.3445757e-02,1.0562881e-03
-0.19770887020649752,0.9997087205419868,0.00028217036159095167,1921.054211129997,3.1835246e-03,499389,471.03125,463.88946,1.6407822e+05,4.6251122e+01,2.5982610e+03,1.3537199e+01,1.6976825e+05,4.7917526e+01,0,nan,nan,nan,nan,471.03125,2.5874478e-04,463.88946,2.9329830e-04,3.3895567e-02,-1.1625904e-02
-0.19770079759950931,0.9996220169160257,0.0002843307771614267,1730.8729392026019,-3.1767704e-03,362463,1328.19929,1819.01835,1.5840372e+05,4.4971844e+01,4.1785757e+03,1.1723228e+01,1.6611556e+05,4.7249626e+01,0,nan,nan,nan,nan,1328.19929,2.5988522e-04,1819.01835,2.2949598e-04,-4.0461509e-03,3.9219998e-02
-0.19755732093608458,0.9995241153239038,0.00028621783311626046,1914.9194826792673,3.1746835e-03,494972,471.01141,463.89492,1.6407303e+05,4.6930172e+01,4.9186636e+03,1.4834661e+01,1.6979341e+05,4.8621040e+01,0,nan,nan,nan,nan,471.01141,2.6324540e-04,463.89492,2.9853874e-04,1.3801642e-02,-6.7134551e-03
-0.19743245658037267,1.000338176615758,0.00028196344237540647,1908.784727543623,3.1391578e-03,490555,470.99986,463.87739,1.6403102e+05,4.6203808e+01,2.6011360e+03,1.3416741e+01,1.6982589e+05,4.7868507e+01,0,nan,nan,nan,nan,470.99986,2.5786037e-04,463.87739,2.9290331e-04,-3.9621085e-04,-2.5113465e-02
-0.19735488822516345,0.9996372122543459,0.00028213268554169295,1902.649925111978,3.0563362e-03,486138,470.98680,463.85756,1.6384656e+05,4.6240662e+01,2.7959939e+03,1.3542595e+01,1.6974038e+05,4.7906689e+01,0,nan,nan,nan,nan,470.98680,2.5818861e-04,463.85756,2.9358841e-04,-1.4539489e-02,-4.6993155e-02
-0.19722922282267064,1.0003931569530684,0.0002847468022546956,1718.6036507773786,-3.0260908e-03,353629,1328.20476,1818.98892,1.5794727e+05,4.5034599e+01,4.6638989e+03,1.1981383e+01,1.6623248e+05,4.7315563e+01,0,nan,nan,nan,nan,1328.20476,2.6116666e-04,1818.98892,2.3121136e-04,2.5453125e-03,7.2329594e-03
-0.1969461619651156,0.9995953237350519,0.00028241349884756,1712.469053838236,-2.9034778e-03,349212,1328.20221,1818.98160,1.5846409e+05,4.4695511e+01,3.1537080e+03,1.1116701e+01,1.6621123e+05,4.6959297e+01,0,nan,nan,nan,nan,1328.20221,2.5796259e-04,1818.98160,2.2805594e-04,-7.2789425e-04,-1.1614171e-03
-0.19687993914567414,1.0003356634313916,0.00029902547218004795,1761.548160061056,-2.9416413e-03,384549,1042.63445,1775.57366,1.5939402e+05,4.7609554e+01,1.0153464e+04,1.6315792e+01,1.6674705e+05,4.9844883e+01,0,nan,nan,nan,nan,1042.63445,2.8040263e-04,1775.57366,2.4997690e-04,1.1277731e-02,4.4123165e-02
-0.19683916729377415,0.9997193003964417,0.000290726681503685,1755.4133208329079,-3.0614079e-03,380132,1042.61687,1775.56700,1.5913334e+05,4.6254562e+01,5.1491470e+03,1.4084676e+01,1.6652300e+05,4.8426273e+01,0,nan,nan,nan,nan,1042.61687,2.7048035e-04,1775.56700,2.4149730e-04,-8.1709670e-03,3.5563868e-02
-0.1966455131459952,0.9998609686600957,0.0002938775607211782,1743.1437544870555,-3.1888315e-03,371298,1042.61198,1775.52459,1.5909859e+05,4.6752796e+01,6.9657271e+03,1.4973461e+01,1.6653566e+05,4.8947899e+01,0,nan,nan,nan,nan,1042.61198,2.7418663e-04,1775.52459,2.4503830e-04,-1.3581071e-02,-1.0195591e-02
-0.1963199830738631,0.9996210140893821,0.0002821895209804959,1921.0556000171296,3.1835234e-03,499390,471.02175,463.88783,1.6415198e+05,4.6254204e+01,2.6016477e+03,1.3524817e+01,1.6975314e+05,4.7920719e+01,0,nan,nan,nan,nan,471.02175,2.5834053e-04,463.88783,2.9289271e-04,2.3209000e-02,-1.3186931e-02
-0.19631191769599354,1.0001807991060074,0.0002843379824157284,1730.8743280825054,-3.1767788e-03,362464,1328.20313,1819.02181,1.5846995e+05,4.4972965e+01,4.1756118e+03,1.1703444e+01,1.6620834e+05,4.7250801e+01,0,nan,nan,nan,nan,1328.20313,2.5978006e-04,1819.02181,2.2928379e-04,-2.5575445e-04,4.3136716e-02
-0.19616842821551472,1.0001404964399259,0.000286320145942892,1914.9208715719878,3.1746880e-03,494973,471.01224,463.89861,1.6425130e+05,4.6947071e+01,4.9215527e+03,1.4830735e+01,1.6989856e+05,4.8638550e+01,0,nan,nan,nan,nan,471.01224,2.6276277e-04,463.89861,2.9797299e-04,1.4355524e-02,-2.3590019e-03
-0.19604355338151436,0.999828202830555,0.00028206512434315704,1908.7861164468218,3.1391727e-03,490556,470.99954,463.87574,1.6391209e+05,4.6220444e+01,2.6015466e+03,1.3501133e+01,1.6973923e+05,4.7885742e+01,0,nan,nan,nan,nan,470.99954,2.5829548e-04,463.87574,2.9324819e-04,5.9584527e-05,-2.6479816e-02
-0.19596597780946468,0.9999566365864094,0.0002823430642715026,1902.6513140223938,3.0563583e-03,486139,470.98678,463.86214,1.6396303e+05,4.6275105e+01,2.8008730e+03,1.3593879e+01,1.6979448e+05,4.7942371e+01,0,nan,nan,nan,nan,470.98678,2.5818922e-04,463.86214,2.9355925e-04,-1.4206540e-02,-4.1685741e-02
-0.1958403580540562,1.0003615665983325,0.0002847752700485847,1718.6050396421472,-3.0261143e-03,353630,1328.20306,1818.97997,1.5785505e+05,4.5039253e+01,4.6687129e+03,1.1992249e+01,1.6622778e+05,4.7320454e+01,0,nan,nan,nan,nan,1328.20306,2.6154064e-04,1818.97997,2.3178094e-04,6.7022903e-04,-2.7442910e-03
-0.19555730651040903,0.9997771973079761,0.0002823540555523212,1712.4704426936908,-2.9035106e-03,349213,1328.21201,1818.98536,1.5846536e+05,4.4686241e+01,3.1568367e+03,1.1114833e+01,1.6624198e+05,4.6949562e+01,0,nan,nan,nan,nan,1328.21201,2.5827004e-04,1818.98536,2.2759633e-04,9.8656584e-03,3.6162080e-03
-0.19549101968254945,0.9996101338324427,0.00029893538086030804,1761.5495489805191,-2.9416101e-03,384550,1042.62971,1775.56966,1.5919091e+05,4.7595482e+01,1.0167913e+04,1.6344631e+01,1.6662706e+05,4.9830151e+01,0,nan,nan,nan,nan,1042.62971,2.8068700e-04,1775.56966,2.5036500e-04,6.5680277e-03,3.9872341e-02
-0.19545025644538327,1.0011112833156868,0.0002908560884613548,1755.4147097437562,-3.0613854e-03,380133,1042.61121,1775.56767,1.5925492e+05,4.6275185e+01,5.1683882e+03,1.4093634e+01,1.6675498e+05,4.8447861e+01,0,nan,nan,nan,nan,1042.61121,2.7062965e-04,1775.56767,2.4123822e-04,-1.4980418e-02,3.6515880e-02
-0.19525661766419944,1.0003422806087474,0.00029398327325635525,1743.1451433825373,-3.1888243e-03,371299,1042.61693,1775.52096,1.5904984e+05,4.6769665e+01,6.9698306e+03,1.4938525e+01,1.6661600e+05,4.8965557e+01,0,nan,nan,nan,nan,1042.61693,2.7483804e-04,1775.52096,2.4548260e-04,-8.4465807e-03,-1.3550295e-02
-0.1949230375598745,1.0000858879220607,0.00028417600534362043,1730.8757169626415,-3.1767869e-03,362465,1328.19998,1819.02283,1.5834234e+05,4.4947315e+01,4.1778374e+03,1.1690250e+01,1.6619248e+05,4.7223862e+01,0,nan,nan,nan,nan,1328.19998,2.5975372e-04,1819.02283,2.2977556e-04,-3.7722969e-03,4.3704748e-02
-0.19477953572732076,0.9996031931620817,0.00028612375063768867,1914.922260464476,3.1746922e-03,494974,471.01802,463.89398,1.6407280e+05,4.6914986e+01,4.9292788e+03,1.4804869e+01,1.6980773e+05,4.8605312e+01,0,nan,nan,nan,nan,471.01802,2.6301548e-04,463.89398,2.9816211e-04,2.0187140e-02,-7.4605732e-03
-0.19465465041548669,1.0003746292480933,0.0002822737246123381,1908.7875053497878,3.1391873e-03,490557,470.99840,463.87532,1.6403897e+05,4.6254601e+01,2.5948889e+03,1.3517724e+01,1.6983191e+05,4.7921131e+01,0,nan,nan,nan,nan,470.99840,2.5788852e-04,463.87532,2.9343023e-04,-2.4962067e-03,-2.6828118e-02
-0.1945770673928564,0.9996902577094625,0.0002821963067942098,1902.6527029328104,3.0563804e-03,486140,470.98761,463.85350,1.6379406e+05,4.6251019e+01,2.7836201e+03,1.3586756e+01,1.6974912e+05,4.7917416e+01,0,nan,nan,nan,nan,470.98761,2.5854731e-04,463.85350,2.9389400e-04,-1.2950519e-02,-5.1284581e-02
-0.19445149328544176,0.9997896030829614,0.0002846117224604416,1718.6064285069158,-3.0261378e-03,353631,1328.20721,1818.98894,1.5783709e+05,4.5013542e+01,4.6737251e+03,1.1953860e+01,1.6613330e+05,4.7293434e+01,0,nan,nan,nan,nan,1328.20721,2.6111634e-04,1818.98894,2.3136301e-04,3.8066020e-03,7.1642804e-03
-0.1941684508221897,0.9997815825871008,0.0002824545749786631,1712.471831549379,-2.9035432e-03,349214,1328.20925,1818.98908,1.5847222e+05,4.4702286e+01,3.1516172e+03,1.1142446e+01,1.6624323e+05,4.6966419e+01,0,nan,nan,nan,nan,1328.20925,2.5802306e-04,1818.98908,2.2821546e-04,6.8601598e-03,6.8359729e-03
-0.1941021004522554,0.9999074147141948,0.00029916822065657785,1761.5509378997494,-2.9415791e-03,384551,1042.62922,1775.56846,1.5925686e+05,4.7632828e+01,1.0184928e+04,1.6398663e+01,1.6667756e+05,4.9869247e+01,0,nan,nan,nan,nan,1042.62922,2.8097891e-04,1775.56846,2.5041730e-04,6.4413338e-03,3.8409207e-02
-0.19406134536393438,1.0003703551040641,0.00029081848625124075,1755.4160986548377,-3.0613625e-03,380134,1042.61235,1775.56952,1.5920356e+05,4.6269238e+01,5.1497783e+03,1.4070290e+01,1.6663169e+05,4.8441635e+01,0,nan,nan,nan,nan,1042.61235,2.7071993e-04,1775.56952,2.4140804e-04,-1.2934980e-02,3.8617369e-02
-0.19386772218331316,1.000466757389985,0.00029373093626332297,1743.1465322780182,-3.1888171e-03,371300,1042.61202,1775.51922,1.5910542e+05,4.6729565e+01,6.9428384e+03,1.4902985e+01,1.6663691e+05,4.8923576e+01,0,nan,nan,nan,nan,1042.61202,2.7420325e-04,1775.51922,2.4492879e-04,-1.3433216e-02,-1.5967429e-02
-0.19353415765726822,1.000192355526177,0.0002843065605887777,1730.877105842544,-3.1767953e-03,362466,1328.19905,1819.02202,1.5850308e+05,4.4967953e+01,4.1782422e+03,1.1660911e+01,1.6621012e+05,4.7245541e+01,0,nan,nan,nan,nan,1328.19905,2.5969383e-04,1819.02202,2.2962768e-04,-4.6667103e-03,4.2479806e-02
-0.1933906430058414,0.9994604343062008,0.0002861607876841526,1914.9236493571975,3.1746966e-03,494975,471.02030,463.90478,1.6390164e+05,4.6921192e+01,4.9030225e+03,1.4873181e+01,1.6978394e+05,4.8611736e+01,0,nan,nan,nan,nan,471.02030,2.6353131e-04,463.90478,2.9919230e-04,2.3134461e-02,4.4761165e-03
-0.19326574721662837,0.9998271442909071,0.0002820012565982809,1908.7888942529867,3.1392023e-03,490558,470.99980,463.88703,1.6389808e+05,4.6209934e+01,2.5923923e+03,1.3483477e+01,1.6973888e+05,4.7874851e+01,0,nan,nan,nan,nan,470.99980,2.5813113e-04,463.88703,2.9340875e-04,-4.1813881e-04,-1.4127636e-02
-0.1931881567434175,1.0000304115710812,0.0002823929158981637,1902.6540918434598,3.0564028e-03,486141,470.98387,463.84372,1.6391983e+05,4.6283207e+01,2.7885190e+03,1.3646101e+01,1.6980675e+05,4.7950764e+01,0,nan,nan,nan,nan,470.98387,2.5801823e-04,463.84372,2.9383964e-04,-1.7005818e-02,-6.2983833e-02
-0.19306262851682732,1.0003064664199155,0.0002847836076859634,1718.6078173716844,-3.0261613e-03,353632,1328.20337,1818.98846,1.5790572e+05,4.5040867e+01,4.6781826e+03,1.1984521e+01,1.6621972e+05,4.7322151e+01,0,nan,nan,nan,nan,1328.20337,2.6135810e-04,1818.98846,2.3135579e-04,2.0475751e-04,6.9741202e-03
-0.19277959513397036,1.0005000143351497,0.0002824219063907623,1712.4732204050672,-2.9035758e-03,349215,1328.20410,1818.98657,1.5849667e+05,4.4697262e+01,3.1564055e+03,1.1136076e+01,1.6636322e+05,4.6961136e+01,0,nan,nan,nan,nan,1328.20410,2.5768953e-04,1818.98657,2.2824570e-04,2.1474306e-03,3.8841073e-03
-0.19271318098890333,1.000069517434175,0.0002989685377893825,1761.5523268192128,-2.9415479e-03,384552,1042.63690,1775.58226,1.5924000e+05,4.7601307e+01,1.0200692e+04,1.6342453e+01,1.6670555e+05,4.9836246e+01,0,nan,nan,nan,nan,1042.63690,2.8072725e-04,1775.58226,2.5024338e-04,1.4110511e-02,5.2647237e-02
-0.19267243428294023,0.9999402962617232,0.0002906155340375955,1755.4174875659187,-3.0613397e-03,380135,1042.61566,1775.56695,1.5913655e+05,4.6236977e+01,5.1531270e+03,1.4019443e+01,1.6656017e+05,4.8407860e+01,0,nan,nan,nan,nan,1042.61566,2.7041277e-04,1775.56695,2.4135629e-04,-9.5635932e-03,3.6255352e-02
-0.19247882646959624,0.9992383856708774,0.0002939293148785036,1743.147921173732,-3.1888096e-03,371301,1042.62101,1775.52398,1.5908016e+05,4.6761169e+01,6.9529766e+03,1.4966403e+01,1.6643248e+05,4.8956669e+01,0,nan,nan,nan,nan,1042.62101,2.7415899e-04,1775.52398,2.4533112e-04,-4.6003829e-03,-1.1009861e-02
-0.19214527775534407,1.0004795834518003,0.00028418791596357965,1730.878494722446,-3.1768037e-03,362467,1328.20416,1819.02565,1.5842181e+05,4.4949173e+01,4.1645171e+03,1.1665099e+01,1.6625780e+05,4.7225807e+01,0,nan,nan,nan,nan,1328.20416,2.5986502e-04,1819.02565,2.2979893e-04,1.0988738e-03,4.6560954e-02
-0.1920017505171927,1.000185153854749,0.00028648807051822526,1914.9250382496862,3.1747008e-03,494976,471.01086,463.89387,1.6424045e+05,4.6974979e+01,4.9164482e+03,1.4874290e+01,1.6990748e+05,4.8667461e+01,0,nan,nan,nan,nan,471.01086,2.6317290e-04,463.89387,2.9853519e-04,1.2990826e-02,-7.0695551e-03
-0.19187684401777005,0.9999638736173512,0.00028212502802989913,1908.7902831561855,3.1392172e-03,490559,470.99791,463.85975,1.6391731e+05,4.6230190e+01,2.6009829e+03,1.3546907e+01,1.6976200e+05,4.7895840e+01,0,nan,nan,nan,nan,470.99791,2.5803084e-04,463.85975,2.9348626e-04,-2.5071844e-03,-4.3791886e-02
-0.19179924632680923,1.000474510282998,0.0002826844024252698,1902.6554807538764,3.0564249e-03,486142,470.98451,463.87031,1.6404006e+05,4.6330940e+01,2.7865974e+03,1.3693111e+01,1.6988203e+05,4.8000221e+01,0,nan,nan,nan,nan,470.98451,2.5844367e-04,463.87031,2.9390049e-04,-1.6281057e-02,-3.3073228e-02
-0.19167376374821288,0.9999495872460997,0.0002845862375417262,1718.609206236453,-3.0261849e-03,353633,1328.20322,1818.98101,1.5780344e+05,4.5009800e+01,4.6543140e+03,1.1952416e+01,1.6616097e+05,4.7289509e+01,0,nan,nan,nan,nan,1328.20322,2.6122434e-04,1818.98101,2.3163360e-04,7.2103424e-04,-1.6755788e-03
-0.19139073944620577,0.9995940225814907,0.0002823109529493536,1712.474609260755,-2.9036084e-03,349216,1328.20570,1818.98345,1.5844466e+05,4.4679836e+01,3.1542085e+03,1.1092888e+01,1.6621309e+05,4.6942833e+01,0,nan,nan,nan,nan,1328.20570,2.5780147e-04,1818.98345,2.2785178e-04,3.1525677e-03,8.3349587e-04
-0.191324261526006,0.999824879434865,0.00029917340884520147,1761.5537157386757,-2.9415167e-03,384553,1042.62613,1775.56061,1.5930472e+05,4.7634193e+01,1.0201562e+04,1.6378054e+01,1.6666572e+05,4.9870682e+01,0,nan,nan,nan,nan,1042.62613,2.8087097e-04,1775.56061,2.5048578e-04,2.4943820e-03,2.9228784e-02
-0.19128352343432198,1.0000564009267512,0.0002906076746856821,1755.4188764767673,-3.0613171e-03,380136,1042.61626,1775.56470,1.5912842e+05,4.6235760e+01,5.1638574e+03,1.4029807e+01,1.6657962e+05,4.8406586e+01,0,nan,nan,nan,nan,1042.61626,2.7055093e-04,1775.56470,2.4132314e-04,-8.7380074e-03,3.3180766e-02
-0.19108993098802785,0.9996911634368935,0.00029375171729847135,1743.1493100692135,-3.1888024e-03,371302,1042.61478,1775.52600,1.5907417e+05,4.6732971e+01,6.9331904e+03,1.4911733e+01,1.6650806e+05,4.8927143e+01,0,nan,nan,nan,nan,1042.61478,2.7408774e-04,1775.52600,2.4506770e-04,-1.1621817e-02,-8.1572551e-03
-0.19076443523817943,0.9990408416465775,0.0002818651403819275,1921.0611555649652,3.1835181e-03,499394,471.02638,463.88968,1.6386425e+05,4.6200798e+01,2.6096821e+03,1.3449725e+01,1.6965375e+05,4.7865387e+01,0,nan,nan,nan,nan,471.02638,2.5883282e-04,463.88968,2.9356149e-04,2.8439267e-02,-1.0926575e-02
-0.19075639762058927,1.0005187536341351,0.0002841893735042577,1730.8798836025808,-3.1768118e-03,362468,1328.20150,1819.01794,1.5830072e+05,4.4949387e+01,4.1799277e+03,1.1708405e+01,1.6626425e+05,4.7226036e+01,0,nan,nan,nan,nan,1328.20150,2.6013571e-04,1819.01794,2.3013084e-04,-1.3045426e-03,3.8452063e-02
-0.190612858028544,0.9999089585285246,0.00028636284188625696,1914.9264271421748,3.1747050e-03,494977,471.01534,463.89544,1.6424791e+05,4.6954567e+01,4.9082993e+03,1.4866456e+01,1.6986102e+05,4.8646313e+01,0,nan,nan,nan,nan,471.01534,2.6272042e-04,463.89544,2.9791280e-04,1.7319335e-02,-5.6257010e-03
-0.19048794105265188,0.9996108458747202,0.0002820106221568646,1908.7916720591506,3.1392318e-03,490560,470.99711,463.88054,1.6384314e+05,4.6211422e+01,2.6022019e+03,1.3510254e+01,1.6970198e+05,4.7876396e+01,0,nan,nan,nan,nan,470.99711,2.5807956e-04,463.88054,2.9339170e-04,-3.4475161e-03,-2.1376204e-02
-0.1904103356773703,1.0003863299404494,0.0002823486376303733,1902.6568696645259,3.0564473e-03,486143,470.98525,463.84622,1.6394650e+05,4.6275875e+01,2.7915952e+03,1.3589000e+01,1.6986692e+05,4.7943172e+01,0,nan,nan,nan,nan,470.98525,2.5846722e-04,463.84622,2.9385998e-04,-1.5393595e-02,-5.9899494e-02
-0.19028489898005319,1.0001214622304622,0.0002848131659530882,1718.6105951012212,-3.0262084e-03,353634,1328.20761,1818.98336,1.5794995e+05,4.5045837e+01,4.6636797e+03,1.2000055e+01,1.6619006e+05,4.7327370e+01,0,nan,nan,nan,nan,1328.20761,2.6112201e-04,1818.98336,2.3125946e-04,4.4431202e-03,1.3086280e-03
-0.19000188375798643,1.0001822402256066,0.00028257482789937504,1712.4759981164432,-2.9036410e-03,349217,1328.20797,1818.98930,1.5854097e+05,4.4721737e+01,3.1695164e+03,1.1175536e+01,1.6631142e+05,4.6986858e+01,0,nan,nan,nan,nan,1328.20797,2.5805563e-04,1818.98930,2.2758648e-04,5.1183947e-03,7.6303333e-03
-0.1899353422954846,0.9998062049011058,0.0002989856591151736,1761.5551046579062,-2.9414857e-03,384554,1042.62905,1775.56955,1.5926944e+05,4.7604576e+01,1.0219439e+04,1.6325966e+01,1.6666355e+05,4.9839668e+01,0,nan,nan,nan,nan,1042.62905,2.8066064e-04,1775.56955,2.5030063e-04,5.0636465e-03,3.9434861e-02
-0.18989461235310046,0.9999776217940319,0.00029059233734451327,1755.4202653878485,-3.0612943e-03,380137,1042.60974,1775.56359,1.5904369e+05,4.6233349e+01,5.1686455e+03,1.4033686e+01,1.6656661e+05,4.8404064e+01,0,nan,nan,nan,nan,1042.60974,2.7113321e-04,1775.56359,2.4180734e-04,-1.5580244e-02,3.2100193e-02
-0.18970103550645945,1.0002542098145142,0.00029378313684446094,1743.150698964695,-3.1887952e-03,371303,1042.61192,1775.53056,1.5917944e+05,4.6738014e+01,6.9316172e+03,1.4907136e+01,1.6660202e+05,4.8932423e+01,0,nan,nan,nan,nan,1042.61192,2.7410837e-04,1775.53056,2.4499715e-04,-1.2918613e-02,-3.7510865e-03
-0.18937554833837567,1.0008335017522658,0.0002821900090089009,1921.062544451865,3.1835167e-03,499395,471.02143,463.88797,1.6428547e+05,4.6253986e+01,2.6016853e+03,1.3452156e+01,1.6995795e+05,4.7920494e+01,0,nan,nan,nan,nan,471.02143,2.5855788e-04,463.88797,2.9287164e-04,2.3615142e-02,-1.2992761e-02
-0.18936751771775562,1.0004706427316628,0.000284318498575247,1730.8812724824836,-3.1768202e-03,362469,1328.19732,1819.01765,1.5852956e+05,4.4969799e+01,4.1683027e+03,1.1680284e+01,1.6625620e+05,4.7247478e+01,0,nan,nan,nan,nan,1328.19732,2.5966967e-04,1819.01765,2.2930966e-04,-6.9663250e-03,3.8166277e-02
-0.18922396530729202,0.9998447558666459,0.0002864124543498934,1914.927816034896,3.1747094e-03,494978,471.01249,463.89432,1.6418205e+05,4.6962822e+01,4.8955498e+03,1.4921620e+01,1.6985056e+05,4.8654869e+01,0,nan,nan,nan,nan,471.01249,2.6300916e-04,463.89432,2.9788335e-04,1.4608086e-02,-6.6648815e-03
-0.18909903785379356,0.9998261383636468,0.0002819671258415908,1908.7930609623495,3.1392467e-03,490561,471.00073,463.88046,1.6385572e+05,4.6204266e+01,2.6060923e+03,1.3469533e+01,1.6973845e+05,4.7868984e+01,0,nan,nan,nan,nan,471.00073,2.5818255e-04,463.88046,2.9348460e-04,9.4276643e-04,-2.1599405e-02
-0.1890214252612168,1.000697973558507,0.00028248211489268003,1902.658258574942,3.0564694e-03,486144,470.98624,463.85399,1.6406595e+05,4.6297718e+01,2.7927468e+03,1.3630810e+01,1.6991972e+05,4.7965801e+01,0,nan,nan,nan,nan,470.98624,2.5820342e-04,463.85399,2.9345331e-04,-1.4611812e-02,-5.1328756e-02
-0.18889603421212087,1.0001589258018366,0.00028482072819584366,1718.611983965989,-3.0262319e-03,353635,1328.20396,1818.98811,1.5788548e+05,4.5047176e+01,4.6633750e+03,1.2003471e+01,1.6619681e+05,4.7328777e+01,0,nan,nan,nan,nan,1328.20396,2.6113071e-04,1818.98811,2.3177722e-04,1.2046028e-03,6.1825104e-03
-0.18861302830191562,0.9994827652427948,0.00028231178426098215,1712.4773869718993,-2.9036738e-03,349218,1328.20700,1818.98292,1.5826612e+05,4.4680252e+01,3.1654980e+03,1.1185718e+01,1.6619564e+05,4.6943268e+01,0,nan,nan,nan,nan,1328.20700,2.5803273e-04,1818.98292,2.2819001e-04,4.7808480e-03,-1.7808648e-05
-0.1885464228323599,1.0004285763002239,0.00029911836337259055,1761.5564935773693,-2.9414545e-03,384555,1042.63919,1775.58097,1.5925441e+05,4.7625973e+01,1.0224950e+04,1.6377447e+01,1.6676825e+05,4.9862076e+01,0,nan,nan,nan,nan,1042.63919,2.8104728e-04,1775.58097,2.5025362e-04,1.6474282e-02,5.1216695e-02
-0.18850570127187893,0.9996940661509417,0.00029052915934151837,1755.4216542989298,-3.0612715e-03,380138,1042.61494,1775.57374,1.5894773e+05,4.6223335e+01,5.1749058e+03,1.4026985e+01,1.6651950e+05,4.8393578e+01,0,nan,nan,nan,nan,1042.61494,2.7110247e-04,1775.57374,2.4190341e-04,-1.0244804e-02,4.2871848e-02
-0.18831213979183303,1.0002381661201238,0.000293690464419004,1743.1520878604097,-3.1887877e-03,371304,1042.61580,1775.51952,1.5913023e+05,4.6723316e+01,6.9269233e+03,1.4888111e+01,1.6659952e+05,4.8917038e+01,0,nan,nan,nan,nan,1042.61580,2.7404021e-04,1775.51952,2.4487072e-04,-9.3976157e-03,-1.5413868e-02
-0.1879866612052865,0.9997805717080309,0.0002820117426729883,1921.0639333389981,3.1835155e-03,499396,471.02134,463.88470,1.6402561e+05,4.6224709e+01,2.5969907e+03,1.3454509e+01,1.6977894e+05,4.7890163e+01,0,nan,nan,nan,nan,471.02134,2.5872013e-04,463.88470,2.9357939e-04,2.3368636e-02,-1.7050760e-02
-0.18797863781514934,0.9997337965385314,0.00028405628327356084,1730.8826613623862,-3.1768286e-03,362470,1328.20672,1819.03321,1.5825434e+05,4.4928314e+01,4.1723569e+03,1.1673873e+01,1.6613372e+05,4.7203892e+01,0,nan,nan,nan,nan,1328.20672,2.5990524e-04,1819.03321,2.3008737e-04,4.2722733e-03,5.4978285e-02
-0.18783507281932543,0.9997966509993743,0.00028629235293743514,1914.929204927384,3.1747136e-03,494979,471.01498,463.89992,1.6424545e+05,4.6943249e+01,4.8948467e+03,1.4841097e+01,1.6984283e+05,4.8634590e+01,0,nan,nan,nan,nan,471.01498,2.6258678e-04,463.89992,2.9794921e-04,1.6650612e-02,-1.0764858e-03
-0.1877101348877659,0.9999711966468573,0.0002820409983595483,1908.7944498653155,3.1392614e-03,490562,470.99738,463.87492,1.6391503e+05,4.6216354e+01,2.5955342e+03,1.3494354e+01,1.6976300e+05,4.7881504e+01,0,nan,nan,nan,nan,470.99738,2.5798846e-04,463.87492,2.9335151e-04,-2.9375688e-03,-2.7515775e-02
-0.18763251484460852,1.0000927648787141,0.00028263663267861475,1902.6596474853586,3.0564915e-03,486145,470.98751,463.86458,1.6399905e+05,4.6323013e+01,2.8008521e+03,1.3709130e+01,1.6981683e+05,4.7992004e+01,0,nan,nan,nan,nan,470.98751,2.5820150e-04,463.86458,2.9365669e-04,-1.3777505e-02,-3.8488530e-02
-0.18750716944350643,1.0000600728130997,0.00028467821005012797,1718.6133728307577,-3.0262554e-03,353636,1328.20871,1818.98640,1.5790114e+05,4.5024776e+01,4.6602866e+03,1.1961305e+01,1.6618091e+05,4.7305241e+01,0,nan,nan,nan,nan,1328.20871,2.6115018e-04,1818.98640,2.3155878e-04,6.4454991e-03,4.3806769e-03
-0.1872241726134689,0.9995612954929569,0.0002822979756227615,1712.4787758275877,-2.9037064e-03,349219,1328.21185,1818.99557,1.5826638e+05,4.4678207e+01,3.1726621e+03,1.1156797e+01,1.6620923e+05,4.6941120e+01,0,nan,nan,nan,nan,1328.21185,2.5828852e-04,1818.99557,2.2844740e-04,9.9488646e-03,1.3800410e-02
-0.18715750360206584,1.0002980896665972,0.0002994801806930975,1761.5578824965996,-2.9414236e-03,384556,1042.62118,1775.56684,1.5937933e+05,4.7683849e+01,1.0256892e+04,1.6415562e+01,1.6674744e+05,4.9922668e+01,0,nan,nan,nan,nan,1042.62118,2.8140930e-04,1775.56684,2.5071957e-04,-2.5259063e-03,3.6539953e-02
-0.18711679042326068,0.9998526146156111,0.00029078876778717606,1755.4230432097784,-3.0612489e-03,380139,1042.61067,1775.56275,1.5909305e+05,4.6264668e+01,5.1697100e+03,1.4031157e+01,1.6654603e+05,4.8436852e+01,0,nan,nan,nan,nan,1042.61067,2.7084601e-04,1775.56275,2.4199217e-04,-1.4980528e-02,3.1332787e-02
-0.186923244310492,0.9997848871285191,0.00029365521320167987,1743.153476755891,-3.1887805e-03,371305,1042.61566,1775.51735,1.5906897e+05,4.6717758e+01,6.9224009e+03,1.4878457e+01,1.6652419e+05,4.8911217e+01,0,nan,nan,nan,nan,1042.61566,2.7408029e-04,1775.51735,2.4517777e-04,-1.0148359e-02,-1.8148523e-02
-0.18659777430457325,1.000163994521591,0.0002822381027499029,1921.0653222258989,3.1835141e-03,499397,471.02841,463.88824,1.6410797e+05,4.6261757e+01,2.5941035e+03,1.3560368e+01,1.6984383e+05,4.7928543e+01,0,nan,nan,nan,nan,471.02841,2.5861341e-04,463.88824,2.9317799e-04,3.0115187e-02,-1.2104860e-02
-0.18658975767971242,1.0006535460142234,0.0002843616279599023,1730.8840502425217,-3.1768368e-03,362471,1328.19900,1819.01333,1.5855941e+05,4.4976601e+01,4.1872471e+03,1.1688045e+01,1.6628653e+05,4.7254623e+01,0,nan,nan,nan,nan,1328.19900,2.5939668e-04,1819.01333,2.2938206e-04,-5.1970021e-03,3.3620689e-02
-0.18644618009784608,1.0001566687779353,0.00028633659010019624,1914.9305938201055,3.1747180e-03,494980,471.02027,463.89492,1.6427338e+05,4.6950623e+01,4.8982881e+03,1.4840145e+01,1.6990442e+05,4.8642231e+01,0,nan,nan,nan,nan,471.02027,2.6290459e-04,463.89492,2.9794098e-04,2.2469414e-02,-5.6245406e-03
-0.18632123168936232,0.9999040730185809,0.0002819059193873211,1908.795838768514,3.1392763e-03,490563,470.99630,463.87455,1.6391494e+05,4.6194195e+01,2.5939836e+03,1.3424448e+01,1.6975152e+05,4.7858551e+01,0,nan,nan,nan,nan,470.99630,2.5811509e-04,463.87455,2.9327927e-04,-4.2761238e-03,-2.7641710e-02
-0.18624360419539698,1.0002010223764397,0.0002822234736066626,1902.6610363960078,3.0565138e-03,486146,470.98713,463.85628,1.6394155e+05,4.6255260e+01,2.7873245e+03,1.3540015e+01,1.6983509e+05,4.7921814e+01,0,nan,nan,nan,nan,470.98713,2.5821666e-04,463.85628,2.9369714e-04,-1.3946082e-02,-4.9122110e-02
-0.18611830467466461,1.0002892579660296,0.00028457417076286983,1718.6147616955266,-3.0262789e-03,353637,1328.20207,1818.98128,1.5791803e+05,4.5008465e+01,4.6540161e+03,1.1890613e+01,1.6621950e+05,4.7288101e+01,0,nan,nan,nan,nan,1328.20207,2.6110481e-04,1818.98128,2.3145748e-04,-1.1646958e-03,-1.1803246e-03
-0.1858353169259317,1.0002635801784805,0.00028219422305431063,1712.4801646832752,-2.9037390e-03,349220,1328.20163,1818.98267,1.5821197e+05,4.4661930e+01,3.1616208e+03,1.1125237e+01,1.6632653e+05,4.6924019e+01,0,nan,nan,nan,nan,1328.20163,2.5845066e-04,1818.98267,2.2867171e-04,-7.2738556e-05,-5.9589057e-04
-0.18576858413871378,0.9997924404400479,0.00029906310568248703,1761.559271416063,-2.9413924e-03,384557,1042.63283,1775.57197,1.5929966e+05,4.7617718e+01,1.0242700e+04,1.6346128e+01,1.6666409e+05,4.9853428e+01,0,nan,nan,nan,nan,1042.63283,2.8064201e-04,1775.57197,2.5032897e-04,9.5817465e-03,4.2236049e-02
-0.18572787934226653,1.0000433496103098,0.0002906652078412221,1755.4244321208594,-3.0612261e-03,380140,1042.61327,1775.56650,1.5914492e+05,4.6245045e+01,5.1708696e+03,1.4037517e+01,1.6657792e+05,4.8416306e+01,0,nan,nan,nan,nan,1042.61327,2.7050896e-04,1775.56650,2.4147322e-04,-1.1512679e-02,3.4874354e-02
-0.1855343485958656,0.9999569590627682,0.0002939146561182333,1743.1548656516056,-3.1887731e-03,371306,1042.61726,1775.51502,1.5907378e+05,4.6759083e+01,6.9062822e+03,1.4981719e+01,1.6655302e+05,4.8954479e+01,0,nan,nan,nan,nan,1042.61726,2.7419257e-04,1775.51502,2.4548129e-04,-7.9293139e-03,-2.1405850e-02
-0.18520888740386,0.9996003727708531,0.0002820089945209059,1921.0667111127996,3.1835127e-03,499398,471.02634,463.88670,1.6407628e+05,4.6224136e+01,2.6032788e+03,1.3454525e+01,1.6974791e+05,4.7889572e+01,0,nan,nan,nan,nan,471.02634,2.5855406e-04,463.88670,2.9315546e-04,2.8436836e-02,-1.4361020e-02
-0.18520087777710614,1.00022011793576,0.00028427347891808307,1730.8854391224243,-3.1768451e-03,362472,1328.20118,1819.01903,1.5843602e+05,4.4962646e+01,4.1709580e+03,1.1680818e+01,1.6621448e+05,4.7239967e+01,0,nan,nan,nan,nan,1328.20118,2.5990777e-04,1819.01903,2.2937698e-04,-1.9842957e-03,4.0127877e-02
-0.18505728760919737,0.9995411658605807,0.00028625032898060593,1914.9319827125942,3.1747222e-03,494981,471.00967,463.89210,1.6401567e+05,4.6936600e+01,4.9037744e+03,1.4890871e+01,1.6980030e+05,4.8627701e+01,0,nan,nan,nan,nan,471.00967,2.6300625e-04,463.89210,2.9873973e-04,1.1224210e-02,-9.3491375e-03
-0.18493232872333465,1.0002153315305695,0.0002820822841949337,1908.79722767148,3.1392910e-03,490564,471.00231,463.88543,1.6399541e+05,4.6223076e+01,2.5944106e+03,1.3495565e+01,1.6980428e+05,4.7888466e+01,0,nan,nan,nan,nan,471.00231,2.5790767e-04,463.88543,2.9322036e-04,1.8537766e-03,-1.5795041e-02
-0.18485469377947084,0.9996310852046041,0.0002821538568903616,1902.6624253064238,3.0565360e-03,486147,470.98537,463.85428,1.6384519e+05,4.6243816e+01,2.7972422e+03,1.3562361e+01,1.6973819e+05,4.7909958e+01,0,nan,nan,nan,nan,470.98537,2.5804236e-04,463.85428,2.9374266e-04,-1.5691446e-02,-5.0790220e-02
-0.18472943990536805,0.9999039502353584,0.00028458123952480814,1718.6161505602959,-3.0263024e-03,353638,1328.20220,1818.98485,1.5778755e+05,4.5009720e+01,4.6550171e+03,1.1922092e+01,1.6615598e+05,4.7289421e+01,0,nan,nan,nan,nan,1328.20220,2.6134518e-04,1818.98485,2.3162474e-04,-8.2008279e-04,2.5733386e-03
-0.18444646123839448,0.9999523698266659,0.0002824321448810286,1712.4815535389628,-2.9037716e-03,349221,1328.20855,1818.98705,1.5839480e+05,4.4699730e+01,3.1807854e+03,1.1156862e+01,1.6627531e+05,4.6963734e+01,0,nan,nan,nan,nan,1328.20855,2.5824431e-04,1818.98705,2.2817151e-04,6.1101629e-03,4.3336609e-03
-0.1843796649086471,1.0006641368431028,0.00029921786351669115,1761.560660335293,-2.9413614e-03,384558,1042.63014,1775.56682,1.5935523e+05,4.7642624e+01,1.0267513e+04,1.6390341e+01,1.6681034e+05,4.9879505e+01,0,nan,nan,nan,nan,1042.63014,2.8077920e-04,1775.56682,2.5037283e-04,6.9937301e-03,3.5949994e-02
-0.18433896826081764,0.9998392500087295,0.0002905758425109671,1755.4258210319408,-3.0612033e-03,380141,1042.60911,1775.56747,1.5907584e+05,4.6230858e+01,5.1797690e+03,1.4026641e+01,1.6654403e+05,4.8401455e+01,0,nan,nan,nan,nan,1042.60911,2.7055404e-04,1775.56747,2.4151744e-04,-1.6066208e-02,3.5597932e-02
-0.18414545311406982,0.9999647732653706,0.0002936740024475927,1743.1562545470874,-3.1887658e-03,371307,1042.61464,1775.52891,1.5914389e+05,4.6720844e+01,6.9174985e+03,1.4899171e+01,1.6655448e+05,4.8914448e+01,0,nan,nan,nan,nan,1042.61464,2.7384114e-04,1775.52891,2.4478434e-04,-1.0935804e-02,-5.5795014e-03
-0.18382000050405622,1.0002952617214467,0.0002822481877183897,1921.0680999996994,3.1835113e-03,499399,471.02357,463.89042,1.6415486e+05,4.6263290e+01,2.5950068e+03,1.3506280e+01,1.6986570e+05,4.7930134e+01,0,nan,nan,nan,nan,471.02357,2.5875407e-04,463.89042,2.9321361e-04,2.5499517e-02,-1.0843379e-02
-0.18381199787449987,1.0000289476825506,0.0002843096220676466,1730.8868280023269,-3.1768535e-03,362473,1328.20583,1819.02542,1.5850948e+05,4.4968361e+01,4.1731812e+03,1.1694435e+01,1.6618269e+05,4.7245968e+01,0,nan,nan,nan,nan,1328.20583,2.5962613e-04,1819.02542,2.2912174e-04,2.3213616e-03,4.7364127e-02
-0.18366839512145816,0.9996733812211274,0.00028644223783133604,1914.933371605082,3.1747264e-03,494982,471.01155,463.88756,1.6429305e+05,4.6968185e+01,4.9174966e+03,1.4900580e+01,1.6982319e+05,4.8660427e+01,0,nan,nan,nan,nan,471.01155,2.6253142e-04,463.88756,2.9781068e-04,1.2636823e-02,-1.4200665e-02
-0.18354342552447633,1.0000512592832347,0.00028192167253662884,1908.7986165746788,3.1393059e-03,490565,470.99706,463.87428,1.6394677e+05,4.6196728e+01,2.5860164e+03,1.3407824e+01,1.6977634e+05,4.7861176e+01,0,nan,nan,nan,nan,470.99706,2.5806713e-04,463.87428,2.9339374e-04,-3.1467632e-03,-2.8641203e-02
-0.18346578336286257,1.0000942186724628,0.00028224311759428663,1902.6638142168404,3.0565581e-03,486148,470.98712,463.86280,1.6399620e+05,4.6258415e+01,2.7838630e+03,1.3532869e+01,1.6981670e+05,4.7925083e+01,0,nan,nan,nan,nan,470.98712,2.5801864e-04,463.86280,2.9368431e-04,-1.3740405e-02,-4.1790985e-02
-0.18334057513675361,1.0012824002636918,0.00028477297579267114,1718.6175394250645,-3.0263260e-03,353639,1328.20995,1818.98928,1.5806155e+05,4.5040180e+01,4.6632075e+03,1.1945620e+01,1.6638556e+05,4.7321426e+01,0,nan,nan,nan,nan,1328.20995,2.6113889e-04,1818.98928,2.3110834e-04,6.5823523e-03,7.4976110e-03
-0.18305760555017514,0.9999334400530742,0.0002824215847328956,1712.482942394651,-2.9038042e-03,349222,1328.20915,1818.98726,1.5841366e+05,4.4698204e+01,3.1817737e+03,1.1145460e+01,1.6627270e+05,4.6962128e+01,0,nan,nan,nan,nan,1328.20915,2.5805589e-04,1818.98726,2.2808948e-04,6.9416724e-03,5.5201333e-03
-0.18299074544529503,1.0001802035705085,0.00029940964136703657,1761.5620492547564,-2.9413302e-03,384559,1042.63445,1775.57397,1.5935053e+05,4.7673431e+01,1.0289156e+04,1.6413752e+01,1.6673059e+05,4.9911755e+01,0,nan,nan,nan,nan,1042.63445,2.8084495e-04,1775.57397,2.5071370e-04,1.0933951e-02,4.3850143e-02
-0.18295005717936874,1.000059017023311,0.00029069309327399277,1755.4272099430223,-3.0611805e-03,380142,1042.61708,1775.56860,1.5908484e+05,4.6249542e+01,5.1731401e+03,1.4082603e+01,1.6658075e+05,4.8421017e+01,0,nan,nan,nan,nan,1042.61708,2.7069403e-04,1775.56860,2.4141387e-04,-8.2705338e-03,3.7353583e-02
-0.18275655739989816,1.0000860751364693,0.0002937288576225863,1743.1576434428016,-3.1887584e-03,371308,1042.61870,1775.52722,1.5920361e+05,4.6729614e+01,6.8730059e+03,1.4883353e+01,1.6657486e+05,4.8923630e+01,0,nan,nan,nan,nan,1042.61870,2.7390796e-04,1775.52722,2.4474211e-04,-6.4854794e-03,-6.8591139e-03
-0.18243111337051232,0.999505451338281,0.00028202920489473816,1921.069488886833,3.1835102e-03,499400,471.02087,463.88526,1.6405675e+05,4.6227341e+01,2.6068689e+03,1.3481328e+01,1.6973136e+05,4.7892883e+01,0,nan,nan,nan,nan,471.02087,2.5855334e-04,463.88526,2.9312554e-04,2.2797257e-02,-1.6098153e-02
-0.18242311773883557,1.000287531974347,0.00028429279677604413,1730.8882168824625,-3.1768617e-03,362474,1328.19875,1819.01780,1.5846206e+05,4.4965698e+01,4.1865703e+03,1.1686122e+01,1.6622564e+05,4.7243172e+01,0,nan,nan,nan,nan,1328.19875,2.5975550e-04,1819.01780,2.2959930e-04,-4.8977537e-03,3.8739886e-02
-0.1822795023999788,1.0001020676938026,0.00028634321335558135,1914.9347604978034,3.1747308e-03,494983,471.01362,463.89160,1.6415252e+05,4.6952068e+01,4.9061821e+03,1.4902699e+01,1.6989644e+05,4.8643730e+01,0,nan,nan,nan,nan,471.01362,2.6281297e-04,463.89160,2.9852442e-04,1.5363613e-02,-1.0108831e-02
-0.18215452255935816,0.9999938356880547,0.00028198383645801047,1908.800005477644,3.1393205e-03,490566,470.99809,463.87409,1.6391736e+05,4.6206898e+01,2.5925186e+03,1.3443356e+01,1.6976652e+05,4.7871708e+01,0,nan,nan,nan,nan,470.99809,2.5823998e-04,463.87409,2.9349449e-04,-2.0479844e-03,-2.8656980e-02
-0.1820768727129689,0.9997058248244668,0.000282545215148623,1902.6652031274903,3.0565804e-03,486149,470.98632,463.85662,1.6396219e+05,4.6307896e+01,2.7977993e+03,1.3661843e+01,1.6975064e+05,4.7976345e+01,0,nan,nan,nan,nan,470.98632,2.5849597e-04,463.85662,2.9379100e-04,-1.4663063e-02,-4.7890507e-02
-0.1819517103688213,1.0003019491071607,0.00028474680524466994,1718.6189282898324,-3.0263495e-03,353640,1328.20202,1818.98288,1.5791497e+05,4.5036171e+01,4.6602979e+03,1.1954683e+01,1.6622312e+05,4.7317219e+01,0,nan,nan,nan,nan,1328.20202,2.6133895e-04,1818.98288,2.3145934e-04,-1.1517692e-03,6.1866146e-04
-0.1816687498619558,0.9995118040785923,0.0002825234694717661,1712.4843312503392,-2.9038368e-03,349223,1328.20686,1818.98630,1.5845422e+05,4.4714470e+01,3.1787036e+03,1.1210409e+01,1.6620312e+05,4.6979218e+01,0,nan,nan,nan,nan,1328.20686,2.5793051e-04,1818.98630,2.2776288e-04,4.3895240e-03,4.6826904e-03
-0.1816018262147736,1.000292404995658,0.0002993505096423158,1761.563438173987,-2.9412992e-03,384560,1042.62698,1775.57141,1.5935055e+05,4.7664276e+01,1.0308643e+04,1.6434694e+01,1.6675023e+05,4.9902176e+01,0,nan,nan,nan,nan,1042.62698,2.8078415e-04,1775.57141,2.5038750e-04,3.8485322e-03,4.1290116e-02
-0.18156114633120524,0.9992820091165057,0.0002907164955070144,1755.4285988538704,-3.0611579e-03,380143,1042.60945,1775.56753,1.5905533e+05,4.6253300e+01,5.1823843e+03,1.4060863e+01,1.6645144e+05,4.8424950e+01,0,nan,nan,nan,nan,1042.60945,2.7069933e-04,1775.56753,2.4165840e-04,-1.6097359e-02,3.6034353e-02
-0.18136766191901188,1.0004805973144963,0.0002937054578397648,1743.1590323382825,-3.1887512e-03,371309,1042.61352,1775.52540,1.5923839e+05,4.6725937e+01,6.8785566e+03,1.4868554e+01,1.6664073e+05,4.8919781e+01,0,nan,nan,nan,nan,1042.61352,2.7374653e-04,1775.52540,2.4471653e-04,-1.1746357e-02,-8.9795683e-03
-0.18104222646979906,0.9998029224075994,0.0002818589950915787,1921.0708777737336,3.1835088e-03,499401,471.02391,463.88843,1.6406595e+05,4.6199379e+01,2.5921951e+03,1.3359319e+01,1.6978166e+05,4.7863918e+01,0,nan,nan,nan,nan,471.02391,2.5870904e-04,463.88843,2.9341015e-04,2.5869245e-02,-1.3572565e-02
-0.1810342378362293,0.9998930753565836,0.00028423115025471093,1730.8896057623651,-3.1768701e-03,362475,1328.19889,1819.02105,1.5838606e+05,4.4955944e+01,4.1627627e+03,1.1673496e+01,1.6616009e+05,4.7232925e+01,0,nan,nan,nan,nan,1328.19889,2.5954715e-04,1819.02105,2.2965806e-04,-4.8890426e-03,4.2119879e-02
-0.1808906099113301,0.9999276017429141,0.0002861556413398951,1914.936149390292,3.1747350e-03,494984,471.01849,463.90810,1.6421406e+05,4.6921429e+01,4.9035303e+03,1.4784097e+01,1.6986723e+05,4.8611984e+01,0,nan,nan,nan,nan,471.01849,2.6271879e-04,463.90810,2.9812634e-04,2.0273140e-02,7.6666079e-03
-0.18076561936049984,0.9998304669871781,0.0002819987244519152,1908.8013943808428,3.1393354e-03,490567,470.99665,463.87695,1.6394719e+05,4.6209316e+01,2.6084778e+03,1.3455514e+01,1.6973870e+05,4.7874214e+01,0,nan,nan,nan,nan,470.99665,2.5797487e-04,463.87695,2.9304338e-04,-3.8055687e-03,-2.4716100e-02
-0.18068796229636064,1.0005853483803056,0.0002823735244778441,1902.6665920379069,3.0566026e-03,486150,470.98974,463.85822,1.6388350e+05,4.6279716e+01,2.7835935e+03,1.3666504e+01,1.6989986e+05,4.7947155e+01,0,nan,nan,nan,nan,470.98974,2.5830610e-04,463.85822,2.9391504e-04,-1.1189267e-02,-4.6563484e-02
-0.1805628453673762,1.0002275898782957,0.00028464845305887875,1718.6203171548339,-3.0263728e-03,353641,1328.20438,1818.98391,1.5787914e+05,4.5020748e+01,4.6768682e+03,1.1948869e+01,1.6621127e+05,4.7301014e+01,0,nan,nan,nan,nan,1328.20438,2.6113025e-04,1818.98391,2.3139166e-04,1.3527777e-03,1.2640168e-03
-0.1802798941741912,1.0000226423959953,0.0002825095605316982,1712.485720106027,-2.9038694e-03,349224,1328.20987,1818.98372,1.5848392e+05,4.4712414e+01,3.1815693e+03,1.1193463e+01,1.6628861e+05,4.6977058e+01,0,nan,nan,nan,nan,1328.20987,2.5788747e-04,1818.98372,2.2874588e-04,7.8660520e-03,6.3406478e-04
-0.1802129067518763,0.9997981554846151,0.00029921342702546934,1761.5648270934498,-2.9412680e-03,384561,1042.63491,1775.56885,1.5928841e+05,4.7642712e+01,1.0326947e+04,1.6389412e+01,1.6666877e+05,4.9879601e+01,0,nan,nan,nan,nan,1042.63491,2.8087938e-04,1775.56885,2.5043747e-04,1.1439820e-02,3.8926076e-02
-0.18017223525066584,1.000041922503227,0.00029077237531105693,1755.429987764951,-3.0611351e-03,380144,1042.61100,1775.56416,1.5919119e+05,4.6262218e+01,5.2037598e+03,1.4064023e+01,1.6657812e+05,4.8434288e+01,0,nan,nan,nan,nan,1042.61100,2.7065779e-04,1775.56416,2.4153070e-04,-1.4654165e-02,3.2459240e-02
-0.1799787664381256,0.9999382439957423,0.00029351346938831806,1743.1604212337634,-3.1887440e-03,371310,1042.61830,1775.50907,1.5899252e+05,4.6695438e+01,6.8872188e+03,1.4880526e+01,1.6655056e+05,4.8887852e+01,0,nan,nan,nan,nan,1042.61830,2.7396320e-04,1775.50907,2.4553059e-04,-6.8363072e-03,-2.6784042e-02
-0.1796533395690858,0.9998265279065462,0.0002820829955130223,1921.0722666606343,3.1835074e-03,499402,471.02513,463.89287,1.6412331e+05,4.6236038e+01,2.6000430e+03,1.3457789e+01,1.6978545e+05,4.7901897e+01,0,nan,nan,nan,nan,471.02513,2.5851632e-04,463.89287,2.9322755e-04,2.7137384e-02,-7.5905374e-03
-0.17964535770079237,0.9999997408610685,0.0002842930393792737,1730.8909946425006,-3.1768782e-03,362476,1328.20279,1819.02015,1.5844238e+05,4.4965736e+01,4.1803154e+03,1.1655405e+01,1.6617781e+05,4.7243210e+01,0,nan,nan,nan,nan,1328.20279,2.5976749e-04,1819.02015,2.2959076e-04,-4.3580716e-04,4.1199051e-02
-0.1795017171903055,0.9996411447806548,0.0002863230952600336,1914.937538283013,3.1747394e-03,494985,471.01293,463.89273,1.6420230e+05,4.6949009e+01,4.8925254e+03,1.4857361e+01,1.6981900e+05,4.8640556e+01,0,nan,nan,nan,nan,471.01293,2.6262613e-04,463.89273,2.9821665e-04,1.4663539e-02,-9.1739623e-03
-0.17937671639447217,0.999887496198016,0.0002820082546202557,1908.8027832838088,3.1393501e-03,490568,470.99954,463.88614,1.6387817e+05,4.6210854e+01,2.5819314e+03,1.3483996e+01,1.6974831e+05,4.7875809e+01,0,nan,nan,nan,nan,470.99954,2.5826338e-04,463.88614,2.9330421e-04,-5.2198046e-04,-1.5520707e-02
-0.17929905188020712,0.9994968756954364,0.0002821395487023453,1902.667980948323,3.0566247e-03,486151,470.98400,463.84901,1.6380727e+05,4.6241341e+01,2.7979902e+03,1.3552586e+01,1.6971492e+05,4.7907394e+01,0,nan,nan,nan,nan,470.98400,2.5816742e-04,463.84901,2.9382791e-04,-1.6819904e-02,-5.6593902e-02
-0.17917398059876177,1.0003290667410527,0.0002847682595747638,1718.6217060196025,-3.0263963e-03,353642,1328.20375,1818.98812,1.5797238e+05,4.5039837e+01,4.6584614e+03,1.1971608e+01,1.6622862e+05,4.7321064e+01,0,nan,nan,nan,nan,1328.20375,2.6113764e-04,1818.98812,2.3128751e-04,6.3665141e-04,6.4038816e-03
-0.17889103848597188,0.9999609305730173,0.0002824556376947422,1712.4871089617152,-2.9039020e-03,349225,1328.20271,1818.98350,1.5849983e+05,4.4704025e+01,3.1776672e+03,1.1123631e+01,1.6627889e+05,4.6968243e+01,0,nan,nan,nan,nan,1328.20271,2.5783395e-04,1818.98350,2.2798579e-04,-7.5793607e-05,1.0844449e-03
-0.17882398728852422,1.0005069776169528,0.00029924694998088603,1761.5662160129132,-2.9412368e-03,384562,1042.62872,1775.57106,1.5932280e+05,4.7648319e+01,1.0331099e+04,1.6387135e+01,1.6678786e+05,4.9885468e+01,0,nan,nan,nan,nan,1042.62872,2.8084972e-04,1775.57106,2.5059807e-04,5.5070054e-03,4.0618468e-02
-0.17878332417012643,0.9999977424877011,0.00029064445690520026,1755.4313766760315,-3.0611122e-03,380145,1042.61482,1775.56738,1.5916455e+05,4.6241898e+01,5.1888770e+03,1.4019457e+01,1.6657089e+05,4.8413013e+01,0,nan,nan,nan,nan,1042.61482,2.7045442e-04,1775.56738,2.4136674e-04,-1.0810725e-02,3.6051709e-02
-0.1785898707234992,1.0002021896627393,0.00029360331070083146,1743.161810129478,-3.1887365e-03,371311,1042.61359,1775.53273,1.5913691e+05,4.6709785e+01,6.8670659e+03,1.4870348e+01,1.6659469e+05,4.8902866e+01,0,nan,nan,nan,nan,1042.61359,2.7385238e-04,1775.53273,2.4481275e-04,-1.1757305e-02,-1.2926827e-03
-0.17826445266837254,0.9999333917972127,0.00028201295168465556,1921.073655547535,3.1835060e-03,499403,471.02545,463.88597,1.6407223e+05,4.6224503e+01,2.6005725e+03,1.3442079e+01,1.6980339e+05,4.7889946e+01,0,nan,nan,nan,nan,471.02545,2.5869874e-04,463.88597,2.9369941e-04,2.7692953e-02,-1.5898505e-02
-0.17825647779795872,1.0002754860625889,0.00028434543135069965,1730.8923835224034,-3.1768866e-03,362477,1328.20044,1819.01975,1.5843667e+05,4.4974022e+01,4.1833833e+03,1.1706872e+01,1.6622364e+05,4.7251919e+01,0,nan,nan,nan,nan,1328.20044,2.6000279e-04,1819.01975,2.2969914e-04,-3.1782249e-03,4.0797703e-02
-0.17811282470188416,1.000223697796217,0.0002862410433555099,1914.9389271755015,3.1747436e-03,494986,471.01147,463.90437,1.6428348e+05,4.6935665e+01,4.8875791e+03,1.4787396e+01,1.6991838e+05,4.8626736e+01,0,nan,nan,nan,nan,471.01147,2.6266949e-04,463.90437,2.9795594e-04,1.2578902e-02,3.3101144e-03
-0.17798781319652335,0.999876377502852,0.0002819959507859965,1908.8041721870068,3.1393650e-03,490569,471.00113,463.86865,1.6375355e+05,4.6208824e+01,2.6165906e+03,1.3526568e+01,1.6974634e+05,4.7873699e+01,0,nan,nan,nan,nan,471.00113,2.5847377e-04,463.86865,2.9386146e-04,1.1056588e-03,-3.4811482e-02
-0.1779101412316777,1.0003762080483432,0.00028238354911269676,1902.6693698589715,3.0566470e-03,486152,470.98847,463.86229,1.6400162e+05,4.6281300e+01,2.8080627e+03,1.3578725e+01,1.6986412e+05,4.7948792e+01,0,nan,nan,nan,nan,470.98847,2.5828904e-04,463.86229,2.9366056e-04,-1.1781951e-02,-4.1734904e-02
-0.17778511583060208,0.9999829222103273,0.0002846557877348962,1718.6230948843706,-3.0264198e-03,353643,1328.20486,1818.98264,1.5776809e+05,4.5022171e+01,4.6801157e+03,1.1960305e+01,1.6617158e+05,4.7302509e+01,0,nan,nan,nan,nan,1328.20486,2.6135918e-04,1818.98264,2.3189229e-04,2.1719486e-03,-1.2863835e-04
-0.17750218279707042,0.9999362542863155,0.00028262625658158363,1712.488497817404,-2.9039346e-03,349226,1328.20371,1818.98001,1.5857597e+05,4.4731171e+01,3.1845039e+03,1.1174186e+01,1.6627531e+05,4.6996769e+01,0,nan,nan,nan,nan,1328.20371,2.5763412e-04,1818.98001,2.2795342e-04,4.4043377e-04,-2.2736038e-03
-0.17743506805845755,0.999968110400003,0.00029926756841726533,1761.5676049321432,-2.9412059e-03,384563,1042.63342,1775.57069,1.5927122e+05,4.7651867e+01,1.0336983e+04,1.6405941e+01,1.6669895e+05,4.9889179e+01,0,nan,nan,nan,nan,1042.63342,2.8084725e-04,1775.57069,2.5061544e-04,1.0405429e-02,4.0464155e-02
-0.17739441332150818,0.9995287526718025,0.00029066128643405085,1755.4327655868801,-3.0610897e-03,380146,1042.61309,1775.56326,1.5904012e+05,4.6244606e+01,5.1956665e+03,1.4051278e+01,1.6649288e+05,4.8415852e+01,0,nan,nan,nan,nan,1042.61309,2.7069967e-04,1775.56326,2.4158794e-04,-1.2103971e-02,3.1719308e-02
-0.17720097524170342,0.9999983271281234,0.0002935051812897633,1743.1631990249598,-3.1887293e-03,371312,1042.61624,1775.52109,1.5899077e+05,4.6694218e+01,6.8623687e+03,1.4856263e+01,1.6656091e+05,4.8886570e+01,0,nan,nan,nan,nan,1042.61624,2.7444112e-04,1775.52109,2.4503455e-04,-9.8454030e-03,-1.4145288e-02
-0.17687556576856878,1.000088051899276,0.0002821436215434735,1921.0750444344349,3.1835046e-03,499404,471.02469,463.89241,1.6417462e+05,4.6245861e+01,2.5966238e+03,1.3477581e+01,1.6982944e+05,4.7912075e+01,0,nan,nan,nan,nan,471.02469,2.5848299e-04,463.89241,2.9318678e-04,2.6559969e-02,-8.1153652e-03
-0.17686759789535245,1.000122968375872,0.00028421761240896004,1730.893772402306,-3.1768950e-03,362478,1328.20262,1819.02266,1.5844633e+05,4.4953804e+01,4.1760518e+03,1.1672207e+01,1.6619831e+05,4.7230679e+01,0,nan,nan,nan,nan,1328.20262,2.5968137e-04,1819.02266,2.2912190e-04,-8.4119244e-04,4.4209734e-02
-0.17672393221346283,0.9995728962476891,0.0002861772356864102,1914.94031606799,3.1747478e-03,494987,471.01603,463.89296,1.6419703e+05,4.6925323e+01,4.8981919e+03,1.4805213e+01,1.6980825e+05,4.8616016e+01,0,nan,nan,nan,nan,471.01603,2.6270613e-04,463.89296,2.9817282e-04,1.8135475e-02,-7.8994734e-03
-0.17659891023049568,1.0002360707675761,0.0002819741263961306,1908.8055610899728,3.1393797e-03,490570,471.00034,463.87762,1.6387631e+05,4.6205223e+01,2.5966648e+03,1.3455867e+01,1.6980733e+05,4.7869972e+01,0,nan,nan,nan,nan,471.00034,2.5827606e-04,463.87762,2.9344569e-04,6.8032765e-04,-2.4989864e-02
-0.17652123081575155,0.9998041419680533,0.0002821964270332363,1902.6707587693875,3.0566691e-03,486153,470.98429,463.85455,1.6381470e+05,4.6250603e+01,2.7982319e+03,1.3580109e+01,1.6976686e+05,4.7916985e+01,0,nan,nan,nan,nan,470.98429,2.5829210e-04,463.85455,2.9396478e-04,-1.6818244e-02,-5.0999083e-02
-0.17639625106266976,1.0003248707501053,0.00028479711850714425,1718.6244837491386,-3.0264433e-03,353644,1328.20297,1818.98342,1.5793298e+05,4.5044659e+01,4.6683086e+03,1.1968223e+01,1.6622888e+05,4.7326130e+01,0,nan,nan,nan,nan,1328.20297,2.6113540e-04,1818.98342,2.3167985e-04,5.2086089e-04,1.3333102e-03
-0.17611332710885108,0.9996272694457933,0.0002824639263612727,1712.4898866730923,-2.9039672e-03,349227,1328.20970,1818.98994,1.5851952e+05,4.4705620e+01,3.1840647e+03,1.1117925e+01,1.6622448e+05,4.6969925e+01,0,nan,nan,nan,nan,1328.20970,2.5784422e-04,1818.98994,2.2771492e-04,7.4438206e-03,8.4979096e-03
-0.17604614859510548,0.9998278994927011,0.00029936283431181946,1761.5689938516066,-2.9411747e-03,384564,1042.63042,1775.57273,1.5926333e+05,4.7667301e+01,1.0367058e+04,1.6468250e+01,1.6667650e+05,4.9905338e+01,0,nan,nan,nan,nan,1042.63042,2.8104684e-04,1775.57273,2.5056559e-04,7.0884721e-03,4.2241585e-02
-0.1760055022400593,0.999508004887075,0.00029075057782898555,1755.4341544979616,-3.0610668e-03,380147,1042.61210,1775.56530,1.5913442e+05,4.6258842e+01,5.2016714e+03,1.4083649e+01,1.6648953e+05,4.8430756e+01,0,nan,nan,nan,nan,1042.61210,2.7049312e-04,1775.56530,2.4144899e-04,-1.3712239e-02,3.4162026e-02
-0.17581207952753175,0.9999161773147168,0.00029348984996449616,1743.164587920674,-3.1887218e-03,371313,1042.61475,1775.52451,1.5905766e+05,4.6691822e+01,6.8534302e+03,1.4844402e+01,1.6654738e+05,4.8884064e+01,0,nan,nan,nan,nan,1042.61475,2.7393227e-04,1775.52451,2.4486752e-04,-1.1105232e-02,-1.0383067e-02
-0.17548667863547962,0.9993680713748124,0.000282053553483395,1921.076433321568,3.1835034e-03,499405,471.02193,463.89219,1.6398300e+05,4.6231045e+01,2.5893701e+03,1.3510842e+01,1.6970697e+05,4.7896721e+01,0,nan,nan,nan,nan,471.02193,2.5862153e-04,463.89219,2.9346364e-04,2.4023587e-02,-8.6960550e-03
-0.17547871776059765,1.000006522722823,0.0002841876361901845,1730.8951612824408,-3.1769031e-03,362479,1328.19895,1819.02165,1.5841995e+05,4.4949074e+01,4.1638237e+03,1.1686991e+01,1.6617898e+05,4.7225704e+01,0,nan,nan,nan,nan,1328.19895,2.5951295e-04,1819.02165,2.2921548e-04,-4.6148901e-03,4.2748258e-02
-0.17533503949243823,1.000053122570524,0.00028615628264311223,1914.941704960711,3.1747522e-03,494988,471.01743,463.89595,1.6428697e+05,4.6922005e+01,4.8598276e+03,1.4766773e+01,1.6989025e+05,4.8612579e+01,0,nan,nan,nan,nan,471.01743,2.6261210e-04,463.89595,2.9784802e-04,1.9555196e-02,-5.8725355e-03
-0.17521000703163736,0.9998844083154693,0.00028195972339013455,1908.8069499931717,3.1393946e-03,490571,471.00005,463.87504,1.6380469e+05,4.6202843e+01,2.5995144e+03,1.3440583e+01,1.6974756e+05,4.7867508e+01,0,nan,nan,nan,nan,471.00005,2.5829862e-04,463.87504,2.9407069e-04,3.6109987e-04,-2.7384654e-02
-0.17513232039846116,1.0000486637414334,0.00028230564225554855,1902.6721476798048,3.0566913e-03,486154,470.98516,463.85157,1.6393142e+05,4.6268467e+01,2.7915691e+03,1.3589663e+01,1.6980827e+05,4.7935497e+01,0,nan,nan,nan,nan,470.98516,2.5821963e-04,463.85157,2.9356478e-04,-1.6030235e-02,-5.3676233e-02
-0.17500738629405532,1.0003004837489293,0.0002847806043936272,1718.6258726139072,-3.0264668e-03,353645,1328.20186,1818.98511,1.5784998e+05,4.5042171e+01,4.6654038e+03,1.2008248e+01,1.6622530e+05,4.7323521e+01,0,nan,nan,nan,nan,1328.20186,2.6127844e-04,1818.98511,2.3180578e-04,-8.4285188e-04,2.6479852e-03
-0.17472447142131386,1.000639742967452,0.00028271028960392215,1712.4912755287799,-2.9039998e-03,349228,1328.20941,1818.98197,1.5866222e+05,4.4744759e+01,3.1862666e+03,1.1173644e+01,1.6639338e+05,4.7011044e+01,0,nan,nan,nan,nan,1328.20941,2.5782190e-04,1818.98197,2.2777694e-04,6.9518234e-03,1.5801884e-04
-0.17465722936458405,1.0003164396099724,0.0002993589238683152,1761.570382770837,-2.9411437e-03,384565,1042.63239,1775.57387,1.5930473e+05,4.7666935e+01,1.0352361e+04,1.6434139e+01,1.6675886e+05,4.9904961e+01,0,nan,nan,nan,nan,1042.63239,2.8093607e-04,1775.57387,2.5052024e-04,9.3750758e-03,4.3941472e-02
-0.17461659115906514,1.0003341490435724,0.00029077032028118356,1755.4355434090426,-3.0610440e-03,380148,1042.61262,1775.56168,1.5919964e+05,4.6262012e+01,5.1885439e+03,1.4054263e+01,1.6662725e+05,4.8434074e+01,0,nan,nan,nan,nan,1042.61262,2.7056746e-04,1775.56168,2.4143988e-04,-1.3159867e-02,2.9967058e-02
-0.17442318404573598,0.9994699872510432,0.00029351360480794696,1743.1659768161558,-3.1887146e-03,371314,1042.61671,1775.51038,1.5892450e+05,4.6695644e+01,6.8568457e+03,1.4866997e+01,1.6647322e+05,4.8888065e+01,0,nan,nan,nan,nan,1042.61671,2.7423003e-04,1775.51038,2.4549392e-04,-8.7700831e-03,-2.5557365e-02
-0.17409779173567586,0.9999009484319572,0.00028197174897288957,1921.0778222084678,3.1835020e-03,499406,471.02264,463.88080,1.6406800e+05,4.6217571e+01,2.6000051e+03,1.3425708e+01,1.6979725e+05,4.7882767e+01,0,nan,nan,nan,nan,471.02264,2.5852144e-04,463.88080,2.9326879e-04,2.4718024e-02,-2.1024788e-02
-0.1740898378586735,0.9998399802010586,0.0002841786858602953,1730.8965501623427,-3.1769115e-03,362480,1328.20292,1819.02315,1.5836764e+05,4.4947666e+01,4.1671587e+03,1.1656577e+01,1.6615134e+05,4.7224224e+01,0,nan,nan,nan,nan,1328.20292,2.5969429e-04,1819.02315,2.2952165e-04,-7.4264989e-04,4.4528004e-02
-0.17394614700469901,1.0001857903738567,0.0002864129133354355,1914.9430938531987,3.1747564e-03,494989,471.00956,463.89298,1.6440144e+05,4.6964199e+01,4.8903247e+03,1.4807621e+01,1.6991320e+05,4.8656296e+01,0,nan,nan,nan,nan,471.00956,2.6241716e-04,463.89298,2.9783140e-04,1.0321218e-02,-8.4591741e-03
-0.1738211040656097,1.000139760628124,0.0002821058306759454,1908.8083388961377,3.1394092e-03,490572,471.00028,463.88320,1.6399194e+05,4.6226768e+01,2.5971646e+03,1.3506989e+01,1.6979084e+05,4.7892292e+01,0,nan,nan,nan,nan,471.00028,2.5805531e-04,463.88320,2.9287269e-04,1.7291717e-05,-1.8308170e-02
-0.1737434097485675,0.9997938635504732,0.0002821476494595309,1902.6735365904547,3.0567136e-03,486155,470.98296,463.85622,1.6380061e+05,4.6242546e+01,2.7908687e+03,1.3546190e+01,1.6976489e+05,4.7908642e+01,0,nan,nan,nan,nan,470.98296,2.5827673e-04,463.85622,2.9400358e-04,-1.7692918e-02,-4.9629103e-02
-0.1736185215252135,0.9998920063708505,0.00028465678946594606,1718.627261478676,-3.0264903e-03,353646,1328.20823,1818.98960,1.5776631e+05,4.5022713e+01,4.6675996e+03,1.1967924e+01,1.6615788e+05,4.7303074e+01,0,nan,nan,nan,nan,1328.20823,2.6148802e-04,1818.98960,2.3190127e-04,5.8471481e-03,7.2592753e-03
-0.17333561573354928,0.9999109066061296,0.00028252100191630646,1712.4926643844676,-2.9040324e-03,349229,1328.20638,1818.98804,1.5855066e+05,4.4714947e+01,3.2028320e+03,1.1159320e+01,1.6627272e+05,4.6979721e+01,0,nan,nan,nan,nan,1328.20638,2.5772018e-04,1818.98804,2.2757905e-04,3.1082663e-03,5.7123275e-03
-0.17326830990168673,0.9997744330086503,0.0002993277461383347,1761.5717716903,-2.9411125e-03,384566,1042.63230,1775.57440,1.5927262e+05,4.7662231e+01,1.0391449e+04,1.6421989e+01,1.6666941e+05,4.9900032e+01,0,nan,nan,nan,nan,1042.63230,2.8107796e-04,1775.57440,2.5067176e-04,8.9713736e-03,4.4212285e-02
-0.17322768007761624,1.0003718768340755,0.0002908789082072737,1755.436932320124,-3.0610212e-03,380149,1042.61193,1775.57198,1.5926988e+05,4.6279320e+01,5.1946831e+03,1.4054203e+01,1.6663364e+05,4.8452194e+01,0,nan,nan,nan,nan,1042.61193,2.7051906e-04,1775.57198,2.4139285e-04,-1.3531493e-02,4.1547872e-02
-0.17303428833065482,0.9998642446229878,0.0002937312699117917,1743.1673657118708,-3.1887072e-03,371315,1042.61537,1775.53189,1.5911198e+05,4.6730320e+01,6.8201377e+03,1.4897329e+01,1.6653905e+05,4.8924370e+01,0,nan,nan,nan,nan,1042.61537,2.7456216e-04,1775.53189,2.4499450e-04,-9.7545981e-03,-1.8982161e-03
-0.17270890483541734,0.9999713811588916,0.0002822486236358769,1921.079211095368,3.1835006e-03,499407,471.02293,463.88968,1.6414694e+05,4.6262897e+01,2.5942456e+03,1.3513009e+01,1.6980900e+05,4.7929726e+01,0,nan,nan,nan,nan,471.02293,2.5848008e-04,463.88968,2.9329100e-04,2.5344692e-02,-1.1427394e-02
-0.17270095772323657,0.9996859712115581,0.00028423333071182175,1730.8979390424781,-3.1769197e-03,362481,1328.20122,1819.02274,1.5841106e+05,4.4956318e+01,4.1746147e+03,1.1703979e+01,1.6612578e+05,4.7233315e+01,0,nan,nan,nan,nan,1328.20122,2.5951691e-04,1819.02274,2.2934598e-04,-2.3252571e-03,4.3804672e-02
-0.17255725428321966,1.000096847752444,0.0002863338755249824,1914.9444827459201,3.1747608e-03,494990,471.01871,463.89379,1.6424112e+05,4.6951351e+01,4.9035059e+03,1.4820410e+01,1.6989850e+05,4.8642986e+01,0,nan,nan,nan,nan,471.01871,2.6275471e-04,463.89379,2.9848336e-04,2.0329926e-02,-7.3880656e-03
-0.17243220086675137,1.0003136705481277,0.0002820170195985821,1908.8097277993365,3.1394241e-03,490573,471.00033,463.87282,1.6395862e+05,4.6212193e+01,2.5959094e+03,1.3467193e+01,1.6982030e+05,4.7877193e+01,0,nan,nan,nan,nan,471.00033,2.5797493e-04,463.87282,2.9325183e-04,-6.3629152e-04,-3.0028436e-02
-0.17235449933241398,1.000229288938105,0.00028232423744348043,1902.6749255008708,3.0567357e-03,486156,470.98759,463.85831,1.6398916e+05,4.6271458e+01,2.7914719e+03,1.3543976e+01,1.6983870e+05,4.7938595e+01,0,nan,nan,nan,nan,470.98759,2.5837778e-04,463.85831,2.9377185e-04,-1.3308877e-02,-4.6503734e-02
-0.17222965675591695,1.0002159543455393,0.00028455527527979855,1718.6286503434453,-3.0265138e-03,353647,1328.20334,1818.98383,1.5774966e+05,4.5006779e+01,4.6648491e+03,1.1967661e+01,1.6621216e+05,4.7286335e+01,0,nan,nan,nan,nan,1328.20334,2.6126375e-04,1818.98383,2.3182922e-04,2.8403063e-04,1.2595066e-03
-0.17194676004532994,1.0000279437142077,0.00028242011139253704,1712.4940532401558,-2.9040650e-03,349230,1328.20607,1818.98366,1.5850675e+05,4.4699127e+01,3.1884033e+03,1.1132635e+01,1.6629273e+05,4.6963100e+01,0,nan,nan,nan,nan,1328.20607,2.5771302e-04,1818.98366,2.2785556e-04,3.2387085e-03,1.1898382e-03
-0.17187939043787992,1.000334116067192,0.00029940616607822414,1761.5731606097638,-2.9410813e-03,384567,1042.63025,1775.56466,1.5936794e+05,4.7674976e+01,1.0389229e+04,1.6423063e+01,1.6676362e+05,4.9913380e+01,0,nan,nan,nan,nan,1042.63025,2.8083814e-04,1775.56466,2.5076553e-04,6.9774590e-03,3.4000762e-02
-0.1718387689957126,1.0000896887784896,0.0002909989050041241,1755.438321231206,-3.0609984e-03,380150,1042.60950,1775.56592,1.5913806e+05,4.6298443e+01,5.1789438e+03,1.4139897e+01,1.6658675e+05,4.8472214e+01,0,nan,nan,nan,nan,1042.60950,2.7113987e-04,1775.56592,2.4180335e-04,-1.6135428e-02,3.4071147e-02
-0.1716453928484043,1.0002037930533596,0.0002935017509448292,1743.168754607353,-3.1886999e-03,371316,1042.61452,1775.52114,1.5897544e+05,4.6693851e+01,6.8358887e+03,1.4890004e+01,1.6659577e+05,4.8886185e+01,0,nan,nan,nan,nan,1042.61452,2.7413265e-04,1775.52114,2.4494075e-04,-1.0658265e-02,-1.3975570e-02
-0.17132001793424934,0.999923859710786,0.0002821316906624725,1921.0805999822692,3.1834992e-03,499408,471.02625,463.89455,1.6413325e+05,4.6243675e+01,2.6013054e+03,1.3499865e+01,1.6980072e+05,4.7909813e+01,0,nan,nan,nan,nan,471.02625,2.5847688e-04,463.89455,2.9292831e-04,2.7978742e-02,-5.7860576e-03
-0.1713120778197208,1.000046074802309,0.0002842502540460545,1730.8993279223816,-3.1769280e-03,362482,1328.20137,1819.02215,1.5838689e+05,4.4959003e+01,4.1649443e+03,1.1669944e+01,1.6618566e+05,4.7236141e+01,0,nan,nan,nan,nan,1328.20137,2.5979849e-04,1819.02215,2.2944459e-04,-1.6625277e-03,4.3288041e-02
-0.17116836179457096,0.9998299067307842,0.0002863135174374924,1914.9458716384088,3.1747650e-03,494991,471.01147,463.89746,1.6424059e+05,4.6948128e+01,4.8973286e+03,1.4855093e+01,1.6985356e+05,4.8639645e+01,0,nan,nan,nan,nan,471.01147,2.6253937e-04,463.89746,2.9793719e-04,1.3133762e-02,-3.3964226e-03
-0.17104329790140582,0.9996549625586962,0.00028206624604558986,1908.811116702302,3.1394388e-03,490574,470.99742,463.87344,1.6383983e+05,4.6220238e+01,2.6129602e+03,1.3501233e+01,1.6970839e+05,4.7885532e+01,0,nan,nan,nan,nan,470.99742,2.5852621e-04,463.87344,2.9367575e-04,-2.3288836e-03,-2.9409019e-02
-0.1709655889167152,0.9994964977363882,0.0002821631265229052,1902.6763144112865,3.0567579e-03,486157,470.98965,463.86080,1.6382294e+05,4.6245022e+01,2.7932029e+03,1.3532230e+01,1.6971417e+05,4.7911205e+01,0,nan,nan,nan,nan,470.98965,2.5832179e-04,463.86080,2.9382980e-04,-1.1406044e-02,-4.3022413e-02
-0.1708407919873025,0.9997380160303954,0.00028473351631009127,1718.630039208214,-3.0265374e-03,353648,1328.19981,1818.98576,1.5775080e+05,4.5035091e+01,4.6720957e+03,1.1974369e+01,1.6613319e+05,4.7316082e+01,0,nan,nan,nan,nan,1328.19981,2.6163220e-04,1818.98576,2.3186282e-04,-3.4610240e-03,3.2338451e-03
-0.1705579043571106,0.9997744467384526,0.0002825157871316934,1712.495442095844,-2.9040975e-03,349231,1328.21319,1818.99158,1.5854498e+05,4.4714417e+01,3.1870000e+03,1.1154591e+01,1.6625111e+05,4.6979164e+01,0,nan,nan,nan,nan,1328.21319,2.5784498e-04,1818.99158,2.2756659e-04,1.0928287e-02,1.0451023e-02
-0.17049047120667638,0.9999893887340644,0.0002994515032122643,1761.574549528995,-2.9410503e-03,384568,1042.63206,1775.57340,1.5932173e+05,4.7682457e+01,1.0393468e+04,1.6466841e+01,1.6670705e+05,4.9921207e+01,0,nan,nan,nan,nan,1042.63206,2.8099376e-04,1775.57340,2.5056879e-04,8.3995471e-03,4.3739073e-02
-0.1704498581466396,1.0001031119990111,0.0002908924723115921,1755.439710142055,-3.0609758e-03,380151,1042.61288,1775.56378,1.5920666e+05,4.6281540e+01,5.1874956e+03,1.4088552e+01,1.6658909e+05,4.8454517e+01,0,nan,nan,nan,nan,1042.61288,2.7085954e-04,1775.56378,2.4150099e-04,-1.3144712e-02,3.2151431e-02
-0.17025649713377788,1.000033576189847,0.0002936597013479975,1743.1701435030677,-3.1886925e-03,371317,1042.60875,1775.52353,1.5908019e+05,4.6719025e+01,6.8222314e+03,1.4890197e+01,1.6656756e+05,4.8912540e+01,0,nan,nan,nan,nan,1042.60875,2.7407284e-04,1775.52353,2.4506077e-04,-1.7021200e-02,-1.1137125e-02
-0.16993113103262658,0.9997875282036616,0.0002820426066157538,1921.0819888691708,3.1834978e-03,499409,471.02541,463.88344,1.6409156e+05,4.6229015e+01,2.5928696e+03,1.3463216e+01,1.6977736e+05,4.7894623e+01,0,nan,nan,nan,nan,471.02541,2.5847205e-04,463.88344,2.9316236e-04,2.6836909e-02,-1.8112164e-02
-0.16992319768360176,1.0004917704723855,0.0002842757496221843,1730.9007168025178,-3.1769362e-03,362483,1328.20647,1819.03071,1.5844641e+05,4.4963047e+01,4.1627144e+03,1.1723539e+01,1.6625977e+05,4.7240391e+01,0,nan,nan,nan,nan,1328.20647,2.5977474e-04,1819.03071,2.2928065e-04,3.2904400e-03,5.2521370e-02
-0.16977946930592225,0.9998911302370717,0.0002863143416727322,1914.9472605308974,3.1747692e-03,494992,471.01511,463.90048,1.6430159e+05,4.6948376e+01,4.8882236e+03,1.4827529e+01,1.6986438e+05,4.8639904e+01,0,nan,nan,nan,nan,471.01511,2.6264804e-04,463.90048,2.9775617e-04,1.7079400e-02,-6.7349419e-04
-0.16965439470322963,0.9999070191534296,0.00028188404705297804,1908.8125056055,3.1394537e-03,490575,470.99540,463.87329,1.6384661e+05,4.6190365e+01,2.5869431e+03,1.3430880e+01,1.6975111e+05,4.7854580e+01,0,nan,nan,nan,nan,470.99540,2.5814379e-04,463.87329,2.9374089e-04,-4.7268681e-03,-2.9659417e-02
-0.16957667826773104,1.0003707866318405,0.00028232259764756273,1902.6777033219355,3.0567802e-03,486158,470.98667,463.85084,1.6397059e+05,4.6271126e+01,2.7725293e+03,1.3581011e+01,1.6986252e+05,4.7938251e+01,0,nan,nan,nan,nan,470.98667,2.5810671e-04,463.85084,2.9357165e-04,-1.4406095e-02,-5.4445654e-02
-0.16945192698653955,0.9994071927656788,0.0002846169821512936,1718.6314280732147,-3.0265606e-03,353649,1328.20259,1818.98841,1.5773567e+05,4.5016781e+01,4.6665415e+03,1.1968257e+01,1.6607866e+05,4.7296841e+01,0,nan,nan,nan,nan,1328.20259,2.6135703e-04,1818.98841,2.3167145e-04,-6.7624432e-04,6.8183700e-03
-0.169169048669346,0.9998689664778856,0.0002826400739524941,1712.4968309515318,-2.9041301e-03,349232,1328.20189,1818.98298,1.5857414e+05,4.4734234e+01,3.2018506e+03,1.1158022e+01,1.6626738e+05,4.6999985e+01,0,nan,nan,nan,nan,1328.20189,2.5811177e-04,1818.98298,2.2778838e-04,-8.7781757e-04,1.4555186e-03
-0.16910155174355168,1.0002969848478676,0.0002993824314579877,1761.5759384484581,-2.9410191e-03,384569,1042.62801,1775.57072,1.5928833e+05,4.7671715e+01,1.0421566e+04,1.6428495e+01,1.6675923e+05,4.9909962e+01,0,nan,nan,nan,nan,1042.62801,2.8133980e-04,1775.57072,2.5075197e-04,4.8978501e-03,4.0441878e-02
-0.1690609470651907,1.0002309688226556,0.0002907704727044354,1755.4410990531364,-3.0609530e-03,380152,1042.61147,1775.56443,1.5911877e+05,4.6262161e+01,5.1871147e+03,1.4061397e+01,1.6661050e+05,4.8434227e+01,0,nan,nan,nan,nan,1042.61147,2.7083958e-04,1775.56443,2.4172060e-04,-1.3886714e-02,3.2835998e-02
-0.1688676016528916,1.0000794800487307,0.0002935835841420858,1743.1715323985486,-3.1886853e-03,371318,1042.62073,1775.52042,1.5911681e+05,4.6706959e+01,6.8036553e+03,1.4867396e+01,1.6657538e+05,4.8899910e+01,0,nan,nan,nan,nan,1042.62073,2.7403291e-04,1775.52042,2.4481965e-04,-4.9008802e-03,-1.4822099e-02
-0.16854224389999217,1.0000775758860994,0.00028198873433607003,1921.0833777563034,3.1834967e-03,499410,471.02382,463.89468,1.6405444e+05,4.6220131e+01,2.5890718e+03,1.3462252e+01,1.6982641e+05,4.7885418e+01,0,nan,nan,nan,nan,471.02382,2.5852112e-04,463.89468,2.9343937e-04,2.5618725e-02,-5.6178905e-03
-0.16853431778099548,0.9999507153701883,0.00028429058416327063,1730.9021056824204,-3.1769446e-03,362484,1328.19374,1819.00720,1.5840747e+05,4.4965412e+01,4.1575371e+03,1.1703001e+01,1.6616991e+05,4.7242870e+01,0,nan,nan,nan,nan,1328.19374,2.5995896e-04,1819.00720,2.2990356e-04,-9.7970543e-03,2.6032228e-02
-0.1683905765844429,0.9998292855056025,0.00028619467997109585,1914.948649423619,3.1747737e-03,494993,471.01982,463.88741,1.6403894e+05,4.6928867e+01,4.8786387e+03,1.4849490e+01,1.6985428e+05,4.8619690e+01,0,nan,nan,nan,nan,471.01982,2.6289368e-04,463.88741,2.9947149e-04,2.2371838e-02,-1.4952691e-02
-0.16826549173720196,0.9998849506904218,0.0002820245299529687,1908.813894508466,3.1394684e-03,490576,471.00224,463.87369,1.6390311e+05,4.6213371e+01,2.5956824e+03,1.3483470e+01,1.6974730e+05,4.7878410e+01,0,nan,nan,nan,nan,471.00224,2.5816349e-04,463.87369,2.9339251e-04,2.1502809e-03,-2.9132145e-02
-0.16818776785066802,0.9999018556969387,0.0002822248138178352,1902.6790922323526,3.0568023e-03,486159,470.98698,463.85898,1.6387594e+05,4.6255066e+01,2.7959136e+03,1.3571918e+01,1.6978278e+05,4.7921616e+01,0,nan,nan,nan,nan,470.98698,2.5823279e-04,463.85898,2.9382858e-04,-1.4179413e-02,-4.5561440e-02
-0.1680630622179251,1.000337186215028,0.000284733413550087,1718.6328169379833,-3.0265842e-03,353650,1328.20921,1818.98899,1.5798206e+05,4.5035313e+01,4.6639404e+03,1.1950972e+01,1.6623362e+05,4.7316315e+01,0,nan,nan,nan,nan,1328.20921,2.6129285e-04,1818.98899,2.3108350e-04,6.4157108e-03,7.2022043e-03
-0.1677801929818088,1.0004543037653097,0.00028251062714109565,1712.4982198072194,-2.9041627e-03,349233,1328.20830,1818.98166,1.5861664e+05,4.4713894e+01,3.1939084e+03,1.1125394e+01,1.6636525e+05,4.6978611e+01,0,nan,nan,nan,nan,1328.20830,2.5761875e-04,1818.98166,2.2800405e-04,5.3182519e-03,-3.8424548e-04
-0.16771263228019961,0.9999156299237444,0.0002993922811120578,1761.5773273679215,-2.9409879e-03,384570,1042.63044,1775.57443,1.5931038e+05,4.7673542e+01,1.0433605e+04,1.6431892e+01,1.6669655e+05,4.9911873e+01,0,nan,nan,nan,nan,1042.63044,2.8108986e-04,1775.57443,2.5044920e-04,6.7443121e-03,4.4516772e-02
-0.16767203598419655,0.9999942124899355,0.00029079982651739294,1755.4424879642174,-3.0609302e-03,380153,1042.61577,1775.56587,1.5915436e+05,4.6266857e+01,5.1740200e+03,1.4051581e+01,1.6657116e+05,4.8439144e+01,0,nan,nan,nan,nan,1042.61577,2.7061024e-04,1775.56587,2.4157116e-04,-9.7581549e-03,3.4529082e-02
-0.1674787059391747,0.9994881926775241,0.0002934666384863785,1743.1729212942623,-3.1886778e-03,371319,1042.61700,1775.51853,1.5895605e+05,4.6688396e+01,6.7933496e+03,1.4902170e+01,1.6647705e+05,4.8880474e+01,0,nan,nan,nan,nan,1042.61700,2.7391463e-04,1775.51853,2.4490044e-04,-8.3634155e-03,-1.6668281e-02
-0.1671533570001884,1.0001948955528221,0.0002822220682464846,1921.0847666432032,3.1834953e-03,499411,471.02769,463.89126,1.6423345e+05,4.6258320e+01,2.6008367e+03,1.3494416e+01,1.6984612e+05,4.7924984e+01,0,nan,nan,nan,nan,471.02769,2.5863652e-04,463.89126,2.9280296e-04,2.9729022e-02,-9.7601721e-03
-0.16714543764624068,1.0008517258110843,0.000284322982005203,1730.9034945625551,-3.1769527e-03,362485,1328.20335,1819.02779,1.5856188e+05,4.4970551e+01,4.1540742e+03,1.1689485e+01,1.6631970e+05,4.7248272e+01,0,nan,nan,nan,nan,1328.20335,2.5963743e-04,1819.02779,2.2897408e-04,-9.9064775e-05,4.9246147e-02
-0.1670016840964763,0.9999527398619867,0.00028623510549050606,1914.9500383161069,3.1747778e-03,494994,471.01369,463.89990,1.6420550e+05,4.6935608e+01,4.8825620e+03,1.4820747e+01,1.6987566e+05,4.8626675e+01,0,nan,nan,nan,nan,471.01369,2.6256201e-04,463.89990,2.9828979e-04,1.5561153e-02,-4.8318438e-04
-0.1668765885378889,0.9996359140399333,0.0002819128610297998,1908.8152834116654,3.1394833e-03,490577,471.00081,463.88343,1.6383338e+05,4.6195049e+01,2.6081565e+03,1.3463151e+01,1.6970495e+05,4.7859432e+01,0,nan,nan,nan,nan,471.00081,2.5819882e-04,463.88343,2.9360005e-04,1.0904428e-03,-1.7569909e-02
-0.16679885743315026,1.000243913141398,0.0002822504886974005,1902.68048114277,3.0568244e-03,486160,470.98345,463.85640,1.6393572e+05,4.6259251e+01,2.8025845e+03,1.3560389e+01,1.6984075e+05,4.7925945e+01,0,nan,nan,nan,nan,470.98345,2.5808896e-04,463.85640,2.9353844e-04,-1.7998712e-02,-4.7744200e-02
-0.1666741974490833,1.000350346557137,0.0002846150413340197,1718.6342058027521,-3.0266077e-03,353651,1328.20491,1818.98646,1.5779519e+05,4.5016705e+01,4.6606753e+03,1.1951265e+01,1.6623623e+05,4.7296764e+01,0,nan,nan,nan,nan,1328.20491,2.6135333e-04,1818.98646,2.3193646e-04,2.4236511e-03,3.8978565e-03
-0.16639133729290734,1.000231886083231,0.0002826349700885863,1712.4996086629083,-2.9041953e-03,349234,1328.20648,1818.98155,1.5858978e+05,4.4733719e+01,3.2086582e+03,1.1183493e+01,1.6632881e+05,4.6999443e+01,0,nan,nan,nan,nan,1328.20648,2.5769073e-04,1818.98155,2.2809271e-04,3.8807667e-03,-8.2744804e-04
-0.16632371305013294,0.9997954823628902,0.0002993466321286017,1761.5787162871516,-2.9409570e-03,384571,1042.63465,1775.57008,1.5933784e+05,4.7666527e+01,1.0425812e+04,1.6410807e+01,1.6667741e+05,4.9904526e+01,0,nan,nan,nan,nan,1042.63465,2.8090429e-04,1775.57008,2.5060345e-04,1.1372247e-02,3.9665438e-02
-0.16628312490274766,0.9999814308544006,0.0002906759100499638,1755.4438768752989,-3.0609074e-03,380154,1042.61189,1775.57364,1.5919128e+05,4.6247177e+01,5.1693828e+03,1.4021574e+01,1.6656914e+05,4.8418537e+01,0,nan,nan,nan,nan,1042.61189,2.7066740e-04,1775.57364,2.4128665e-04,-1.3816869e-02,4.2790595e-02
-0.16608981022477565,0.9999300399005951,0.00029346080685408804,1743.1743101899767,-3.1886704e-03,371320,1042.61474,1775.51908,1.5913928e+05,4.6687519e+01,6.7673057e+03,1.4815972e+01,1.6655080e+05,4.8879551e+01,0,nan,nan,nan,nan,1042.61474,2.7383509e-04,1775.51908,2.4451001e-04,-1.0931118e-02,-1.5564367e-02
-0.1657644700999299,1.000462404571941,0.0002820090630231209,1921.0861555301035,3.1834939e-03,499412,471.02492,463.89091,1.6418439e+05,4.6223351e+01,2.6016584e+03,1.3395984e+01,1.6989134e+05,4.7888752e+01,0,nan,nan,nan,nan,471.02492,2.5834981e-04,463.89091,2.9331422e-04,2.6282476e-02,-9.5575582e-03
-0.16575655774408915,0.9999986908384803,0.00028414234767861336,1730.9048834424573,-3.1769611e-03,362486,1328.20334,1819.02317,1.5835962e+05,4.4941998e+01,4.1673853e+03,1.1664158e+01,1.6617802e+05,4.7218273e+01,0,nan,nan,nan,nan,1328.20334,2.6007250e-04,1819.02317,2.2935701e-04,1.0320073e-03,4.4032123e-02
-0.16561279137567908,1.0002993826715112,0.00028635195480203936,1914.9514272088277,3.1747823e-03,494995,471.01608,463.89524,1.6435444e+05,4.6954880e+01,4.8718721e+03,1.4853750e+01,1.6993494e+05,4.8646637e+01,0,nan,nan,nan,nan,471.01608,2.6251448e-04,463.89524,2.9759013e-04,1.8135991e-02,-5.8547631e-03
-0.16548768557186122,0.9999277187989506,0.0002819928795186376,1908.8166723146314,3.1394979e-03,490578,470.99917,463.87500,1.6392756e+05,4.6208141e+01,2.6001909e+03,1.3452314e+01,1.6975442e+05,4.7872997e+01,0,nan,nan,nan,nan,470.99917,2.5829903e-04,463.87500,2.9341073e-04,-1.2663078e-03,-2.7498605e-02
-0.1654099470174515,1.000244065724521,0.0002823802972184084,1902.6818700531858,3.0568466e-03,486161,470.99002,463.85717,1.6392741e+05,4.6280495e+01,2.7921082e+03,1.3634488e+01,1.6984067e+05,4.7947956e+01,0,nan,nan,nan,nan,470.99002,2.5817263e-04,463.85717,2.9373463e-04,-1.0934584e-02,-4.7907803e-02
-0.16528533268115098,1.0002140945703564,0.0002846181624187791,1718.63559466752,-3.0266312e-03,353652,1328.20447,1818.97764,1.5791081e+05,4.5017319e+01,4.6571504e+03,1.1936359e+01,1.6621402e+05,4.7297405e+01,0,nan,nan,nan,nan,1328.20447,2.6105338e-04,1818.97764,2.3151614e-04,1.8561746e-03,-5.5051935e-03
-0.16500248160400588,1.000441568880582,0.00028257946736552067,1712.5009975185972,-2.9042279e-03,349235,1328.20663,1818.98356,1.5851322e+05,4.4725079e+01,3.2076038e+03,1.1172252e+01,1.6636422e+05,4.6990364e+01,0,nan,nan,nan,nan,1328.20663,2.5810025e-04,1818.98356,2.2814535e-04,3.7810891e-03,1.0140964e-03
-0.16493479358678087,1.0003183578854382,0.0002996381567054783,1761.580105206615,-2.9409258e-03,384572,1042.63251,1775.56844,1.5929734e+05,4.7713196e+01,1.0430939e+04,1.6495283e+01,1.6676547e+05,4.9953392e+01,0,nan,nan,nan,nan,1042.63251,2.8172918e-04,1775.56844,2.5097860e-04,9.5176175e-03,3.8487989e-02
-0.16489421382152614,0.9999547097372945,0.00029081218250641666,1755.44526578638,-3.0608845e-03,380155,1042.61207,1775.56086,1.5915194e+05,4.6268883e+01,5.1580835e+03,1.4061992e+01,1.6656480e+05,4.8441265e+01,0,nan,nan,nan,nan,1042.61207,2.7070206e-04,1775.56086,2.4166465e-04,-1.3394715e-02,2.9481176e-02
-0.16470091474320725,1.0001597718623907,0.0002934339652810009,1743.1756990854583,-3.1886632e-03,371321,1042.61403,1775.51935,1.5909002e+05,4.6683285e+01,6.7703994e+03,1.4842965e+01,1.6658922e+05,4.8875126e+01,0,nan,nan,nan,nan,1042.61403,2.7380890e-04,1775.51935,2.4455300e-04,-1.2001563e-02,-1.5123178e-02
-0.16437558320012613,0.9998998444167359,0.0002820748536722829,1921.0875444170033,3.1834925e-03,499413,471.02743,463.89005,1.6414555e+05,4.6234074e+01,2.6001711e+03,1.3467784e+01,1.6979561e+05,4.7899868e+01,0,nan,nan,nan,nan,471.02743,2.5835377e-04,463.89005,2.9307976e-04,2.8988846e-02,-1.1523145e-02
-0.16436767760865223,1.0005022670514254,0.00028437528982088703,1730.9062723225927,-3.1769692e-03,362487,1328.20456,1819.02265,1.5856844e+05,4.4978863e+01,4.1651338e+03,1.1707096e+01,1.6626178e+05,4.7257004e+01,0,nan,nan,nan,nan,1328.20456,2.5971766e-04,1819.02265,2.2911164e-04,1.5290324e-03,4.3909699e-02
-0.16422389888703037,0.9996101364799632,0.0002862051098126063,1914.9528161013163,3.1747865e-03,494996,471.01235,463.88485,1.6416261e+05,4.6930912e+01,4.8923223e+03,1.4833359e+01,1.6981825e+05,4.8621807e+01,0,nan,nan,nan,nan,471.01235,2.6295180e-04,463.88485,2.9801260e-04,1.4550940e-02,-1.7162092e-02
-0.1640987826062883,0.9997108641348413,0.0002820427385758064,1908.818061217597,3.1395126e-03,490579,471.00176,463.88119,1.6394470e+05,4.6216293e+01,2.5976194e+03,1.3482348e+01,1.6971755e+05,4.7881443e+01,0,nan,nan,nan,nan,471.00176,2.5808797e-04,463.88119,2.9304717e-04,1.3820039e-03,-2.1100042e-02
-0.1640210363686947,0.9999679388143163,0.00028217322063887944,1902.6832589638345,3.0568689e-03,486162,470.98889,463.85820,1.6390348e+05,4.6246529e+01,2.7932051e+03,1.3532971e+01,1.6979369e+05,4.7912766e+01,0,nan,nan,nan,nan,470.98889,2.5809568e-04,463.85820,2.9382732e-04,-1.2612125e-02,-4.6271723e-02
-0.16389646791321866,1.0003814416705894,0.00028471847991599263,1718.636983532288,-3.0266547e-03,353653,1328.20411,1818.98500,1.5794020e+05,4.5033295e+01,4.6495869e+03,1.1978789e+01,1.6624225e+05,4.7314190e+01,0,nan,nan,nan,nan,1328.20411,2.6094253e-04,1818.98500,2.3130581e-04,8.7732007e-04,3.1193586e-03
-0.16361362591646866,1.0000586022304416,0.00028250680910207936,1712.5023863742847,-2.9042605e-03,349236,1328.21425,1818.98905,1.5857259e+05,4.4713722e+01,3.2136816e+03,1.1113667e+01,1.6630109e+05,4.6978436e+01,0,nan,nan,nan,nan,1328.21425,2.5809341e-04,1818.98905,2.2747205e-04,1.1683301e-02,7.7238441e-03
-0.16354587412365618,0.9998405034436334,0.0002994408054440176,1761.581494126078,-2.9408946e-03,384573,1042.62904,1775.57242,1.5922802e+05,4.7682026e+01,1.0443396e+04,1.6471931e+01,1.6668669e+05,4.9920757e+01,0,nan,nan,nan,nan,1042.62904,2.8134984e-04,1775.57242,2.5079789e-04,5.8150641e-03,4.2617578e-02
-0.16350530274030461,0.9998239376919268,0.00029061697392417763,1755.4466546974613,-3.0608617e-03,380156,1042.61001,1775.56662,1.5909834e+05,4.6237854e+01,5.1647568e+03,1.4031911e+01,1.6654311e+05,4.8408779e+01,0,nan,nan,nan,nan,1042.61001,2.7058827e-04,1775.56662,2.4150185e-04,-1.5672835e-02,3.4946967e-02
-0.16331201902858083,0.9998440402086465,0.00029333943406208537,1743.177087981173,-3.1886557e-03,371322,1042.61586,1775.52365,1.5911658e+05,4.6668285e+01,6.7640571e+03,1.4793932e+01,1.6653678e+05,4.8859425e+01,0,nan,nan,nan,nan,1042.61586,2.7370089e-04,1775.52365,2.4450355e-04,-1.0008968e-02,-1.0988380e-02
-0.16298669629941287,0.9996373687782646,0.00028200304798779014,1921.088933303904,3.1834911e-03,499414,471.02304,463.87879,1.6405622e+05,4.6222248e+01,2.6039800e+03,1.3454659e+01,1.6975083e+05,4.7887615e+01,0,nan,nan,nan,nan,471.02304,2.5838471e-04,463.87879,2.9317455e-04,2.4054123e-02,-2.3127163e-02
-0.16297879770604595,0.9999183853489021,0.00028407568357322413,1730.9076612024953,-3.1769776e-03,362488,1328.19891,1819.02482,1.5823069e+05,4.4931492e+01,4.1666851e+03,1.1673848e+01,1.6616483e+05,4.7207237e+01,0,nan,nan,nan,nan,1328.19891,2.6009616e-04,1819.02482,2.2988998e-04,-4.7310325e-03,4.5326862e-02
-0.16283500639838167,1.0000878807505533,0.00028624453206319684,1914.954204993805,3.1747906e-03,494997,471.02026,463.89905,1.6419995e+05,4.6937485e+01,4.8815396e+03,1.4803476e+01,1.6989980e+05,4.8628616e+01,0,nan,nan,nan,nan,471.02026,2.6292462e-04,463.89905,2.9830204e-04,2.2562519e-02,-1.6681178e-03
-0.16270987940833948,1.0004483565582796,0.0002820249445171933,1908.819450120795,3.1395275e-03,490580,470.99952,463.87575,1.6398559e+05,4.6213364e+01,2.6026843e+03,1.3469943e+01,1.6984267e+05,4.7878407e+01,0,nan,nan,nan,nan,470.99952,2.5807807e-04,463.87575,2.9313168e-04,-1.5396059e-03,-2.6555376e-02
-0.1626321259523138,0.9997913467651574,0.0002822570405893169,1902.684647874251,3.0568910e-03,486163,470.98764,463.85295,1.6386055e+05,4.6260239e+01,2.7957793e+03,1.3591665e+01,1.6976359e+05,4.7926971e+01,0,nan,nan,nan,nan,470.98764,2.5815982e-04,463.85295,2.9386647e-04,-1.3895876e-02,-5.1934019e-02
-0.16250760314460422,0.9997319610158355,0.0002846892400068407,1718.6383723970566,-3.0266782e-03,353654,1328.20322,1818.98291,1.5782694e+05,4.5028778e+01,4.6525659e+03,1.1968082e+01,1.6613472e+05,4.7309448e+01,0,nan,nan,nan,nan,1328.20322,2.6118566e-04,1818.98291,2.3169613e-04,2.9251431e-04,3.3960943e-04
-0.16222477022870407,1.0006070057573833,0.00028259564675482197,1712.5037752299725,-2.9042931e-03,349237,1328.20264,1818.97855,1.5852089e+05,4.4727928e+01,3.2075642e+03,1.1179591e+01,1.6639283e+05,4.6993362e+01,0,nan,nan,nan,nan,1328.20264,2.5787836e-04,1818.97855,2.2856388e-04,-5.5776478e-04,-4.6351380e-03
-0.16215695489336213,0.9995519223684523,0.0002993224632627056,1761.5828830453083,-2.9408636e-03,384574,1042.62948,1775.57301,1.5923025e+05,4.7663433e+01,1.0458139e+04,1.6434288e+01,1.6663944e+05,4.9901291e+01,0,nan,nan,nan,nan,1042.62948,2.8118741e-04,1775.57301,2.5069693e-04,6.3174888e-03,4.2882964e-02
-0.16211639189168636,0.9997452607818991,0.0002907058164454423,1755.44804360831,-3.0608391e-03,380157,1042.61280,1775.56677,1.5912489e+05,4.6252014e+01,5.1725649e+03,1.4054981e+01,1.6653011e+05,4.8423607e+01,0,nan,nan,nan,nan,1042.61280,2.7056510e-04,1775.56677,2.4141291e-04,-1.2507766e-02,3.6160901e-02
-0.1619231235472398,0.9999446882010157,0.00029341489003633693,1743.1784768766543,-3.1886485e-03,371323,1042.61909,1775.52369,1.5916278e+05,4.6680336e+01,6.7533037e+03,1.4800618e+01,1.6655370e+05,4.8872036e+01,0,nan,nan,nan,nan,1042.61909,2.7373363e-04,1775.52369,2.4458917e-04,-6.2253280e-03,-1.0981502e-02
-0.1615978093986996,1.0001100674006485,0.0002820525381954505,1921.0903221908047,3.1834897e-03,499415,471.02450,463.89051,1.6419422e+05,4.6230309e+01,2.5865386e+03,1.3429345e+01,1.6983089e+05,4.7895962e+01,0,nan,nan,nan,nan,471.02450,2.5822630e-04,463.89051,2.9288471e-04,2.6450003e-02,-1.0018592e-02
-0.16158991757060903,0.9998237066342578,0.0002842623092266567,1730.9090500826308,-3.1769858e-03,362489,1328.20679,1819.02474,1.5840942e+05,4.4961040e+01,4.1633247e+03,1.1699409e+01,1.6614917e+05,4.7238277e+01,0,nan,nan,nan,nan,1328.20679,2.5975826e-04,1819.02474,2.2940870e-04,4.0924512e-03,4.6379730e-02
-0.16144611367690231,1.0000536485752636,0.0002861301624476963,1914.9555938865265,3.1747951e-03,494998,471.01061,463.88876,1.6420331e+05,4.6918835e+01,4.8704067e+03,1.4757993e+01,1.6989438e+05,4.8609299e+01,0,nan,nan,nan,nan,471.01061,2.6290893e-04,463.88876,2.9855297e-04,1.2463342e-02,-1.3775160e-02
-0.1613209764423118,1.0004738946853755,0.00028213089546750257,1908.820839023761,3.1395422e-03,490581,471.00037,463.87122,1.6396814e+05,4.6230705e+01,2.5894746e+03,1.3523520e+01,1.6984695e+05,4.7896374e+01,0,nan,nan,nan,nan,471.00037,2.5811439e-04,463.87122,2.9338177e-04,2.1750518e-04,-3.1399306e-02
-0.16124321553570553,0.9999555743888376,0.0002822451343161692,1902.6860367846675,3.0569131e-03,486164,470.98439,463.86160,1.6390295e+05,4.6258259e+01,2.7779561e+03,1.3581818e+01,1.6979138e+05,4.7924919e+01,0,nan,nan,nan,nan,470.98439,2.5800447e-04,463.86160,2.9382252e-04,-1.6977841e-02,-4.3336283e-02
-0.16111873814293176,0.9997711556428538,0.0002845469417332411,1718.6397612620583,-3.0267015e-03,353655,1328.20611,1818.98679,1.5778781e+05,4.5006378e+01,4.6635649e+03,1.1960778e+01,1.6614164e+05,4.7285915e+01,0,nan,nan,nan,nan,1328.20611,2.6113231e-04,1818.98679,2.3126839e-04,3.9243596e-03,4.3835570e-03
-0.16083591454048474,1.0005217920741447,0.00028269942961677637,1712.5051640856607,-2.9043257e-03,349238,1328.20868,1818.98679,1.5865370e+05,4.4744507e+01,3.2129370e+03,1.1206307e+01,1.6637920e+05,4.7010777e+01,0,nan,nan,nan,nan,1328.20868,2.5773488e-04,1818.98679,2.2779955e-04,6.1337720e-03,5.0083236e-03
-0.16076803543001006,1.0000481980741562,0.00029972469904997537,1761.5842719647717,-2.9408324e-03,384575,1042.63283,1775.57259,1.5927811e+05,4.7727730e+01,1.0477516e+04,1.6516922e+01,1.6672305e+05,4.9968609e+01,0,nan,nan,nan,nan,1042.63283,2.8173428e-04,1775.57259,2.5115584e-04,1.0116578e-02,4.2529076e-02
-0.1607274808106922,0.9998320932347385,0.0002906073417321876,1755.449432519391,-3.0608163e-03,380158,1042.61516,1775.56890,1.5906852e+05,4.6236370e+01,5.1711655e+03,1.4028411e+01,1.6654467e+05,4.8407230e+01,0,nan,nan,nan,nan,1042.61516,2.7081079e-04,1775.56890,2.4152145e-04,-1.0001907e-02,3.8011100e-02
-0.1605342278326134,0.9994241209967317,0.0002933286275976567,1743.1798657723689,-3.1886410e-03,371324,1042.61647,1775.52092,1.5910159e+05,4.6666653e+01,6.7474648e+03,1.4781831e+01,1.6646714e+05,4.8857712e+01,0,nan,nan,nan,nan,1042.61647,2.7380334e-04,1775.52092,2.4441374e-04,-9.6130557e-03,-1.3900433e-02
-0.16020892249798635,1.0001017188450205,0.00028209003663578146,1921.0917110777054,3.1834883e-03,499416,471.02410,463.88683,1.6414828e+05,4.6236401e+01,2.5902095e+03,1.3479426e+01,1.6982928e+05,4.7902275e+01,0,nan,nan,nan,nan,471.02410,2.5850063e-04,463.88683,2.9289149e-04,2.5921589e-02,-1.4287495e-02
-0.16020103766709326,1.0000401723858257,0.0002842346809802395,1730.9104389625343,-3.1769942e-03,362490,1328.19721,1819.01328,1.5837741e+05,4.4956692e+01,4.1480039e+03,1.1709370e+01,1.6618525e+05,4.7233711e+01,0,nan,nan,nan,nan,1328.19721,2.5967951e-04,1819.01328,2.2971928e-04,-6.8095895e-03,3.3387393e-02
-0.1600572211882536,0.9996447056425214,0.0002864262525982447,1914.956982779015,3.1747993e-03,494999,471.01681,463.90010,1.6419077e+05,4.6967491e+01,4.8836201e+03,1.4899351e+01,1.6982530e+05,4.8659710e+01,0,nan,nan,nan,nan,471.01681,2.6272860e-04,463.90010,2.9826109e-04,1.8472606e-02,-7.3599379e-04
-0.1599320732434535,1.0003924739426966,0.0002821285848529622,1908.8222279269598,3.1395571e-03,490582,471.00137,463.87652,1.6397528e+05,4.6230312e+01,2.5932383e+03,1.3496951e+01,1.6983306e+05,4.7895966e+01,0,nan,nan,nan,nan,471.00137,2.5824807e-04,463.87652,2.9330800e-04,1.2646889e-03,-2.5549227e-02
-0.15985430488626662,0.9998892996242221,0.00028226695824982594,1902.687425695317,3.0569355e-03,486165,470.98966,463.85529,1.6385188e+05,4.6261806e+01,2.7907314e+03,1.3603489e+01,1.6978002e+05,4.7928596e+01,0,nan,nan,nan,nan,470.98966,2.5826844e-04,463.85529,2.9379659e-04,-1.1201913e-02,-4.9398042e-02
-0.1597298733736352,1.0005167789474643,0.00028476059894156074,1718.6411501268276,-3.0267250e-03,353656,1328.20310,1818.98327,1.5796908e+05,4.5040276e+01,4.6536118e+03,1.1976349e+01,1.6626594e+05,4.7321529e+01,0,nan,nan,nan,nan,1328.20310,2.6100432e-04,1818.98327,2.3141738e-04,4.2480568e-04,9.4566512e-04
-0.1594470588522654,0.9997250765579211,0.00028249525602798886,1712.506552941349,-2.9043583e-03,349239,1328.20474,1818.98033,1.5846812e+05,4.4712337e+01,3.2221023e+03,1.1116992e+01,1.6624727e+05,4.6976978e+01,0,nan,nan,nan,nan,1328.20474,2.5787723e-04,1818.98033,2.2838605e-04,2.2056908e-03,-2.4142170e-03
-0.15937911596711274,0.9989976025855204,0.0002994468374269937,1761.5856608842346,-2.9408012e-03,384576,1042.63049,1775.56886,1.5906716e+05,4.7683731e+01,1.0474670e+04,1.6508341e+01,1.6654877e+05,4.9922546e+01,0,nan,nan,nan,nan,1042.63049,2.8174376e-04,1775.56886,2.5104408e-04,7.2005671e-03,3.8657457e-02
-0.15933856972924332,1.0006040657894932,0.00029068952418265795,1755.4508214304724,-3.0607935e-03,380159,1042.61017,1775.55951,1.5922452e+05,4.6249481e+01,5.1518472e+03,1.4010050e+01,1.6667336e+05,4.8420952e+01,0,nan,nan,nan,nan,1042.61017,2.7039563e-04,1775.55951,2.4155874e-04,-1.4715935e-02,2.8061731e-02
-0.159145332351045,1.0003057326765528,0.0002933068863138116,1743.1812546678505,-3.1886338e-03,371325,1042.61147,1775.53436,1.5902666e+05,4.6663239e+01,6.7317246e+03,1.4802963e+01,1.6661414e+05,4.8854137e+01,0,nan,nan,nan,nan,1042.61147,2.7383177e-04,1775.53436,2.4477203e-04,-1.3810578e-02,4.0908658e-04
-0.15882003536444245,1.0000800130357268,0.00028222426911899936,1921.093099964839,3.1834871e-03,499417,471.02288,463.87870,1.6415372e+05,4.6258343e+01,2.5934141e+03,1.3536639e+01,1.6982539e+05,4.7925011e+01,0,nan,nan,nan,nan,471.02288,2.5836844e-04,463.87870,2.9310578e-04,2.4655197e-02,-2.3416057e-02
-0.15881215753165634,1.000255763953237,0.00028429619514026036,1730.9118278426697,-3.1770023e-03,362491,1328.20113,1819.02266,1.5844244e+05,4.4966454e+01,4.1628330e+03,1.1699017e+01,1.6622117e+05,4.7243965e+01,0,nan,nan,nan,nan,1328.20113,2.5974240e-04,1819.02266,2.2960130e-04,-2.3375291e-03,4.3695625e-02
-0.15866832846768375,0.9999985858691003,0.00028624111908989144,1914.9583716717357,3.1748037e-03,495000,471.01708,463.90904,1.6418014e+05,4.6937241e+01,4.8694810e+03,1.4846517e+01,1.6988580e+05,4.8628368e+01,0,nan,nan,nan,nan,471.01708,2.6295206e-04,463.90904,2.9802503e-04,1.9701632e-02,9.4991866e-03
-0.15854317027742582,1.0006704208159125,0.00028213500570324477,1908.8236168299259,3.1395718e-03,490583,471.00151,463.88488,1.6401214e+05,4.6231346e+01,2.6020667e+03,1.3493650e+01,1.6988019e+05,4.7897038e+01,0,nan,nan,nan,nan,471.00151,2.5816966e-04,463.88488,2.9333495e-04,2.6081542e-03,-1.5901024e-02
-0.15846539446965835,0.9991770089914179,0.00028221235204430826,1902.6888146057336,3.0569576e-03,486166,470.98600,463.85010,1.6372638e+05,4.6252831e+01,2.7867991e+03,1.3626957e+01,1.6965897e+05,4.7919296e+01,0,nan,nan,nan,nan,470.98600,2.5837211e-04,463.85010,2.9420748e-04,-1.4646966e-02,-5.5325430e-02
-0.15834100860502076,1.0000359549826647,0.0002847187393039156,1718.6425389915962,-3.0267485e-03,353657,1328.20473,1818.98551,1.5790883e+05,4.5033764e+01,4.6573882e+03,1.1953048e+01,1.6618642e+05,4.7314686e+01,0,nan,nan,nan,nan,1328.20473,2.6125659e-04,1818.98551,2.3147355e-04,1.8845884e-03,3.2394207e-03
-0.15805820316472818,0.9999102246446071,0.0002826009001114289,1712.5079417970364,-2.9043909e-03,349240,1328.20916,1818.99162,1.5850198e+05,4.4729202e+01,3.2209021e+03,1.1238835e+01,1.6627859e+05,4.6994698e+01,0,nan,nan,nan,nan,1328.20916,2.5797490e-04,1818.99162,2.2769099e-04,6.3325120e-03,1.0007069e-02
-0.15799019673659132,0.9997890454652636,0.00029948128459504077,1761.587049803465,-2.9407702e-03,384577,1042.63541,1775.57046,1.5925320e+05,4.7689465e+01,1.0466788e+04,1.6472658e+01,1.6668158e+05,4.9928547e+01,0,nan,nan,nan,nan,1042.63541,2.8144228e-04,1775.57046,2.5097138e-04,1.1707652e-02,4.0207382e-02
-0.1579496586480218,0.9996450352528591,0.00029061055092149653,1755.4522103415536,-3.0607707e-03,380160,1042.61118,1775.56575,1.5910298e+05,4.6236935e+01,5.1655513e+03,1.4025467e+01,1.6651370e+05,4.8407822e+01,0,nan,nan,nan,nan,1042.61118,2.7074796e-04,1775.56575,2.4132777e-04,-1.3961291e-02,3.4969442e-02
-0.15775643663664596,0.999955935030822,0.0002932946632442318,1743.1826435635649,-3.1886264e-03,371326,1042.61446,1775.51818,1.5905002e+05,4.6661335e+01,6.7304453e+03,1.4793063e+01,1.6655602e+05,4.8852142e+01,0,nan,nan,nan,nan,1042.61446,2.7364312e-04,1775.51818,2.4463469e-04,-1.1093204e-02,-1.6540693e-02
-0.15743114846463868,1.0001310141794637,0.00028213866155145676,1921.0944888517388,3.1834857e-03,499418,471.02750,463.89745,1.6420333e+05,4.6244263e+01,2.5962224e+03,1.3440518e+01,1.6983386e+05,4.7910419e+01,0,nan,nan,nan,nan,471.02750,2.5858131e-04,463.89745,2.9298593e-04,2.9434260e-02,-2.8376684e-03
-0.15742327762973218,1.000141777971756,0.0002842884177309814,1730.9132167225716,-3.1770107e-03,362492,1328.20100,1819.02041,1.5839261e+05,4.4965252e+01,4.1647437e+03,1.1686559e+01,1.6620233e+05,4.7242702e+01,0,nan,nan,nan,nan,1328.20100,2.5979400e-04,1819.02041,2.2960326e-04,-2.3170675e-03,4.1604735e-02
-0.1572794359794898,1.0006310573402708,0.00028627733351623507,1914.9597605642239,3.1748079e-03,495001,471.01376,463.88814,1.6435372e+05,4.6943291e+01,4.8728433e+03,1.4811878e+01,1.6999362e+05,4.8634632e+01,0,nan,nan,nan,nan,471.01376,2.6245401e-04,463.88814,2.9772945e-04,1.5570729e-02,-1.3652442e-02
-0.15715426731139814,0.9998277355366679,0.0002820081593394232,1908.825005732892,3.1395864e-03,490584,471.00336,463.88224,1.6391188e+05,4.6210537e+01,2.5908401e+03,1.3474450e+01,1.6973706e+05,4.7875484e+01,0,nan,nan,nan,nan,471.00336,2.5827505e-04,463.88224,2.9313404e-04,2.5509251e-03,-1.9134657e-02
-0.15707648405350483,1.0000747283631855,0.0002824355753707505,1902.6902035161497,3.0569797e-03,486167,470.98233,463.86183,1.6389347e+05,4.6289387e+01,2.7921636e+03,1.3695979e+01,1.6981130e+05,4.7957169e+01,0,nan,nan,nan,nan,470.98233,2.5820761e-04,463.86183,2.9383530e-04,-1.8414091e-02,-4.2910006e-02
-0.15695214383708844,1.0006150485636764,0.0002846449442534063,1718.6439278563641,-3.0267721e-03,353658,1328.20402,1818.98367,1.5783358e+05,4.5022194e+01,4.6621401e+03,1.1965001e+01,1.6628303e+05,4.7302528e+01,0,nan,nan,nan,nan,1328.20402,2.6154719e-04,1818.98367,2.3142241e-04,1.5725639e-03,1.1144900e-03
-0.15666934724436032,0.9996998450262039,0.00028250041753645147,1712.5093306529568,-2.9044233e-03,349241,1328.20557,1818.98452,1.5833641e+05,4.4713448e+01,3.2153604e+03,1.1235812e+01,1.6624414e+05,4.6978142e+01,0,nan,nan,nan,nan,1328.20557,2.5798590e-04,1818.98452,2.2851997e-04,4.0523442e-03,2.1724622e-03
-0.15660127727323925,0.9997558021721537,0.0002995231256312027,1761.5884387229285,-2.9407390e-03,384578,1042.63025,1775.57088,1.5924456e+05,4.7696369e+01,1.0451623e+04,1.6483261e+01,1.6667689e+05,4.9935776e+01,0,nan,nan,nan,nan,1042.63025,2.8173326e-04,1775.57088,2.5087572e-04,6.7995009e-03,4.0549107e-02
-0.15656074756680027,0.9993133955885362,0.00029048868598702536,1755.4535992526348,-3.0607479e-03,380161,1042.61533,1775.57117,1.5883609e+05,4.6217579e+01,5.1641504e+03,1.4049614e+01,1.6645856e+05,4.8387550e+01,0,nan,nan,nan,nan,1042.61533,2.7108667e-04,1775.57117,2.4204768e-04,-9.3453005e-03,3.9924685e-02
-0.15636754092201954,1.000001893794832,0.0002935529448423073,1743.1840324592795,-3.1886189e-03,371327,1042.61480,1775.52704,1.5918530e+05,4.6702469e+01,6.7228384e+03,1.4831532e+01,1.6656381e+05,4.8895206e+01,0,nan,nan,nan,nan,1042.61480,2.7352083e-04,1775.52704,2.4461056e-04,-1.1031890e-02,-7.3444736e-03
-0.15604226156392542,1.0002151469345624,0.0002821809273017679,1921.0958777386395,3.1834843e-03,499419,471.02397,463.88320,1.6414367e+05,4.6251137e+01,2.6000266e+03,1.3478274e+01,1.6984794e+05,4.7917542e+01,0,nan,nan,nan,nan,471.02397,2.5859248e-04,463.88320,2.9344950e-04,2.6094839e-02,-1.8833529e-02
-0.15603439749429526,1.0005267666718083,0.000284496500546011,1730.914605602707,-3.1770188e-03,362493,1328.20280,1819.02308,1.5850095e+05,4.4998196e+01,4.1556738e+03,1.1777383e+01,1.6626642e+05,4.7277313e+01,0,nan,nan,nan,nan,1328.20280,2.5987113e-04,1819.02308,2.2940451e-04,-3.0111216e-04,4.4726674e-02
-0.15589054349175058,1.00014138998069,0.00028617014275178227,1914.9611494567116,3.1748121e-03,495002,471.01119,463.89823,1.6429975e+05,4.6925812e+01,4.8668696e+03,1.4758690e+01,1.6991081e+05,4.8616528e+01,0,nan,nan,nan,nan,471.01119,2.6238069e-04,463.89823,2.9800631e-04,1.2972202e-02,-2.9715390e-03
-0.15576536411344932,1.0003370465262342,0.0002820805113279915,1908.8263946360898,3.1396013e-03,490585,470.99901,463.87410,1.6396262e+05,4.6222382e+01,2.5886182e+03,1.3499696e+01,1.6982347e+05,4.7887753e+01,0,nan,nan,nan,nan,470.99901,2.5810118e-04,463.87410,2.9323722e-04,-1.0880284e-03,-2.8856320e-02
-0.15568757363689656,0.9998362323711059,0.00028226291769615727,1902.6915924265663,3.0570019e-03,486168,470.98519,463.85179,1.6385433e+05,4.6261059e+01,2.7845769e+03,1.3599128e+01,1.6977070e+05,4.7927822e+01,0,nan,nan,nan,nan,470.98519,2.5823893e-04,463.85179,2.9384074e-04,-1.5752612e-02,-5.3305101e-02
-0.15556327883564336,1.0008894408540558,0.00028471475450794813,1718.6453167213656,-3.0267953e-03,353659,1328.20539,1818.98627,1.5797658e+05,4.5033337e+01,4.6578188e+03,1.1962555e+01,1.6632900e+05,4.7314236e+01,0,nan,nan,nan,nan,1328.20539,2.6113284e-04,1818.98627,2.3113967e-04,2.9251897e-03,4.7285906e-03
-0.1552804915559136,0.9999643162030998,0.00028244683728731636,1712.5107195086453,-2.9044559e-03,349242,1328.20397,1818.98254,1.5843469e+05,4.4705112e+01,3.2337739e+03,1.1131071e+01,1.6628867e+05,4.6969387e+01,0,nan,nan,nan,nan,1328.20397,2.5777624e-04,1818.98254,2.2825220e-04,1.4584800e-03,1.6684846e-04
-0.15521235781034193,0.9992014487042151,0.00029948286800127324,1761.5898276423914,-2.9407078e-03,384579,1042.63479,1775.56708,1.5911827e+05,4.7690205e+01,1.0475971e+04,1.6509317e+01,1.6658531e+05,4.9929321e+01,0,nan,nan,nan,nan,1042.63479,2.8146504e-04,1775.56708,2.5106530e-04,1.2047013e-02,3.6796201e-02
-0.15517183648535138,1.0000006413603688,0.000290740965995219,1755.4549881637163,-3.0607251e-03,380162,1042.61318,1775.56825,1.5915220e+05,4.6257740e+01,5.1515474e+03,1.4031869e+01,1.6657312e+05,4.8429600e+01,0,nan,nan,nan,nan,1042.61318,2.7047482e-04,1775.56825,2.4165363e-04,-1.1520607e-02,3.6930270e-02
-0.15497864544113327,0.9993330665463216,0.00029311775757624866,1743.1854213547604,-3.1886117e-03,371328,1042.61618,1775.52570,1.5888803e+05,4.6633274e+01,6.7023823e+03,1.4765022e+01,1.6645256e+05,4.8822765e+01,0,nan,nan,nan,nan,1042.61618,2.7391274e-04,1775.52570,2.4495181e-04,-8.5200984e-03,-9.1706468e-03
-0.15465337466321216,0.9996472912192096,0.00028210538491647456,1921.0972666255402,3.1834829e-03,499420,471.02595,463.89423,1.6412759e+05,4.6238697e+01,2.5951316e+03,1.3464226e+01,1.6975131e+05,4.7904655e+01,0,nan,nan,nan,nan,471.02595,2.5867872e-04,463.89423,2.9293174e-04,2.7585048e-02,-6.0583334e-03
-0.1546455175914616,1.0001857800967315,0.000284304166935223,1730.91599448261,-3.1770272e-03,362494,1328.20516,1819.02724,1.5847634e+05,4.4967800e+01,4.1586143e+03,1.1651037e+01,1.6620988e+05,4.7245384e+01,0,nan,nan,nan,nan,1328.20516,2.5981889e-04,1819.02724,2.2962379e-04,1.7188231e-03,4.9163729e-02
-0.15450165076981648,0.9994945264844785,0.0002860581293303619,1914.9625383494335,3.1748165e-03,495003,471.01602,463.90109,1.6398328e+05,4.6907547e+01,4.8820342e+03,1.4815973e+01,1.6980130e+05,4.8597603e+01,0,nan,nan,nan,nan,471.01602,2.6328574e-04,463.90109,2.9852564e-04,1.9238029e-02,-2.6170843e-05
-0.1543764611478764,1.0002003386780542,0.00028203813916957276,1908.8277835390554,3.1396160e-03,490586,470.99746,463.87307,1.6395091e+05,4.6215424e+01,2.5941252e+03,1.3451406e+01,1.6980020e+05,4.7880543e+01,0,nan,nan,nan,nan,470.99746,2.5806413e-04,463.87307,2.9334915e-04,-2.5683346e-03,-2.9668277e-02
-0.1542986632202883,1.000113798926362,0.00028233013746169656,1902.692981336983,3.0570240e-03,486169,470.98573,463.85178,1.6391497e+05,4.6272053e+01,2.7828389e+03,1.3601489e+01,1.6981773e+05,4.7939209e+01,0,nan,nan,nan,nan,470.98573,2.5809242e-04,463.85178,2.9376236e-04,-1.5902476e-02,-5.3772908e-02
-0.15417441406680155,1.0000429907805435,0.0002845760998881574,1718.6467055861344,-3.0268189e-03,353660,1328.20345,1818.98474,1.5783917e+05,4.5011501e+01,4.6570762e+03,1.1948298e+01,1.6618869e+05,4.7291294e+01,0,nan,nan,nan,nan,1328.20345,2.6109649e-04,1818.98474,2.3136556e-04,-6.8509238e-05,2.7061785e-03
-0.15389163586701216,0.9998732798686512,0.00028271438200273033,1712.5121083643342,-2.9044885e-03,349243,1328.20248,1818.98472,1.5832761e+05,4.4747601e+01,3.2180427e+03,1.1291008e+01,1.6627408e+05,4.7014030e+01,0,nan,nan,nan,nan,1328.20248,2.5830805e-04,1818.98472,2.2869519e-04,4.9577327e-04,1.8669089e-03
-0.1538234385798205,0.999772773989623,0.00029957813783730597,1761.5912165616219,-2.9406769e-03,384580,1042.62593,1775.57414,1.5924545e+05,4.7705616e+01,1.0476244e+04,1.6519932e+01,1.6668142e+05,4.9945457e+01,0,nan,nan,nan,nan,1042.62593,2.8143043e-04,1775.57414,2.5080165e-04,2.1122925e-03,4.4172522e-02
-0.15378292540435723,0.9998862493361702,0.00029056125409517963,1755.4563770747973,-3.0607022e-03,380163,1042.61197,1775.57043,1.5916023e+05,4.6229179e+01,5.1473477e+03,1.4002387e+01,1.6655417e+05,4.8399696e+01,0,nan,nan,nan,nan,1042.61197,2.7057095e-04,1775.57043,2.4128318e-04,-1.3366920e-02,3.9423455e-02
-0.15358974972741635,1.0004261635631582,0.00029337627537040197,1743.186810250474,-3.1886043e-03,371329,1042.61757,1775.52550,1.5924389e+05,4.6674442e+01,6.6865503e+03,1.4769019e+01,1.6663478e+05,4.8865868e+01,0,nan,nan,nan,nan,1042.61757,2.7365980e-04,1775.52550,2.4434083e-04,-7.6535065e-03,-9.0361265e-03
-0.15326448776295365,1.0003312995816622,0.0002822819249330614,1921.0986555124405,3.1834815e-03,499421,471.02215,463.88810,1.6415081e+05,4.6267582e+01,2.5914692e+03,1.3526099e+01,1.6986728e+05,4.7934582e+01,0,nan,nan,nan,nan,471.02215,2.5865814e-04,463.88810,2.9330884e-04,2.4099484e-02,-1.3045881e-02
-0.1532566374560247,1.0002225604581805,0.00028440794328013665,1730.9173833627453,-3.1770354e-03,362495,1328.19762,1819.01573,1.5848283e+05,4.4984253e+01,4.1478809e+03,1.1750113e+01,1.6621612e+05,4.7262665e+01,0,nan,nan,nan,nan,1328.19762,2.5959182e-04,1819.01573,2.2963709e-04,-6.0231998e-03,3.6500547e-02
-0.15311275828025828,1.000363745203953,0.0002863109595726304,1914.963927241923,3.1748207e-03,495004,471.02095,463.89850,1.6431652e+05,4.6949112e+01,4.8735259e+03,1.4849731e+01,1.6994934e+05,4.8640663e+01,0,nan,nan,nan,nan,471.02095,2.6274950e-04,463.89850,2.9765794e-04,2.3271231e-02,-2.1228166e-03
-0.15298755818184873,0.9998388082153608,0.00028206982145641203,1908.8291724420214,3.1396307e-03,490587,471.00344,463.87204,1.6381731e+05,4.6220600e+01,2.6084973e+03,1.3483788e+01,1.6973877e+05,4.7885902e+01,0,nan,nan,nan,nan,471.00344,2.5865622e-04,463.87204,2.9385107e-04,3.4518843e-03,-3.0509686e-02
-0.15290975257175887,1.0001919770482275,0.0002823096344311992,1902.6943702476315,3.0570463e-03,486170,470.98598,463.86909,1.6392964e+05,4.6268665e+01,2.7920872e+03,1.3588059e+01,1.6983092e+05,4.7935703e+01,0,nan,nan,nan,nan,470.98598,2.5857228e-04,463.86909,2.9359735e-04,-1.5030019e-02,-3.4627009e-02
-0.15278554929886923,0.9991225793281051,0.0002844124357549377,1718.6480944509024,-3.0268424e-03,353661,1328.20776,1818.98367,1.5765092e+05,4.4985710e+01,4.6471636e+03,1.1928232e+01,1.6603609e+05,4.7264198e+01,0,nan,nan,nan,nan,1328.20776,2.6172638e-04,1818.98367,2.3173359e-04,5.7275007e-03,1.1330615e-03
-0.15250278017879282,0.9995434560941155,0.0002824737530424226,1712.5134972200224,-2.9045211e-03,349244,1328.20216,1818.98063,1.5831828e+05,4.4709660e+01,3.2283848e+03,1.1220758e+01,1.6621977e+05,4.6974167e+01,0,nan,nan,nan,nan,1328.20216,2.5792624e-04,1818.98063,2.2849657e-04,-7.0362288e-04,-2.0168757e-03
-0.15243451911692318,0.99982894397466,0.00029950960996968354,1761.5926054810848,-2.9406457e-03,384581,1042.63407,1775.57531,1.5924561e+05,4.7694946e+01,1.0492092e+04,1.6495199e+01,1.6669162e+05,4.9934284e+01,0,nan,nan,nan,nan,1042.63407,2.8138302e-04,1775.57531,2.5086477e-04,1.0947714e-02,4.4284102e-02
-0.15239401432290833,1.0000225316350304,0.00029064379630601986,1755.4577659858787,-3.0606794e-03,380164,1042.61018,1775.55923,1.5913738e+05,4.6242336e+01,5.1603701e+03,1.4031186e+01,1.6657697e+05,4.8413471e+01,0,nan,nan,nan,nan,1042.61018,2.7071216e-04,1775.55923,2.4147519e-04,-1.5697319e-02,2.7704971e-02
-0.15220085424584795,1.0001446945174177,0.00029339671196776406,1743.1881991459557,-3.1885970e-03,371330,1042.61667,1775.52617,1.5916216e+05,4.6677734e+01,6.6812847e+03,1.4835328e+01,1.6658805e+05,4.8869312e+01,0,nan,nan,nan,nan,1042.61667,2.7343523e-04,1775.52617,2.4462646e-04,-8.7542534e-03,-8.8058822e-03
-0.15187560086314988,0.9996290259841311,0.00028218955711079366,1921.1000443993403,3.1834801e-03,499422,471.02436,463.88644,1.6410616e+05,4.6252392e+01,2.6090503e+03,1.3532460e+01,1.6974783e+05,4.7918839e+01,0,nan,nan,nan,nan,471.02436,2.5848034e-04,463.88644,2.9322627e-04,2.6865548e-02,-1.5000001e-02
-0.15186775732058777,0.9997985462493526,0.0002839904058552264,1730.9187722428808,-3.1770435e-03,362496,1328.20305,1819.02716,1.5823892e+05,4.4918247e+01,4.1441328e+03,1.1653797e+01,1.6614580e+05,4.7193317e+01,0,nan,nan,nan,nan,1328.20305,2.6009392e-04,1819.02716,2.2946650e-04,4.2467841e-04,4.8683282e-02
-0.15172386555968842,0.9998742614053636,0.0002860160160691137,1914.9653161346437,3.1748251e-03,495005,471.00904,463.88509,1.6416906e+05,4.6900848e+01,4.8656001e+03,1.4755653e+01,1.6986655e+05,4.8590664e+01,0,nan,nan,nan,nan,471.00904,2.6257391e-04,463.88509,2.9838542e-04,1.0350961e-02,-1.6994514e-02
-0.15159865498253566,1.000018002131699,0.0002819982779804872,1908.8305613452208,3.1396456e-03,490588,471.00051,463.88266,1.6389825e+05,4.6208858e+01,2.5829590e+03,1.3480756e+01,1.6976912e+05,4.7873741e+01,0,nan,nan,nan,nan,471.00051,2.5813928e-04,463.88266,2.9321073e-04,4.3026055e-04,-1.9450350e-02
-0.1515208421551506,1.000601797377414,0.00028236660590307266,1902.695759158048,3.0570684e-03,486171,470.98968,463.85734,1.6395914e+05,4.6277981e+01,2.7802173e+03,1.3625187e+01,1.6990041e+05,4.7945351e+01,0,nan,nan,nan,nan,470.98968,2.5811390e-04,463.85734,2.9391955e-04,-1.1176438e-02,-4.7500718e-02
-0.1513966845309369,1.0006772147129936,0.00028467123766730826,1718.6494833156703,-3.0268659e-03,353662,1328.20056,1818.98273,1.5791655e+05,4.5026741e+01,4.6608657e+03,1.1947320e+01,1.6629480e+05,4.7307308e+01,0,nan,nan,nan,nan,1328.20056,2.6107099e-04,1818.98273,2.3140523e-04,-2.3189506e-03,3.9495630e-04
-0.15111392449102823,1.0001271174413038,0.00028256256436721023,1712.5148860757101,-2.9045537e-03,349245,1328.20974,1818.98755,1.5851828e+05,4.4723866e+01,3.2360476e+03,1.1171455e+01,1.6631738e+05,4.6989090e+01,0,nan,nan,nan,nan,1328.20974,2.5788936e-04,1818.98755,2.2826233e-04,7.0296326e-03,5.0768652e-03
-0.15104559965357112,0.9999998292244937,0.000299589139955967,1761.5939944005481,-2.9406145e-03,384582,1042.63003,1775.56604,1.5926211e+05,4.7707851e+01,1.0491421e+04,1.6507154e+01,1.6672095e+05,4.9947796e+01,0,nan,nan,nan,nan,1042.63003,2.8175203e-04,1775.56604,2.5093721e-04,6.9940491e-03,3.5453945e-02
-0.15100510324145944,0.9999001691936114,0.00029072648620113057,1755.4591548969602,-3.0606566e-03,380165,1042.61611,1775.57309,1.5915819e+05,4.6255512e+01,5.1410957e+03,1.4032030e+01,1.6655667e+05,4.8427273e+01,0,nan,nan,nan,nan,1042.61611,2.7056489e-04,1775.57309,2.4165159e-04,-9.1558602e-03,4.2056516e-02
-0.1508119585314489,0.9999378522736443,0.0002934378709170676,1743.18958804167,-3.1885896e-03,371331,1042.61672,1775.51966,1.5914611e+05,4.6684322e+01,6.6533237e+03,1.4793736e+01,1.6655373e+05,4.8876209e+01,0,nan,nan,nan,nan,1042.61672,2.7384306e-04,1775.51966,2.4476647e-04,-9.4144903e-03,-1.5147439e-02
-0.15048671396289137,1.000303782364986,0.0002821830681603102,1921.1014332862405,3.1834787e-03,499423,471.02388,463.89018,1.6416422e+05,4.6251274e+01,2.5908855e+03,1.3459677e+01,1.6986220e+05,4.7917683e+01,0,nan,nan,nan,nan,471.02388,2.5845726e-04,463.89018,2.9337799e-04,2.5254870e-02,-1.1184801e-02
-0.15047887741866361,1.0004984934306453,0.0002842360954237449,1730.9201611227827,-3.1770519e-03,362497,1328.20254,1819.02285,1.5850555e+05,4.4957146e+01,4.1443506e+03,1.1670940e+01,1.6626225e+05,4.7234184e+01,0,nan,nan,nan,nan,1328.20254,2.5969325e-04,1819.02285,2.2905183e-04,-6.6468527e-04,4.4377968e-02
-0.15033497307149446,1.0004196100927139,0.0002862138204912097,1914.9667050271319,3.1748293e-03,495006,471.01034,463.89895,1.6429512e+05,4.6933384e+01,4.8651270e+03,1.4803026e+01,1.6995955e+05,4.8624371e+01,0,nan,nan,nan,nan,471.01034,2.6243678e-04,463.89895,2.9789243e-04,1.1754513e-02,-1.5849094e-03
-0.150209752016508,0.9997122030867156,0.00028194259796023686,1908.8319502481868,3.1396602e-03,490589,470.99950,463.87388,1.6389962e+05,4.6199715e+01,2.5874314e+03,1.3424845e+01,1.6971716e+05,4.7864269e+01,0,nan,nan,nan,nan,470.99950,2.5817094e-04,463.87388,2.9322039e-04,-1.3979346e-03,-2.8009288e-02
-0.15013193173854233,1.000519980259537,0.0002823007252690756,1902.6971480684647,3.0570906e-03,486172,470.98696,463.85179,1.6404017e+05,4.6267151e+01,2.7904014e+03,1.3554182e+01,1.6988642e+05,4.7934135e+01,0,nan,nan,nan,nan,470.98696,2.5784300e-04,463.85179,2.9338102e-04,-1.3887342e-02,-5.3043030e-02
-0.15000781952926445,0.9998730973688391,0.0002846680089605429,1718.650872180672,-3.0268892e-03,353663,1328.20678,1818.99189,1.5786484e+05,4.5026321e+01,4.6610020e+03,1.1984519e+01,1.6616150e+05,4.7306866e+01,0,nan,nan,nan,nan,1328.20678,2.6157335e-04,1818.99189,2.3106775e-04,4.7244304e-03,1.0279000e-02
-0.14972506856997825,0.9998189792802562,0.0002825618499224106,1712.5162749316312,-2.9045860e-03,349246,1328.21004,1818.98603,1.5847125e+05,4.4723896e+01,3.2377607e+03,1.1226268e+01,1.6626667e+05,4.6989120e+01,0,nan,nan,nan,nan,1328.21004,2.5806282e-04,1818.98603,2.2803797e-04,7.6606288e-03,4.2224866e-03
-0.14965668019021905,0.9999497181912177,0.00029960547162078766,1761.5953833200115,-2.9405833e-03,384583,1042.63656,1775.57321,1.5927902e+05,4.7710690e+01,1.0482311e+04,1.6521070e+01,1.6671342e+05,4.9950768e+01,0,nan,nan,nan,nan,1042.63656,2.8167065e-04,1775.57321,2.5077056e-04,1.3124953e-02,4.2769365e-02
-0.14961619239329593,0.9997729278602179,0.00029055993473545117,1755.4605438078083,-3.0606340e-03,380166,1042.61117,1775.56511,1.5907231e+05,4.6229038e+01,5.1485762e+03,1.4013097e+01,1.6653556e+05,4.8399555e+01,0,nan,nan,nan,nan,1042.61117,2.7081720e-04,1775.56511,2.4163521e-04,-1.4265455e-02,3.3850946e-02
-0.1494230628168225,0.999438318300717,0.00029323518730635243,1743.1909769373847,-3.1885821e-03,371332,1042.61490,1775.52666,1.5893691e+05,4.6652115e+01,6.6634995e+03,1.4799162e+01,1.6647067e+05,4.8842491e+01,0,nan,nan,nan,nan,1042.61490,2.7417624e-04,1775.52666,2.4488464e-04,-1.1240207e-02,-7.8927102e-03
-0.1490978270630876,1.0003332828687113,0.00028209861147318285,1921.1028221731403,3.1834773e-03,499424,471.02197,463.88733,1.6416227e+05,4.6237377e+01,2.6092588e+03,1.3439760e+01,1.6986703e+05,4.7903290e+01,0,nan,nan,nan,nan,471.02197,2.5843567e-04,463.88733,2.9307228e-04,2.3930965e-02,-1.4254116e-02
-0.14908999728390882,1.0006526697891385,0.000284363959894466,1730.9215500029175,-3.1770600e-03,362498,1328.19951,1819.01568,1.5849856e+05,4.4977409e+01,4.1470498e+03,1.1697642e+01,1.6628802e+05,4.7255474e+01,0,nan,nan,nan,nan,1328.19951,2.5963219e-04,1819.01568,2.2965520e-04,-4.3176631e-03,3.5866231e-02
-0.14894608058375525,1.0001072252456158,0.0002861867134488926,1914.9680939196196,3.1748335e-03,495007,471.02022,463.89362,1.6422169e+05,4.6929043e+01,4.8653706e+03,1.4814314e+01,1.6990684e+05,4.8619869e+01,0,nan,nan,nan,nan,471.02022,2.6291888e-04,463.89362,2.9793885e-04,2.2726441e-02,-7.7787032e-03
-0.14882084905116244,1.0001469665902027,0.0002821224752257425,1908.8333391511521,3.1396749e-03,490590,470.99827,463.87292,1.6395369e+05,4.6229179e+01,2.6035083e+03,1.3523640e+01,1.6979091e+05,4.7894791e+01,0,nan,nan,nan,nan,470.99827,2.5812266e-04,463.87292,2.9324938e-04,-2.1746045e-03,-2.9718038e-02
-0.14874302132193407,1.0000228804327544,0.0002822158957013036,1902.6985369788813,3.0571127e-03,486173,470.98714,463.85739,1.6389769e+05,4.6253223e+01,2.8018291e+03,1.3550179e+01,1.6980192e+05,4.7919704e+01,0,nan,nan,nan,nan,470.98714,2.5827272e-04,463.85739,2.9369895e-04,-1.3826044e-02,-4.6987791e-02
-0.1486189547599679,1.0001286489014942,0.0002848247945966532,1718.6522610454413,-3.0269127e-03,353664,1328.20857,1818.98335,1.5792911e+05,4.5051208e+01,4.6608125e+03,1.2028504e+01,1.6620430e+05,4.7333015e+01,0,nan,nan,nan,nan,1328.20857,2.6114294e-04,1818.98335,2.3148878e-04,6.4987773e-03,1.3427353e-03
-0.1483362128817589,1.000313084710178,0.0002827611533633314,1712.5176637873194,-2.9046186e-03,349247,1328.20523,1818.98624,1.5860778e+05,4.4755589e+01,3.2386963e+03,1.1199000e+01,1.6634938e+05,4.7022419e+01,0,nan,nan,nan,nan,1328.20523,2.5833174e-04,1818.98624,2.2788248e-04,2.3120104e-03,3.7981644e-03
-0.14826776096015237,0.9996844500813058,0.00029936444862050987,1761.5967722392415,-2.9405523e-03,384584,1042.62595,1775.57182,1.5921322e+05,4.7672543e+01,1.0459562e+04,1.6458109e+01,1.6667003e+05,4.9910828e+01,0,nan,nan,nan,nan,1042.62595,2.8139501e-04,1775.57182,2.5090537e-04,2.8301810e-03,4.1334987e-02
-0.14822728131184704,0.9998653106723141,0.0002906538037357101,1755.4619327188898,-3.0606112e-03,380167,1042.61231,1775.57046,1.5925494e+05,4.6243999e+01,5.1488438e+03,1.4011868e+01,1.6655105e+05,4.8415215e+01,0,nan,nan,nan,nan,1042.61231,2.7031772e-04,1775.57046,2.4123957e-04,-1.3073478e-02,3.9732952e-02
-0.14803416733548147,0.9995442136904501,0.0002931628820600345,1743.192365832866,-3.1885749e-03,371333,1042.61531,1775.52828,1.5904364e+05,4.6640652e+01,6.6455918e+03,1.4744778e+01,1.6648845e+05,4.8830490e+01,0,nan,nan,nan,nan,1042.61531,2.7355086e-04,1775.52828,2.4450477e-04,-9.7612990e-03,-6.2443162e-03
-0.14770894016146485,1.0000714412316432,0.00028237499411575787,1921.104211060042,3.1834759e-03,499425,471.02657,463.88805,1.6416055e+05,4.6282623e+01,2.6067988e+03,1.3607255e+01,1.6982238e+05,4.7950165e+01,0,nan,nan,nan,nan,471.02657,2.5852714e-04,463.88805,2.9308844e-04,2.8721597e-02,-1.2706549e-02
-0.14770111738039304,1.0000141335866404,0.00028419051418018533,1730.922938882821,-3.1770684e-03,362499,1328.20105,1819.02318,1.5840903e+05,4.4950020e+01,4.1414077e+03,1.1691533e+01,1.6618206e+05,4.7226696e+01,0,nan,nan,nan,nan,1328.20105,2.5956929e-04,1819.02318,2.2932976e-04,-2.2962152e-03,4.4499177e-02
-0.14755718786273064,1.0000834408660706,0.00028631395888099425,1914.9694828123406,3.1748379e-03,495008,471.01390,463.90016,1.6425542e+05,4.6950005e+01,4.8506479e+03,1.4835392e+01,1.6990317e+05,4.8641586e+01,0,nan,nan,nan,nan,471.01390,2.6269074e-04,463.90016,2.9823600e-04,1.5883472e-02,-6.3821237e-04
-0.14743194585298625,0.9999000590036479,0.0002819435983483682,1908.8347280543503,3.1396898e-03,490591,471.00090,463.87915,1.6386514e+05,4.6199852e+01,2.5928335e+03,1.3472271e+01,1.6974894e+05,4.7864410e+01,0,nan,nan,nan,nan,471.00090,2.5808721e-04,463.87915,2.9328241e-04,6.1406399e-04,-2.2523027e-02
-0.14735411067249515,1.0002158946428192,0.00028247158810249646,1902.6999258895307,3.0571350e-03,486174,470.98134,463.85396,1.6390830e+05,4.6295105e+01,2.8022417e+03,1.3672902e+01,1.6983461e+05,4.7963097e+01,0,nan,nan,nan,nan,470.98134,2.5825392e-04,463.85396,2.9386420e-04,-1.9142186e-02,-5.1523510e-02
-0.14723008999067133,1.000041369344525,0.00028450281263127646,1718.6536499102106,-3.0269362e-03,353665,1328.20337,1818.98425,1.5776078e+05,4.5000366e+01,4.6495283e+03,1.1926363e+01,1.6619011e+05,4.7279598e+01,0,nan,nan,nan,nan,1328.20337,2.6136759e-04,1818.98425,2.3163731e-04,1.3769674e-04,1.2561918e-03
-0.1469473571942217,1.0002979359336297,0.0002825759522211309,1712.519052643007,-2.9046512e-03,349248,1328.20767,1818.98377,1.5860106e+05,4.4726418e+01,3.2355081e+03,1.1168155e+01,1.6634739e+05,4.6991772e+01,0,nan,nan,nan,nan,1328.20767,2.5768179e-04,1818.98377,2.2773018e-04,4.8895050e-03,2.1786022e-03
-0.1468788414968003,1.0000025091075955,0.0002994183365370183,1761.598161158705,-2.9405211e-03,384585,1042.63723,1775.57581,1.5929838e+05,4.7681358e+01,1.0481653e+04,1.6444765e+01,1.6672386e+05,4.9920059e+01,0,nan,nan,nan,nan,1042.63723,2.8121177e-04,1775.57581,2.5080936e-04,1.4589394e-02,4.4898782e-02
-0.1468383702308529,1.000220167822222,0.0002908433274228779,1755.4633216299708,-3.0605884e-03,380168,1042.61405,1775.56187,1.5921609e+05,4.6274178e+01,5.1727100e+03,1.4071362e+01,1.6661023e+05,4.8446808e+01,0,nan,nan,nan,nan,1042.61405,2.7069205e-04,1775.56187,2.4143461e-04,-1.1325561e-02,3.0809255e-02
-0.14664527162085506,1.0007788887002143,0.0002933023525703691,1743.1937547285806,-3.1885675e-03,371334,1042.61483,1775.51830,1.5919753e+05,4.6662884e+01,6.6379355e+03,1.4745601e+01,1.6669425e+05,4.8853764e+01,0,nan,nan,nan,nan,1042.61483,2.7345339e-04,1775.51830,2.4472439e-04,-1.0559298e-02,-1.6409760e-02
-0.14632005326029685,0.9997573198030608,0.0002820618742959166,1921.1055999469431,3.1834745e-03,499426,471.02499,463.89028,1.6408700e+05,4.6231255e+01,2.5793445e+03,1.3475576e+01,1.6976884e+05,4.7896942e+01,0,nan,nan,nan,nan,471.02499,2.5838224e-04,463.89028,2.9314985e-04,2.7036138e-02,-1.0639774e-02
-0.146312237244274,0.999715226328114,0.0002841901264907394,1730.924327762957,-3.1770766e-03,362500,1328.20194,1819.01788,1.5842959e+05,4.4949997e+01,4.1334282e+03,1.1654267e+01,1.6613255e+05,4.7226677e+01,0,nan,nan,nan,nan,1328.20194,2.5953935e-04,1819.01788,2.2974497e-04,-9.7199192e-04,3.8511101e-02
-0.1461682953736272,1.0005322204013232,0.00028621303629741907,1914.9708717048297,3.1748421e-03,495009,471.01222,463.90111,1.6437538e+05,4.6933548e+01,4.8388691e+03,1.4780426e+01,1.6997977e+05,4.8624542e+01,0,nan,nan,nan,nan,471.01222,2.6266696e-04,463.90111,2.9761938e-04,1.4415544e-02,3.2510783e-04
-0.14604304288786807,1.0001623390730183,0.00028202403269315544,1908.8361169573154,3.1397045e-03,490592,471.00458,463.89092,1.6398838e+05,4.6213017e+01,2.5959731e+03,1.3439317e+01,1.6979341e+05,4.7878048e+01,0,nan,nan,nan,nan,471.00458,2.5826608e-04,463.89092,2.9324231e-04,5.0888634e-03,-8.9668967e-03
-0.14596520025679638,0.9998598696251665,0.000282206248179236,1902.7013147999464,3.0571572e-03,486175,470.98756,463.85723,1.6385917e+05,4.6251595e+01,2.7917759e+03,1.3565015e+01,1.6977406e+05,4.7918015e+01,0,nan,nan,nan,nan,470.98756,2.5820883e-04,463.85723,2.9378009e-04,-1.3296801e-02,-4.7367886e-02
-0.145841225222739,1.0000174209506127,0.0002845616866049179,1718.6550387749785,-3.0269597e-03,353666,1328.20452,1818.98703,1.5769177e+05,4.5009769e+01,4.6652754e+03,1.2013212e+01,1.6618645e+05,4.7289474e+01,0,nan,nan,nan,nan,1328.20452,2.6148304e-04,1818.98703,2.3160859e-04,2.4549149e-03,5.0159432e-03
-0.14555850150668448,0.9994507879638116,0.00028247987253450583,1712.5204414986945,-2.9046838e-03,349249,1328.20725,1818.98181,1.5833358e+05,4.4711353e+01,3.2543955e+03,1.1217662e+01,1.6620705e+05,4.6975945e+01,0,nan,nan,nan,nan,1328.20725,2.5820456e-04,1818.98181,2.2836178e-04,4.7372673e-03,-5.4097292e-04
-0.1454899220336756,0.9998095992982359,0.00029968787573404223,1761.599550078168,-2.9404899e-03,384586,1042.63046,1775.56715,1.5920764e+05,4.7724514e+01,1.0501582e+04,1.6538815e+01,1.6669252e+05,4.9965240e+01,0,nan,nan,nan,nan,1042.63046,2.8151184e-04,1775.56715,2.5127613e-04,6.6726836e-03,3.6937315e-02
-0.1454494591500861,0.9995137855095042,0.0002906118898764462,1755.4647105410515,-3.0605656e-03,380169,1042.61379,1775.56500,1.5908400e+05,4.6237377e+01,5.1651475e+03,1.4025744e+01,1.6649266e+05,4.8408283e+01,0,nan,nan,nan,nan,1042.61379,2.7076405e-04,1775.56500,2.4144701e-04,-1.1932456e-02,3.3682186e-02
-0.14525637590622864,1.0003565570020256,0.0002932333978449711,1743.1951436242953,-3.1885600e-03,371335,1042.61988,1775.52479,1.5914241e+05,4.6651955e+01,6.6455850e+03,1.4767578e+01,1.6662405e+05,4.8842319e+01,0,nan,nan,nan,nan,1042.61988,2.7353613e-04,1775.52479,2.4432421e-04,-5.3484463e-03,-9.7148567e-03
-0.14493116636049308,1.0002754720640017,0.0002820419887604829,1921.106988833843,3.1834731e-03,499427,471.02377,463.89128,1.6418431e+05,4.6227940e+01,2.5857793e+03,1.3415532e+01,1.6985664e+05,4.7893513e+01,0,nan,nan,nan,nan,471.02377,2.5845712e-04,463.89128,2.9310872e-04,2.5771283e-02,-9.6953390e-03
-0.14492335710883708,0.9999162456235808,0.000284123270672529,1730.9257166430925,-3.1770847e-03,362501,1328.20161,1819.02293,1.5838767e+05,4.4939472e+01,4.1401128e+03,1.1661853e+01,1.6616611e+05,4.7215614e+01,0,nan,nan,nan,nan,1328.20161,2.5975853e-04,1819.02293,2.2920070e-04,-1.9915339e-03,4.4449449e-02
-0.14477940265146572,0.9995785280740905,0.00028592752233728324,1914.972260597552,3.1748465e-03,495010,471.01674,463.89417,1.6401731e+05,4.6886833e+01,4.8575747e+03,1.4770570e+01,1.6981809e+05,4.8576138e+01,0,nan,nan,nan,nan,471.01674,2.6318888e-04,463.89417,2.9859078e-04,1.8971100e-02,-6.8688854e-03
-0.1446541399209309,0.9998330296237313,0.00028186454009654284,1908.8375058602824,3.1397191e-03,490593,470.99790,463.86835,1.6382477e+05,4.6186871e+01,2.5819653e+03,1.3441396e+01,1.6973745e+05,4.7850960e+01,0,nan,nan,nan,nan,470.99790,2.5825007e-04,463.86835,2.9368149e-04,-3.1448824e-03,-3.4895249e-02
-0.14457628984064286,1.000118378844941,0.0002822700505064297,1902.7027037103626,3.0571793e-03,486176,470.98910,463.86269,1.6394619e+05,4.6262024e+01,2.7957646e+03,1.3560559e+01,1.6981786e+05,4.7928822e+01,0,nan,nan,nan,nan,470.98910,2.5823797e-04,463.86269,2.9372051e-04,-1.1408768e-02,-4.1152183e-02
-0.14445236022197605,1.0004416299630272,0.0002847263095550792,1718.6564276399793,-3.0269830e-03,353667,1328.20197,1818.98388,1.5800150e+05,4.5035889e+01,4.6496934e+03,1.1960671e+01,1.6625727e+05,4.7316917e+01,0,nan,nan,nan,nan,1328.20197,2.6082815e-04,1818.98388,2.3132397e-04,-1.1055659e-03,1.5213389e-03
-0.1441696455856345,0.9990380536521907,0.00028248963233654334,1712.5218303546155,-2.9047162e-03,349250,1328.20435,1818.98075,1.5834556e+05,4.4713047e+01,3.2511213e+03,1.1181412e+01,1.6613895e+05,4.6977722e+01,0,nan,nan,nan,nan,1328.20435,2.5803800e-04,1818.98075,2.2845085e-04,1.5071890e-03,-1.8746610e-03
-0.14410100257055092,0.999757129984016,0.0002993950201206786,1761.6009389976311,-2.9404587e-03,384587,1042.63587,1775.56833,1.5921900e+05,4.7678104e+01,1.0486611e+04,1.6463877e+01,1.6668458e+05,4.9916653e+01,0,nan,nan,nan,nan,1042.63587,2.8130171e-04,1775.56833,2.5084076e-04,1.2899284e-02,3.8010035e-02
-0.14406054806931934,1.0000475103840896,0.0002906996549311589,1755.4660994521323,-3.0605427e-03,380170,1042.61325,1775.57005,1.5915652e+05,4.6251369e+01,5.1674575e+03,1.4030289e+01,1.6658164e+05,4.8422928e+01,0,nan,nan,nan,nan,1042.61325,2.7056254e-04,1775.57005,2.4144906e-04,-1.1633258e-02,3.8724873e-02
-0.14386748042488762,0.999664302330111,0.0002931099375477118,1743.1965325197766,-3.1885528e-03,371336,1042.61588,1775.52809,1.5906069e+05,4.6632351e+01,6.6269395e+03,1.4742969e+01,1.6650888e+05,4.8821796e+01,0,nan,nan,nan,nan,1042.61588,2.7359513e-04,1775.52809,2.4439482e-04,-9.8461602e-03,-6.5355198e-03
-0.14354227946023457,1.0004416664189462,0.00028236487103861424,1921.1083777207432,3.1834717e-03,499428,471.02475,463.88295,1.6420603e+05,4.6280815e+01,2.6042749e+03,1.3587662e+01,1.6988469e+05,4.7948288e+01,0,nan,nan,nan,nan,471.02475,2.5852805e-04,463.88295,2.9309638e-04,2.6669029e-02,-1.9057807e-02
-0.14353447720600343,1.0004043332759833,0.00028421469125217326,1730.9271055229954,-3.1770931e-03,362502,1328.19773,1819.01919,1.5847461e+05,4.4953976e+01,4.1445771e+03,1.1661862e+01,1.6624739e+05,4.7230854e+01,0,nan,nan,nan,nan,1328.19773,2.5966717e-04,1819.01919,2.2936033e-04,-5.7608867e-03,3.9641511e-02
-0.14339051016349913,1.0002475359976801,0.00028629148205579295,1914.9736494900399,3.1748507e-03,495011,471.01482,463.89577,1.6432836e+05,4.6946609e+01,4.8572456e+03,1.4832335e+01,1.6993208e+05,4.8638069e+01,0,nan,nan,nan,nan,471.01482,2.6240663e-04,463.89577,2.9791499e-04,1.6204834e-02,-5.3309221e-03
-0.14326523695444848,0.999825053341115,0.00028202074522463354,1908.8388947632488,3.1397338e-03,490594,470.99602,463.87159,1.6388445e+05,4.6212448e+01,2.6105845e+03,1.3494965e+01,1.6973605e+05,4.7877460e+01,0,nan,nan,nan,nan,470.99602,2.5802429e-04,463.87159,2.9354190e-04,-4.7701886e-03,-3.1485103e-02
-0.14318737942357984,0.9995308897140661,0.00028232183094379346,1902.7040926207796,3.0572014e-03,486177,470.98461,463.85106,1.6385502e+05,4.6270489e+01,2.7933652e+03,1.3593275e+01,1.6971802e+05,4.7937592e+01,0,nan,nan,nan,nan,470.98461,2.5841518e-04,463.85106,2.9376920e-04,-1.6152982e-02,-5.4237761e-02
-0.14306349545313424,1.0000614339258875,0.000284556572172248,1718.657816504748,-3.0270065e-03,353668,1328.20392,1818.98317,1.5777034e+05,4.5009121e+01,4.6539189e+03,1.1971373e+01,1.6619438e+05,4.7288795e+01,0,nan,nan,nan,nan,1328.20392,2.6145513e-04,1818.98317,2.3161745e-04,1.5762373e-03,3.9792474e-04
-0.14278078989650567,1.0000884152228293,0.000282613168492894,1712.5232192103047,-2.9047488e-03,349251,1328.20490,1818.98588,1.5856027e+05,4.4732742e+01,3.2642466e+03,1.1183233e+01,1.6631416e+05,4.6998417e+01,0,nan,nan,nan,nan,1328.20490,2.5779923e-04,1818.98588,2.2779831e-04,2.2627120e-03,3.8020266e-03
-0.1427120833400295,1.000731810997509,0.0002996499254846358,1761.6023279168617,-2.9404277e-03,384588,1042.63062,1775.57063,1.5939061e+05,4.7718929e+01,1.0498891e+04,1.6481392e+01,1.6684788e+05,4.9959393e+01,0,nan,nan,nan,nan,1042.63062,2.8127656e-04,1775.57063,2.5088160e-04,7.7039399e-03,4.0005300e-02
-0.1426716369883252,0.9996862729642138,0.00029060368392504687,1755.4674883632133,-3.0605199e-03,380171,1042.61269,1775.56747,1.5915317e+05,4.6236126e+01,5.1709028e+03,1.4022876e+01,1.6652156e+05,4.8406967e+01,0,nan,nan,nan,nan,1042.61269,2.7059464e-04,1775.56747,2.4131486e-04,-1.1550817e-02,3.6830019e-02
-0.1424785847111707,1.0006294211502338,0.00029312689515365904,1743.1979214154903,-3.1885453e-03,371337,1042.61621,1775.51581,1.5906634e+05,4.6635086e+01,6.6150469e+03,1.4753359e+01,1.6666977e+05,4.8824661e+01,0,nan,nan,nan,nan,1042.61621,2.7354268e-04,1775.51581,2.4429060e-04,-8.9811338e-03,-1.9179054e-02
-0.1421533925604308,1.0001048100407168,0.0002822465849112841,1921.109766607643,3.1834703e-03,499429,471.02783,463.89544,1.6413283e+05,4.6261375e+01,2.6056565e+03,1.3484522e+01,1.6982730e+05,4.7928150e+01,0,nan,nan,nan,nan,471.02783,2.5887840e-04,463.89544,2.9353367e-04,3.0108763e-02,-4.6395049e-03
-0.14214559707124863,0.9999434658357776,0.00028413512791481847,1730.9284944031301,-3.1771013e-03,362503,1328.20232,1819.02142,1.5833956e+05,4.4941433e+01,4.1273921e+03,1.1656206e+01,1.6617098e+05,4.7217682e+01,0,nan,nan,nan,nan,1328.20232,2.6010265e-04,1819.02142,2.2953405e-04,-7.9069211e-04,4.2769108e-02
-0.14200161767575992,1.0002026312862784,0.00028631603899355367,1914.9750383825276,3.1748549e-03,495012,471.01445,463.88972,1.6431541e+05,4.6950729e+01,4.8632651e+03,1.4826384e+01,1.6992480e+05,4.8642338e+01,0,nan,nan,nan,nan,471.01445,2.6284411e-04,463.88972,2.9794173e-04,1.5906770e-02,-1.1615802e-02
-0.14187633375604491,0.9996611721026918,0.0002821591918402667,1908.8402836664472,3.1397487e-03,490595,471.00003,463.87500,1.6389788e+05,4.6235123e+01,2.5827971e+03,1.3527924e+01,1.6970817e+05,4.7900951e+01,0,nan,nan,nan,nan,471.00003,2.5811326e-04,463.87500,2.9354598e-04,-6.3382788e-04,-2.7118269e-02
-0.14179846900606208,1.0000591054829446,0.00028234625132429004,1902.7054815311972,3.0572235e-03,486178,470.98506,463.85348,1.6383666e+05,4.6274467e+01,2.7852017e+03,1.3638931e+01,1.6980761e+05,4.7941711e+01,0,nan,nan,nan,nan,470.98506,2.5843212e-04,463.85348,2.9413521e-04,-1.6057964e-02,-5.2229363e-02
-0.1416746306845198,0.9998442031822186,0.0002845922677142557,1718.6592053695167,-3.0270300e-03,353669,1328.20717,1818.97875,1.5787756e+05,4.5014851e+01,4.6469956e+03,1.1927629e+01,1.6615856e+05,4.7294811e+01,0,nan,nan,nan,nan,1328.20717,2.6119658e-04,1818.97875,2.3179657e-04,4.7538956e-03,-4.1188612e-03
-0.14139193420828633,0.9997791300726344,0.00028245786795373006,1712.5246080659929,-2.9047814e-03,349252,1328.20725,1818.99039,1.5844164e+05,4.4708302e+01,3.2527957e+03,1.1147668e+01,1.6626325e+05,4.6972740e+01,0,nan,nan,nan,nan,1328.20725,2.5805752e-04,1818.99039,2.2801623e-04,4.9468963e-03,8.9857113e-03
-0.14132316387713217,1.0003622882106598,0.00029965742414888056,1761.6037168363246,-2.9403965e-03,384589,1042.62747,1775.57628,1.5938878e+05,4.7720352e+01,1.0501767e+04,1.6491707e+01,1.6678706e+05,4.9960880e+01,0,nan,nan,nan,nan,1042.62747,2.8157854e-04,1775.57628,2.5078756e-04,3.2770673e-03,4.6190169e-02
-0.1412827259068763,0.9994985913879708,0.0002907581223676964,1755.4688772742948,-3.0604971e-03,380172,1042.61391,1775.56715,1.5906262e+05,4.6260712e+01,5.1914976e+03,1.4080836e+01,1.6649038e+05,4.8432713e+01,0,nan,nan,nan,nan,1042.61391,2.7102791e-04,1775.56715,2.4163121e-04,-1.1870059e-02,3.5751704e-02
-0.14108968899745378,0.9991461057983749,0.00029309758292443477,1743.199310311204,-3.1885379e-03,371338,1042.61170,1775.52055,1.5898352e+05,4.6630459e+01,6.6123154e+03,1.4756149e+01,1.6642283e+05,4.8819817e+01,0,nan,nan,nan,nan,1042.61170,2.7382208e-04,1775.52055,2.4438568e-04,-1.4643152e-02,-1.4345963e-02
-0.1407645056601723,0.9996037994141517,0.0002820282701804512,1921.1111554945433,3.1834689e-03,499430,471.02402,463.88501,1.6411112e+05,4.6225540e+01,2.5821741e+03,1.3444127e+01,1.6974203e+05,4.7891026e+01,0,nan,nan,nan,nan,471.02402,2.5855182e-04,463.88501,2.9313943e-04,2.5643922e-02,-1.6772097e-02
-0.14075671716932447,1.0007128627886248,0.00028422533404182,1730.929883283032,-3.1771096e-03,362504,1328.20496,1819.03184,1.5851309e+05,4.4955757e+01,4.1258462e+03,1.1654252e+01,1.6629903e+05,4.7232727e+01,0,nan,nan,nan,nan,1328.20496,2.5979470e-04,1819.03184,2.2906058e-04,1.4841033e-03,5.3720903e-02
-0.1406127249547353,1.0004682473934174,0.0002862190115173611,1914.9764272752486,3.1748593e-03,495013,471.01184,463.89232,1.6426672e+05,4.6934914e+01,4.8426885e+03,1.4811235e+01,1.6997027e+05,4.8625954e+01,0,nan,nan,nan,nan,471.01184,2.6271879e-04,463.89232,2.9834235e-04,1.3780923e-02,-9.6184080e-03
-0.14048743079092674,1.000000159887167,0.0002820591668633145,1908.8416725694124,3.1397634e-03,490596,470.99884,463.87506,1.6387706e+05,4.6218719e+01,2.5948479e+03,1.3534388e+01,1.6976567e+05,4.7883957e+01,0,nan,nan,nan,nan,470.99884,2.5808395e-04,463.87506,2.9343227e-04,-1.7610498e-03,-2.8103314e-02
-0.1404095585903633,0.9998492695233081,0.00028227151037576754,1902.7068704416129,3.0572456e-03,486179,470.98497,463.86273,1.6382973e+05,4.6262188e+01,2.7959666e+03,1.3593639e+01,1.6977191e+05,4.7928993e+01,0,nan,nan,nan,nan,470.98497,2.5832310e-04,463.86273,2.9391461e-04,-1.6086021e-02,-4.1591730e-02
-0.14028576568375684,0.9998374889486406,0.00028459247963972726,1718.6605942345175,-3.0270533e-03,353670,1328.20487,1818.99402,1.5778223e+05,4.5014965e+01,4.6362222e+03,1.1996272e+01,1.6615773e+05,4.7294930e+01,0,nan,nan,nan,nan,1328.20487,2.6131759e-04,1818.99402,2.3174522e-04,2.3286857e-03,1.2540087e-02
-0.1400030785207491,0.9998899014755969,0.00028250316477775923,1712.5259969216804,-2.9048140e-03,349253,1328.20489,1818.98187,1.5847927e+05,4.4715618e+01,3.2597864e+03,1.1171645e+01,1.6628220e+05,4.6980423e+01,0,nan,nan,nan,nan,1328.20489,2.5794236e-04,1818.98187,2.2800470e-04,2.5732105e-03,-8.9390855e-04
-0.1399342444137801,0.9999866143362351,0.0002995695734630241,1761.605105755788,-2.9403653e-03,384590,1042.63524,1775.57503,1.5931591e+05,4.7706589e+01,1.0476296e+04,1.6474169e+01,1.6672522e+05,4.9946472e+01,0,nan,nan,nan,nan,1042.63524,2.8136384e-04,1775.57503,2.5105951e-04,1.2382850e-02,4.5544460e-02
-0.13989381482588215,0.999519210611642,0.0002906396039013372,1755.4702661853757,-3.0604743e-03,380173,1042.61434,1775.56531,1.5909023e+05,4.6241879e+01,5.1645073e+03,1.4041188e+01,1.6649389e+05,4.8412994e+01,0,nan,nan,nan,nan,1042.61434,2.7059493e-04,1775.56531,2.4143903e-04,-1.0922235e-02,3.4701288e-02
-0.13970079328282736,0.9998056064162384,0.00029309018620221,1743.2006992069187,-3.1885304e-03,371339,1042.61647,1775.52036,1.5900722e+05,4.6629318e+01,6.6040693e+03,1.4735199e+01,1.6653281e+05,4.8818626e+01,0,nan,nan,nan,nan,1042.61647,2.7362403e-04,1775.52036,2.4465431e-04,-8.7390253e-03,-1.4386998e-02
-0.13937561875945903,1.0002269970612927,0.0002821513268751498,1921.112544381444,3.1834675e-03,499431,471.02137,463.88831,1.6422795e+05,4.6245667e+01,2.5966448e+03,1.3472840e+01,1.6984769e+05,4.7911873e+01,0,nan,nan,nan,nan,471.02137,2.5826416e-04,463.88831,2.9287121e-04,2.3114681e-02,-1.3063441e-02
-0.13936783703388755,1.0007521217711826,0.0002844026451841448,1730.9312721631675,-3.1771178e-03,362505,1328.19463,1819.01016,1.5846820e+05,4.4983849e+01,4.1320708e+03,1.1707157e+01,1.6630575e+05,4.7262245e+01,0,nan,nan,nan,nan,1328.19463,2.5982139e-04,1819.01016,2.3028749e-04,-9.1175558e-03,2.9524067e-02
-0.1392238324669961,0.99955409063245,0.000286360488825292,1914.9778161677364,3.1748635e-03,495014,471.01423,463.90108,1.6427720e+05,4.6958199e+01,4.8517246e+03,1.4822211e+01,1.6981528e+05,4.8650082e+01,0,nan,nan,nan,nan,471.01423,2.6279362e-04,463.90108,2.9796318e-04,1.6524049e-02,9.1161969e-04
-0.1390985278253538,0.9994748667950148,0.0002817579019689995,1908.843061472378,3.1397780e-03,490597,471.00251,463.87947,1.6373320e+05,4.6169338e+01,2.6030212e+03,1.3419401e+01,1.6967644e+05,4.7832798e+01,0,nan,nan,nan,nan,471.00251,2.5828276e-04,463.87947,2.9367828e-04,2.7598527e-03,-2.2698015e-02
-0.13902064794183389,0.9998925757235024,0.0002821921108926941,1902.7082593522614,3.0572680e-03,486180,470.98859,463.85212,1.6395117e+05,4.6249157e+01,2.7942656e+03,1.3528829e+01,1.6977917e+05,4.7915489e+01,0,nan,nan,nan,nan,470.98859,2.5806410e-04,463.85212,2.9353550e-04,-1.2873928e-02,-5.2808292e-02
-0.13889690091582452,0.9994168607079783,0.000284481296658624,1718.6619830992854,-3.0270768e-03,353671,1328.20347,1818.98120,1.5771188e+05,4.4997444e+01,4.6385898e+03,1.1952898e+01,1.6608811e+05,4.7276527e+01,0,nan,nan,nan,nan,1328.20347,2.6124890e-04,1818.98120,2.3202799e-04,1.4393127e-03,-1.8710797e-03
-0.13861422259947176,0.9999542339353317,0.0002825159279716751,1712.5273857776017,-2.9048463e-03,349254,1328.21025,1818.98551,1.5848928e+05,4.4717777e+01,3.2593521e+03,1.1181421e+01,1.6629344e+05,4.6982697e+01,0,nan,nan,nan,nan,1328.21025,2.5796803e-04,1818.98551,2.2806354e-04,7.3801950e-03,3.3725488e-03
-0.1385453249506554,0.9998717760926824,0.00029949877199922825,1761.606494675251,-2.9403341e-03,384591,1042.62868,1775.56366,1.5923092e+05,4.7695538e+01,1.0492879e+04,1.6490324e+01,1.6670684e+05,4.9934902e+01,0,nan,nan,nan,nan,1042.62868,2.8143419e-04,1775.56366,2.5105101e-04,5.0694486e-03,3.2898910e-02
-0.13850490374443325,1.0003536961728967,0.00029089677077580013,1755.4716550964572,-3.0604515e-03,380174,1042.61275,1775.56318,1.5921700e+05,4.6282822e+01,5.1624077e+03,1.4134216e+01,1.6663297e+05,4.8455856e+01,0,nan,nan,nan,nan,1042.61275,2.7050701e-04,1775.56318,2.4136003e-04,-1.2657160e-02,3.1457707e-02
-0.1383118978010316,1.0002362477579037,0.0002930642827440239,1743.2020881024005,-3.1885232e-03,371340,1042.61175,1775.53002,1.5894797e+05,4.6625240e+01,6.5840312e+03,1.4735890e+01,1.6660469e+05,4.8814350e+01,0,nan,nan,nan,nan,1042.61175,2.7374999e-04,1775.53002,2.4501994e-04,-1.3577916e-02,-4.7100266e-03
-0.13798673185874577,1.0004315397683885,0.0002822830829187202,1921.1139332683447,3.1834661e-03,499432,471.02556,463.89106,1.6418184e+05,4.6267208e+01,2.6044546e+03,1.3485140e+01,1.6988223e+05,4.7934193e+01,0,nan,nan,nan,nan,471.02556,2.5856370e-04,463.89106,2.9339900e-04,2.7901050e-02,-9.3595050e-03
-0.13797895689845063,0.9996307664312135,0.00028418649927749274,1730.932661043303,-3.1771259e-03,362506,1328.20394,1819.02617,1.5837242e+05,4.4949722e+01,4.1274214e+03,1.1664415e+01,1.6611959e+05,4.7226383e+01,0,nan,nan,nan,nan,1328.20394,2.5994802e-04,1819.02617,2.2947689e-04,5.4604426e-04,4.7411155e-02
-0.13783493974460725,0.9992557712284195,0.0002860851617365344,1914.9792050604588,3.1748679e-03,495015,471.01193,463.89190,1.6400886e+05,4.6913143e+01,4.8525254e+03,1.4799366e+01,1.6976494e+05,4.8603401e+01,0,nan,nan,nan,nan,471.01193,2.6298116e-04,463.89190,2.9882832e-04,1.4214285e-02,-9.5534939e-03
-0.13770962486023564,1.0003112940181478,0.0002822048538349625,1908.844450375343,3.1397927e-03,490598,470.99827,463.88230,1.6395602e+05,4.6242565e+01,2.5966128e+03,1.3512728e+01,1.6981839e+05,4.7908661e+01,0,nan,nan,nan,nan,470.99827,2.5810685e-04,463.88230,2.9369132e-04,-1.5069597e-03,-1.8895224e-02
-0.13763173752568036,0.9998488505559334,0.00028257559089148773,1902.7096482626775,3.0572901e-03,486181,470.98395,463.85206,1.6390867e+05,4.6311981e+01,2.7899658e+03,1.3723628e+01,1.6977166e+05,4.7980579e+01,0,nan,nan,nan,nan,470.98395,2.5833934e-04,463.85206,2.9390198e-04,-1.7381791e-02,-5.2953359e-02
-0.1375080361469827,0.9996796443406846,0.00028449672453357075,1718.6633719640542,-3.0271003e-03,353672,1328.20463,1818.99008,1.5767595e+05,4.4999958e+01,4.6393755e+03,1.1956881e+01,1.6613205e+05,4.7279167e+01,0,nan,nan,nan,nan,1328.20463,2.6149867e-04,1818.99008,2.3190852e-04,2.1028833e-03,7.7815186e-03
-0.13722536691125242,0.9992551836356771,0.00028248039898592583,1712.52877463329,-2.9048789e-03,349255,1328.20755,1818.98606,1.5827617e+05,4.4712296e+01,3.2670044e+03,1.1203695e+01,1.6617772e+05,4.6976936e+01,0,nan,nan,nan,nan,1328.20755,2.5849670e-04,1818.98606,2.2826986e-04,5.1433900e-03,4.1751652e-03
-0.13715640572036136,0.9996357509863344,0.0002995985546290174,1761.6078835944813,-2.9403032e-03,384592,1042.63164,1775.57158,1.5923488e+05,4.7711643e+01,1.0491276e+04,1.6490482e+01,1.6666827e+05,4.9951767e+01,0,nan,nan,nan,nan,1042.63164,2.8180669e-04,1775.57158,2.5112301e-04,8.2461080e-03,4.1060448e-02
-0.13711599266298435,0.9996797294889638,0.00029075395897380763,1755.4730440075386,-3.0604287e-03,380175,1042.61385,1775.56962,1.5910688e+05,4.6260117e+01,5.1889424e+03,1.4052662e+01,1.6652078e+05,4.8432091e+01,0,nan,nan,nan,nan,1042.61385,2.7088705e-04,1775.56962,2.4174874e-04,-1.2025725e-02,3.8611196e-02
-0.13692300208685992,0.9988402103821316,0.0002928777111437099,1743.2034769981146,-3.1885158e-03,371341,1042.61583,1775.52380,1.5880631e+05,4.6595596e+01,6.5801108e+03,1.4758213e+01,1.6637228e+05,4.8783314e+01,0,nan,nan,nan,nan,1042.61583,2.7365552e-04,1775.52380,2.4468359e-04,-8.8882465e-03,-1.0891591e-02
-0.13659784495825988,0.9995319385989545,0.0002820542244629441,1921.1153221552452,3.1834648e-03,499433,471.02313,463.88534,1.6407334e+05,4.6229652e+01,2.5955420e+03,1.3460273e+01,1.6972930e+05,4.7895283e+01,0,nan,nan,nan,nan,471.02313,2.5866026e-04,463.88534,2.9332517e-04,2.4633663e-02,-1.5944988e-02
-0.13659007699584436,0.9999238068803172,0.0002841219082572008,1730.9340499232055,-3.1771343e-03,362507,1328.19691,1819.01278,1.5834775e+05,4.4939560e+01,4.1338311e+03,1.1688148e+01,1.6616848e+05,4.7215706e+01,0,nan,nan,nan,nan,1328.19691,2.5966804e-04,1819.01278,2.2996137e-04,-6.7998697e-03,3.2384660e-02
-0.1364460472555038,0.9996086127915967,0.00028605206265691684,1914.9805939529479,3.1748721e-03,495016,471.01238,463.88946,1.6413798e+05,4.6907810e+01,4.8462271e+03,1.4780896e+01,1.6982520e+05,4.8597870e+01,0,nan,nan,nan,nan,471.01238,2.6268896e-04,463.88946,2.9880315e-04,1.3410988e-02,-1.1915328e-02
-0.13632072166092257,1.0003979060423962,0.0002821729132598477,1908.8458392785424,3.1398076e-03,490599,470.99708,463.88185,1.6397419e+05,4.6237320e+01,2.5829431e+03,1.3522150e+01,1.6983305e+05,4.7903225e+01,0,nan,nan,nan,nan,470.99708,2.5826579e-04,463.88185,2.9330861e-04,-3.1453881e-03,-1.9718694e-02
-0.13624282710861735,0.9997704880158033,0.0002823047372411356,1902.7110371730946,3.0573122e-03,486182,470.99099,463.86530,1.6390205e+05,4.6267570e+01,2.8056150e+03,1.3598395e+01,1.6975827e+05,4.7934566e+01,0,nan,nan,nan,nan,470.99099,2.5843846e-04,463.86530,2.9365305e-04,-8.9003183e-03,-3.8731743e-02
-0.1361191711448555,1.0002282028738028,0.00028443357816128437,1718.6647608290564,-3.0271236e-03,353673,1328.20509,1818.98289,1.5774578e+05,4.4990040e+01,4.6470537e+03,1.1912400e+01,1.6622347e+05,4.7268749e+01,0,nan,nan,nan,nan,1328.20509,2.6124809e-04,1818.98289,2.3220247e-04,2.5164615e-03,-4.3271249e-04
-0.1358365112237152,0.999348833098087,0.0002823028388562605,1712.5301634889775,-2.9049115e-03,349256,1328.20796,1818.98990,1.5818516e+05,4.4684338e+01,3.2627788e+03,1.1188278e+01,1.6619383e+05,4.6947559e+01,0,nan,nan,nan,nan,1328.20796,2.5842249e-04,1818.98990,2.2866686e-04,6.0079042e-03,7.3446599e-03
-0.1357674862570093,0.9999847022304746,0.00029956077496764614,1761.6092725139447,-2.9402720e-03,384593,1042.63321,1775.57241,1.5937067e+05,4.7705849e+01,1.0512327e+04,1.6480488e+01,1.6672722e+05,4.9945702e+01,0,nan,nan,nan,nan,1042.63321,2.8123561e-04,1775.57241,2.5064553e-04,9.8674912e-03,4.2308170e-02
-0.1357270815819902,0.9996118144887334,0.000290663413734596,1755.4744329186196,-3.0604058e-03,380176,1042.61204,1775.56947,1.5912936e+05,4.6245735e+01,5.1850400e+03,1.4043211e+01,1.6650955e+05,4.8417030e+01,0,nan,nan,nan,nan,1042.61204,2.7058323e-04,1775.56947,2.4137764e-04,-1.3544726e-02,3.8261484e-02
-0.1355341063722335,0.9999513190280351,0.00029305348583752206,1743.2048658938293,-3.1885083e-03,371342,1042.61419,1775.52058,1.5905578e+05,4.6623589e+01,6.5649893e+03,1.4727575e+01,1.6655748e+05,4.8812626e+01,0,nan,nan,nan,nan,1042.61419,2.7380232e-04,1775.52058,2.4425960e-04,-1.1121124e-02,-1.4300155e-02
-0.135208958057774,1.0001663746339304,0.00028204357542078843,1921.1167110421457,3.1834634e-03,499434,471.02547,463.89224,1.6406430e+05,4.6227859e+01,2.5758379e+03,1.3461063e+01,1.6983684e+05,4.7893425e+01,0,nan,nan,nan,nan,471.02547,2.5865849e-04,463.89224,2.9346172e-04,2.7687060e-02,-9.0139629e-03
-0.13520119686018006,1.000022666172708,0.0002841725881058593,1730.9354388033412,-3.1771425e-03,362508,1328.20009,1819.01935,1.5846242e+05,4.4947624e+01,4.1267070e+03,1.1664847e+01,1.6618512e+05,4.7224186e+01,0,nan,nan,nan,nan,1328.20009,2.5960599e-04,1819.01935,2.2918366e-04,-3.1755941e-03,4.0859990e-02
-0.13505715476730984,0.9995918248076343,0.0002864677766645883,1914.981982845436,3.1748763e-03,495017,471.01907,463.90567,1.6422719e+05,4.6976067e+01,4.8689639e+03,1.4890079e+01,1.6982267e+05,4.8668591e+01,0,nan,nan,nan,nan,471.01907,2.6275299e-04,463.90567,2.9846485e-04,2.1009220e-02,5.2498439e-03
-0.1349318186939854,1.0006519195427968,0.000282024879921508,1908.8472281815093,3.1398223e-03,490600,471.00194,463.87580,1.6401431e+05,4.6213047e+01,2.6132175e+03,1.3432564e+01,1.6987611e+05,4.7878078e+01,0,nan,nan,nan,nan,471.00194,2.5801134e-04,463.87580,2.9321553e-04,1.7811731e-03,-2.6720053e-02
-0.13485391669109958,1.0000755680738573,0.00028226037470153564,1902.7124260835121,3.0573343e-03,486183,470.98470,463.85474,1.6397395e+05,4.6260277e+01,2.7795803e+03,1.3551861e+01,1.6980998e+05,4.7927010e+01,0,nan,nan,nan,nan,470.98470,2.5795493e-04,463.85474,2.9362520e-04,-1.6545057e-02,-4.9996197e-02
-0.13473030637555894,0.9998254206563446,0.00028444571705942706,1718.6661496938257,-3.0271471e-03,353674,1328.20309,1818.98382,1.5774439e+05,4.4992031e+01,4.6379927e+03,1.1919785e+01,1.6615678e+05,4.7270836e+01,0,nan,nan,nan,nan,1328.20309,2.6119768e-04,1818.98382,2.3179989e-04,3.9275264e-04,7.8995654e-04
-0.13444765530334735,1.000380468761803,0.00028261822787519625,1712.5315523448978,-2.9049439e-03,349257,1328.20052,1818.98077,1.5863636e+05,4.4734398e+01,3.2731340e+03,1.1159549e+01,1.6636591e+05,4.7000156e+01,0,nan,nan,nan,nan,1328.20052,2.5761029e-04,1818.98077,2.2784424e-04,-2.4712039e-03,-2.1009638e-03
-0.13437856679411198,0.9995506053918122,0.00029938546415026054,1761.6106614334076,-2.9402408e-03,384594,1042.62735,1775.57217,1.5917180e+05,4.7678146e+01,1.0483988e+04,1.6479242e+01,1.6665561e+05,4.9916698e+01,0,nan,nan,nan,nan,1042.62735,2.8144545e-04,1775.57217,2.5080764e-04,3.3822572e-03,4.1684713e-02
-0.1343381705005413,1.0000203866183315,0.00029074165176490443,1755.475821829701,-3.0603830e-03,380177,1042.61009,1775.56480,1.5924880e+05,4.6258202e+01,5.1937954e+03,1.4036483e+01,1.6657769e+05,4.8430080e+01,0,nan,nan,nan,nan,1042.61009,2.7040415e-04,1775.56480,2.4133515e-04,-1.4524858e-02,3.3354912e-02
-0.13414521065806184,1.0000053661292223,0.00029298291727307256,1743.2062547895434,-3.1885009e-03,371343,1042.61401,1775.52848,1.5909352e+05,4.6612400e+01,6.5581943e+03,1.4697998e+01,1.6656661e+05,4.8800911e+01,0,nan,nan,nan,nan,1042.61401,2.7337123e-04,1775.52848,2.4430145e-04,-1.2062584e-02,-5.9208493e-03
-0.13382007115751549,1.0007833386654106,0.0002821465991560956,1921.118099929046,3.1834620e-03,499435,471.02257,463.88642,1.6427919e+05,4.6244698e+01,2.5811853e+03,1.3456116e+01,1.6994144e+05,4.7910870e+01,0,nan,nan,nan,nan,471.02257,2.5834196e-04,463.88642,2.9277141e-04,2.3887889e-02,-1.4509023e-02
-0.13381231672474314,0.9995879211992447,0.00028404838682723074,1730.9368276834766,-3.1771506e-03,362509,1328.20462,1819.02064,1.5831612e+05,4.4928040e+01,4.1255601e+03,1.1654355e+01,1.6611309e+05,4.7203609e+01,0,nan,nan,nan,nan,1328.20462,2.5983897e-04,1819.02064,2.2986045e-04,1.4252728e-03,4.1692447e-02
-0.13366826204673998,0.9999212995748249,0.000286135341539449,1914.9833717381566,3.1748808e-03,495018,471.01658,463.89044,1.6421136e+05,4.6921646e+01,4.8360747e+03,1.4807234e+01,1.6987897e+05,4.8612206e+01,0,nan,nan,nan,nan,471.01658,2.6245869e-04,463.89044,2.9839805e-04,1.7878357e-02,-1.1833364e-02
-0.13354291572886723,0.9995491498741629,0.0002819668538117774,1908.8486170844744,3.1398369e-03,490601,470.99791,463.86855,1.6380323e+05,4.6203529e+01,2.5845217e+03,1.3466169e+01,1.6968886e+05,4.7868217e+01,0,nan,nan,nan,nan,470.99791,2.5813689e-04,463.86855,2.9374362e-04,-2.4232275e-03,-3.4620941e-02
-0.1334650062754008,1.0001003726466868,0.00028209167496510425,1902.7138149939278,3.0573565e-03,486184,470.98419,463.85262,1.6383838e+05,4.6232605e+01,2.7828069e+03,1.3520027e+01,1.6981411e+05,4.7898342e+01,0,nan,nan,nan,nan,470.98419,2.5814032e-04,463.85262,2.9389194e-04,-1.7094662e-02,-5.2983113e-02
-0.13334144160762662,0.9997183662307795,0.0002846587186499645,1718.6675385585936,-3.0271707e-03,353675,1328.20689,1818.98800,1.5779880e+05,4.5025787e+01,4.6384702e+03,1.1988070e+01,1.6613923e+05,4.7306305e+01,0,nan,nan,nan,nan,1328.20689,2.6157760e-04,1818.98800,2.3126461e-04,4.7040852e-03,6.2659532e-03
-0.133058799615128,0.9991631621208833,0.000282381244119282,1712.532941200586,-2.9049765e-03,349258,1328.20966,1818.98230,1.5824227e+05,4.4697025e+01,3.2776143e+03,1.1194671e+01,1.6616398e+05,4.6960892e+01,0,nan,nan,nan,nan,1328.20966,2.5833264e-04,1818.98230,2.2876407e-04,7.1832519e-03,-1.0461009e-03
-0.1329896473307599,0.9997781710670572,0.0002994748157207941,1761.612050352871,-2.9402096e-03,384595,1042.63001,1775.57068,1.5927438e+05,4.7692593e+01,1.0487425e+04,1.6468597e+01,1.6669430e+05,4.9931824e+01,0,nan,nan,nan,nan,1042.63001,2.8126119e-04,1775.57068,2.5070788e-04,7.2015119e-03,4.0482786e-02
-0.1329492594193198,0.9997182740426012,0.0002906829765845094,1755.4772107407823,-3.0603602e-03,380178,1042.61556,1775.56521,1.5915850e+05,4.6248886e+01,5.2133691e+03,1.4044360e+01,1.6652742e+05,4.8420330e+01,0,nan,nan,nan,nan,1042.61556,2.7061321e-04,1775.56521,2.4136325e-04,-9.9531822e-03,3.3631213e-02
-0.13275631517626607,1.0000054220971653,0.00029318954309434615,1743.2076436850252,-3.1884937e-03,371344,1042.61897,1775.51692,1.5904719e+05,4.6645313e+01,6.5695391e+03,1.4778321e+01,1.6656677e+05,4.8835369e+01,0,nan,nan,nan,nan,1042.61897,2.7341640e-04,1775.51692,2.4461042e-04,-5.9030517e-03,-1.7995069e-02
-0.13243118425771172,1.0001071559161012,0.00028212488555513554,1921.1194888159457,3.1834606e-03,499436,471.02916,463.89206,1.6406873e+05,4.6241093e+01,2.5920366e+03,1.3510317e+01,1.6982644e+05,4.7907135e+01,0,nan,nan,nan,nan,471.02916,2.5868486e-04,463.89206,2.9343902e-04,3.1787228e-02,-8.6281439e-03
-0.13242343658930622,1.000470911152218,0.0002841220034909157,1730.938216563612,-3.1771588e-03,362510,1328.19669,1819.02168,1.5839103e+05,4.4939743e+01,4.1224492e+03,1.1673311e+01,1.6626005e+05,4.7215904e+01,0,nan,nan,nan,nan,1328.19669,2.5983166e-04,1819.02168,2.2948797e-04,-6.5318490e-03,4.2370465e-02
-0.13227936955900077,0.9999940375649949,0.00028622213619480173,1914.9847606306444,3.1748849e-03,495019,471.01303,463.89484,1.6428530e+05,4.6935959e+01,4.8477881e+03,1.4806387e+01,1.6989164e+05,4.8627037e+01,0,nan,nan,nan,nan,471.01303,2.6248299e-04,463.89484,2.9798166e-04,1.4576334e-02,-5.6832791e-03
-0.1321540127632943,0.9999722293272243,0.0002819797678437516,1908.85000598744,3.1398516e-03,490602,470.99905,463.88230,1.6393131e+05,4.6205631e+01,2.5989666e+03,1.3447719e+01,1.6976064e+05,4.7870396e+01,0,nan,nan,nan,nan,470.99905,2.5800144e-04,463.88230,2.9326844e-04,-1.0731424e-03,-1.9613851e-02
-0.1320760958592473,1.0000965602473189,0.0002822896061244621,1902.715203904344,3.0573786e-03,486185,470.98892,463.85781,1.6396866e+05,4.6265018e+01,2.7792261e+03,1.3585381e+01,1.6981339e+05,4.7931927e+01,0,nan,nan,nan,nan,470.98892,2.5800214e-04,463.85781,2.9350046e-04,-1.2475540e-02,-4.6875771e-02
-0.13195257660686366,1.000121317739513,0.000284711968659095,1718.6689274235944,-3.0271939e-03,353676,1328.20361,1818.98649,1.5793575e+05,4.5034275e+01,4.6390625e+03,1.1984950e+01,1.6620644e+05,4.7315224e+01,0,nan,nan,nan,nan,1328.20361,2.6101628e-04,1818.98649,2.3137785e-04,1.0398290e-04,4.0988512e-03
-0.1316699439266813,0.999814908579761,0.00028261167894471425,1712.5343300562745,-2.9050091e-03,349259,1328.20898,1818.98945,1.5852320e+05,4.4733643e+01,3.2748794e+03,1.1196606e+01,1.6627291e+05,4.6999363e+01,0,nan,nan,nan,nan,1328.20898,2.5807528e-04,1818.98945,2.2780926e-04,6.1990316e-03,8.1399698e-03
-0.13160072786763521,0.9999356369782867,0.00029948388040365896,1761.613439272334,-2.9401784e-03,384596,1042.63162,1775.57162,1.5930986e+05,4.7694248e+01,1.0490067e+04,1.6473095e+01,1.6672131e+05,4.9933556e+01,0,nan,nan,nan,nan,1042.63162,2.8128823e-04,1775.57162,2.5077464e-04,7.6886239e-03,4.1168831e-02
-0.13156034833809827,1.0002698375411332,0.00029079387025690773,1755.4785996518635,-3.0603374e-03,380179,1042.61174,1775.56617,1.5920633e+05,4.6266556e+01,5.2087666e+03,1.4063827e+01,1.6661938e+05,4.8438824e+01,0,nan,nan,nan,nan,1042.61174,2.7047755e-04,1775.56617,2.4140619e-04,-1.3852473e-02,3.5204448e-02
-0.13136741946163966,0.9996480637317737,0.00029286064402729713,1743.2090325807399,-3.1884862e-03,371345,1042.60940,1775.52470,1.5894039e+05,4.6593021e+01,6.5705264e+03,1.4701239e+01,1.6650736e+05,4.8780621e+01,0,nan,nan,nan,nan,1042.60940,2.7341107e-04,1775.52470,2.4470518e-04,-1.6354984e-02,-9.8598180e-03
-0.13104229735699846,1.000543862690321,0.0002821401588098304,1921.1208777028464,3.1834592e-03,499437,471.02083,463.88399,1.6419111e+05,4.6243542e+01,2.5970344e+03,1.3457886e+01,1.6990044e+05,4.7909676e+01,0,nan,nan,nan,nan,471.02083,2.5840465e-04,463.88399,2.9319798e-04,2.2869637e-02,-1.7302794e-02
-0.13103455668647257,0.9995876828061686,0.0002841900815568873,1730.939605443515,-3.1771671e-03,362511,1328.20375,1819.01921,1.5835705e+05,4.4950573e+01,4.1130420e+03,1.1707975e+01,1.6611350e+05,4.7227283e+01,0,nan,nan,nan,nan,1328.20375,2.5987937e-04,1819.01921,2.2955886e-04,5.8415113e-04,4.0047891e-02
-0.13089047683752142,0.9996830310330986,0.00028623100986092004,1914.9861495233658,3.1748894e-03,495020,471.01423,463.89987,1.6423536e+05,4.6937500e+01,4.8471338e+03,1.4845753e+01,1.6983911e+05,4.8628635e+01,0,nan,nan,nan,nan,471.01423,2.6244787e-04,463.89987,2.9786647e-04,1.5778217e-02,-1.3407306e-03
-0.13076510979817613,1.0000468985116302,0.00028219910093805605,1908.8513948904051,3.1398663e-03,490603,470.99913,463.87985,1.6394461e+05,4.6241554e+01,2.5979102e+03,1.3559275e+01,1.6977327e+05,4.7907616e+01,0,nan,nan,nan,nan,470.99913,2.5795057e-04,463.87985,2.9329132e-04,-1.3469222e-03,-2.2148279e-02
-0.13068718521071787,0.9996591041371191,0.00028217387364651595,1902.7165928149925,3.0574009e-03,486186,470.98340,463.85861,1.6381861e+05,4.6246037e+01,2.7723757e+03,1.3578451e+01,1.6973903e+05,4.7912254e+01,0,nan,nan,nan,nan,470.98340,2.5820493e-04,463.85861,2.9382616e-04,-1.7426226e-02,-4.6230678e-02
-0.13056371183802185,1.0005861704707757,0.00028469813786324177,1718.6703162883632,-3.0272175e-03,353677,1328.20133,1818.98025,1.5797742e+05,4.5032150e+01,4.6444849e+03,1.1920065e+01,1.6628391e+05,4.7312988e+01,0,nan,nan,nan,nan,1328.20133,2.6104684e-04,1818.98025,2.3146291e-04,-1.4101649e-03,-2.9252311e-03
-0.13028108800563132,0.9998199930200543,0.000282520311430278,1712.5357189121955,-2.9050414e-03,349260,1328.20207,1818.98230,1.5843748e+05,4.4719318e+01,3.2714324e+03,1.1202026e+01,1.6627427e+05,4.6984314e+01,0,nan,nan,nan,nan,1328.20207,2.5795243e-04,1818.98230,2.2800686e-04,-5.5858906e-04,-1.4177177e-04
-0.13021180863734116,0.9994749954604851,0.00029947403132934145,1761.6148281915644,-2.9401474e-03,384597,1042.62809,1775.56787,1.5916731e+05,4.7692898e+01,1.0485950e+04,1.6528419e+01,1.6664523e+05,4.9932137e+01,0,nan,nan,nan,nan,1042.62809,2.8146745e-04,1775.56787,2.5093937e-04,5.1722676e-03,3.7563998e-02
-0.13017143702381873,1.0000605960204147,0.0002907589462487881,1755.4799885631778,-3.0603143e-03,380180,1042.61088,1775.56567,1.5923350e+05,4.6261009e+01,5.2052188e+03,1.4036461e+01,1.6658458e+05,4.8433025e+01,0,nan,nan,nan,nan,1042.61088,2.7056228e-04,1775.56567,2.4137567e-04,-1.5061728e-02,3.4034282e-02
-0.12997852374792274,1.0007804716567732,0.0002931136321843193,1743.2104214764536,-3.1884788e-03,371346,1042.61692,1775.53280,1.5930005e+05,4.6633305e+01,6.5318433e+03,1.4712384e+01,1.6669611e+05,4.8822796e+01,0,nan,nan,nan,nan,1042.61692,2.7289448e-04,1775.53280,2.4382251e-04,-8.7423101e-03,-8.9959346e-04
-0.1296534104562852,0.9998282010430637,0.0002821159074857106,1921.1222665897471,3.1834578e-03,499438,471.02485,463.89429,1.6404155e+05,4.6239525e+01,2.5981846e+03,1.3493373e+01,1.6977873e+05,4.7905514e+01,0,nan,nan,nan,nan,471.02485,2.5861245e-04,463.89429,2.9342345e-04,2.7068505e-02,-5.9885886e-03
-0.12964567655103565,0.9999686761486407,0.0002841741478255337,1730.9409943236503,-3.1771753e-03,362512,1328.20236,1819.02240,1.5843727e+05,4.4948116e+01,4.1099160e+03,1.1682406e+01,1.6617705e+05,4.7224697e+01,0,nan,nan,nan,nan,1328.20236,2.5967543e-04,1819.02240,2.2914879e-04,-3.4259743e-04,4.2971946e-02
-0.1295015843488727,1.0003237847726012,0.0002861084987851043,1914.9875384158545,3.1748936e-03,495021,471.01267,463.89723,1.6437942e+05,4.6917500e+01,4.8275425e+03,1.4746979e+01,1.6994828e+05,4.8607910e+01,0,nan,nan,nan,nan,471.01267,2.6234120e-04,463.89723,2.9726242e-04,1.4150872e-02,-3.8039736e-03
-0.12937620659840832,0.9997481177553692,0.0002820356045272632,1908.8527837936049,3.1398812e-03,490604,470.99727,463.87746,1.6387547e+05,4.6214756e+01,2.6114714e+03,1.3500962e+01,1.6972250e+05,4.7879848e+01,0,nan,nan,nan,nan,470.99727,2.5805039e-04,463.87746,2.9336134e-04,-3.3224239e-03,-2.5188787e-02
-0.1292982747941096,1.0000512466822198,0.0002824288180528266,1902.7179817254091,3.0574230e-03,486187,470.98969,463.86032,1.6392073e+05,4.6287792e+01,2.7803491e+03,1.3632103e+01,1.6980553e+05,4.7955517e+01,0,nan,nan,nan,nan,470.98969,2.5812956e-04,463.86032,2.9400401e-04,-1.1448708e-02,-4.3849144e-02
-0.1291748470694074,0.9995477248205463,0.0002846012821287732,1718.6717051531318,-3.0272410e-03,353678,1328.20265,1818.98363,1.5781061e+05,4.5016891e+01,4.6369780e+03,1.1984964e+01,1.6611156e+05,4.7296955e+01,0,nan,nan,nan,nan,1328.20265,2.6117972e-04,1818.98363,2.3146690e-04,-1.0791501e-04,1.4743656e-03
-0.12889223231741198,0.9993724221152718,0.00028266157757177374,1712.5371077678838,-2.9050740e-03,349261,1328.20826,1818.98512,1.5842200e+05,4.4741821e+01,3.2714426e+03,1.1256690e+01,1.6620036e+05,4.7007957e+01,0,nan,nan,nan,nan,1328.20826,2.5814588e-04,1818.98512,2.2834611e-04,6.2326635e-03,2.6555166e-03
-0.1288228891739891,1.0004009691802422,0.0002994681488039526,1761.6162171110277,-2.9401162e-03,384598,1042.63217,1775.57024,1.5934127e+05,4.7692165e+01,1.0484065e+04,1.6460514e+01,1.6680038e+05,4.9931377e+01,0,nan,nan,nan,nan,1042.63217,2.8124813e-04,1775.57024,2.5078995e-04,9.1642281e-03,3.9649248e-02
-0.12878252594282458,0.9996652432183314,0.0002909413150507826,1755.4813774742588,-3.0602915e-03,380181,1042.61136,1775.56928,1.5912666e+05,4.6290043e+01,5.2209463e+03,1.4072808e+01,1.6651880e+05,4.8463421e+01,0,nan,nan,nan,nan,1042.61136,2.7088361e-04,1775.56928,2.4200582e-04,-1.3949002e-02,3.8159259e-02
-0.12858962803420582,0.9998982304513718,0.0002929675240092965,1743.2118103721673,-3.1884713e-03,371347,1042.61440,1775.50632,1.5908595e+05,4.6610092e+01,6.5369829e+03,1.4709751e+01,1.6654928e+05,4.8798496e+01,0,nan,nan,nan,nan,1042.61440,2.7308753e-04,1775.50632,2.4431356e-04,-1.1276384e-02,-2.8977131e-02
-0.1282645235560267,1.000529762619599,0.000282183210985481,1921.1236554766474,3.1834564e-03,499439,471.02737,463.88959,1.6414252e+05,4.6250511e+01,2.5971433e+03,1.3516535e+01,1.6989770e+05,4.7916893e+01,0,nan,nan,nan,nan,471.02737,2.5860267e-04,463.88959,2.9320962e-04,2.9443521e-02,-1.1262869e-02
-0.12825679641559873,0.9996544616270662,0.0002841795028809997,1730.9423832037858,-3.1771834e-03,362513,1328.19797,1819.01639,1.5844100e+05,4.4949032e+01,4.1058120e+03,1.1663703e+01,1.6612506e+05,4.7225658e+01,0,nan,nan,nan,nan,1328.19797,2.5963539e-04,1819.01639,2.2941406e-04,-6.1604432e-03,3.6708798e-02
-0.128112691860224,0.9993929147045909,0.00028608399341490006,1914.9889273083431,3.1748977e-03,495022,471.00812,463.89810,1.6412520e+05,4.6913559e+01,4.8510273e+03,1.4756797e+01,1.6979044e+05,4.8603832e+01,0,nan,nan,nan,nan,471.00812,2.6291489e-04,463.89810,2.9809916e-04,9.3598906e-03,-3.3777463e-03
-0.1279873036319259,1.0007821457337052,0.00028221420991026325,1908.8541726965714,3.1398959e-03,490605,471.00017,463.88431,1.6403147e+05,4.6244011e+01,2.5910703e+03,1.3504372e+01,1.6989800e+05,4.7910156e+01,0,nan,nan,nan,nan,471.00017,2.5845176e-04,463.88431,2.9336321e-04,3.8353438e-04,-1.7778581e-02
-0.12790936437704659,1.0001259785165788,0.00028241870362613267,1902.7193706358262,3.0574452e-03,486188,470.98971,463.85851,1.6397698e+05,4.6286114e+01,2.7945027e+03,1.3589592e+01,1.6981814e+05,4.7953781e+01,0,nan,nan,nan,nan,470.98971,2.5823188e-04,463.85851,2.9397878e-04,-1.0977930e-02,-4.5899846e-02
-0.12778598206864444,0.9996409675027725,0.00028461215320750897,1718.6730940181326,-3.0272643e-03,353679,1328.20758,1818.98661,1.5789747e+05,4.5018661e+01,4.6448364e+03,1.1943521e+01,1.6612727e+05,4.7298820e+01,0,nan,nan,nan,nan,1328.20758,2.6115702e-04,1818.98661,2.3121726e-04,4.8455028e-03,4.5373305e-03
-0.12750337639613463,0.9997937554514348,0.0002826103697831454,1712.538496623805,-2.9051064e-03,349262,1328.20741,1818.98127,1.5855659e+05,4.4733852e+01,3.2875813e+03,1.1189916e+01,1.6627094e+05,4.6999584e+01,0,nan,nan,nan,nan,1328.20741,2.5777932e-04,1818.98127,2.2802633e-04,4.1832225e-03,-8.7205670e-04
-0.12743396971109178,0.9994906508458177,0.000299554990266293,1761.6176060304906,-2.9400850e-03,384599,1042.63503,1775.57114,1.5928155e+05,4.7706207e+01,1.0485222e+04,1.6487226e+01,1.6664931e+05,4.9946075e+01,0,nan,nan,nan,nan,1042.63503,2.8158302e-04,1775.57114,2.5086466e-04,1.1411539e-02,4.0958118e-02
-0.12739361486137568,1.0000253501640644,0.0002908692067869929,1755.4827663853403,-3.0602687e-03,380182,1042.61372,1775.56594,1.5919345e+05,4.6278591e+01,5.2145078e+03,1.4107548e+01,1.6657884e+05,4.8451427e+01,0,nan,nan,nan,nan,1042.61372,2.7071065e-04,1775.56594,2.4150498e-04,-1.1555256e-02,3.4288909e-02
-0.1272007325528648,1.000508376483633,0.0002931510212479778,1743.2131992676486,-3.1884641e-03,371348,1042.61092,1775.53905,1.5913314e+05,4.6639320e+01,6.5243140e+03,1.4730806e+01,1.6665105e+05,4.8829098e+01,0,nan,nan,nan,nan,1042.61092,2.7341911e-04,1775.53905,2.4459959e-04,-1.4684056e-02,5.8385869e-03
-0.12687563665622292,1.0006991809091677,0.00028223307899135204,1921.1250443635472,3.1834550e-03,499440,471.02231,463.88832,1.6427933e+05,4.6258636e+01,2.6028711e+03,1.3469947e+01,1.6992630e+05,4.7925312e+01,0,nan,nan,nan,nan,471.02231,2.5826381e-04,463.88832,2.9304772e-04,2.3690393e-02,-1.2976963e-02
-0.12686791651367457,1.0000942590290114,0.0002841282846735918,1730.9437720836877,-3.1771918e-03,362514,1328.20692,1819.02301,1.5846320e+05,4.4940990e+01,4.0974326e+03,1.1657934e+01,1.6619839e+05,4.7217213e+01,0,nan,nan,nan,nan,1328.20692,2.5977203e-04,1819.02301,2.2903935e-04,4.6678903e-03,4.4780035e-02
-0.12672379913874465,0.9994957759571802,0.0002859562904305314,1914.9903162010646,3.1749022e-03,495023,471.02489,463.89727,1.6407769e+05,4.6892704e+01,4.8532690e+03,1.4744287e+01,1.6980820e+05,4.8582222e+01,0,nan,nan,nan,nan,471.02489,2.6324679e-04,463.89727,2.9823047e-04,2.8066231e-02,-4.3184464e-03
-0.12659840066635297,0.9995155811129021,0.000281758677076004,1908.855561599537,3.1399105e-03,490606,470.99759,463.87281,1.6372412e+05,4.6169350e+01,2.5896912e+03,1.3414312e+01,1.6968294e+05,4.7832809e+01,0,nan,nan,nan,nan,470.99759,2.5829708e-04,463.87281,2.9370029e-04,-2.1874334e-03,-3.0512497e-02
-0.12652045396043832,0.9996629930031907,0.0002821815409040293,1902.7207595462428,3.0574673e-03,486189,470.98294,463.85124,1.6381044e+05,4.6247223e+01,2.7999753e+03,1.3573218e+01,1.6973945e+05,4.7913486e+01,0,nan,nan,nan,nan,470.98294,2.5811966e-04,463.85124,2.9391533e-04,-1.7967550e-02,-5.4613359e-02
-0.12639711730071213,0.9991781263413976,0.0002845421526677542,1718.6744828829005,-3.0272878e-03,353680,1328.20958,1818.98300,1.5779411e+05,4.5007648e+01,4.6325674e+03,1.1921535e+01,1.6605055e+05,4.7287243e+01,0,nan,nan,nan,nan,1328.20958,2.6137158e-04,1818.98300,2.3159961e-04,7.4361381e-03,3.4874163e-04
-0.1261145207079153,0.9994608965834525,0.0002826211244945888,1712.5398854794933,-2.9051390e-03,349263,1328.21206,1818.99008,1.5840462e+05,4.4735699e+01,3.2917498e+03,1.1232133e+01,1.6621611e+05,4.7001518e+01,0,nan,nan,nan,nan,1328.21206,2.5853474e-04,1818.99008,2.2839635e-04,1.0233550e-02,8.6874086e-03
-0.1260450502477397,0.9995582611244097,0.0002994161867072546,1761.618994949954,-2.9400538e-03,384600,1042.62935,1775.57253,1.5921741e+05,4.7684307e+01,1.0486108e+04,1.6477139e+01,1.6666130e+05,4.9923145e+01,0,nan,nan,nan,nan,1042.62935,2.8123261e-04,1775.57253,2.5085179e-04,6.3257734e-03,4.2089574e-02
-0.12600470378015416,0.9994167200818808,0.0002907541788984373,1755.4841552964215,-3.0602459e-03,380183,1042.61318,1775.56227,1.5906488e+05,4.6260311e+01,5.2218530e+03,1.4087040e+01,1.6647753e+05,4.8432289e+01,0,nan,nan,nan,nan,1042.61318,2.7072677e-04,1775.56227,2.4167784e-04,-1.1847939e-02,3.0830611e-02
-0.12581183683823838,1.0001416880005178,0.0002928769580570994,1743.2145881633633,-3.1884566e-03,371349,1042.61575,1775.52291,1.5900909e+05,4.6595753e+01,6.5321470e+03,1.4693543e+01,1.6659008e+05,4.8783485e+01,0,nan,nan,nan,nan,1042.61575,2.7344699e-04,1775.52291,2.4422453e-04,-1.0226123e-02,-1.1805788e-02
-0.12548674975550966,1.0006171838683542,0.0002821946747629381,1921.126433250448,3.1834536e-03,499441,471.02084,463.88594,1.6420669e+05,4.6252304e+01,2.5934976e+03,1.3490781e+01,1.6991222e+05,4.7918747e+01,0,nan,nan,nan,nan,471.02084,2.5827377e-04,463.88594,2.9308692e-04,2.2610769e-02,-1.5044593e-02
-0.12547903637891977,1.0004109689150287,0.00028424345917438357,1730.9451609638224,-3.1772000e-03,362515,1328.19883,1819.02013,1.5856661e+05,4.4959278e+01,4.1062686e+03,1.1656342e+01,1.6625128e+05,4.7236423e+01,0,nan,nan,nan,nan,1328.19883,2.5942395e-04,1819.02013,2.2901502e-04,-4.3503339e-03,4.1543793e-02
-0.1253349066505507,1.000146132857773,0.00028618876412677855,1914.9917050935528,3.1749064e-03,495024,471.01300,463.88800,1.6429873e+05,4.6930908e+01,4.8285229e+03,1.4806969e+01,1.6991898e+05,4.8621803e+01,0,nan,nan,nan,nan,471.01300,2.6267490e-04,463.88800,2.9760043e-04,1.5094865e-02,-1.3705729e-02
-0.1252094977012348,1.0003959653834507,0.00028196208178357397,1908.856950502502,3.1399252e-03,490607,471.00114,463.88234,1.6401767e+05,4.6202675e+01,2.5905718e+03,1.3423660e+01,1.6983236e+05,4.7867329e+01,0,nan,nan,nan,nan,471.00114,2.5792574e-04,463.88234,2.9315794e-04,6.6909660e-04,-1.9576833e-02
-0.1251315435442848,1.0004476887572193,0.00028235329925327125,1902.722148456659,3.0574894e-03,486190,470.98799,463.85946,1.6396738e+05,4.6275356e+01,2.7749636e+03,1.3615970e+01,1.6987262e+05,4.7942631e+01,0,nan,nan,nan,nan,470.98799,2.5820796e-04,463.85946,2.9361527e-04,-1.2466760e-02,-4.5626801e-02
-0.12500825229903967,0.9997592562641718,0.0002845009713561165,1718.6758717479022,-3.0273111e-03,353681,1328.20081,1818.99084,1.5766867e+05,4.5001186e+01,4.6225791e+03,1.2002128e+01,1.6614731e+05,4.7280457e+01,0,nan,nan,nan,nan,1328.20081,2.6139367e-04,1818.99084,2.3156812e-04,-1.8121613e-03,8.1762550e-03
-0.12472566502037807,0.9997294595602085,0.00028252616677859594,1712.5412743351808,-2.9051716e-03,349264,1328.21361,1818.99055,1.5845345e+05,4.4720802e+01,3.2881172e+03,1.1186015e+01,1.6626128e+05,4.6985874e+01,0,nan,nan,nan,nan,1328.21361,2.5814597e-04,1818.99055,2.2830487e-04,1.1224846e-02,8.6586913e-03
-0.12465613078438764,0.99983049153073,0.00029956939579943594,1761.6203838694173,-2.9400226e-03,384601,1042.63204,1775.57257,1.5933555e+05,4.7708912e+01,1.0499873e+04,1.6507763e+01,1.6670741e+05,4.9948906e+01,0,nan,nan,nan,nan,1042.63204,2.8112612e-04,1775.57257,2.5070304e-04,8.0076205e-03,4.2225044e-02
-0.12461579269893264,0.9998285169045047,0.0002906363603622752,1755.4855442075027,-3.0602231e-03,380184,1042.61149,1775.56938,1.5905164e+05,4.6241581e+01,5.2218125e+03,1.4055771e+01,1.6654619e+05,4.8412682e+01,0,nan,nan,nan,nan,1042.61149,2.7080713e-04,1775.56938,2.4158291e-04,-1.3839317e-02,3.7686136e-02
-0.12442294112361196,1.000646473841957,0.0002930468685932445,1743.2159770590779,-3.1884492e-03,371350,1042.61700,1775.52013,1.5905484e+05,4.6622826e+01,6.5258149e+03,1.4713940e+01,1.6667428e+05,4.8811825e+01,0,nan,nan,nan,nan,1042.61700,2.7373337e-04,1775.52013,2.4493178e-04,-7.6316660e-03,-1.6203878e-02
-0.12409786285434166,1.0006514016794472,0.0002822514633611401,1921.127822137349,3.1834522e-03,499442,471.02889,463.89199,1.6422244e+05,4.6261566e+01,2.5904678e+03,1.3496264e+01,1.6991786e+05,4.7928345e+01,0,nan,nan,nan,nan,471.02889,2.5863378e-04,463.89199,2.9310264e-04,3.0769043e-02,-8.6287446e-03
-0.12409015624257336,1.0001445030759928,0.0002842658645902617,1730.9465498439588,-3.1772081e-03,362516,1328.20173,1819.02262,1.5847247e+05,4.4962891e+01,4.1090444e+03,1.1662600e+01,1.6620725e+05,4.7240219e+01,0,nan,nan,nan,nan,1328.20173,2.5969587e-04,1819.02262,2.2952761e-04,-1.4452834e-03,4.4029865e-02
-0.12394601392998084,0.9999920476114335,0.0002862322299928058,1914.9930939862734,3.1749108e-03,495025,471.02144,463.90899,1.6431288e+05,4.6938110e+01,4.8546738e+03,1.4813858e+01,1.6989311e+05,4.8629269e+01,0,nan,nan,nan,nan,471.02144,2.6266117e-04,463.90899,2.9753186e-04,2.3844732e-02,8.4115015e-03
-0.12382059473611662,1.0002775692479393,0.0002820259017391526,1908.8583394054672,3.1399399e-03,490608,470.99944,463.87223,1.6400216e+05,4.6213120e+01,2.5889836e+03,1.3460679e+01,1.6981222e+05,4.7878155e+01,0,nan,nan,nan,nan,470.99944,2.5789603e-04,463.87223,2.9294824e-04,-9.7183493e-04,-2.9614283e-02
-0.12374263312767653,1.0001499811967487,0.00028237877523505986,1902.7235373670756,3.0575115e-03,486191,470.98674,463.86271,1.6392348e+05,4.6279507e+01,2.7937083e+03,1.3622406e+01,1.6982198e+05,4.7946934e+01,0,nan,nan,nan,nan,470.98674,2.5816474e-04,463.86271,2.9368341e-04,-1.4367471e-02,-4.1343883e-02
-0.12361938752974311,1.000107804900246,0.0002845065030021545,1718.6772606126715,-3.0273346e-03,353682,1328.20242,1818.98509,1.5784903e+05,4.5002110e+01,4.6357539e+03,1.1917597e+01,1.6620542e+05,4.7281429e+01,0,nan,nan,nan,nan,1328.20242,2.6105496e-04,1818.98509,2.3151712e-04,6.2930601e-05,2.6275096e-03
-0.12333680910001021,0.9997361552082825,0.0002827471975890811,1712.5426631911012,-2.9052040e-03,349265,1328.20674,1818.98442,1.5854073e+05,4.4755928e+01,3.2873418e+03,1.1220602e+01,1.6626291e+05,4.7022778e+01,0,nan,nan,nan,nan,1328.20674,2.5813899e-04,1818.98442,2.2819592e-04,3.3280631e-03,2.3591192e-03
-0.12326721132149032,1.0001960019718121,0.0002994265205765209,1761.6217727888802,-2.9399914e-03,384602,1042.62746,1775.57415,1.5930556e+05,4.7686356e+01,1.0489562e+04,1.6447067e+01,1.6676906e+05,4.9925293e+01,0,nan,nan,nan,nan,1042.62746,2.8130040e-04,1775.57415,2.5081544e-04,4.0488071e-03,4.3187782e-02
-0.12322688161748374,0.9997655157376522,0.0002906336352792499,1755.4869331185841,-3.0602003e-03,380185,1042.61058,1775.57375,1.5905675e+05,4.6241165e+01,5.2308145e+03,1.4039508e+01,1.6653575e+05,4.8412243e+01,0,nan,nan,nan,nan,1042.61058,2.7086100e-04,1775.57375,2.4154826e-04,-1.4782101e-02,4.2654000e-02
-0.1230340454094403,0.9999120093999098,0.00029283153639763146,1743.217365954792,-3.1884417e-03,371351,1042.61405,1775.53241,1.5902589e+05,4.6588596e+01,6.5029321e+03,1.4677017e+01,1.6655208e+05,4.8775990e+01,0,nan,nan,nan,nan,1042.61405,2.7323069e-04,1775.53241,2.4448402e-04,-1.1029756e-02,-1.5776164e-03
-0.1227089759536284,1.000733171876997,0.00028210423672859515,1921.1292110242498,3.1834508e-03,499443,471.02161,463.88025,1.6423673e+05,4.6237389e+01,2.5843550e+03,1.3440897e+01,1.6993158e+05,4.7903297e+01,0,nan,nan,nan,nan,471.02161,2.5830910e-04,463.88025,2.9292860e-04,2.3390405e-02,-2.1114020e-02
-0.12270127610645432,1.0001784535002982,0.00028410751424014837,1730.947938724095,-3.1772163e-03,362517,1328.20449,1819.02634,1.5829956e+05,4.4937916e+01,4.1111470e+03,1.1721571e+01,1.6621316e+05,4.7213982e+01,0,nan,nan,nan,nan,1328.20449,2.6001164e-04,1819.02634,2.3013570e-04,1.3100881e-03,4.5836210e-02
-0.12255712144133213,1.0000145605204824,0.0002862249444029916,1914.994482878762,3.1749150e-03,495026,471.00986,463.89157,1.6429406e+05,4.6936996e+01,4.8462690e+03,1.4824253e+01,1.6989722e+05,4.8628113e+01,0,nan,nan,nan,nan,471.00986,2.6241736e-04,463.89157,2.9762124e-04,1.1396914e-02,-1.0108225e-02
-0.12243169177008895,1.0003519724057068,0.0002822242097580344,1908.8597283084332,3.1399545e-03,490609,471.00014,463.88375,1.6402305e+05,4.6245602e+01,2.6016860e+03,1.3521198e+01,1.6982481e+05,4.7911808e+01,0,nan,nan,nan,nan,471.00014,2.5805045e-04,463.88375,2.9326853e-04,-2.9560662e-04,-1.7948614e-02
-0.12235372271106826,0.9994579096032906,0.0002823130641606898,1902.7249262774922,3.0575336e-03,486192,470.98729,463.85472,1.6382820e+05,4.6268719e+01,2.8010518e+03,1.3630632e+01,1.6970441e+05,4.7935757e+01,0,nan,nan,nan,nan,470.98729,2.5825968e-04,463.85472,2.9391548e-04,-1.4444878e-02,-5.0450247e-02
-0.12223052276044655,1.000165258093406,0.00028457515739170174,1718.6786494774408,-3.0273581e-03,353683,1328.20254,1818.98661,1.5783027e+05,4.5013016e+01,4.6335903e+03,1.1968425e+01,1.6621516e+05,4.7292885e+01,0,nan,nan,nan,nan,1328.20254,2.6108802e-04,1818.98661,2.3146402e-04,-4.8819825e-04,4.7006626e-03
-0.12194795341179088,0.9994819390776991,0.00028252993077106293,1712.5440520467894,-2.9052366e-03,349266,1328.20340,1818.98305,1.5843828e+05,4.4721672e+01,3.2978022e+03,1.1195550e+01,1.6622112e+05,4.6986786e+01,0,nan,nan,nan,nan,1328.20340,2.5791573e-04,1818.98305,2.2817713e-04,7.8595942e-04,6.2169158e-04
-0.12187829185813825,1.000697421583251,0.00029956946359008805,1761.6231617083436,-2.9399602e-03,384603,1042.63407,1775.57009,1.5947598e+05,4.7709328e+01,1.0470011e+04,1.6472506e+01,1.6685336e+05,4.9949337e+01,0,nan,nan,nan,nan,1042.63407,2.8105709e-04,1775.57009,2.5053773e-04,1.1103900e-02,3.9713342e-02
-0.12183797053648959,1.0000150500747318,0.00029073890314924595,1755.4883220296651,-3.0601774e-03,380186,1042.61573,1775.56014,1.5910766e+05,4.6257923e+01,5.2290615e+03,1.4070996e+01,1.6657738e+05,4.8429794e+01,0,nan,nan,nan,nan,1042.61573,2.7074624e-04,1775.56014,2.4156275e-04,-9.1714431e-03,2.8034115e-02
-0.12164514969481388,0.9994817492026029,0.00029278997082872075,1743.2187548505067,-3.1884343e-03,371352,1042.61102,1775.52445,1.5890464e+05,4.6582020e+01,6.5050234e+03,1.4677547e+01,1.6648053e+05,4.8769104e+01,0,nan,nan,nan,nan,1042.61102,2.7333637e-04,1775.52445,2.4479104e-04,-1.4737075e-02,-1.1002458e-02
-0.12132008905336988,1.0000915883669805,0.0002822788574710791,1921.13059991115,3.1834494e-03,499444,471.02175,463.89184,1.6415711e+05,4.6265968e+01,2.5975266e+03,1.3516288e+01,1.6982247e+05,4.7932907e+01,0,nan,nan,nan,nan,471.02175,2.5844670e-04,463.89184,2.9333308e-04,2.3547126e-02,-9.1246376e-03
-0.12131239620384804,1.0005331986162094,0.0002841094753514889,1730.9493276039975,-3.1772247e-03,362518,1328.20273,1819.02538,1.5848614e+05,4.4938293e+01,4.1065210e+03,1.1639222e+01,1.6627238e+05,4.7214382e+01,0,nan,nan,nan,nan,1328.20273,2.5953579e-04,1819.02538,2.2902140e-04,5.4478474e-05,4.6653647e-02
-0.12116822895268342,1.0000116020958572,0.0002861486113290045,1914.9958717712507,3.1749192e-03,495027,471.01005,463.88776,1.6416052e+05,4.6924553e+01,4.8491509e+03,1.4836328e+01,1.6989698e+05,4.8615223e+01,0,nan,nan,nan,nan,471.01005,2.6257729e-04,463.88776,2.9825090e-04,1.1657557e-02,-1.3980763e-02
-0.12104278857032114,1.0002931849899264,0.00028198548447767223,1908.861117211633,3.1399694e-03,490610,471.00272,463.87868,1.6393516e+05,4.6206474e+01,2.5918613e+03,1.3441492e+01,1.6981478e+05,4.7871269e+01,0,nan,nan,nan,nan,471.00272,2.5834990e-04,463.87868,2.9337560e-04,2.7712490e-03,-2.3075975e-02
-0.12096481229536948,1.0003560213945855,0.0002822858281173352,1902.7263151879079,3.0575558e-03,486193,470.98869,463.85726,1.6394741e+05,4.6264233e+01,2.7947808e+03,1.3560816e+01,1.6985683e+05,4.7931110e+01,0,nan,nan,nan,nan,470.98869,2.5805351e-04,463.85726,2.9380881e-04,-1.2351667e-02,-4.7420193e-02
-0.12084165775968359,0.9997735904606587,0.00028454658888335023,1718.6800383424415,-3.0273814e-03,353684,1328.20847,1818.98649,1.5786825e+05,4.5008549e+01,4.6425674e+03,1.1914412e+01,1.6615023e+05,4.7288189e+01,0,nan,nan,nan,nan,1328.20847,2.6135525e-04,1818.98649,2.3127122e-04,6.6644964e-03,4.4227717e-03
-0.1205590974907409,0.99921856887216,0.0002826092588028252,1712.5454409027104,-2.9052689e-03,349267,1328.20616,1818.98631,1.5845202e+05,4.4734367e+01,3.3033506e+03,1.1207452e+01,1.6617784e+05,4.7000122e+01,0,nan,nan,nan,nan,1328.20616,2.5801265e-04,1818.98631,2.2801021e-04,3.5569118e-03,4.6341396e-03
-0.12048937262807158,0.9995350180425138,0.000299475631133092,1761.6245506275736,-2.9399293e-03,384604,1042.63103,1775.57247,1.5921352e+05,4.7694576e+01,1.0497415e+04,1.6467718e+01,1.6666023e+05,4.9933899e+01,0,nan,nan,nan,nan,1042.63103,2.8150191e-04,1775.57247,2.5107843e-04,7.5255069e-03,4.2113297e-02
-0.1204490594550407,1.000215784585359,0.0002906667804344538,1755.4897109407466,-3.0601546e-03,380187,1042.61975,1775.57984,1.5904577e+05,4.6246468e+01,5.2327612e+03,1.4057148e+01,1.6661088e+05,4.8417797e+01,0,nan,nan,nan,nan,1042.61975,2.7083262e-04,1775.57984,2.4183092e-04,-4.8024813e-03,4.9157672e-02
-0.12025625398041484,0.9992471021246115,0.00029288084757169797,1743.220143746221,-3.1884268e-03,371353,1042.61650,1775.52523,1.5897866e+05,4.6596508e+01,6.4829561e+03,1.4707103e+01,1.6644156e+05,4.8784275e+01,0,nan,nan,nan,nan,1042.61650,2.7335854e-04,1775.52523,2.4423996e-04,-9.5964130e-03,-9.0637319e-03
-0.11993120215356612,1.000253442664123,0.00028232286073958415,1921.1319887980499,3.1834480e-03,499445,471.02761,463.88727,1.6415900e+05,4.6273136e+01,2.6027966e+03,1.3529950e+01,1.6984980e+05,4.7940334e+01,0,nan,nan,nan,nan,471.02761,2.5856140e-04,463.88727,2.9359711e-04,2.9650085e-02,-1.4021916e-02
-0.11992351606818374,0.9998361635946678,0.000284042847422787,1730.9507164841332,-3.1772328e-03,362519,1328.20105,1819.02010,1.5838945e+05,4.4927830e+01,4.1026392e+03,1.1638205e+01,1.6615681e+05,4.7203384e+01,0,nan,nan,nan,nan,1328.20105,2.5964109e-04,1819.02010,2.2957369e-04,-2.4174799e-03,4.0788591e-02
-0.11977933623120407,1.000112444025648,0.0002861490489190525,1914.9972606639722,3.1749236e-03,495028,471.01625,463.90444,1.6425447e+05,4.6924702e+01,4.8421548e+03,1.4784238e+01,1.6991439e+05,4.8615376e+01,0,nan,nan,nan,nan,471.01625,2.6256649e-04,463.90444,2.9837483e-04,1.8267669e-02,3.6212145e-03
-0.11965388560429346,1.000202795679483,0.00028208303948060355,1908.862506114599,3.1399841e-03,490611,471.00021,463.87564,1.6392138e+05,4.6222446e+01,2.5964421e+03,1.3480351e+01,1.6979941e+05,4.7887817e+01,0,nan,nan,nan,nan,471.00021,2.5839958e-04,463.87564,2.9350957e-04,-4.5509031e-04,-2.6206775e-02
-0.11957590187876121,0.9999900471585839,0.00028228519237755525,1902.7277040983245,3.0575779e-03,486194,470.98693,463.85733,1.6387616e+05,4.6264114e+01,2.7977087e+03,1.3597370e+01,1.6979461e+05,4.7930984e+01,0,nan,nan,nan,nan,470.98693,2.5829056e-04,463.85733,2.9369921e-04,-1.4418018e-02,-4.7523305e-02
-0.11945279299175127,0.999666684289767,0.00028459007546322723,1718.6814272072095,-3.0274049e-03,353685,1328.20623,1818.98783,1.5777050e+05,4.5015469e+01,4.6397881e+03,1.1983349e+01,1.6613262e+05,4.7295460e+01,0,nan,nan,nan,nan,1328.20623,2.6130324e-04,1818.98783,2.3157682e-04,3.7725235e-03,5.5477959e-03
-0.11917024180229419,0.9993210563359035,0.0002824787019513621,1712.5468297583989,-2.9053015e-03,349268,1328.20959,1818.98838,1.5840202e+05,4.4713837e+01,3.2915188e+03,1.1182712e+01,1.6619539e+05,4.6978554e+01,0,nan,nan,nan,nan,1328.20959,2.5811134e-04,1818.98838,2.2802106e-04,7.6095648e-03,6.6038896e-03
-0.11910045316471951,0.9994840116798096,0.0002994822549418624,1761.625939547037,-2.9398981e-03,384605,1042.63196,1775.57138,1.5923172e+05,4.7695831e+01,1.0467018e+04,1.6470484e+01,1.6665241e+05,4.9935207e+01,0,nan,nan,nan,nan,1042.63196,2.8136815e-04,1775.57138,2.5115645e-04,8.8157216e-03,4.1003723e-02
-0.11906014837381917,1.0000290311955529,0.0002908019688673275,1755.4910998518278,-3.0601318e-03,380188,1042.61069,1775.56282,1.5912564e+05,4.6267994e+01,5.2311860e+03,1.4069161e+01,1.6657983e+05,4.8440334e+01,0,nan,nan,nan,nan,1042.61069,2.7071577e-04,1775.56282,2.4167127e-04,-1.4397305e-02,3.0808637e-02
-0.11886735849884644,0.9994382412162496,0.0002928163249525148,1743.2215326417027,-3.1884196e-03,371354,1042.62014,1775.51467,1.5900836e+05,4.6586281e+01,6.4779980e+03,1.4667945e+01,1.6647352e+05,4.8773563e+01,0,nan,nan,nan,nan,1042.62014,2.7320924e-04,1775.51467,2.4427020e-04,-5.1480667e-03,-1.9890253e-02
-0.1185423152533076,1.0002021450504603,0.0002823725651273027,1921.1333776849501,3.1834466e-03,499446,471.02451,463.89439,1.6411627e+05,4.6281239e+01,2.6001643e+03,1.3569516e+01,1.6984094e+05,4.7948727e+01,0,nan,nan,nan,nan,471.02451,2.5868308e-04,463.89439,2.9350206e-04,2.6718428e-02,-6.5144803e-03
-0.11853463593342894,0.999140290363875,0.0002840543628165569,1730.952105364268,-3.1772410e-03,362520,1328.19737,1819.01557,1.5831767e+05,4.4929726e+01,4.1111304e+03,1.1662602e+01,1.6604144e+05,4.7205376e+01,0,nan,nan,nan,nan,1328.19737,2.5978114e-04,1819.01557,2.2938360e-04,-6.3816616e-03,3.6029529e-02
-0.11839044374255536,1.0004943721748187,0.0002861414656851236,1914.9986495564608,3.1749278e-03,495029,471.01216,463.88786,1.6435456e+05,4.6923534e+01,4.8236704e+03,1.4765285e+01,1.6997955e+05,4.8614166e+01,0,nan,nan,nan,nan,471.01216,2.6237298e-04,463.88786,2.9777529e-04,1.3537895e-02,-1.3989876e-02
-0.11826498263917529,0.9999538781761487,0.0002820332080450376,1908.8638950175641,3.1399988e-03,490612,470.99737,463.86746,1.6390820e+05,4.6214268e+01,2.5997161e+03,1.3465781e+01,1.6975711e+05,4.7879349e+01,0,nan,nan,nan,nan,470.99737,2.5837254e-04,463.86746,2.9345916e-04,-2.4468328e-03,-3.6492907e-02
-0.1181869912293223,1.0000524018540862,0.0002823980059935606,1902.729093008974,3.0576002e-03,486195,470.98919,463.85633,1.6396106e+05,4.6282578e+01,2.7610173e+03,1.3595016e+01,1.6980512e+05,4.7950119e+01,0,nan,nan,nan,nan,470.98919,2.5817583e-04,463.85633,2.9379330e-04,-1.1969456e-02,-4.8715927e-02
-0.11806392799007881,0.9996000511770011,0.0002843975540209761,1718.6828160722112,-3.0274282e-03,353686,1328.20124,1818.98731,1.5772050e+05,4.4985054e+01,4.6356924e+03,1.1911421e+01,1.6612170e+05,4.7263508e+01,0,nan,nan,nan,nan,1328.20124,2.6125938e-04,1818.98731,2.3147670e-04,-1.2800263e-03,5.1593902e-03
-0.1177813858812442,0.9996876968533059,0.0002824727629200781,1712.54821861432,-2.9053339e-03,349269,1328.20361,1818.98331,1.5839419e+05,4.4713032e+01,3.3032366e+03,1.1167836e+01,1.6625686e+05,4.6977707e+01,0,nan,nan,nan,nan,1328.20361,2.5812333e-04,1818.98331,2.2823474e-04,1.3756391e-03,1.0148346e-03
-0.11771153370136744,1.0000874942336728,0.00029946717624298476,1761.6273284665003,-2.9398669e-03,384606,1042.63232,1775.56688,1.5931623e+05,4.7693615e+01,1.0469491e+04,1.6480797e+01,1.6675370e+05,4.9932892e+01,0,nan,nan,nan,nan,1042.63232,2.8119123e-04,1775.56688,2.5079079e-04,8.8893948e-03,3.6232542e-02
-0.11767123705976701,0.9992467978457062,0.00029082387405872563,1755.4924887631419,-3.0601087e-03,380189,1042.60993,1775.55676,1.5911639e+05,4.6271492e+01,5.2339150e+03,1.4109035e+01,1.6644958e+05,4.8444000e+01,0,nan,nan,nan,nan,1042.60993,2.7066402e-04,1775.55676,2.4164269e-04,-1.5816431e-02,2.4714228e-02
-0.11747846278422003,0.9994132788524354,0.0002926209939217647,1743.2229215374173,-3.1884122e-03,371355,1042.61346,1775.53891,1.5883395e+05,4.6555233e+01,6.4706826e+03,1.4653092e+01,1.6646948e+05,4.8741062e+01,0,nan,nan,nan,nan,1042.61346,2.7349257e-04,1775.53891,2.4450730e-04,-1.2210320e-02,5.1861187e-03
-0.11715342835350384,0.9997751568128188,0.00028195047537837896,1921.13476657185,3.1834452e-03,499447,471.02221,463.88777,1.6400728e+05,4.6212013e+01,2.6026731e+03,1.3441509e+01,1.6976828e+05,4.7877010e+01,0,nan,nan,nan,nan,471.02221,2.5876056e-04,463.88777,2.9338326e-04,2.4069803e-02,-1.3553151e-02
-0.11714575579867414,0.9997518856131581,0.000284180245903835,1730.9534942444027,-3.1772491e-03,362521,1328.20588,1819.02409,1.5845189e+05,4.4949715e+01,4.0913264e+03,1.1664759e+01,1.6614336e+05,4.7226379e+01,0,nan,nan,nan,nan,1328.20588,2.5988978e-04,1819.02409,2.2911972e-04,3.1401650e-03,4.5403291e-02
-0.1170015510219855,0.9998303621984094,0.00028609558127884677,1915.0000384491814,3.1749322e-03,495030,471.02083,463.91384,1.6418097e+05,4.6916084e+01,4.8431016e+03,1.4797959e+01,1.6986700e+05,4.8606445e+01,0,nan,nan,nan,nan,471.02083,2.6279211e-04,463.91384,2.9797910e-04,2.3288054e-02,1.4333570e-02
-0.11687607967360236,0.9995035672039325,0.00028189295887521307,1908.8652839205297,3.1400134e-03,490613,471.00206,463.88424,1.6385181e+05,4.6191284e+01,2.5919148e+03,1.3438896e+01,1.6968062e+05,4.7855530e+01,0,nan,nan,nan,nan,471.00206,2.5818273e-04,463.88424,2.9333332e-04,1.9074007e-03,-1.7439529e-02
-0.11679808081271403,0.9998183264089864,0.0002822772222194906,1902.7304819193905,3.0576224e-03,486196,470.99342,463.86211,1.6388336e+05,4.6262764e+01,2.7919502e+03,1.3604863e+01,1.6976531e+05,4.7929588e+01,0,nan,nan,nan,nan,470.99342,2.5829731e-04,463.86211,2.9366053e-04,-6.8821646e-03,-4.2251389e-02
-0.11667506322146437,0.9990419919223722,0.00028455116707264784,1718.6842049369798,-3.0274517e-03,353687,1328.20549,1818.98656,1.5768167e+05,4.5009388e+01,4.6391431e+03,1.1969668e+01,1.6602909e+05,4.7289078e+01,0,nan,nan,nan,nan,1328.20549,2.6139111e-04,1818.98656,2.3185353e-04,3.5904814e-03,4.9208351e-03
-0.11639253019302487,0.9989674914079076,0.000282581758957501,1712.5496074700081,-2.9053665e-03,349270,1328.20421,1818.98468,1.5838788e+05,4.4730419e+01,3.2996531e+03,1.1204370e+01,1.6613758e+05,4.6995975e+01,0,nan,nan,nan,nan,1328.20421,2.5814489e-04,1818.98468,2.2822127e-04,1.5452863e-03,2.6988005e-03
-0.11632261423847012,0.9990788533688667,0.00029940123702081273,1761.6287173859632,-2.9398357e-03,384607,1042.63103,1775.57521,1.5918583e+05,4.7683304e+01,1.0481623e+04,1.6488638e+01,1.6658619e+05,4.9922096e+01,0,nan,nan,nan,nan,1042.63103,2.8136128e-04,1775.57521,2.5092688e-04,7.2384765e-03,4.4847719e-02
-0.11628232597831811,0.9987610092072219,0.00029073275803803125,1755.4938776742233,-3.0600859e-03,380190,1042.61470,1775.56953,1.5897811e+05,4.6257015e+01,5.2565098e+03,1.4078817e+01,1.6636870e+05,4.8428837e+01,0,nan,nan,nan,nan,1042.61470,2.7128900e-04,1775.56953,2.4178196e-04,-1.0354125e-02,3.8229726e-02
-0.11608956707050311,0.9994315327825923,0.00029289597126805724,1743.224310433131,-3.1884047e-03,371356,1042.61271,1775.52168,1.5900723e+05,4.6599018e+01,6.4740010e+03,1.4674258e+01,1.6647264e+05,4.8786900e+01,0,nan,nan,nan,nan,1042.61271,2.7337647e-04,1775.52168,2.4449817e-04,-1.2974724e-02,-1.2892846e-02
-0.11576454168562123,0.9996379475300645,0.00028218721913907796,1921.1361554585178,3.1834436e-03,499448,471.02629,463.88729,1.6401789e+05,4.6250778e+01,2.6029133e+03,1.3552012e+01,1.6974483e+05,4.7917171e+01,0,nan,nan,nan,nan,471.02629,2.5879877e-04,463.88729,2.9335861e-04,2.8446332e-02,-1.3986934e-02
-0.11575687566323722,0.999092658158036,0.00028417003735091895,1730.9548831245381,-3.1772573e-03,362522,1328.20078,1819.01587,1.5831567e+05,4.4948174e+01,4.1014658e+03,1.1659151e+01,1.6603409e+05,4.7224762e+01,0,nan,nan,nan,nan,1328.20078,2.5959717e-04,1819.01587,2.2989247e-04,-2.9905392e-03,3.6014445e-02
-0.11561265853379155,0.9992133827198056,0.0002859297755923409,1915.0014273416696,3.1749364e-03,495031,471.01158,463.88896,1.6410828e+05,4.6888966e+01,4.8409810e+03,1.4739295e+01,1.6976245e+05,4.8578350e+01,0,nan,nan,nan,nan,471.01158,2.6262115e-04,463.88896,2.9805364e-04,1.3280158e-02,-1.2782133e-02
-0.11548717670848418,0.999599649220494,0.00028191470709766587,1908.8666728234948,3.1400281e-03,490614,470.99806,463.87018,1.6384389e+05,4.6194839e+01,2.6022805e+03,1.3458274e+01,1.6969689e+05,4.7859211e+01,0,nan,nan,nan,nan,470.99806,2.5796925e-04,463.87018,2.9340750e-04,-2.1417970e-03,-3.3535328e-02
-0.11540917039610576,1.0001364435518676,0.00028238738437932117,1902.7318708298071,3.0576445e-03,486197,470.98288,463.85451,1.6388122e+05,4.6280800e+01,2.7922722e+03,1.3651043e+01,1.6981925e+05,4.7948273e+01,0,nan,nan,nan,nan,470.98288,2.5827272e-04,463.85451,2.9376993e-04,-1.8485885e-02,-4.9930613e-02
-0.11528619822070141,0.9988483026864258,0.0002844687432859256,1718.6855938019805,-3.0274750e-03,353688,1328.20441,1818.98506,1.5768550e+05,4.4996391e+01,4.6469683e+03,1.1934048e+01,1.6599705e+05,4.7275417e+01,0,nan,nan,nan,nan,1328.20441,2.6123368e-04,1818.98506,2.3169898e-04,1.3814943e-03,2.9812548e-03
-0.11500367427174751,0.998676915827209,0.00028249029220770024,1712.5509963259294,-2.9053988e-03,349271,1328.21068,1818.98589,1.5839716e+05,4.4716072e+01,3.3047488e+03,1.1187400e+01,1.6608975e+05,4.6980904e+01,0,nan,nan,nan,nan,1328.21068,2.5809882e-04,1818.98589,2.2796082e-04,8.3943307e-03,4.2292709e-03
-0.11493369477511806,0.9986742763893134,0.00029932301534734866,1761.6301063054266,-2.9398045e-03,384608,1042.63527,1775.57509,1.5918677e+05,4.7671036e+01,1.0471805e+04,1.6452454e+01,1.6651939e+05,4.9909252e+01,0,nan,nan,nan,nan,1042.63527,2.8143002e-04,1775.57509,2.5081221e-04,1.1306854e-02,4.4691212e-02
-0.11489341489732396,0.9988297186334616,0.0002908179907011406,1755.4952665853043,-3.0600631e-03,380191,1042.61183,1775.56839,1.5903948e+05,4.6270588e+01,5.2303901e+03,1.4118869e+01,1.6638020e+05,4.8443050e+01,0,nan,nan,nan,nan,1042.61183,2.7091161e-04,1775.56839,2.4174468e-04,-1.4009529e-02,3.6759544e-02
-0.11470067135678619,0.9991918470150571,0.00029285642351550855,1743.2256993288447,-3.1883973e-03,371357,1042.61799,1775.52043,1.5895330e+05,4.6592758e+01,6.4635303e+03,1.4682128e+01,1.6643283e+05,4.8780346e+01,0,nan,nan,nan,nan,1042.61799,2.7337857e-04,1775.52043,2.4456152e-04,-6.9482937e-03,-1.4607063e-02
-0.11437565478422584,0.9999454269535994,0.0002820790581179502,1921.1375443454192,3.1834422e-03,499449,471.02543,463.88773,1.6410169e+05,4.6233009e+01,2.6137148e+03,1.3468460e+01,1.6979689e+05,4.7898762e+01,0,nan,nan,nan,nan,471.02543,2.5847129e-04,463.88773,2.9312258e-04,2.6730036e-02,-1.3421661e-02
-0.11436799576063095,0.9984204711870601,0.0002839757004727677,1730.9562720044407,-3.1772656e-03,362523,1328.19756,1819.02268,1.5811084e+05,4.4917519e+01,4.0949321e+03,1.1699761e+01,1.6592267e+05,4.7192551e+01,0,nan,nan,nan,nan,1328.19756,2.6010885e-04,1819.02268,2.3002335e-04,-5.9070885e-03,4.3362882e-02
-0.11422376604514284,0.9993322015911918,0.00028603571566942235,1915.0028162341582,3.1749406e-03,495032,471.01620,463.90322,1.6408617e+05,4.6906406e+01,4.8239292e+03,1.4805232e+01,1.6978289e+05,4.8596424e+01,0,nan,nan,nan,nan,471.01620,2.6323431e-04,463.90322,2.9782151e-04,1.9051319e-02,2.2622289e-03
-0.11409827374245651,0.9995618849495401,0.00028192906011888116,1908.8680617264608,3.1400428e-03,490615,471.00363,463.88189,1.6384573e+05,4.6197174e+01,2.6105935e+03,1.3460699e+01,1.6969045e+05,4.7861637e+01,0,nan,nan,nan,nan,471.00363,2.5819280e-04,463.88189,2.9337380e-04,3.8655647e-03,-2.0031272e-02
-0.11402025998040699,0.9995102036525921,0.0002822349604716612,1902.7332597402228,3.0576666e-03,486198,470.98840,463.86269,1.6380606e+05,4.6255802e+01,2.7791851e+03,1.3584057e+01,1.6971286e+05,4.7922375e+01,0,nan,nan,nan,nan,470.98840,2.5858067e-04,463.86269,2.9383137e-04,-1.1744633e-02,-4.1508991e-02
-0.11389733345254172,0.9984490291795615,0.00028438231914041154,1718.6869826667487,-3.0274985e-03,353689,1328.20527,1818.98677,1.5767914e+05,4.4982750e+01,4.6420332e+03,1.1913058e+01,1.6593081e+05,4.7261089e+01,0,nan,nan,nan,nan,1328.20527,2.6135187e-04,1818.98677,2.3148255e-04,2.4000909e-03,4.3602558e-03
-0.11361481858352818,0.9976412272454794,0.0002824069713471726,1712.5523851816176,-2.9054314e-03,349272,1328.20582,1818.98758,1.5818481e+05,4.4703018e+01,3.3130989e+03,1.1211532e+01,1.6591800e+05,4.6967186e+01,0,nan,nan,nan,nan,1328.20582,2.5832109e-04,1818.98758,2.2817025e-04,3.0421892e-03,5.9329569e-03
-0.11354477531199336,0.9984679499095998,0.00029936847643980324,1761.6314952248897,-2.9397733e-03,384609,1042.62993,1775.56963,1.5912325e+05,4.7678467e+01,1.0479438e+04,1.6495070e+01,1.6648564e+05,4.9917027e+01,0,nan,nan,nan,nan,1042.62993,2.8136084e-04,1775.56963,2.5088011e-04,6.4243348e-03,3.9710727e-02
-0.11350450381587507,0.9984239894557043,0.00029055667529159687,1755.4966554963858,-3.0600403e-03,380192,1042.61577,1775.56623,1.5882959e+05,4.6229023e+01,5.2434517e+03,1.4089424e+01,1.6631267e+05,4.8399532e+01,0,nan,nan,nan,nan,1042.61577,2.7099444e-04,1775.56623,2.4192053e-04,-9.2035485e-03,3.4535959e-02
-0.11331177564238715,0.9990537255828669,0.0002927202615740532,1743.227088224559,-3.1883898e-03,371358,1042.61311,1775.52640,1.5901158e+05,4.6571125e+01,6.4437900e+03,1.4646710e+01,1.6640994e+05,4.8757698e+01,0,nan,nan,nan,nan,1042.61311,2.7316107e-04,1775.52640,2.4411830e-04,-1.2943647e-02,-8.0698961e-03
-0.11298676788373996,0.9992213989692267,0.00028203838397881036,1921.1389332323197,3.1834408e-03,499450,471.02065,463.89038,1.6399817e+05,4.6226299e+01,2.5995554e+03,1.3486436e+01,1.6967380e+05,4.7891811e+01,0,nan,nan,nan,nan,471.02065,2.5883806e-04,463.89038,2.9307921e-04,2.2776878e-02,-1.0617121e-02
-0.11297911562519403,0.9983466437813473,0.0002839361169391443,1730.9576608845762,-3.1772738e-03,362524,1328.20017,1819.02246,1.5806209e+05,4.4911331e+01,4.0850479e+03,1.1671019e+01,1.6591070e+05,4.7186054e+01,0,nan,nan,nan,nan,1328.20017,2.6024354e-04,1819.02246,2.3016980e-04,-2.7489942e-03,4.2910285e-02
-0.11283487332366349,0.9994841089267144,0.00028606836203265754,1915.0042051268797,3.1749450e-03,495033,471.00786,463.88500,1.6414734e+05,4.6911831e+01,4.8137788e+03,1.4793541e+01,1.6980895e+05,4.8602043e+01,0,nan,nan,nan,nan,471.00786,2.6287948e-04,463.88500,2.9814700e-04,9.4880527e-03,-1.7509151e-02
-0.1127093707759741,0.9993506284725516,0.000281955725609418,1908.8694506294273,3.1400574e-03,490616,470.99940,463.87919,1.6378748e+05,4.6201538e+01,2.5983328e+03,1.3489797e+01,1.6965455e+05,4.7866154e+01,0,nan,nan,nan,nan,470.99940,2.5814030e-04,463.87919,2.9361696e-04,-6.6808646e-04,-2.3124453e-02
-0.11263134956425347,0.9989666924727063,0.00028220008983801824,1902.734648650639,3.0576887e-03,486199,470.98801,463.85135,1.6370855e+05,4.6250069e+01,2.7921326e+03,1.3613717e+01,1.6962050e+05,4.7916435e+01,0,nan,nan,nan,nan,470.98801,2.5832944e-04,463.85135,2.9408836e-04,-1.3186691e-02,-5.3874224e-02
-0.11250846868392728,0.9979545276795658,0.00028432107733257207,1718.6883715315173,-3.0275220e-03,353690,1328.20262,1818.98449,1.5750716e+05,4.4973099e+01,4.6406948e+03,1.1963008e+01,1.6584875e+05,4.7250946e+01,0,nan,nan,nan,nan,1328.20262,2.6166768e-04,1818.98449,2.3166429e-04,9.4939795e-05,2.1767851e-03
-0.11222596266316032,0.9982099640363721,0.0002824253857090563,1712.553774037538,-2.9054638e-03,349273,1328.20590,1818.98580,1.5826580e+05,4.4706062e+01,3.3148867e+03,1.1204215e+01,1.6601308e+05,4.6970387e+01,0,nan,nan,nan,nan,1328.20590,2.5845846e-04,1818.98580,2.2798471e-04,2.6979258e-03,3.5783870e-03
-0.11215585584886867,0.9980221550695102,0.00029945816832183434,1761.6328841443528,-2.9397421e-03,384610,1042.63310,1775.57217,1.5903280e+05,4.7692932e+01,1.0482286e+04,1.6516418e+01,1.6641195e+05,4.9932178e+01,0,nan,nan,nan,nan,1042.63310,2.8148107e-04,1775.57217,2.5127793e-04,9.6066771e-03,4.2233966e-02
-0.11211559273442617,0.9976643861314607,0.00029064659911123646,1755.4980444074672,-3.0600175e-03,380193,1042.61287,1775.56813,1.5879705e+05,4.6243347e+01,5.2441323e+03,1.4157787e+01,1.6618619e+05,4.8414528e+01,0,nan,nan,nan,nan,1042.61287,2.7095943e-04,1775.56813,2.4192725e-04,-1.2954252e-02,3.7082333e-02
-0.1119228799279881,0.9983650918343029,0.00029260488005526176,1743.2284771202735,-3.1883824e-03,371359,1042.61420,1775.52172,1.5877711e+05,4.6552799e+01,6.4573218e+03,1.4674491e+01,1.6629534e+05,4.8738510e+01,0,nan,nan,nan,nan,1042.61420,2.7354251e-04,1775.52172,2.4430486e-04,-1.0560336e-02,-1.2785908e-02
-0.11159788098348145,0.9990390340539773,0.0002820476185120368,1921.14032211922,3.1834394e-03,499451,471.02576,463.89146,1.6399852e+05,4.6227779e+01,2.5925266e+03,1.3495258e+01,1.6964269e+05,4.7893341e+01,0,nan,nan,nan,nan,471.02576,2.5868270e-04,463.89146,2.9325971e-04,2.7507229e-02,-9.1223828e-03
-0.11159023548884761,0.9980448011726595,0.0002837131625856445,1730.9590497647125,-3.1772819e-03,362525,1328.20412,1819.02486,1.5797820e+05,4.4876148e+01,4.1051714e+03,1.1624737e+01,1.6586084e+05,4.7149090e+01,0,nan,nan,nan,nan,1328.20412,2.5993280e-04,1819.02486,2.3013899e-04,1.4129959e-03,4.5891959e-02
-0.11144598083592427,0.9991931282788187,0.000285979894945661,1915.0055940193674,3.1749492e-03,495034,471.01760,463.90116,1.6409525e+05,4.6897396e+01,4.8169634e+03,1.4762461e+01,1.6975977e+05,4.8587082e+01,0,nan,nan,nan,nan,471.01760,2.6253762e-04,463.90116,2.9827375e-04,1.9453365e-02,8.4047823e-04
-0.11132046780994642,0.9993894051143601,0.00028195997501278896,1908.8708395323933,3.1400721e-03,490617,470.99714,463.87194,1.6384181e+05,4.6202225e+01,2.5922749e+03,1.3500376e+01,1.6966109e+05,4.7866867e+01,0,nan,nan,nan,nan,470.99714,2.5799911e-04,463.87194,2.9337560e-04,-3.1891102e-03,-3.0542273e-02
-0.11124243914719045,0.9982683764995335,0.00028203511858739737,1902.736037561056,3.0577108e-03,486200,470.98548,463.85890,1.6362995e+05,4.6223015e+01,2.7849106e+03,1.3575730e+01,1.6950186e+05,4.7888405e+01,0,nan,nan,nan,nan,470.98548,2.5836274e-04,463.85890,2.9391350e-04,-1.5332634e-02,-4.5399625e-02
-0.11111960368180007,0.997840603131626,0.00028439173964180055,1718.6897603965194,-3.0275453e-03,353691,1328.20688,1818.98402,1.5763156e+05,4.4984306e+01,4.6453853e+03,1.1947780e+01,1.6582992e+05,4.7262722e+01,0,nan,nan,nan,nan,1328.20688,2.6118645e-04,1818.98402,2.3149303e-04,4.0220474e-03,2.1729881e-03
-0.11083710674279246,0.9971986697993197,0.0002822612785470661,1712.5551628934584,-2.9054962e-03,349274,1328.20906,1818.98768,1.5811758e+05,4.4680218e+01,3.3264221e+03,1.1172103e+01,1.6584538e+05,4.6943230e+01,0,nan,nan,nan,nan,1328.20906,2.5833870e-04,1818.98768,2.2852969e-04,6.0354085e-03,5.8758855e-03
-0.1107669363855166,0.9976194571346251,0.0002992099555946076,1761.6342730638162,-2.9397109e-03,384611,1042.63516,1775.57001,1.5895636e+05,4.7653584e+01,1.0464050e+04,1.6461134e+01,1.6634544e+05,4.9890980e+01,0,nan,nan,nan,nan,1042.63516,2.8180372e-04,1775.57001,2.5107004e-04,1.1425547e-02,4.0144209e-02
-0.11072668165343202,0.9972120143020423,0.00029048245460338364,1755.4994333185482,-3.0599947e-03,380194,1042.61535,1775.56577,1.5881389e+05,4.6217239e+01,5.2555449e+03,1.4054477e+01,1.6611088e+05,4.8387196e+01,0,nan,nan,nan,nan,1042.61535,2.7098367e-04,1775.56577,2.4182926e-04,-9.9541787e-03,3.4531567e-02
-0.11053398421336169,0.997127675259457,0.0002926692297980649,1743.2298660159881,-3.1883749e-03,371360,1042.61710,1775.52699,1.5863303e+05,4.6563068e+01,6.4361333e+03,1.4694535e+01,1.6608934e+05,4.8749264e+01,0,nan,nan,nan,nan,1042.61710,2.7351719e-04,1775.52699,2.4494884e-04,-7.3731374e-03,-7.3287729e-03
-0.11020899408367768,0.9996709598826243,0.0002818845292671851,1921.1417110061197,3.1834380e-03,499452,471.02854,463.88726,1.6400403e+05,4.6201004e+01,2.5885830e+03,1.3401088e+01,1.6974984e+05,4.7865604e+01,0,nan,nan,nan,nan,471.02854,2.5869498e-04,463.88726,2.9336632e-04,3.0339532e-02,-1.4968588e-02
-0.11020135535341069,0.9982126643817926,0.0002837656218587487,1730.960438644848,-3.1772901e-03,362526,1328.19745,1819.01963,1.5808605e+05,4.4884529e+01,4.0763518e+03,1.1618153e+01,1.6588905e+05,4.7157894e+01,0,nan,nan,nan,nan,1328.19745,2.5978260e-04,1819.01963,2.2999856e-04,-5.5752341e-03,3.9691448e-02
-0.11005708811444492,0.9986050330104014,0.000285808128872351,1915.006982912089,3.1749536e-03,495035,471.01345,463.89790,1.6384266e+05,4.6869297e+01,4.8256289e+03,1.4740812e+01,1.6966009e+05,4.8557972e+01,0,nan,nan,nan,nan,471.01345,2.6292022e-04,463.89790,2.9921206e-04,1.5688000e-02,-3.5030879e-03
-0.1099315648443735,0.9985163220724588,0.0002819599440428256,1908.872228435359,3.1400868e-03,490618,471.00068,463.87637,1.6376631e+05,4.6202209e+01,2.6036675e+03,1.3512716e+01,1.6951284e+05,4.7866852e+01,0,nan,nan,nan,nan,471.00068,2.5822772e-04,463.87637,2.9322199e-04,1.8176335e-04,-2.5847938e-02
-0.10985352872967269,0.9985158982752979,0.00028219175563612165,1902.7374264714736,3.0577329e-03,486201,470.98599,463.85768,1.6364719e+05,4.6248665e+01,2.7799673e+03,1.3574668e+01,1.6954383e+05,4.7914982e+01,0,nan,nan,nan,nan,470.98599,2.5865156e-04,463.85768,2.9438068e-04,-1.4722138e-02,-4.7172226e-02
-0.10973073891250351,0.9975399839095337,0.0002842067848330709,1718.6911492612887,-3.0275688e-03,353692,1328.20367,1818.98925,1.5743852e+05,4.4955074e+01,4.6275825e+03,1.1904995e+01,1.6578006e+05,4.7232010e+01,0,nan,nan,nan,nan,1328.20367,2.6166587e-04,1818.98925,2.3174715e-04,8.6461043e-04,7.4395603e-03
-0.10944825105457312,0.9964132464247553,0.00028228915195046325,1712.5565517491466,-2.9055288e-03,349275,1328.20729,1818.98899,1.5786844e+05,4.4684757e+01,3.3273801e+03,1.1229488e+01,1.6571523e+05,4.6948002e+01,0,nan,nan,nan,nan,1328.20729,2.5891463e-04,1818.98899,2.2900404e-04,5.0733034e-03,6.9231340e-03
-0.10937801715544992,0.9974621020683831,0.0002991838881357435,1761.6356619830462,-2.9396799e-03,384612,1042.63321,1775.57371,1.5900761e+05,4.7649612e+01,1.0478900e+04,1.6463985e+01,1.6631983e+05,4.9886822e+01,0,nan,nan,nan,nan,1042.63321,2.8129769e-04,1775.57371,2.5100383e-04,9.6443119e-03,4.3855138e-02
-0.10933777034006198,0.9972239704031506,0.0002905984871362789,1755.5008222298616,-3.0599716e-03,380195,1042.61212,1775.56196,1.5861478e+05,4.6235714e+01,5.2647749e+03,1.4109890e+01,1.6611291e+05,4.8406540e+01,0,nan,nan,nan,nan,1042.61212,2.7153388e-04,1775.56196,2.4242586e-04,-1.2905335e-02,3.0485798e-02
-0.10914508849919002,0.9975160157651337,0.00029256374677744215,1743.2312549117023,-3.1883675e-03,371361,1042.61204,1775.51755,1.5873148e+05,4.6546314e+01,6.4352075e+03,1.4667760e+01,1.6615414e+05,4.8731724e+01,0,nan,nan,nan,nan,1042.61204,2.7332813e-04,1775.51755,2.4425099e-04,-1.3587831e-02,-1.7192990e-02
-0.10882010718341917,0.9983122357337907,0.0002818279835293248,1921.14309989302,3.1834366e-03,499453,471.01964,463.89125,1.6377255e+05,4.6191704e+01,2.5922991e+03,1.3466038e+01,1.6951898e+05,4.7855965e+01,0,nan,nan,nan,nan,471.01964,2.5881553e-04,463.89125,2.9341772e-04,2.2088371e-02,-9.5554451e-03
-0.10881247521865589,0.9976577525286173,0.00028371399693656374,1730.9618275249827,-3.1772982e-03,362527,1328.20084,1819.01790,1.5792872e+05,4.4876450e+01,4.0937026e+03,1.1630429e+01,1.6579714e+05,4.7149403e+01,0,nan,nan,nan,nan,1328.20084,2.6006153e-04,1819.01790,2.3048690e-04,-2.3209651e-03,3.7161648e-02
-0.10866819562579622,0.9976800903969489,0.0002858711368192571,1915.0083718045776,3.1749578e-03,495036,471.01561,463.88993,1.6386281e+05,4.6879696e+01,4.8351245e+03,1.4796562e+01,1.6950319e+05,4.8568745e+01,0,nan,nan,nan,nan,471.01561,2.6284560e-04,463.88993,2.9841907e-04,1.7215939e-02,-1.1766011e-02
-0.10854266187925532,0.9982668974566931,0.00028190448590917355,1908.873617338324,3.1401014e-03,490619,471.00276,463.88237,1.6367070e+05,4.6193111e+01,2.6041064e+03,1.3507639e+01,1.6947047e+05,4.7857426e+01,0,nan,nan,nan,nan,471.00276,2.5845956e-04,463.88237,2.9337095e-04,2.5999369e-03,-1.9214010e-02
-0.10846461831397392,0.9986338892389298,0.0002823604990600005,1902.7388153818893,3.0577551e-03,486202,470.98288,463.84672,1.6370809e+05,4.6276302e+01,2.7850823e+03,1.3657903e+01,1.6956380e+05,4.7943615e+01,0,nan,nan,nan,nan,470.98288,2.5862965e-04,463.84672,2.9409901e-04,-1.8281240e-02,-5.8732957e-02
-0.10834187391151318,0.9974699598803543,0.00028424299864597574,1718.6925381262897,-3.0275921e-03,353693,1328.20752,1818.98789,1.5744498e+05,4.4960827e+01,4.6447422e+03,1.1944187e+01,1.6576852e+05,4.7238056e+01,0,nan,nan,nan,nan,1328.20752,2.6182199e-04,1818.98789,2.3154952e-04,5.3435024e-03,5.9559448e-03
-0.10805939513352314,0.9969923943598263,0.0002822602781970893,1712.5579406050676,-2.9055611e-03,349276,1328.20821,1818.98244,1.5799825e+05,4.4680317e+01,3.3141772e+03,1.1218814e+01,1.6581203e+05,4.6943336e+01,0,nan,nan,nan,nan,1328.20821,2.5865278e-04,1818.98244,2.2908169e-04,6.2255524e-03,-6.7274441e-04
-0.10798909769209786,0.9969966961521388,0.00029918080132944547,1761.6370509025096,-2.9396487e-03,384613,1042.63346,1775.57197,1.5881905e+05,4.7649292e+01,1.0469756e+04,1.6519918e+01,1.6624284e+05,4.9886490e+01,0,nan,nan,nan,nan,1042.63346,2.8172796e-04,1775.57197,2.5138695e-04,1.0715528e-02,4.1846067e-02
-0.10794885925952258,0.9974948842694545,0.00029048920218937007,1755.502211140942,-3.0599488e-03,380196,1042.61646,1775.57077,1.5877262e+05,4.6218338e+01,5.2543535e+03,1.4075181e+01,1.6615808e+05,4.8388348e+01,0,nan,nan,nan,nan,1042.61646,2.7105401e-04,1775.57077,2.4184558e-04,-8.5841445e-03,4.0198818e-02
-0.10775619301739425,0.9975347875986155,0.00029255700616691045,1743.232643807184,-3.1883602e-03,371362,1042.61660,1775.52642,1.5869255e+05,4.6545277e+01,6.4249751e+03,1.4687799e+01,1.6615738e+05,4.8730637e+01,0,nan,nan,nan,nan,1042.61660,2.7348351e-04,1775.52642,2.4433940e-04,-9.5277680e-03,-8.4779980e-03
-0.10743122028270591,0.9981627945599446,0.00028208877685713694,1921.1444887799207,3.1834352e-03,499454,471.02321,463.88391,1.6379177e+05,4.6234409e+01,2.5935796e+03,1.3583122e+01,1.6949347e+05,4.7900211e+01,0,nan,nan,nan,nan,471.02321,2.5897287e-04,463.88391,2.9346719e-04,2.5775671e-02,-1.7535547e-02
-0.1074235950829916,0.997657757522385,0.0002837930038387239,1730.9632164051184,-3.1773064e-03,362528,1328.20162,1819.02569,1.5810084e+05,4.4889034e+01,4.0838594e+03,1.1632839e+01,1.6579745e+05,4.7162624e+01,0,nan,nan,nan,nan,1328.20162,2.5992098e-04,1819.02569,2.2969775e-04,-1.5427298e-03,4.6891928e-02
-0.107279303138057,0.997697892783381,0.00028595736420111364,1915.0097606970653,3.1749620e-03,495037,471.02152,463.90636,1.6397256e+05,4.6893898e+01,4.8341675e+03,1.4810941e+01,1.6950645e+05,4.8583462e+01,0,nan,nan,nan,nan,471.02152,2.6282488e-04,463.90636,2.9783158e-04,2.3404658e-02,5.9274533e-03
-0.10715375891322765,0.9975985932878326,0.00028185310206200104,1908.87500624129,3.1401161e-03,490620,470.99918,463.87178,1.6351989e+05,4.6184685e+01,2.6049656e+03,1.3563126e+01,1.6935698e+05,4.7848694e+01,0,nan,nan,nan,nan,470.99918,2.5838648e-04,463.87178,2.9372677e-04,-9.7970129e-04,-3.1192327e-02
-0.1070757078978204,0.9982878347322671,0.00028205907924865807,1902.7402042923054,3.0577772e-03,486203,470.98832,463.86137,1.6361694e+05,4.6226887e+01,2.7998567e+03,1.3576614e+01,1.6950497e+05,4.7892418e+01,0,nan,nan,nan,nan,470.98832,2.5852691e-04,463.86137,2.9403268e-04,-1.3082737e-02,-4.2723414e-02
-0.10695300914358086,0.9969791232058833,0.0002842817002919973,1718.6939269910577,-3.0276156e-03,353694,1328.20632,1818.98187,1.5746303e+05,4.4966972e+01,4.6354243e+03,1.1944079e+01,1.6568703e+05,4.7244511e+01,0,nan,nan,nan,nan,1328.20632,2.6174498e-04,1818.98187,2.3176176e-04,3.5187874e-03,-2.8260949e-04
-0.10667053944575855,0.9972166216756367,0.0002824460898684532,1712.5593294607554,-2.9055937e-03,349277,1328.20469,1818.98369,1.5815017e+05,4.4709862e+01,3.3346975e+03,1.1280253e+01,1.6584980e+05,4.6974377e+01,0,nan,nan,nan,nan,1328.20469,2.5824335e-04,1818.98369,2.2824327e-04,1.5694761e-03,1.4817239e-03
-0.10660017822897316,0.9974081928769701,0.0002991569149782017,1761.6384398219727,-2.9396175e-03,384614,1042.63288,1775.57001,1.5892700e+05,4.7645668e+01,1.0491063e+04,1.6458101e+01,1.6631206e+05,4.9882690e+01,0,nan,nan,nan,nan,1042.63288,2.8167345e-04,1775.57001,2.5112013e-04,9.3912557e-03,3.9780423e-02
-0.10655994817807368,0.9972471992379368,0.0002903923751467533,1755.5036000520236,-3.0599260e-03,380197,1042.61460,1775.57227,1.5860884e+05,4.6202946e+01,5.2588237e+03,1.4093282e+01,1.6611686e+05,4.8372231e+01,0,nan,nan,nan,nan,1042.61460,2.7133123e-04,1775.57227,2.4207080e-04,-1.0156769e-02,4.1609462e-02
-0.10636729730299521,0.9971903686044298,0.0002926011945554468,1743.2340327028985,-3.1883528e-03,371363,1042.61457,1775.52040,1.5866464e+05,4.6552334e+01,6.4146919e+03,1.4693528e+01,1.6610011e+05,4.8738026e+01,0,nan,nan,nan,nan,1042.61457,2.7356634e-04,1775.52040,2.4438382e-04,-1.1420957e-02,-1.5034840e-02
-0.10604233361482329,0.997300004682298,0.0002818588266808034,1921.1458776665886,3.1834336e-03,499455,471.02611,463.88981,1.6370433e+05,4.6196682e+01,2.5899595e+03,1.3504087e+01,1.6934683e+05,4.7861122e+01,0,nan,nan,nan,nan,471.02611,2.5910707e-04,463.88981,2.9355171e-04,2.7535295e-02,-1.0443727e-02
-0.10603471518038532,0.9969443470590801,0.0002836971663926403,1730.964605285021,-3.1773148e-03,362529,1328.20510,1819.02350,1.5792258e+05,4.4873966e+01,4.0978184e+03,1.1651096e+01,1.6567922e+05,4.7146790e+01,0,nan,nan,nan,nan,1328.20510,2.6010902e-04,1819.02350,2.3031513e-04,2.3765275e-03,4.4337738e-02
-0.10589041041657765,0.9975848444211006,0.00028560699585127703,1915.0111495897868,3.1749664e-03,495038,471.01291,463.88964,1.6369073e+05,4.6836510e+01,4.8206670e+03,1.4745828e+01,1.6948747e+05,4.8524002e+01,0,nan,nan,nan,nan,471.01291,2.6317529e-04,463.88964,2.9885201e-04,1.4688279e-02,-1.1978090e-02
-0.10576485594719998,0.9974977282706915,0.0002816322077200608,1908.876395144256,3.1401308e-03,490621,470.99871,463.87913,1.6344183e+05,4.6148479e+01,2.6104924e+03,1.3452148e+01,1.6933983e+05,4.7811184e+01,0,nan,nan,nan,nan,470.99871,2.5865910e-04,463.87913,2.9397861e-04,-1.0703820e-03,-2.3081280e-02
-0.10568679748212162,0.9975272677314012,0.00028192408020297747,1902.741593202721,3.0577993e-03,486204,470.98738,463.86056,1.6351634e+05,4.6204742e+01,2.7829626e+03,1.3553419e+01,1.6937577e+05,4.7869476e+01,0,nan,nan,nan,nan,470.98738,2.5844658e-04,463.86056,2.9398664e-04,-1.3406683e-02,-4.3281741e-02
-0.10556414414213577,0.9967949149534464,0.0002842191359107145,1718.695315856059,-3.0276389e-03,353695,1328.20035,1818.98453,1.5734252e+05,4.4957100e+01,4.6253892e+03,1.1953748e+01,1.6565648e+05,4.7234135e+01,0,nan,nan,nan,nan,1328.20035,2.6149891e-04,1818.98453,2.3213695e-04,-3.1943072e-03,1.5795669e-03
-0.10528168352470857,0.9968715779040885,0.0002822767715657314,1712.5607183166765,-2.9056261e-03,349278,1328.20691,1818.98933,1.5807741e+05,4.4683186e+01,3.3268281e+03,1.1215161e+01,1.6579289e+05,4.6946350e+01,0,nan,nan,nan,nan,1328.20691,2.5852417e-04,1818.98933,2.2835679e-04,4.5180540e-03,7.6987399e-03
-0.10521125876584847,0.9967059366528596,0.00029939592671124235,1761.6398287414358,-2.9395863e-03,384615,1042.63225,1775.56847,1.5880372e+05,4.7683907e+01,1.0488983e+04,1.6539989e+01,1.6619556e+05,4.9922726e+01,0,nan,nan,nan,nan,1042.63225,2.8206618e-04,1775.56847,2.5164217e-04,9.4338190e-03,3.8050096e-02
-0.10517103709662479,0.9970858804168796,0.0002907059469185893,1755.504988963105,-3.0599032e-03,380198,1042.61503,1775.56444,1.5872653e+05,4.6252842e+01,5.2675068e+03,1.4126564e+01,1.6609003e+05,4.8424473e+01,0,nan,nan,nan,nan,1042.61503,2.7132887e-04,1775.56444,2.4236794e-04,-1.0311904e-02,3.2492138e-02
-0.10497840158859617,0.9974156649725949,0.0002925553749884208,1743.235421598613,-3.1883453e-03,371364,1042.61636,1775.52563,1.5875227e+05,4.6545074e+01,6.4164189e+03,1.4662210e+01,1.6613775e+05,4.8730427e+01,0,nan,nan,nan,nan,1042.61636,2.7335773e-04,1775.52563,2.4413972e-04,-8.9642545e-03,-8.5789701e-03
-0.10465344671501953,0.9979632940190784,0.0002819209831407489,1921.1472665534884,3.1834322e-03,499456,471.02552,463.89019,1.6377550e+05,4.6206829e+01,2.6054812e+03,1.3517158e+01,1.6945933e+05,4.7871639e+01,0,nan,nan,nan,nan,471.02552,2.5896318e-04,463.89019,2.9342226e-04,2.7573669e-02,-1.0879840e-02
-0.1046458350449484,0.9970843879300528,0.0002837326589890179,1730.9659941651564,-3.1773229e-03,362530,1328.20016,1819.01710,1.5805439e+05,4.4879658e+01,4.0778684e+03,1.1622530e+01,1.6570281e+05,4.7152779e+01,0,nan,nan,nan,nan,1328.20016,2.5975914e-04,1819.01710,2.2944766e-04,-4.1247420e-03,3.7839968e-02
-0.10450151792792894,0.9978341351675935,0.0002858610445074174,1915.0125384822754,3.1749706e-03,495039,471.01478,463.89768,1.6379944e+05,4.6878227e+01,4.8187207e+03,1.4838945e+01,1.6953005e+05,4.8567226e+01,0,nan,nan,nan,nan,471.01478,2.6301923e-04,463.89768,2.9923677e-04,1.6797503e-02,-3.6610945e-03
-0.1043759529811723,0.9974354917134856,0.0002816893739509784,1908.8777840472221,3.1401454e-03,490622,471.00115,463.88002,1.6344289e+05,4.6157837e+01,2.6046526e+03,1.3489530e+01,1.6932923e+05,4.7820881e+01,0,nan,nan,nan,nan,471.00115,2.5840642e-04,463.88002,2.9383233e-04,3.0403284e-04,-2.2142040e-02
-0.1042978870650586,0.9978190579348201,0.00028190413178825227,1902.7429821131382,3.0578214e-03,486205,470.98854,463.85617,1.6353377e+05,4.6201454e+01,2.7768140e+03,1.3535875e+01,1.6942525e+05,4.7866070e+01,0,nan,nan,nan,nan,470.98854,2.5858771e-04,463.85617,2.9399368e-04,-1.2099366e-02,-4.8980832e-02
-0.10417527937352133,0.9968469026863827,0.00028419673788376875,1718.6967047208277,-3.0276624e-03,353696,1328.20941,1818.99047,1.5735559e+05,4.4953575e+01,4.6320908e+03,1.1946817e+01,1.6566519e+05,4.7230431e+01,0,nan,nan,nan,nan,1328.20941,2.6181969e-04,1818.99047,2.3172976e-04,7.3490334e-03,8.6280797e-03
-0.10389282760297647,0.997602191618381,0.0002823593525775208,1712.5621071725982,-2.9056584e-03,349279,1328.21016,1818.98881,1.5821964e+05,4.4696384e+01,3.3365977e+03,1.1184923e+01,1.6591488e+05,4.6960217e+01,0,nan,nan,nan,nan,1328.21016,2.5848413e-04,1818.98881,2.2805753e-04,7.6930877e-03,7.0607956e-03
-0.1038223393024964,0.99711723401384,0.00029932869707513423,1761.6412176608992,-2.9395551e-03,384616,1042.63477,1775.57055,1.5890992e+05,4.7673363e+01,1.0484730e+04,1.6505972e+01,1.6626473e+05,4.9911690e+01,0,nan,nan,nan,nan,1042.63477,2.8179635e-04,1775.57055,2.5146033e-04,1.1608751e-02,4.0174652e-02
-0.1037821257828,0.9970527645582531,0.00029052499835754503,1755.5063778744188,-3.0598801e-03,380199,1042.61438,1775.56872,1.5866505e+05,4.6224060e+01,5.2630200e+03,1.4117464e+01,1.6608455e+05,4.8394341e+01,0,nan,nan,nan,nan,1042.61438,2.7148615e-04,1775.56872,2.4218779e-04,-1.1096019e-02,3.6752880e-02
-0.10358950587487925,0.9976881701939292,0.0002926266603711927,1743.2368104943266,-3.1883379e-03,371365,1042.61636,1775.52229,1.5881661e+05,4.6556446e+01,6.4062803e+03,1.4639541e+01,1.6618325e+05,4.8742332e+01,0,nan,nan,nan,nan,1042.61636,2.7322571e-04,1775.52229,2.4442447e-04,-9.4066532e-03,-1.2450762e-02
-0.10326455981430627,0.9975862485779113,0.0002817703613829297,1921.1486554403891,3.1834308e-03,499457,471.02498,463.88298,1.6373769e+05,4.6182114e+01,2.5873049e+03,1.3451477e+01,1.6939517e+05,4.7846027e+01,0,nan,nan,nan,nan,471.02498,2.5877974e-04,463.88298,2.9355803e-04,2.6645074e-02,-1.8755503e-02
-0.10325695490951148,0.9973653256328364,0.0002836917386472265,1730.9673830452919,-3.1773311e-03,362531,1328.19800,1819.02161,1.5797062e+05,4.4873280e+01,4.0692478e+03,1.1656121e+01,1.6574983e+05,4.7146072e+01,0,nan,nan,nan,nan,1328.19800,2.6003935e-04,1819.02161,2.2953647e-04,-4.7533084e-03,4.2233869e-02
-0.10311262520690434,0.9972314677945339,0.0002859070671422105,1915.0139273749965,3.1749750e-03,495040,471.01684,463.89157,1.6382644e+05,4.6885841e+01,4.8193335e+03,1.4840598e+01,1.6942788e+05,4.8575111e+01,0,nan,nan,nan,nan,471.01684,2.6296309e-04,463.89157,2.9834924e-04,1.8670347e-02,-1.0131567e-02
-0.10298705001514463,0.9971152248009054,0.00028161018635180856,1908.8791729501881,3.1401601e-03,490623,470.99662,463.87212,1.6345416e+05,4.6144855e+01,2.5933596e+03,1.3437712e+01,1.6927483e+05,4.7807430e+01,0,nan,nan,nan,nan,470.99662,2.5848424e-04,463.87212,2.9369452e-04,-4.0524220e-03,-3.0421179e-02
-0.10290897664754084,0.9976543725468742,0.00028199495571143006,1902.7443710235557,3.0578435e-03,486206,470.98331,463.85281,1.6351731e+05,4.6216324e+01,2.7745173e+03,1.3604941e+01,1.6939722e+05,4.7881474e+01,0,nan,nan,nan,nan,470.98331,2.5840010e-04,463.85281,2.9412127e-04,-1.7883571e-02,-5.2523784e-02
-0.10278641437275837,0.9973835645846214,0.0002843346697109968,1718.6980935858285,-3.0276857e-03,353697,1328.20231,1818.97625,1.5751250e+05,4.4975403e+01,4.6338257e+03,1.1965814e+01,1.6575444e+05,4.7253368e+01,0,nan,nan,nan,nan,1328.20231,2.6150033e-04,1818.97625,2.3171007e-04,-7.4472243e-04,-6.6336123e-03
-0.10250397191452976,0.9973543598634346,0.00028243949637201326,1712.5634960282866,-2.9056910e-03,349280,1328.20786,1818.98471,1.5815661e+05,4.4709198e+01,3.3306602e+03,1.1231386e+01,1.6587412e+05,4.6973679e+01,0,nan,nan,nan,nan,1328.20786,2.5855441e-04,1818.98471,2.2831619e-04,4.6864287e-03,2.6905837e-03
-0.10243341983959908,0.9969385813665503,0.00029938317064797174,1761.642606580362,-2.9395239e-03,384617,1042.62917,1775.57860,1.5886727e+05,4.7682205e+01,1.0460045e+04,1.6502768e+01,1.6623553e+05,4.9920948e+01,0,nan,nan,nan,nan,1042.62917,2.8232456e-04,1775.57860,2.5165826e-04,5.5497363e-03,4.8010834e-02
-0.1023932147013511,0.9971618567995334,0.0002905794418650274,1755.5077667855003,-3.0598573e-03,380200,1042.61132,1775.56978,1.5877844e+05,4.6232738e+01,5.2595391e+03,1.4103194e+01,1.6610275e+05,4.8403423e+01,0,nan,nan,nan,nan,1042.61132,2.7111344e-04,1775.56978,2.4208432e-04,-1.4337528e-02,3.9142739e-02
-0.10220061016116233,0.997961754498944,0.0002925681566614922,1743.2381993900403,-3.1883304e-03,371366,1042.61357,1775.52836,1.5884369e+05,4.6547173e+01,6.3877310e+03,1.4633676e+01,1.6622892e+05,4.8732620e+01,0,nan,nan,nan,nan,1042.61357,2.7347513e-04,1775.52836,2.4404358e-04,-1.1487502e-02,-6.1225886e-03
-0.10187567291359301,0.9974687050617189,0.00028183536305243455,1921.1500443272898,3.1834294e-03,499458,471.02713,463.89353,1.6365520e+05,4.6192722e+01,2.6040137e+03,1.3524330e+01,1.6937508e+05,4.7857025e+01,0,nan,nan,nan,nan,471.02713,2.5903084e-04,463.89353,2.9356711e-04,2.9252592e-02,-6.5969904e-03
-0.1018680747745293,0.9967061811700939,0.00028381714976763965,1730.9687719254268,-3.1773392e-03,362532,1328.20478,1819.02500,1.5796544e+05,4.4893211e+01,4.0921953e+03,1.1689829e+01,1.6564062e+05,4.7167011e+01,0,nan,nan,nan,nan,1328.20478,2.6022096e-04,1819.02500,2.2958078e-04,1.3584049e-03,4.6981923e-02
-0.10172373271825563,0.9978694542358023,0.0002856581224204975,1915.015316267485,3.1749792e-03,495041,471.01418,463.88504,1.6378478e+05,4.6845074e+01,4.8386592e+03,1.4729119e+01,1.6953648e+05,4.8532875e+01,0,nan,nan,nan,nan,471.01418,2.6289540e-04,463.88504,2.9889712e-04,1.5507971e-02,-1.7411947e-02
-0.10159814705002645,0.9972250974828466,0.00028184655360891374,1908.8805618531533,3.1401748e-03,490624,471.00227,463.86695,1.6351527e+05,4.6183582e+01,2.6046968e+03,1.3510987e+01,1.6929345e+05,4.7847549e+01,0,nan,nan,nan,nan,471.00227,2.5853046e-04,463.86695,2.9396662e-04,1.7421586e-03,-3.6357492e-02
-0.10152006623184207,0.9973808397425903,0.00028202241671369674,1902.7457599339714,3.0578657e-03,486207,470.98566,463.85432,1.6346558e+05,4.6220802e+01,2.7892009e+03,1.3621606e+01,1.6935072e+05,4.7886120e+01,0,nan,nan,nan,nan,470.98566,2.5865968e-04,463.85432,2.9437905e-04,-1.5316390e-02,-5.0861280e-02
-0.10139754937176804,0.9961802145978704,0.0002840834959806258,1718.6994824508295,-3.0277090e-03,353698,1328.20073,1818.98886,1.5730927e+05,4.4935684e+01,4.6334927e+03,1.1929770e+01,1.6555450e+05,4.7211639e+01,0,nan,nan,nan,nan,1328.20073,2.6148115e-04,1818.98886,2.3175769e-04,-2.1609005e-03,6.8419804e-03
-0.1011151159941619,0.996942629183062,0.0002823058397253803,1712.564884884207,-2.9057234e-03,349281,1328.20565,1818.98588,1.5810078e+05,4.4688164e+01,3.3320244e+03,1.1196695e+01,1.6580611e+05,4.6951580e+01,0,nan,nan,nan,nan,1328.20565,2.5847682e-04,1818.98588,2.2834368e-04,2.5440452e-03,3.5875740e-03
-0.10104450037624702,0.9967440850863863,0.00029902774286704245,1761.6439954998255,-2.9394927e-03,384618,1042.63309,1775.57275,1.5877473e+05,4.7625767e+01,1.0467945e+04,1.6463221e+01,1.6620367e+05,4.9861858e+01,0,nan,nan,nan,nan,1042.63309,2.8183352e-04,1775.57275,2.5132048e-04,1.0168995e-02,4.3041736e-02
-0.10100430362035695,0.9972779325749186,0.00029042643555186035,1755.5091556965813,-3.0598345e-03,380201,1042.60936,1775.56663,1.5866678e+05,4.6208401e+01,5.2805840e+03,1.4078220e+01,1.6612212e+05,4.8377945e+01,0,nan,nan,nan,nan,1042.60936,2.7125006e-04,1775.56663,2.4199691e-04,-1.6139891e-02,3.4952823e-02
-0.10081171444653592,0.9974793313303747,0.00029255345211738913,1743.239588285755,-3.1883230e-03,371367,1042.61415,1775.52045,1.5876164e+05,4.6544857e+01,6.3830493e+03,1.4648411e+01,1.6614867e+05,4.8730198e+01,0,nan,nan,nan,nan,1042.61415,2.7335918e-04,1775.52045,2.4417098e-04,-1.1917119e-02,-1.4504366e-02
-0.10048678601378924,0.997610962022351,0.00028171526350051805,1921.1514332141896,3.1834280e-03,499459,471.02387,463.89020,1.6376305e+05,4.6173008e+01,2.5858074e+03,1.3406786e+01,1.6939911e+05,4.7836597e+01,0,nan,nan,nan,nan,471.02387,2.5874833e-04,463.89020,2.9349935e-04,2.5562936e-02,-1.0492133e-02
-0.1004791946397745,0.9967509791919362,0.0002837050175695436,1730.9701608055616,-3.1773474e-03,362533,1328.20143,1819.02102,1.5802853e+05,4.4875565e+01,4.0690127e+03,1.1632083e+01,1.6564841e+05,4.7148472e+01,0,nan,nan,nan,nan,1328.20143,2.5989237e-04,1819.02102,2.2941394e-04,-2.3102765e-03,4.2345822e-02
-0.10033483999700366,0.9974939873027834,0.00028578612914139403,1915.0167051602064,3.1749837e-03,495042,471.01713,463.91111,1.6370747e+05,4.6866123e+01,4.8166724e+03,1.4817787e+01,1.6947291e+05,4.8554684e+01,0,nan,nan,nan,nan,471.01713,2.6326676e-04,463.91111,2.9868603e-04,1.9438982e-02,1.1496553e-02
-0.10020924408399878,0.9971447255015381,0.0002816325247941792,1908.8819507561193,3.1401895e-03,490625,470.99961,463.88370,1.6350911e+05,4.6148502e+01,2.5916770e+03,1.3436771e+01,1.6927978e+05,4.7811207e+01,0,nan,nan,nan,nan,470.99961,2.5852284e-04,463.88370,2.9352732e-04,-5.8751996e-04,-1.7858366e-02
-0.10013115581568854,0.9972344440664377,0.0002820263013327101,1902.7471488443875,3.0578878e-03,486208,470.98796,463.86092,1.6345033e+05,4.6221424e+01,2.8017600e+03,1.3616429e+01,1.6932580e+05,4.7886761e+01,0,nan,nan,nan,nan,470.98796,2.5858905e-04,463.86092,2.9434293e-04,-1.3191273e-02,-4.3732449e-02
-0.10000868460247148,0.9963843649162856,0.0002840729259977258,1718.7008713155988,-3.0277325e-03,353699,1328.20613,1818.98592,1.5731219e+05,4.4934025e+01,4.6365000e+03,1.1913073e+01,1.6558847e+05,4.7209896e+01,0,nan,nan,nan,nan,1328.20613,2.6154888e-04,1818.98592,2.3203134e-04,3.4826631e-03,3.3468122e-03
-0.09972626030662468,0.9977627271902215,0.00028226778238709207,1712.5662737398945,-2.9057560e-03,349282,1328.20994,1818.99121,1.5806766e+05,4.4682262e+01,3.3362427e+03,1.1188386e+01,1.6594297e+05,4.6945381e+01,0,nan,nan,nan,nan,1328.20994,2.5876594e-04,1818.99121,2.2877127e-04,8.8903401e-03,9.3035735e-03
-0.09965558091312232,0.9964453359162462,0.00029920262640183967,1761.6453844192886,-2.9394615e-03,384619,1042.63277,1775.56750,1.5873294e+05,4.7653778e+01,1.0493324e+04,1.6488382e+01,1.6615442e+05,4.9891186e+01,0,nan,nan,nan,nan,1042.63277,2.8193335e-04,1775.56750,2.5176434e-04,9.3505532e-03,3.7014201e-02
-0.09961539253890805,0.99684412209329,0.0002904123842797117,1755.5105446076627,-3.0598117e-03,380202,1042.61312,1775.56682,1.5865966e+05,4.6206173e+01,5.2642622e+03,1.4078259e+01,1.6604989e+05,4.8375610e+01,0,nan,nan,nan,nan,1042.61312,2.7130134e-04,1775.56682,2.4203687e-04,-1.1265514e-02,3.5276126e-02
-0.09942281873213688,0.9967659096813986,0.0002925609536587112,1743.2409771814694,-3.1883155e-03,371368,1042.61542,1775.52107,1.5861516e+05,4.6546082e+01,6.3780581e+03,1.4670290e+01,1.6602994e+05,4.8731480e+01,0,nan,nan,nan,nan,1042.61542,2.7379580e-04,1775.52107,2.4452346e-04,-1.1050110e-02,-1.3014307e-02
-0.09909789911307598,0.9974935722607949,0.00028180822661112465,1921.1528221010904,3.1834266e-03,499460,471.02389,463.88986,1.6366109e+05,4.6188210e+01,2.6059668e+03,1.3500665e+01,1.6937905e+05,4.7852348e+01,0,nan,nan,nan,nan,471.02389,2.5904962e-04,463.88986,2.9353338e-04,2.6395148e-02,-1.0658638e-02
-0.09909031450365546,0.9971284866517999,0.0002838984090443477,1730.9715496856977,-3.1773555e-03,362534,1328.19885,1819.02145,1.5802992e+05,4.4906242e+01,4.0921902e+03,1.1645941e+01,1.6571148e+05,4.7180706e+01,0,nan,nan,nan,nan,1328.19885,2.5994450e-04,1819.02145,2.2986712e-04,-4.9943724e-03,4.2045888e-02
-0.09894594750858232,0.997289040688401,0.00028589238618642615,1915.0180940526948,3.1749879e-03,495043,471.01920,463.89738,1.6385512e+05,4.6883602e+01,4.8074111e+03,1.4783434e+01,1.6943830e+05,4.8572796e+01,0,nan,nan,nan,nan,471.01920,2.6333568e-04,463.89738,2.9853507e-04,2.1261660e-02,-3.1960993e-03
-0.09882034111797111,0.9974122206399256,0.00028152990011945036,1908.8833396590853,3.1402041e-03,490626,471.00115,463.88446,1.6352198e+05,4.6131676e+01,2.5921968e+03,1.3376847e+01,1.6932516e+05,4.7793774e+01,0,nan,nan,nan,nan,471.00115,2.5850118e-04,463.88446,2.9364755e-04,1.3055982e-03,-1.6859736e-02
-0.09874224539998977,0.9976335086544815,0.0002819529107407078,1902.7485377548032,3.0579099e-03,486209,470.98676,463.85575,1.6352197e+05,4.6209381e+01,2.7820420e+03,1.3547072e+01,1.6939350e+05,4.7874283e+01,0,nan,nan,nan,nan,470.98676,2.5853503e-04,463.85575,2.9418594e-04,-1.4411514e-02,-4.9368605e-02
-0.09861981960034427,0.9969124825842625,0.00028416158568316256,1718.702260180601,-3.0277558e-03,353700,1328.20108,1818.98376,1.5724955e+05,4.4948055e+01,4.6292441e+03,1.1992697e+01,1.6567627e+05,4.7224636e+01,0,nan,nan,nan,nan,1328.20108,2.6179710e-04,1818.98376,2.3203177e-04,-1.2230402e-03,1.1942963e-03
-0.0983374043855747,0.9959674621340691,0.0002821880399940841,1712.5676625958156,-2.9057884e-03,349283,1328.20249,1818.98317,1.5786800e+05,4.4669765e+01,3.3461611e+03,1.1248132e+01,1.6564484e+05,4.6932247e+01,0,nan,nan,nan,nan,1328.20249,2.5861553e-04,1818.98317,2.2866040e-04,3.8443413e-04,7.7605929e-04
-0.09826666144999763,0.9971158702221518,0.00029914386108328934,1761.6467733387517,-2.9394303e-03,384620,1042.63141,1775.57123,1.5883395e+05,4.7644581e+01,1.0469922e+04,1.6485205e+01,1.6626680e+05,4.9881557e+01,0,nan,nan,nan,nan,1042.63141,2.8210564e-04,1775.57123,2.5133640e-04,7.8937905e-03,4.0615231e-02
-0.09822648122462851,0.9972566525491261,0.0002906055271384639,1755.511933518977,-3.0597886e-03,380203,1042.61480,1775.56280,1.5860255e+05,4.6236912e+01,5.2789058e+03,1.4146985e+01,1.6611864e+05,4.8407795e+01,0,nan,nan,nan,nan,1042.61480,2.7181269e-04,1775.56280,2.4223914e-04,-1.0116493e-02,3.1148702e-02
-0.09803392301773783,0.9973692154320111,0.00029237388747636335,1743.2423660771838,-3.1883081e-03,371369,1042.61537,1775.51853,1.5869809e+05,4.6516346e+01,6.3748271e+03,1.4620423e+01,1.6613053e+05,4.8700348e+01,0,nan,nan,nan,nan,1042.61537,2.7330269e-04,1775.51853,2.4402780e-04,-1.0633505e-02,-1.6149074e-02
-0.09770901244519337,0.9974748142520771,0.00028166052969666634,1921.1542109877582,3.1834249e-03,499461,471.02464,463.88369,1.6365827e+05,4.6163967e+01,2.5868196e+03,1.3427194e+01,1.6937573e+05,4.7827232e+01,0,nan,nan,nan,nan,471.02464,2.5909810e-04,463.88369,2.9348719e-04,2.6671084e-02,-1.8538456e-02
-0.09770143436753642,0.9970029314924741,0.0002837875425829017,1730.9729385658338,-3.1773637e-03,362535,1328.20690,1819.02347,1.5803461e+05,4.4888798e+01,4.0878757e+03,1.1658214e+01,1.6569097e+05,4.7162380e+01,0,nan,nan,nan,nan,1328.20690,2.5993356e-04,1819.02347,2.2928367e-04,4.3631210e-03,4.5528207e-02
-0.09755705501993361,0.9969205411432976,0.0002857115595503885,1915.0194829451834,3.1749920e-03,495044,471.01351,463.90016,1.6359142e+05,4.6854008e+01,4.8138418e+03,1.4790166e+01,1.6937589e+05,4.8542133e+01,0,nan,nan,nan,nan,471.01351,2.6357340e-04,463.90016,2.9911179e-04,1.5560546e-02,7.8639561e-05
-0.09743143815194344,0.9973665389158408,0.00028168554133941855,1908.8847285620514,3.1402188e-03,490627,471.00023,463.87258,1.6351591e+05,4.6157173e+01,2.5810515e+03,1.3462221e+01,1.6931738e+05,4.7820190e+01,0,nan,nan,nan,nan,471.00023,2.5834568e-04,463.87258,2.9367371e-04,2.9856552e-04,-2.9978545e-02
-0.0973533349833815,0.9975280539254057,0.0002820384324442506,1902.7499266652198,3.0579320e-03,486210,470.98547,463.85421,1.6350983e+05,4.6223381e+01,2.7794116e+03,1.3610911e+01,1.6937553e+05,4.7888790e+01,0,nan,nan,nan,nan,470.98547,2.5864146e-04,463.85421,2.9405771e-04,-1.5449396e-02,-5.1447690e-02
-0.09723095483241195,0.9972726759754467,0.0002843367894592682,1718.7036490453688,-3.0277793e-03,353701,1328.21042,1818.98047,1.5746688e+05,4.4975780e+01,4.6263755e+03,1.1955731e+01,1.6573614e+05,4.7253761e+01,0,nan,nan,nan,nan,1328.21042,2.6166422e-04,1818.98047,2.3227179e-04,8.1581967e-03,-2.5980670e-03
-0.09694854846452472,0.9968257056526352,0.00028242275872125526,1712.5690514517366,-2.9058207e-03,349284,1328.20990,1818.98560,1.5804109e+05,4.4707047e+01,3.3563970e+03,1.1313369e+01,1.6578803e+05,4.6971416e+01,0,nan,nan,nan,nan,1328.20990,2.5855302e-04,1818.98560,2.2842009e-04,7.2756554e-03,3.4304089e-03
-0.09687774198664556,0.9966273097494815,0.00029915394891326185,1761.648162258215,-2.9393991e-03,384621,1042.62837,1775.57331,1.5882056e+05,4.7646343e+01,1.0493663e+04,1.6488710e+01,1.6618588e+05,4.9883400e+01,0,nan,nan,nan,nan,1042.62837,2.8181530e-04,1775.57331,2.5121996e-04,4.7135865e-03,4.3108121e-02
-0.09683757014363437,0.9973395059354817,0.00029064860517197163,1755.513322430058,-3.0597658e-03,380204,1042.61326,1775.56844,1.5874755e+05,4.6243774e+01,5.2847393e+03,1.4148910e+01,1.6613247e+05,4.8414978e+01,0,nan,nan,nan,nan,1042.61326,2.7098379e-04,1775.56844,2.4197416e-04,-1.1880103e-02,3.7282109e-02
-0.09664502730311142,0.9970394462821041,0.0002921993951149662,1743.2437549728984,-3.1883006e-03,371370,1042.61697,1775.51847,1.5854320e+05,4.6488613e+01,6.3613701e+03,1.4605384e+01,1.6607570e+05,4.8671314e+01,0,nan,nan,nan,nan,1042.61697,2.7349926e-04,1775.51847,2.4440873e-04,-8.9636445e-03,-1.6738594e-02
-0.09632012554493485,0.997857237830386,0.0002819046784484933,1921.1555998746585,3.1834235e-03,499462,471.02375,463.89158,1.6376950e+05,4.6203953e+01,2.5837588e+03,1.3532166e+01,1.6944055e+05,4.7868656e+01,0,nan,nan,nan,nan,471.02375,2.5886428e-04,463.89158,2.9337336e-04,2.5829028e-02,-8.3786976e-03
-0.09631255423187213,0.9966567006436631,0.0002836208065134275,1730.9743274459695,-3.1773718e-03,362536,1328.19976,1819.02361,1.5782991e+05,4.4862526e+01,4.0700107e+03,1.1619152e+01,1.6563378e+05,4.7134773e+01,0,nan,nan,nan,nan,1328.19976,2.6007189e-04,1819.02361,2.3046724e-04,-3.7346862e-03,4.4137213e-02
-0.09616816229890901,0.9974638590336339,0.000285831212535129,1915.0208718379045,3.1749965e-03,495045,471.01471,463.89255,1.6379269e+05,4.6873684e+01,4.8070083e+03,1.4822292e+01,1.6946839e+05,4.8562519e+01,0,nan,nan,nan,nan,471.01471,2.6289633e-04,463.89255,2.9857643e-04,1.6092774e-02,-9.3457969e-03
-0.09604253518591577,0.9975515155586243,0.0002817356565710598,1908.8861174650174,3.1402335e-03,490628,471.00141,463.87813,1.6345012e+05,4.6165375e+01,2.6054897e+03,1.3490003e+01,1.6934875e+05,4.7828690e+01,0,nan,nan,nan,nan,471.00141,2.5864382e-04,463.87813,2.9416636e-04,1.1758858e-03,-2.4619287e-02
-0.09596442456586374,0.997227023455614,0.00028201763211237657,1902.7513155756374,3.0579541e-03,486211,470.98787,463.86210,1.6345464e+05,4.6219955e+01,2.7907009e+03,1.3633511e+01,1.6932436e+05,4.7885239e+01,0,nan,nan,nan,nan,470.98787,2.5856638e-04,463.86210,2.9402049e-04,-1.2978468e-02,-4.1836437e-02
-0.09584208983164899,0.9966271506112434,0.00028418497725756506,1718.7050379103696,-3.0278026e-03,353702,1328.20306,1818.98965,1.5737017e+05,4.4951771e+01,4.6368643e+03,1.1955760e+01,1.6562888e+05,4.7228535e+01,0,nan,nan,nan,nan,1328.20306,2.6146485e-04,1818.98965,2.3195003e-04,-6.6548382e-05,7.5016813e-03
-0.09555969254392949,0.9966641964497144,0.00028232308392329834,1712.5704403076572,-2.9058531e-03,349285,1328.20362,1818.98363,1.5797945e+05,4.4691383e+01,3.3430371e+03,1.1253665e+01,1.6576162e+05,4.6954964e+01,0,nan,nan,nan,nan,1328.20362,2.5877802e-04,1818.98363,2.2871997e-04,9.9531992e-04,8.0966949e-04
-0.09548882252374824,0.997284786523213,0.0002990345181579868,1761.649551177678,-2.9393679e-03,384622,1042.63161,1775.57133,1.5888548e+05,4.7627480e+01,1.0466000e+04,1.6437292e+01,1.6629605e+05,4.9863647e+01,0,nan,nan,nan,nan,1042.63161,2.8159548e-04,1775.57133,2.5112706e-04,8.7385494e-03,4.0895160e-02
-0.09544865906218547,0.99698397845432,0.0002905179602880306,1755.5147113411394,-3.0597430e-03,380205,1042.61983,1775.57476,1.5868805e+05,4.6222996e+01,5.2899312e+03,1.4094237e+01,1.6607327e+05,4.8393223e+01,0,nan,nan,nan,nan,1042.61983,2.7120701e-04,1775.57476,2.4222949e-04,-5.2390648e-03,4.4266328e-02
-0.09525613158893975,0.997102142853784,0.00029270511217180606,1743.2451438686126,-3.1882932e-03,371371,1042.61636,1775.52765,1.5862447e+05,4.6569103e+01,6.3536411e+03,1.4743465e+01,1.6608625e+05,4.8755581e+01,0,nan,nan,nan,nan,1042.61636,2.7416094e-04,1775.52765,2.4444034e-04,-8.9711798e-03,-6.3604820e-03
-0.09493123864513109,0.9967880535183585,0.00028183738725960584,1921.1569887615583,3.1834221e-03,499463,471.02539,463.89067,1.6362950e+05,4.6192890e+01,2.5922507e+03,1.3500888e+01,1.6925888e+05,4.7857197e+01,0,nan,nan,nan,nan,471.02539,2.5888847e-04,463.89067,2.9386737e-04,2.6769916e-02,-1.0611220e-02
-0.0949236740964352,0.9970325215207373,0.0002836483618861132,1730.975716326105,-3.1773800e-03,362537,1328.20693,1819.02892,1.5800305e+05,4.4866978e+01,4.0630483e+03,1.1609163e+01,1.6569659e+05,4.7139454e+01,0,nan,nan,nan,nan,1328.20693,2.5991010e-04,1819.02892,2.2966207e-04,3.4373286e-03,5.0433967e-02
-0.0947792698111698,0.9968582059077169,0.00028576925274254223,1915.0222607303922,3.1750007e-03,495046,471.01618,463.89322,1.6364355e+05,4.6863579e+01,4.8069136e+03,1.4770438e+01,1.6936569e+05,4.8552048e+01,0,nan,nan,nan,nan,471.01618,2.6326624e-04,463.89322,2.9920132e-04,1.8329253e-02,-7.6011568e-03
-0.09465363222034284,0.9966213935508408,0.00028176143455078696,1908.887506367983,3.1402481e-03,490629,471.00029,463.88247,1.6334966e+05,4.6169590e+01,2.6050962e+03,1.3489354e+01,1.6919083e+05,4.7833057e+01,0,nan,nan,nan,nan,471.00029,2.5883346e-04,463.88247,2.9417287e-04,3.5726884e-04,-1.8948492e-02
-0.09457551414948284,0.9970794769051752,0.00028197645695680055,1902.7527044860537,3.0579763e-03,486212,470.98784,463.85332,1.6338712e+05,4.6213196e+01,2.7911672e+03,1.3627378e+01,1.6929925e+05,4.7878231e+01,0,nan,nan,nan,nan,470.98784,2.5876562e-04,463.85332,2.9423813e-04,-1.2921783e-02,-5.1724382e-02
-0.09445322506280718,0.997040956986097,0.0002844493002933827,1718.7064267751384,-3.0278261e-03,353703,1328.20452,1818.98809,1.5742216e+05,4.4993576e+01,4.6257441e+03,1.1997653e+01,1.6569766e+05,4.7272465e+01,0,nan,nan,nan,nan,1328.20452,2.6217528e-04,1818.98809,2.3181367e-04,2.1229275e-03,6.9735684e-03
-0.09417083685571015,0.9959825553008482,0.0002821910283651024,1712.5718291633455,-2.9058857e-03,349286,1328.20889,1818.98510,1.5776528e+05,4.4670597e+01,3.3469648e+03,1.1276823e+01,1.6564870e+05,4.6933128e+01,0,nan,nan,nan,nan,1328.20889,2.5904735e-04,1818.98510,2.2974888e-04,6.7855329e-03,1.9980220e-03
-0.09409990306039617,0.9966807777117097,0.0002990470797184266,1761.6509400971413,-2.9393367e-03,384623,1042.63081,1775.57309,1.5876542e+05,4.7629639e+01,1.0470615e+04,1.6484426e+01,1.6619586e+05,4.9865906e+01,0,nan,nan,nan,nan,1042.63081,2.8186996e-04,1775.57309,2.5132071e-04,7.3533780e-03,4.2761903e-02
-0.0940597477481333,0.9963812558099545,0.0002905701238269253,1755.5161002524535,-3.0597199e-03,380206,1042.60565,1775.55658,1.5862161e+05,4.6231300e+01,5.2911973e+03,1.4108616e+01,1.6597289e+05,4.8401917e+01,0,nan,nan,nan,nan,1042.60565,2.7137977e-04,1775.55658,2.4244706e-04,-2.0115467e-02,2.5407901e-02
-0.09386723587431334,0.9971339141661142,0.00029227625183250017,1743.2465327643272,-3.1882857e-03,371372,1042.61391,1775.51550,1.5861306e+05,4.6500896e+01,6.3489551e+03,1.4608312e+01,1.6609164e+05,4.8684174e+01,0,nan,nan,nan,nan,1042.61391,2.7354955e-04,1775.51550,2.4414540e-04,-1.1918877e-02,-1.9985614e-02
-0.09354235174509995,0.997310402044878,0.0002816860995790519,1921.1583776484583,3.1834207e-03,499464,471.02301,463.88264,1.6360966e+05,4.6168056e+01,2.6155508e+03,1.3455552e+01,1.6934745e+05,4.7831470e+01,0,nan,nan,nan,nan,471.02301,2.5894461e-04,463.88264,2.9379508e-04,2.4131935e-02,-1.9526117e-02
-0.0935347939616804,0.9968494515803619,0.00028364568040833906,1730.9771052062397,-3.1773881e-03,362538,1328.20215,1819.02063,1.5795159e+05,4.4866657e+01,4.0647139e+03,1.1620543e+01,1.6566653e+05,4.7139111e+01,0,nan,nan,nan,nan,1328.20215,2.6006723e-04,1819.02063,2.2974715e-04,-4.9269944e-04,4.1466326e-02
-0.09339037708969045,0.9966713630686785,0.00028557664153941697,1915.0236496231137,3.1750051e-03,495047,471.01595,463.89498,1.6363256e+05,4.6832039e+01,4.8104697e+03,1.4720166e+01,1.6933412e+05,4.8519375e+01,0,nan,nan,nan,nan,471.01595,2.6300867e-04,463.89498,2.9928019e-04,1.7485764e-02,-6.4580645e-03
-0.09326472925522467,0.9969405631589905,0.00028159825620962685,1908.888895270948,3.1402628e-03,490630,470.99614,463.87119,1.6342408e+05,4.6142845e+01,2.5838354e+03,1.3467014e+01,1.6924498e+05,4.7805351e+01,0,nan,nan,nan,nan,470.99614,2.5835249e-04,463.87119,2.9358815e-04,-4.1514607e-03,-3.0901533e-02
-0.0931866037335567,0.997471371281066,0.000281987698806519,1902.7540933964697,3.0579984e-03,486213,470.98639,463.86621,1.6353941e+05,4.6215019e+01,2.7752988e+03,1.3578951e+01,1.6936573e+05,4.7880123e+01,0,nan,nan,nan,nan,470.98639,2.5853133e-04,463.86621,2.9385084e-04,-1.4910732e-02,-3.7540391e-02
-0.0930643600613621,0.997570533367231,0.0002843724088899003,1718.7078156401399,-3.0278494e-03,353704,1328.20629,1818.98882,1.5749431e+05,4.4981411e+01,4.6251479e+03,1.1969861e+01,1.6578566e+05,4.7259682e+01,0,nan,nan,nan,nan,1328.20629,2.6197825e-04,1818.98882,2.3193048e-04,3.5531272e-03,6.0993079e-03
-0.09278198093397805,0.9964758075948978,0.00028237753119980755,1712.5732180192672,-2.9059181e-03,349287,1328.21312,1818.99523,1.5797988e+05,4.4700249e+01,3.3411492e+03,1.1250865e+01,1.6573119e+05,4.6964275e+01,0,nan,nan,nan,nan,1328.21312,2.5887071e-04,1818.99523,2.2870312e-04,1.1636151e-02,1.3870628e-02
-0.0927109835970441,0.9968938140436364,0.0002992182309715492,1761.6523290166047,-2.9393055e-03,384624,1042.63297,1775.57192,1.5886384e+05,4.7657040e+01,1.0468508e+04,1.6493639e+01,1.6623191e+05,4.9894600e+01,0,nan,nan,nan,nan,1042.63297,2.8175890e-04,1775.57192,2.5125901e-04,9.3899667e-03,4.1701488e-02
-0.09267083666691178,0.9965988896298571,0.0002904438794318037,1755.5174891635347,-3.0596971e-03,380207,1042.61394,1775.57187,1.5861309e+05,4.6211224e+01,5.2907734e+03,1.4092829e+01,1.6600917e+05,4.8380898e+01,0,nan,nan,nan,nan,1042.61394,2.7140227e-04,1775.57187,2.4206185e-04,-1.1845492e-02,3.9969128e-02
-0.09247834015968692,0.9975701296554697,0.00029225655381164657,1743.2479216600418,-3.1882783e-03,371373,1042.61130,1775.52432,1.5861467e+05,4.6497787e+01,6.3499189e+03,1.4606797e+01,1.6616439e+05,4.8680920e+01,0,nan,nan,nan,nan,1042.61130,2.7338261e-04,1775.52432,2.4446839e-04,-1.3237619e-02,-1.0228654e-02
-0.09215346507653521,0.998315829584797,0.00028184371321094234,1921.159766535127,3.1834191e-03,499465,471.02726,463.89217,1.6379411e+05,4.6193863e+01,2.5930156e+03,1.3461301e+01,1.6951806e+05,4.7858204e+01,0,nan,nan,nan,nan,471.02726,2.5920980e-04,463.89217,2.9348687e-04,3.0383674e-02,-9.4415676e-03
-0.09214591405975625,0.9968984490004968,0.0002837613218709267,1730.9784940861416,-3.1773965e-03,362539,1328.19513,1819.01478,1.5790539e+05,4.4885044e+01,4.0715662e+03,1.1665463e+01,1.6567503e+05,4.7158432e+01,0,nan,nan,nan,nan,1328.19513,2.6034674e-04,1819.01478,2.2990729e-04,-8.2711559e-03,3.5449270e-02
-0.09200148460104174,0.9973878754045489,0.0002857688908258358,1915.0250385156023,3.1750093e-03,495048,471.01869,463.90533,1.6388995e+05,4.6863621e+01,4.8050508e+03,1.4742406e+01,1.6945605e+05,4.8552090e+01,0,nan,nan,nan,nan,471.01869,2.6296068e-04,463.90533,2.9807229e-04,2.0833982e-02,5.8291806e-03
-0.091875826289197,0.9974270771631695,0.00028182058535504163,1908.890284173914,3.1402775e-03,490631,471.00341,463.88998,1.6356284e+05,4.6179272e+01,2.5825542e+03,1.3462560e+01,1.6932755e+05,4.7843086e+01,0,nan,nan,nan,nan,471.00341,2.5849006e-04,463.88998,2.9388868e-04,3.4838561e-03,-1.1025196e-02
-0.09179769331694843,0.9974339702266513,0.0002819463465292613,1902.7554823068863,3.0580205e-03,486214,470.98351,463.84904,1.6340792e+05,4.6208233e+01,2.7892417e+03,1.3604170e+01,1.6935933e+05,4.7873089e+01,0,nan,nan,nan,nan,470.98351,2.5846553e-04,463.84904,2.9455472e-04,-1.7472822e-02,-5.6556519e-02
-0.09167549529274766,0.9971919946368388,0.0002842767658137083,1718.7092045049085,-3.0278729e-03,353705,1328.20215,1818.98411,1.5743509e+05,4.4966278e+01,4.6339160e+03,1.1958729e+01,1.6572273e+05,4.7243786e+01,0,nan,nan,nan,nan,1328.20215,2.6168185e-04,1818.98411,2.3178803e-04,-7.1884401e-04,1.6804173e-03
-0.0913931250127007,0.9964640512724154,0.00028236134357393115,1712.5746068751885,-2.9059504e-03,349288,1328.20271,1818.97862,1.5803147e+05,4.4697803e+01,3.3494783e+03,1.1232816e+01,1.6572967e+05,4.6961708e+01,0,nan,nan,nan,nan,1328.20271,2.5849661e-04,1818.97862,2.2905017e-04,9.5860232e-05,-4.8726741e-03
-0.09132206413414679,0.996566571558692,0.00029909913968632245,1761.6537179360676,-2.9392743e-03,384625,1042.63132,1775.57021,1.5873758e+05,4.7638222e+01,1.0486423e+04,1.6468508e+01,1.6617786e+05,4.9874897e+01,0,nan,nan,nan,nan,1042.63132,2.8193812e-04,1775.57021,2.5157793e-04,7.6842774e-03,4.0079087e-02
-0.09128192558546289,0.9959409431382934,0.00029035570083980845,1755.5188780746162,-3.0596743e-03,380208,1042.61501,1775.56530,1.5853156e+05,4.6197197e+01,5.2813271e+03,1.4083486e+01,1.6589959e+05,4.8366215e+01,0,nan,nan,nan,nan,1042.61501,2.7136700e-04,1775.56530,2.4227142e-04,-1.0204638e-02,3.3948731e-02
-0.09108944444551526,0.9968643789039674,0.000292310366800988,1743.249310555756,-3.1882708e-03,371374,1042.61033,1775.52606,1.5868280e+05,4.6506378e+01,6.3559253e+03,1.4583781e+01,1.6604694e+05,4.8689911e+01,0,nan,nan,nan,nan,1042.61033,2.7346471e-04,1775.52606,2.4398466e-04,-1.6427860e-02,-8.1906579e-03
-0.0907645781753672,0.9967068897361373,0.0002817461723966315,1921.161155422028,3.1834177e-03,499466,471.02150,463.88689,1.6351452e+05,4.6177849e+01,2.5926267e+03,1.3466991e+01,1.6924475e+05,4.7841610e+01,0,nan,nan,nan,nan,471.02150,2.5900692e-04,463.88689,2.9426234e-04,2.3190748e-02,-1.4417492e-02
-0.09075703392431933,0.9961792328387014,0.00028364655284388723,1730.979882966277,-3.1774046e-03,362540,1328.20049,1819.02188,1.5785627e+05,4.4866985e+01,4.0808264e+03,1.1639542e+01,1.6555588e+05,4.7139462e+01,0,nan,nan,nan,nan,1328.20049,2.6037820e-04,1819.02188,2.2972353e-04,-3.1331959e-03,4.2780921e-02
-0.09061259211239303,0.9968820296347236,0.0002858138506436726,1915.026427408091,3.1750135e-03,495049,471.01713,463.89279,1.6369984e+05,4.6871040e+01,4.8143828e+03,1.4841125e+01,1.6937028e+05,4.8559780e+01,0,nan,nan,nan,nan,471.01713,2.6315817e-04,463.89279,2.9867244e-04,1.8671008e-02,-8.7939184e-03
-0.09048692332316932,0.9969932643497245,0.0002815896651956815,1908.8916730768801,3.1402921e-03,490632,470.99464,463.86933,1.6340236e+05,4.6141426e+01,2.5865061e+03,1.3465288e+01,1.6925388e+05,4.7803879e+01,0,nan,nan,nan,nan,470.99464,2.5849536e-04,463.86933,2.9380905e-04,-5.6452993e-03,-3.3466745e-02
-0.09040878290034016,0.9977561755316285,0.0002819266181211163,1902.756871217303,3.0580426e-03,486215,470.98775,463.85463,1.6350956e+05,4.6204979e+01,2.7779333e+03,1.3544487e+01,1.6941398e+05,4.7869724e+01,0,nan,nan,nan,nan,470.98775,2.5851780e-04,463.85463,2.9412284e-04,-1.3047937e-02,-5.0230149e-02
-0.09028663029198469,0.9968242332901172,0.0002842028134545693,1718.7105933699092,-3.0278962e-03,353706,1328.20344,1818.98555,1.5737338e+05,4.4954575e+01,4.6112622e+03,1.1967477e+01,1.6566159e+05,4.7231487e+01,0,nan,nan,nan,nan,1328.20344,2.6159312e-04,1818.98555,2.3161611e-04,7.0313719e-04,3.7178586e-03
-0.09000426932516348,0.996092868298872,0.0002823355101316573,1712.575995730876,-2.9059830e-03,349289,1328.20305,1818.98467,1.5796061e+05,4.4693825e+01,3.3728240e+03,1.1240658e+01,1.6566838e+05,4.6957531e+01,0,nan,nan,nan,nan,1328.20305,2.5865299e-04,1818.98467,2.2872636e-04,6.7180306e-05,1.8995791e-03
-0.08993314467079472,0.9966663021507725,0.0002992861355863373,1761.655106855531,-2.9392431e-03,384626,1042.63182,1775.57316,1.5875961e+05,4.7668148e+01,1.0489225e+04,1.6545759e+01,1.6619498e+05,4.9906227e+01,0,nan,nan,nan,nan,1042.63182,2.8179583e-04,1775.57316,2.5165602e-04,8.7321186e-03,4.3222010e-02
-0.0898930142716381,0.9961688494319698,0.0002904262650366305,1755.52026698593,-3.0596512e-03,380209,1042.61049,1775.56593,1.5854880e+05,4.6208431e+01,5.3013950e+03,1.4092010e+01,1.6593758e+05,4.8377975e+01,0,nan,nan,nan,nan,1042.61049,2.7152276e-04,1775.56593,2.4226146e-04,-1.4991428e-02,3.4585159e-02
-0.08970054873179834,0.9971416573855291,0.0002923222471903497,1743.2506994514697,-3.1882634e-03,371375,1042.61520,1775.51603,1.5858756e+05,4.6508297e+01,6.3222461e+03,1.4600213e+01,1.6609322e+05,4.8691921e+01,0,nan,nan,nan,nan,1042.61520,2.7381448e-04,1775.51603,2.4438620e-04,-1.0366994e-02,-1.9181015e-02
-0.08937569127510869,0.9973138387144858,0.0002817081446651156,1921.1625443089283,3.1834163e-03,499467,471.02397,463.88950,1.6373402e+05,4.6171581e+01,2.5845686e+03,1.3438853e+01,1.6934770e+05,4.7835117e+01,0,nan,nan,nan,nan,471.02397,2.5876955e-04,463.88950,2.9345558e-04,2.6124517e-02,-1.1523639e-02
-0.08936815378888241,0.9967632720048972,0.0002838569138887235,1730.9812718464125,-3.1774128e-03,362541,1328.20239,1819.02207,1.5800158e+05,4.4900364e+01,4.0753308e+03,1.1672978e+01,1.6565331e+05,4.7174530e+01,0,nan,nan,nan,nan,1328.20239,2.6009834e-04,1819.02207,2.2981915e-04,-7.0045976e-04,4.2864323e-02
-0.08922369939091368,0.9969728697927488,0.00028565936833630494,1915.0278163008124,3.1750179e-03,495050,471.01711,463.89908,1.6373691e+05,4.6845753e+01,4.7957988e+03,1.4759289e+01,1.6938589e+05,4.8533581e+01,0,nan,nan,nan,nan,471.01711,2.6299316e-04,463.89908,2.9897003e-04,1.8861858e-02,-1.5678832e-03
-0.08909802035714165,0.9971913396103657,0.00028160600749730237,1908.8930619798462,3.1403068e-03,490633,471.00038,463.87575,1.6342944e+05,4.6144093e+01,2.5925605e+03,1.3461559e+01,1.6928748e+05,4.7806644e+01,0,nan,nan,nan,nan,471.00038,2.5838881e-04,463.87575,2.9393937e-04,2.0938927e-04,-2.6166262e-02
-0.08901987248464138,0.9971226336633714,0.00028196402186676556,1902.7582601277186,3.0580647e-03,486216,470.98886,463.86401,1.6343150e+05,4.6211098e+01,2.7869900e+03,1.3583860e+01,1.6930636e+05,4.7876060e+01,0,nan,nan,nan,nan,470.98886,2.5878125e-04,463.86401,2.9429208e-04,-1.2069064e-02,-4.0162627e-02
-0.08889776529099436,0.9963764980328362,0.0002840820615191688,1718.7119822349102,-3.0279194e-03,353707,1328.20726,1818.98928,1.5721052e+05,4.4935471e+01,4.6453657e+03,1.1957405e+01,1.6558716e+05,4.7211414e+01,0,nan,nan,nan,nan,1328.20726,2.6201492e-04,1818.98928,2.3200123e-04,4.9985596e-03,7.2127180e-03
-0.08861541340479562,0.9968302402300387,0.0002824547266378946,1712.5773845867964,-2.9060154e-03,349290,1328.20787,1818.98710,1.5808503e+05,4.4712818e+01,3.3595715e+03,1.1259125e+01,1.6579144e+05,4.6977486e+01,0,nan,nan,nan,nan,1328.20787,2.5888346e-04,1818.98710,2.2871704e-04,5.2489704e-03,5.3606965e-03
-0.0885442252078974,0.9964013828615556,0.0002988603973246495,1761.6564957749938,-2.9392119e-03,384627,1042.63332,1775.57141,1.5869641e+05,4.7600479e+01,1.0461434e+04,1.6430004e+01,1.6615131e+05,4.9835384e+01,0,nan,nan,nan,nan,1042.63332,2.8186615e-04,1775.57141,2.5130133e-04,1.0160042e-02,4.1596543e-02
-0.0885041031901892,0.9961451504306782,0.00029031865416549236,1755.5216558970114,-3.0596284e-03,380210,1042.61864,1775.56752,1.5849639e+05,4.6191315e+01,5.2873423e+03,1.4077429e+01,1.6593364e+05,4.8360054e+01,0,nan,nan,nan,nan,1042.61864,2.7151610e-04,1775.56752,2.4228849e-04,-6.4267013e-03,3.5493203e-02
-0.08831165301808142,0.9974654291470927,0.00029234635189311374,1743.2520883471834,-3.1882559e-03,371376,1042.61460,1775.52891,1.5873334e+05,4.6512161e+01,6.3153687e+03,1.4591791e+01,1.6614723e+05,4.8695965e+01,0,nan,nan,nan,nan,1042.61460,2.7360630e-04,1775.52891,2.4403825e-04,-1.0660015e-02,-5.1887035e-03
-0.08798680437530493,0.997344522187161,0.0002816528256908749,1921.1639331958281,3.1834149e-03,499468,471.02171,463.88613,1.6366109e+05,4.6162483e+01,2.5872778e+03,1.3428253e+01,1.6935280e+05,4.7825695e+01,0,nan,nan,nan,nan,471.02171,2.5885500e-04,463.88613,2.9364508e-04,2.3972182e-02,-1.5589432e-02
-0.08797927365321812,0.9968532562977566,0.00028378946978047554,1730.9826607265481,-3.1774209e-03,362542,1328.20451,1819.01890,1.5800102e+05,4.4889797e+01,4.0746975e+03,1.1682500e+01,1.6566864e+05,4.7163425e+01,0,nan,nan,nan,nan,1328.20451,2.6000844e-04,1819.01890,2.2985082e-04,1.6252628e-03,3.9215181e-02
-0.08783480690317447,0.9971976521097684,0.0002855948025457951,1915.0292051933002,3.1750221e-03,495051,471.00888,463.90155,1.6361512e+05,4.6835213e+01,4.7961387e+03,1.4757450e+01,1.6942425e+05,4.8522663e+01,0,nan,nan,nan,nan,471.00888,2.6377151e-04,463.90155,2.9910964e-04,1.1546479e-02,1.0173882e-03
-0.08770911739111398,0.9971203553447189,0.00028168697389190317,1908.8944508828122,3.1403215e-03,490634,470.99931,463.87181,1.6341383e+05,4.6157352e+01,2.5973879e+03,1.3494559e+01,1.6927541e+05,4.7820381e+01,0,nan,nan,nan,nan,470.99931,2.5863410e-04,463.87181,2.9395040e-04,-1.1082673e-03,-3.0365396e-02
-0.08763096206803311,0.997378309020379,0.00028197962473014415,1902.7596490381352,3.0580868e-03,486217,470.98429,463.85217,1.6341580e+05,4.6213642e+01,2.7732390e+03,1.3629238e+01,1.6934972e+05,4.7878693e+01,0,nan,nan,nan,nan,470.98429,2.5859775e-04,463.85217,2.9429386e-04,-1.6616326e-02,-5.3850312e-02
-0.0875089005216978,0.9970589437951888,0.0002838937650097263,1718.7133710996795,-3.0279430e-03,353708,1328.19864,1818.98370,1.5699884e+05,4.4905678e+01,4.6278452e+03,1.1915823e+01,1.6570053e+05,4.7180107e+01,0,nan,nan,nan,nan,1328.19864,2.6310203e-04,1818.98370,2.3302913e-04,-2.8041487e-03,-1.8096421e-04
-0.08722655748374564,0.9957577739331087,0.00028216440348615324,1712.5787734427174,-2.9060477e-03,349291,1328.20412,1818.98142,1.5779102e+05,4.4666977e+01,3.3588401e+03,1.1223620e+01,1.6561350e+05,4.6929321e+01,0,nan,nan,nan,nan,1328.20412,2.5891149e-04,1818.98142,2.2935089e-04,1.9430988e-03,-1.5886954e-03
-0.08715530574454533,0.9963466727588314,0.0002992246887009466,1761.6578846944572,-2.9391807e-03,384628,1042.63197,1775.57446,1.5878731e+05,4.7658646e+01,1.0463968e+04,1.6534866e+01,1.6614267e+05,4.9896275e+01,0,nan,nan,nan,nan,1042.63197,2.8218291e-04,1775.57446,2.5126038e-04,8.3654327e-03,4.4562120e-02
-0.08711519210896768,0.9962684868197197,0.0002906332849772785,1755.5230448080927,-3.0596056e-03,380211,1042.60802,1775.56309,1.5856706e+05,4.6241379e+01,5.2880029e+03,1.4174467e+01,1.6595420e+05,4.8412468e+01,0,nan,nan,nan,nan,1042.60802,2.7185594e-04,1775.56309,2.4222341e-04,-1.6573638e-02,3.1497374e-02
-0.086922757303455,0.9965579578974874,0.0002922417160278455,1743.253477242898,-3.1882485e-03,371377,1042.61408,1775.52522,1.5857231e+05,4.6495533e+01,6.3044292e+03,1.4606479e+01,1.6599617e+05,4.8678558e+01,0,nan,nan,nan,nan,1042.61408,2.7348986e-04,1775.52522,2.4415526e-04,-1.1758753e-02,-8.7554827e-03
-0.08659791770787706,0.9969597512259811,0.0002817240164698865,1921.1653220824955,3.1834133e-03,499469,471.02770,463.89420,1.6361191e+05,4.6174122e+01,2.6038352e+03,1.3438589e+01,1.6928736e+05,4.7837753e+01,0,nan,nan,nan,nan,471.02770,2.5910215e-04,463.89420,2.9379525e-04,2.9849775e-02,-6.6518825e-03
-0.08659039351709907,0.9971371119911447,0.0002839466608743105,1730.9840496066843,-3.1774291e-03,362543,1328.20127,1819.02036,1.5803820e+05,4.4914764e+01,4.0743049e+03,1.1697154e+01,1.6571619e+05,4.7189659e+01,0,nan,nan,nan,nan,1328.20127,2.6034020e-04,1819.02036,2.2980724e-04,-2.3607069e-03,4.1011076e-02
-0.08644591418214986,0.9965993804806919,0.0002856668667805201,1915.0305940860212,3.1750265e-03,495052,471.01665,463.89423,1.6365675e+05,4.6847076e+01,4.7686484e+03,1.4794480e+01,1.6932277e+05,4.8534950e+01,0,nan,nan,nan,nan,471.01665,2.6329252e-04,463.89423,2.9878999e-04,1.8985005e-02,-7.5045358e-03
-0.0863202144259958,0.9969682872168185,0.0002816254440782131,1908.8958397857773,3.1403361e-03,490635,470.99820,463.87960,1.6340964e+05,4.6147270e+01,2.5863882e+03,1.3476555e+01,1.6924956e+05,4.7809933e+01,0,nan,nan,nan,nan,470.99820,2.5868390e-04,463.87960,2.9376382e-04,-1.5621611e-03,-2.2120124e-02
-0.08624205165142484,0.9976864349254453,0.00028213545500995374,1902.7610379485518,3.0581090e-03,486218,470.98711,463.85787,1.6355119e+05,4.6239166e+01,2.7709233e+03,1.3655928e+01,1.6940198e+05,4.7905136e+01,0,nan,nan,nan,nan,470.98711,2.5845409e-04,463.85787,2.9409470e-04,-1.3648483e-02,-4.6926912e-02
-0.08612003551957059,0.9969283152264978,0.0002841247461988985,1718.7147599646817,-3.0279662e-03,353709,1328.20149,1818.97575,1.5736158e+05,4.4942200e+01,4.6342939e+03,1.1926084e+01,1.6567878e+05,4.7218483e+01,0,nan,nan,nan,nan,1328.20149,2.6146902e-04,1818.97575,2.3215331e-04,-1.4880232e-03,-7.6894155e-03
-0.08583770156269566,0.996218444246592,0.0002822632819697777,1712.5801622986385,-2.9060801e-03,349292,1328.20904,1818.98528,1.5802730e+05,4.4682743e+01,3.3637798e+03,1.1204687e+01,1.6569055e+05,4.6945885e+01,0,nan,nan,nan,nan,1328.20904,2.5858206e-04,1818.98528,2.2837643e-04,6.1750319e-03,3.0468698e-03
-0.08576638628119326,0.9966386206774739,0.0002990572058482518,1761.6592736139205,-2.9391495e-03,384629,1042.63175,1775.56706,1.5871478e+05,4.7632103e+01,1.0478889e+04,1.6488424e+01,1.6619183e+05,4.9868492e+01,0,nan,nan,nan,nan,1042.63175,2.8205375e-04,1775.56706,2.5147537e-04,9.0390220e-03,3.6866706e-02
-0.08572628079491551,0.9962693634753691,0.0002904661713624368,1755.5244337194067,-3.0595826e-03,380212,1042.60769,1775.56950,1.5849889e+05,4.6214794e+01,5.2999390e+03,1.4090880e+01,1.6595436e+05,4.8384632e+01,0,nan,nan,nan,nan,1042.60769,2.7195344e-04,1775.56950,2.4254172e-04,-1.8348554e-02,3.8046636e-02
-0.08553386158882859,0.9969636313355041,0.000292338722373491,1743.2548661386127,-3.1882410e-03,371378,1042.61598,1775.52113,1.5864889e+05,4.6510998e+01,6.3072153e+03,1.4608801e+01,1.6606384e+05,4.8694748e+01,0,nan,nan,nan,nan,1042.61598,2.7359321e-04,1775.52113,2.4408274e-04,-1.0094451e-02,-1.3053526e-02
-0.0852090308080733,0.9967300571161389,0.00028181030846251233,1921.1667109693954,3.1834119e-03,499470,471.02444,463.88549,1.6353748e+05,4.6188236e+01,2.5837107e+03,1.3514730e+01,1.6924825e+05,4.7852375e+01,0,nan,nan,nan,nan,471.02444,2.5917665e-04,463.88549,2.9405692e-04,2.6923219e-02,-1.5795937e-02
-0.08520151338166215,0.9965859065601572,0.00028372744652399454,1730.9854384868197,-3.1774372e-03,362544,1328.20151,1819.02183,1.5787995e+05,4.4880192e+01,4.0724949e+03,1.1652544e+01,1.6562497e+05,4.7153336e+01,0,nan,nan,nan,nan,1328.20151,2.6023731e-04,1819.02183,2.3014171e-04,-1.6510889e-03,4.2369261e-02
-0.08505702169441065,0.9968150457324165,0.0002856920798685567,1915.031982978509,3.1750307e-03,495053,471.01207,463.89201,1.6375341e+05,4.6851254e+01,4.7885024e+03,1.4761700e+01,1.6935956e+05,4.8539280e+01,0,nan,nan,nan,nan,471.01207,2.6303055e-04,463.89201,2.9850658e-04,1.3977312e-02,-9.1678137e-03
-0.08493131145996813,0.9974166293206401,0.00028176163104938533,1908.8972286887433,3.1403508e-03,490636,470.99639,463.87700,1.6348719e+05,4.6169575e+01,2.5955872e+03,1.3528686e+01,1.6932566e+05,4.7833042e+01,0,nan,nan,nan,nan,470.99639,2.5840680e-04,463.87700,2.9384423e-04,-3.7344329e-03,-2.5653249e-02
-0.08485314123481658,0.9967870911301124,0.000282030094670387,1902.7624268589684,3.0581311e-03,486219,470.98650,463.85621,1.6342062e+05,4.6221882e+01,2.7846423e+03,1.3623369e+01,1.6924922e+05,4.7887234e+01,0,nan,nan,nan,nan,470.98650,2.5881644e-04,463.85621,2.9415073e-04,-1.4069256e-02,-4.8609219e-02
-0.08473117075163827,0.9969517113190521,0.0002842781741412457,1718.7161488294496,-3.0279898e-03,353710,1328.20535,1818.99161,1.5735525e+05,4.4966450e+01,4.6157363e+03,1.1988867e+01,1.6568261e+05,4.7243961e+01,0,nan,nan,nan,nan,1328.20535,2.6188578e-04,1818.99161,2.3174945e-04,2.5231808e-03,9.6475147e-03
-0.08444884564210042,0.9962780121216325,0.00028253846175507107,1712.581551154559,-2.9061125e-03,349293,1328.21227,1818.99131,1.5797364e+05,4.4726418e+01,3.3809431e+03,1.1338614e+01,1.6570088e+05,4.6991772e+01,0,nan,nan,nan,nan,1328.21227,2.5927511e-04,1818.99131,2.2900247e-04,1.0507837e-02,9.8417867e-03
-0.08437746681829594,0.9967608927630206,0.00029908272905210855,1761.6606625333834,-2.9391183e-03,384630,1042.63016,1775.56828,1.5885633e+05,4.7636307e+01,1.0464314e+04,1.6472637e+01,1.6621269e+05,4.9872890e+01,0,nan,nan,nan,nan,1042.63016,2.8161489e-04,1775.56828,2.5119560e-04,6.5916916e-03,3.7814040e-02
-0.08433736971346661,0.9971391075116731,0.0002905430338714228,1755.5258226304882,-3.0595597e-03,380213,1042.61469,1775.57143,1.5865092e+05,4.6227024e+01,5.3126045e+03,1.4097178e+01,1.6609925e+05,4.8397442e+01,0,nan,nan,nan,nan,1042.61469,2.7152753e-04,1775.57143,2.4225755e-04,-1.0470368e-02,4.1057102e-02
-0.08414496564182627,0.9968030644105866,0.0002922717761327005,1743.2562550345597,-3.1882334e-03,371379,1042.61585,1775.52094,1.5864022e+05,4.6500370e+01,6.3080659e+03,1.4593935e+01,1.6603719e+05,4.8683620e+01,0,nan,nan,nan,nan,1042.61585,2.7333020e-04,1775.52094,2.4408597e-04,-1.0168767e-02,-1.3805238e-02
-0.08382014390736003,0.9969104273524975,0.00028163603175844585,1921.168099856296,3.1834105e-03,499471,471.02913,463.89612,1.6352961e+05,4.6159645e+01,2.6020813e+03,1.3458119e+01,1.6927878e+05,4.7822754e+01,0,nan,nan,nan,nan,471.02913,2.5923288e-04,463.89612,2.9388780e-04,3.1961668e-02,-4.5838724e-03
-0.08381263324667998,0.996888131994174,0.00028371898918868785,1730.9868273669547,-3.1774454e-03,362545,1328.19900,1819.01828,1.5800566e+05,4.4878956e+01,4.0604822e+03,1.1620934e+01,1.6567558e+05,4.7152039e+01,0,nan,nan,nan,nan,1328.19900,2.6004977e-04,1819.01828,2.2964628e-04,-4.6263975e-03,3.8557589e-02
-0.08366812920576194,0.9966102335672897,0.0002857717809731779,1915.0333718709976,3.1750349e-03,495054,471.01693,463.89940,1.6376503e+05,4.6864365e+01,4.7825996e+03,1.4817772e+01,1.6932492e+05,4.8552864e+01,0,nan,nan,nan,nan,471.01693,2.6287147e-04,463.89940,2.9819109e-04,1.8928757e-02,-1.3849841e-03
-0.08354240849394046,0.9972356400012365,0.00028158755866150256,1908.8986175917094,3.1403655e-03,490637,471.00127,463.88338,1.6339558e+05,4.6141048e+01,2.5816958e+03,1.3464575e+01,1.6929491e+05,4.7803486e+01,0,nan,nan,nan,nan,471.00127,2.5869295e-04,463.88338,2.9385614e-04,1.7847576e-03,-1.8605608e-02
-0.08346423081820831,0.9971519553275285,0.0002819331736499798,1902.763815769385,3.0581532e-03,486220,470.98987,463.86064,1.6345086e+05,4.6205978e+01,2.7686487e+03,1.3580235e+01,1.6931112e+05,4.7870758e+01,0,nan,nan,nan,nan,470.98987,2.5876809e-04,463.86064,2.9410256e-04,-1.1102463e-02,-4.3517265e-02
-0.08334230575087531,0.9965892721611643,0.0002841805243291254,1718.7175376944504,-3.0280130e-03,353711,1328.20573,1818.98297,1.5734106e+05,4.4950989e+01,4.6234697e+03,1.1926184e+01,1.6562231e+05,4.7227718e+01,0,nan,nan,nan,nan,1328.20573,2.6174542e-04,1818.98297,2.3206507e-04,3.0199122e-03,4.5846240e-04
-0.08305998995456321,0.9960200753323826,0.00028201127875420606,1712.5829400102466,-2.9061451e-03,349294,1328.20008,1818.97961,1.5768839e+05,4.4643074e+01,3.3664302e+03,1.1215572e+01,1.6565839e+05,4.6904209e+01,0,nan,nan,nan,nan,1328.20008,2.5878189e-04,1818.97961,2.2980626e-04,-3.0356979e-03,-4.3245475e-03
-0.08298854735494388,0.9962849126199599,0.00029899458039093135,1761.6620514528468,-2.9390871e-03,384631,1042.62872,1775.56883,1.5870836e+05,4.7622395e+01,1.0485562e+04,1.6455105e+01,1.6613378e+05,4.9858326e+01,0,nan,nan,nan,nan,1042.62872,2.8184699e-04,1775.56883,2.5156693e-04,5.4885056e-03,3.8735960e-02
-0.08294845863247247,0.9965703237724032,0.00029050675947026863,1755.5272115415692,-3.0595369e-03,380214,1042.60897,1775.55853,1.5864977e+05,4.6221256e+01,5.2938145e+03,1.4118577e+01,1.6600452e+05,4.8391399e+01,0,nan,nan,nan,nan,1042.60897,2.7128443e-04,1775.55853,2.4200455e-04,-1.6333995e-02,2.6940772e-02
-0.08275606992719986,0.9971620251041594,0.00029220797478152205,1743.2576439302743,-3.1882259e-03,371380,1042.61252,1775.52566,1.5864627e+05,4.6490242e+01,6.2777080e+03,1.4580130e+01,1.6609706e+05,4.8673019e+01,0,nan,nan,nan,nan,1042.61252,2.7313604e-04,1775.52566,2.4401469e-04,-1.3650054e-02,-8.5607721e-03
-0.08243125723947742,0.9972493323136787,0.00028170048867502006,1921.169488742964,3.1834089e-03,499472,471.02508,463.88338,1.6372111e+05,4.6170181e+01,2.5858677e+03,1.3427626e+01,1.6933622e+05,4.7833672e+01,0,nan,nan,nan,nan,471.02508,2.5880657e-04,463.88338,2.9339729e-04,2.7222943e-02,-1.7948998e-02
-0.08242375311124306,0.9971150792071303,0.0002837316197942583,1730.9882162470901,-3.1774535e-03,362546,1328.20354,1819.02803,1.5785186e+05,4.4881062e+01,4.0642534e+03,1.1629619e+01,1.6571369e+05,4.7154247e+01,0,nan,nan,nan,nan,1328.20354,2.6042177e-04,1819.02803,2.3012573e-04,7.3210010e-04,4.9842142e-02
-0.0822792364833731,0.997198506620309,0.0002857456427053465,1915.03476076372,3.1750393e-03,495055,471.01587,463.89540,1.6383427e+05,4.6860123e+01,4.7793491e+03,1.4777804e+01,1.6942502e+05,4.8548470e+01,0,nan,nan,nan,nan,471.01587,2.6285771e-04,463.89540,2.9826406e-04,1.7525852e-02,-5.2563041e-03
-0.08215350552836753,0.9963085272486352,0.0002815356907587721,1908.900006494675,3.1403801e-03,490638,471.00133,463.87655,1.6333112e+05,4.6132538e+01,2.5972935e+03,1.3463505e+01,1.6913750e+05,4.7794674e+01,0,nan,nan,nan,nan,471.00133,2.5857679e-04,463.87655,2.9389860e-04,1.7135275e-03,-2.6042938e-02
-0.08207532040228216,0.9965904576394965,0.00028187464119025003,1902.765204679801,3.0581753e-03,486221,470.98592,463.85292,1.6329312e+05,4.6196373e+01,2.7653247e+03,1.3581090e+01,1.6921573e+05,4.7860806e+01,0,nan,nan,nan,nan,470.98592,2.5910704e-04,463.85292,2.9459776e-04,-1.4559623e-02,-5.2566264e-02
-0.08195344074920285,0.996701674964444,0.0002842089590935909,1718.718926559452,-3.0280363e-03,353712,1328.21010,1818.99225,1.5728919e+05,4.4955463e+01,4.6248369e+03,1.1965611e+01,1.6564092e+05,4.7232422e+01,0,nan,nan,nan,nan,1328.21010,2.6208360e-04,1818.99225,2.3198384e-04,8.1349006e-03,1.0879898e-02
-0.0816711340328311,0.9957745479177403,0.0002822370773573631,1712.5843288661683,-2.9061774e-03,349295,1328.20877,1818.98708,1.5788388e+05,4.4678932e+01,3.3712131e+03,1.1248631e+01,1.6561797e+05,4.6941883e+01,0,nan,nan,nan,nan,1328.20877,2.5884042e-04,1818.98708,2.2878234e-04,6.4397911e-03,4.7221943e-03
-0.08159962789181918,0.9960996893459066,0.00029899775384589533,1761.6634403723099,-2.9390559e-03,384632,1042.63197,1775.57351,1.5872005e+05,4.7623032e+01,1.0457191e+04,1.6479454e+01,1.6610334e+05,4.9858994e+01,0,nan,nan,nan,nan,1042.63197,2.8194606e-04,1775.57351,2.5120273e-04,7.9430332e-03,4.3253843e-02
-0.08155954731819293,0.9965053792592589,0.00029041598430943515,1755.5286004528834,-3.0595139e-03,380215,1042.60592,1775.56076,1.5860422e+05,4.6206814e+01,5.2937173e+03,1.4084227e+01,1.6599370e+05,4.8376282e+01,0,nan,nan,nan,nan,1042.60592,2.7146330e-04,1775.56076,2.4209304e-04,-1.9377314e-02,2.9198032e-02
-0.0813671742121187,0.9969014649753798,0.00029214664899079835,1743.2590328259894,-3.1882185e-03,371381,1042.61411,1775.51770,1.5860117e+05,4.6480511e+01,6.2945654e+03,1.4574247e+01,1.6605375e+05,4.8662830e+01,0,nan,nan,nan,nan,1042.61411,2.7330982e-04,1775.51770,2.4408723e-04,-1.1766107e-02,-1.6977359e-02
-0.08104237033876416,0.9966372963480353,0.00028180722965006087,1921.1708776298647,3.1834075e-03,499473,471.02024,463.88867,1.6361616e+05,4.6187649e+01,2.5904631e+03,1.3497480e+01,1.6923220e+05,4.7851768e+01,0,nan,nan,nan,nan,471.02024,2.5882744e-04,463.88867,2.9378774e-04,2.2226404e-02,-1.3019091e-02
-0.08103487297580614,0.9964857605540417,0.0002835301380815598,1730.9896051272256,-3.1774617e-03,362547,1328.19964,1819.01760,1.5784794e+05,4.4849300e+01,4.0629473e+03,1.1594224e+01,1.6560948e+05,4.7120876e+01,0,nan,nan,nan,nan,1328.19964,2.6002002e-04,1819.01760,2.2996092e-04,-3.9321627e-03,3.7497133e-02
-0.08089034399472439,0.9966138735332417,0.00028561791204263006,1915.0361496562086,3.1750435e-03,495056,471.01546,463.90182,1.6359098e+05,4.6839218e+01,4.7874717e+03,1.4798711e+01,1.6932583e+05,4.8526806e+01,0,nan,nan,nan,nan,471.01546,2.6305055e-04,463.90182,2.9955019e-04,1.7235385e-02,1.0443615e-03
-0.08076460256233986,0.9967557869054854,0.00028158466037396003,1908.901395397641,3.1403948e-03,490639,471.00007,463.87398,1.6334348e+05,4.6140560e+01,2.6113750e+03,1.3438845e+01,1.6921341e+05,4.7802982e+01,0,nan,nan,nan,nan,471.00007,2.5884499e-04,463.87398,2.9454016e-04,1.5445489e-04,-2.8497238e-02
-0.08068640998635601,0.9974141720640921,0.00028196451489992153,1902.7665935902169,3.0581974e-03,486222,470.98596,463.86068,1.6342300e+05,4.6211094e+01,2.7850469e+03,1.3582195e+01,1.6935555e+05,4.7876053e+01,0,nan,nan,nan,nan,470.98596,2.5884990e-04,463.86068,2.9434368e-04,-1.5231442e-02,-4.3112893e-02
-0.08056457598058842,0.9968728225010107,0.0002841478821290588,1718.7203154242206,-3.0280598e-03,353713,1328.20243,1818.97893,1.5718347e+05,4.4945786e+01,4.6272471e+03,1.2008184e+01,1.6566928e+05,4.7222248e+01,0,nan,nan,nan,nan,1328.20243,2.6182164e-04,1818.97893,2.3277861e-04,-2.7415977e-04,-4.5524342e-03
-0.080282278111099,0.9961568939520531,0.00028233467317732294,1712.58571772209,-2.9062098e-03,349296,1328.20277,1818.98440,1.5792091e+05,4.4694492e+01,3.3738823e+03,1.1282739e+01,1.6568197e+05,4.6958229e+01,0,nan,nan,nan,nan,1328.20277,2.5872205e-04,1818.98440,2.2878750e-04,-1.3710876e-04,2.0529605e-03
-0.080210708427785,0.9962210564849081,0.00029900385084738517,1761.664829291774,-2.9390247e-03,384633,1042.63028,1775.57425,1.5873711e+05,4.7624130e+01,1.0478548e+04,1.6466335e+01,1.6612402e+05,4.9860142e+01,0,nan,nan,nan,nan,1042.63028,2.8173221e-04,1775.57425,2.5129368e-04,6.9809230e-03,4.4187851e-02
-0.08017063623628928,0.9967362823691747,0.00029051860973621673,1755.5299893639653,-3.0594910e-03,380216,1042.61252,1775.56598,1.5862825e+05,4.6223141e+01,5.2861978e+03,1.4138823e+01,1.6603217e+05,4.8393379e+01,0,nan,nan,nan,nan,1042.61252,2.7131054e-04,1775.56598,2.4204246e-04,-1.3099383e-02,3.4725472e-02
-0.07997827849703754,0.9967888947948834,0.000292210517002601,1743.2604217217045,-3.1882110e-03,371382,1042.61766,1775.52786,1.5867483e+05,4.6490700e+01,6.3015068e+03,1.4573337e+01,1.6603509e+05,4.8673496e+01,0,nan,nan,nan,nan,1042.61766,2.7321186e-04,1775.52786,2.4394394e-04,-8.3290618e-03,-6.2003555e-03
-0.0796534834380509,0.9973243247474879,0.0002817796242895355,1921.1722665167654,3.1834061e-03,499474,471.02740,463.89363,1.6368416e+05,4.6183098e+01,2.5808799e+03,1.3485882e+01,1.6934877e+05,4.7847054e+01,0,nan,nan,nan,nan,471.02740,2.5878538e-04,463.89363,2.9368856e-04,2.9475981e-02,-7.4386518e-03
-0.07964599284036922,0.9967120734521671,0.0002837370510437394,1730.990994007361,-3.1774698e-03,362548,1328.20387,1819.02053,1.5800614e+05,4.4882133e+01,4.0626130e+03,1.1660414e+01,1.6564750e+05,4.7155376e+01,0,nan,nan,nan,nan,1328.20387,2.5990364e-04,1819.02053,2.2932966e-04,-2.3537741e-05,4.1839406e-02
-0.07950145127415453,0.9972680275374703,0.00028569257643083063,1915.0375385489292,3.1750479e-03,495057,471.01604,463.90050,1.6359767e+05,4.6851501e+01,4.7669795e+03,1.4846529e+01,1.6943711e+05,4.8539532e+01,0,nan,nan,nan,nan,471.01604,2.6324813e-04,463.90050,2.9925027e-04,1.8271146e-02,-4.4438761e-04
-0.0793756998293702,0.9966682097258608,0.0002817044256289333,1908.902784300374,3.1404092e-03,490640,471.00005,463.88020,1.6336809e+05,4.6160179e+01,2.6021548e+03,1.3479658e+01,1.6919852e+05,4.7823307e+01,0,nan,nan,nan,nan,471.00005,2.5843212e-04,463.88020,2.9433719e-04,-3.9929044e-05,-2.2200888e-02
-0.07929749956974774,0.9968798475699612,0.00028182867692280673,1902.7679825006335,3.0582196e-03,486223,470.98715,463.85502,1.6343853e+05,4.6188816e+01,2.7701162e+03,1.3532976e+01,1.6926477e+05,4.7852974e+01,0,nan,nan,nan,nan,470.98715,2.5851090e-04,463.85502,2.9414595e-04,-1.4228309e-02,-5.0234906e-02
-0.07917571097914333,0.996575486497098,0.00028425275045819345,1718.721704289222,-3.0280831e-03,353714,1328.21005,1818.99120,1.5736755e+05,4.4962345e+01,4.6363296e+03,1.1951195e+01,1.6561978e+05,4.7239651e+01,0,nan,nan,nan,nan,1328.21005,2.6185295e-04,1818.99120,2.3194580e-04,7.1626464e-03,9.6218707e-03
-0.07889342219073114,0.9963346242739255,0.00028228496684809307,1712.5871065780104,-2.9062422e-03,349297,1328.20699,1818.98337,1.5789519e+05,4.4686729e+01,3.3841643e+03,1.1270964e+01,1.6571194e+05,4.6950077e+01,0,nan,nan,nan,nan,1328.20699,2.5873256e-04,1818.98337,2.2901341e-04,4.5556067e-03,1.0216457e-03
-0.07882178896397818,0.9967533128477613,0.0002991212101870128,1761.6662182112377,-2.9389935e-03,384634,1042.62801,1775.56691,1.5881255e+05,4.7642944e+01,1.0497680e+04,1.6483427e+01,1.6621320e+05,4.9879841e+01,0,nan,nan,nan,nan,1042.62801,2.8169251e-04,1775.56691,2.5138838e-04,4.7518099e-03,3.6995377e-02
-0.078781724921555,0.9969315577557866,0.0002905888211534182,1755.53137827528,-3.0594680e-03,380217,1042.61384,1775.56960,1.5869400e+05,4.6234314e+01,5.3131187e+03,1.4127749e+01,1.6606470e+05,4.8405075e+01,0,nan,nan,nan,nan,1042.61384,2.7132640e-04,1775.56960,2.4201750e-04,-1.1453753e-02,3.8216878e-02
-0.07858938278241112,0.9967473130617129,0.00029238625043832774,1743.261810617419,-3.1882036e-03,371383,1042.61746,1775.51602,1.5857195e+05,4.6518681e+01,6.2878979e+03,1.4627464e+01,1.6602825e+05,4.8702793e+01,0,nan,nan,nan,nan,1042.61746,2.7380540e-04,1775.51602,2.4456883e-04,-8.1109954e-03,-1.9787084e-02
-0.07826459653824713,0.9965913245031336,0.0002817832726005816,1921.1736554036652,3.1834047e-03,499475,471.02188,463.88767,1.6347222e+05,4.6183674e+01,2.6005601e+03,1.3540015e+01,1.6922420e+05,4.7847649e+01,0,nan,nan,nan,nan,471.02188,2.5904246e-04,463.88767,2.9442669e-04,2.3871744e-02,-1.3860999e-02
-0.0782571127049323,0.9963537752222621,0.0002836740199410219,1730.9923828874964,-3.1774780e-03,362549,1328.20375,1819.02267,1.5797442e+05,4.4872272e+01,4.0507700e+03,1.1630430e+01,1.6558834e+05,4.7145012e+01,0,nan,nan,nan,nan,1328.20375,2.5993091e-04,1819.02267,2.2934101e-04,4.4486235e-04,4.4420306e-02
-0.07811255878618795,0.9971583439775377,0.0002856635541820142,1915.0389274414172,3.1750521e-03,495058,471.01856,463.89533,1.6363269e+05,4.6846779e+01,4.7782959e+03,1.4765912e+01,1.6941861e+05,4.8534641e+01,0,nan,nan,nan,nan,471.01856,2.6354982e-04,463.89533,2.9907734e-04,2.1293772e-02,-5.1266099e-03
-0.07798679686356991,0.9961572217950713,0.00028161171325691026,1908.9041732033397,3.1404239e-03,490641,471.00293,463.88066,1.6320570e+05,4.6144981e+01,2.6066113e+03,1.3495330e+01,1.6911175e+05,4.7807564e+01,0,nan,nan,nan,nan,471.00293,2.5933280e-04,463.88066,2.9412773e-04,3.0053249e-03,-2.0357205e-02
-0.07790858915268473,0.9967583601554955,0.00028193292654451373,1902.7693714110505,3.0582417e-03,486224,470.98904,463.86127,1.6329347e+05,4.6205891e+01,2.7777988e+03,1.3610043e+01,1.6924409e+05,4.7870663e+01,0,nan,nan,nan,nan,470.98904,2.5885869e-04,463.86127,2.9476735e-04,-1.2211331e-02,-4.3429982e-02
-0.07778684597838037,0.996557367684444,0.0002841090716925043,1718.7230931542229,-3.0281064e-03,353715,1328.20031,1818.98006,1.5734688e+05,4.4939594e+01,4.6295947e+03,1.1912055e+01,1.6561667e+05,4.7215744e+01,0,nan,nan,nan,nan,1328.20031,2.6157781e-04,1818.98006,2.3198815e-04,-2.2322787e-03,-3.0677742e-03
-0.07750456627013591,0.996836690528106,0.0002825124990138917,1712.588495433931,-2.9062745e-03,349298,1328.20981,1818.99103,1.5810806e+05,4.4722858e+01,3.3879465e+03,1.1274626e+01,1.6579584e+05,4.6988033e+01,0,nan,nan,nan,nan,1328.20981,2.5878855e-04,1818.99103,2.2822178e-04,7.2391964e-03,9.7502675e-03
-0.07743286950108086,0.9965620660168332,0.0002991030391321353,1761.6676071307006,-2.9389623e-03,384635,1042.63043,1775.56819,1.5877973e+05,4.7640175e+01,1.0472272e+04,1.6490051e+01,1.6618173e+05,4.9876938e+01,0,nan,nan,nan,nan,1042.63043,2.8186131e-04,1775.56819,2.5137377e-04,6.9273990e-03,3.7791178e-02
-0.0773928138401061,0.9969184949785099,0.00029068013312453833,1755.5327671863615,-3.0594452e-03,380218,1042.61768,1775.56936,1.5870806e+05,4.6248840e+01,5.2887441e+03,1.4177197e+01,1.6606253e+05,4.8420284e+01,0,nan,nan,nan,nan,1042.61768,2.7130745e-04,1775.56936,2.4203108e-04,-7.0878519e-03,3.8714860e-02
-0.0772004870686942,0.9970076040966207,0.0002922224955312994,1743.2631995131328,-3.1881961e-03,371384,1042.61320,1775.52579,1.5852959e+05,4.6492653e+01,6.2912368e+03,1.4597554e+01,1.6607169e+05,4.8675541e+01,0,nan,nan,nan,nan,1042.61320,2.7336358e-04,1775.52579,2.4463932e-04,-1.1903243e-02,-9.3218582e-03
-0.07687570987081926,0.9971868345201402,0.0002817531859597688,1921.1750442903326,3.1834031e-03,499476,471.02617,463.89260,1.6364798e+05,4.6178722e+01,2.6043948e+03,1.3466623e+01,1.6932523e+05,4.7842514e+01,0,nan,nan,nan,nan,471.02617,2.5911475e-04,463.89260,2.9363163e-04,2.8379014e-02,-8.1771668e-03
-0.07686823256995012,0.9968947802185582,0.00028323784929085323,1730.9937717676314,-3.1774861e-03,362550,1328.20230,1819.02843,1.5737947e+05,4.4803387e+01,4.0654612e+03,1.1638698e+01,1.6567866e+05,4.7072639e+01,0,nan,nan,nan,nan,1328.20230,2.6118610e-04,1819.02843,2.3117957e-04,8.4515702e-04,4.8687130e-02
-0.07672366629822136,0.996888565393843,0.0002854783728605522,1915.0403163339051,3.1750563e-03,495059,471.01401,463.89665,1.6366875e+05,4.6816441e+01,4.7527793e+03,1.4723729e+01,1.6937291e+05,4.8503216e+01,0,nan,nan,nan,nan,471.01401,2.6293498e-04,463.89665,2.9889066e-04,1.5511311e-02,-4.3240860e-03
-0.07659789389754224,0.9966634945686874,0.0002815056965797198,1908.9055621063058,3.1404386e-03,490642,470.99894,463.87675,1.6329039e+05,4.6127605e+01,2.5950720e+03,1.3451016e+01,1.6919767e+05,4.7789562e+01,0,nan,nan,nan,nan,470.99894,2.5868363e-04,463.87675,2.9407305e-04,-1.2109395e-03,-2.5645556e-02
-0.07651967873607646,0.9974160576179522,0.00028205714137520554,1902.7707603214672,3.0582638e-03,486225,470.98565,463.85570,1.6341264e+05,4.6226231e+01,2.7763181e+03,1.3656778e+01,1.6935572e+05,4.7891739e+01,0,nan,nan,nan,nan,470.98565,2.5850013e-04,463.85570,2.9462762e-04,-1.5354072e-02,-4.8870154e-02
-0.07639798121022068,0.9965895913935546,0.00028417224635413286,1718.724482018991,-3.0281299e-03,353716,1328.20153,1818.98083,1.5735717e+05,4.4949558e+01,4.6264541e+03,1.1940629e+01,1.6562192e+05,4.7226215e+01,0,nan,nan,nan,nan,1328.20153,2.6154995e-04,1818.98083,2.3207274e-04,-1.1947597e-03,-1.8759682e-03
-0.07611571034908593,0.995892625141602,0.00028226311089299584,1712.589884289852,-2.9063069e-03,349299,1328.20483,1818.98459,1.5789464e+05,4.4683483e+01,3.3907371e+03,1.1255236e+01,1.6563922e+05,4.6946667e+01,0,nan,nan,nan,nan,1328.20483,2.5879240e-04,1818.98459,2.2875109e-04,1.9882200e-03,2.4767434e-03
-0.07604395003772879,0.9962390125501532,0.00029911119203538387,1761.668996050164,-2.9389311e-03,384636,1042.63177,1775.57672,1.5871175e+05,4.7641586e+01,1.0489069e+04,1.6488117e+01,1.6612828e+05,4.9878418e+01,0,nan,nan,nan,nan,1042.63177,2.8223189e-04,1775.57672,2.5156571e-04,8.3505008e-03,4.6428110e-02
-0.07600390275911195,0.9968239748163035,0.00029052517653363176,1755.5341560974425,-3.0594224e-03,380219,1042.60750,1775.56349,1.5858581e+05,4.6224190e+01,5.3100713e+03,1.4114955e+01,1.6604678e+05,4.8394474e+01,0,nan,nan,nan,nan,1042.60750,2.7148658e-04,1775.56349,2.4248476e-04,-1.8009512e-02,3.2074537e-02
-0.07581159135497728,0.9981085372565622,0.0002922349480231768,1743.2645884088465,-3.1881887e-03,371385,1042.61237,1775.53106,1.5878731e+05,4.6494656e+01,6.2719526e+03,1.4562594e+01,1.6625516e+05,4.8677639e+01,0,nan,nan,nan,nan,1042.61237,2.7296934e-04,1775.53106,2.4385714e-04,-1.2529318e-02,-3.0412809e-03
-0.075486822970106,0.9972521499233901,0.0002819738536018958,1921.1764331772333,3.1834017e-03,499477,471.02159,463.88342,1.6370369e+05,4.6214859e+01,2.5876475e+03,1.3567520e+01,1.6933623e+05,4.7879959e+01,0,nan,nan,nan,nan,471.02159,2.5880334e-04,463.88342,2.9371583e-04,2.3065861e-02,-1.8079894e-02
-0.0754793524345132,0.9965228629111093,0.00028369780816858025,1730.9951606477669,-3.1774943e-03,362551,1328.19715,1819.01156,1.5784167e+05,4.4876251e+01,4.0681089e+03,1.1713298e+01,1.6561725e+05,4.7149197e+01,0,nan,nan,nan,nan,1328.19715,2.6015795e-04,1819.01156,2.3047977e-04,-6.8767839e-03,3.0662667e-02
-0.07533477357674201,0.9966211390844469,0.0002856374717771383,1915.0417052266266,3.1750607e-03,495060,471.01467,463.89441,1.6368903e+05,4.6842567e+01,4.7790791e+03,1.4777277e+01,1.6932759e+05,4.8530281e+01,0,nan,nan,nan,nan,471.01467,2.6305189e-04,463.89441,2.9827107e-04,1.6552426e-02,-6.7649898e-03
-0.07520899093196931,0.9968856842637474,0.00028164863126458066,1908.9069510092713,3.1404532e-03,490643,470.99502,463.87647,1.6340395e+05,4.6151024e+01,2.5991377e+03,1.3489418e+01,1.6923538e+05,4.7813820e+01,0,nan,nan,nan,nan,470.99502,2.5850468e-04,463.87647,2.9381111e-04,-5.3592031e-03,-2.5531543e-02
-0.07513076855275358,0.9967780644825917,0.00028178959919240664,1902.7721492316505,3.0582857e-03,486226,470.99235,463.86387,1.6338536e+05,4.6182369e+01,2.7836467e+03,1.3532434e+01,1.6924734e+05,4.7846298e+01,0,nan,nan,nan,nan,470.99235,2.5876140e-04,463.86387,2.9398018e-04,-8.6937901e-03,-4.0342849e-02
-0.07500911620809347,0.996207077952534,0.00028407986240019413,1718.7258708839931,-3.0281532e-03,353717,1328.20532,1818.98753,1.5723319e+05,4.4934914e+01,4.6264248e+03,1.1952849e+01,1.6555823e+05,4.7210827e+01,0,nan,nan,nan,nan,1328.20532,2.6197033e-04,1818.98753,2.3183555e-04,3.0955176e-03,5.4817810e-03
-0.07472685466086659,0.9960525079024408,0.00028238436916354354,1712.5912731455403,-2.9063395e-03,349300,1328.20659,1818.98434,1.5797064e+05,4.4702789e+01,3.3825410e+03,1.1251557e+01,1.6566620e+05,4.6966949e+01,0,nan,nan,nan,nan,1328.20659,2.5865826e-04,1818.98434,2.2879230e-04,3.9775553e-03,2.6396287e-03
-0.0746550305746041,0.9959859673579089,0.00029903875517579284,1761.670384969627,-2.9388999e-03,384637,1042.63476,1775.57352,1.5866917e+05,4.7630165e+01,1.0484911e+04,1.6469179e+01,1.6608648e+05,4.9866463e+01,0,nan,nan,nan,nan,1042.63476,2.8197211e-04,1775.57352,2.5159316e-04,1.1592186e-02,4.3678775e-02
-0.07461499144483241,0.9964159287705838,0.00029062385712366805,1755.5355450087568,-3.0593993e-03,380220,1042.61393,1775.56628,1.5845698e+05,4.6239891e+01,5.3131362e+03,1.4177595e+01,1.6597881e+05,4.8410912e+01,0,nan,nan,nan,nan,1042.61393,2.7170772e-04,1775.56628,2.4271068e-04,-1.1070713e-02,3.4208234e-02
-0.07442269564057824,0.9960570778915475,0.000292259886639681,1743.265977304561,-3.1881812e-03,371386,1042.62176,1775.51732,1.5840322e+05,4.6498646e+01,6.2741484e+03,1.4612605e+01,1.6591353e+05,4.8681816e+01,0,nan,nan,nan,nan,1042.62176,2.7400945e-04,1775.51732,2.4473720e-04,-4.1489010e-03,-1.7719256e-02
-0.07409793606939274,0.9966471991956627,0.0002817805164995131,1921.177822064134,3.1834003e-03,499478,471.02233,463.89180,1.6352389e+05,4.6183151e+01,2.5913313e+03,1.3516824e+01,1.6923342e+05,4.7847103e+01,0,nan,nan,nan,nan,471.02233,2.5907959e-04,463.89180,2.9409185e-04,2.5220558e-02,-8.4426086e-03
-0.07409047229839416,0.9966361306113195,0.000283641745532905,1730.996549527903,-3.1775024e-03,362552,1328.20620,1819.02362,1.5792927e+05,4.4867493e+01,4.0584590e+03,1.1646974e+01,1.6563648e+05,4.7139996e+01,0,nan,nan,nan,nan,1328.20620,2.6000576e-04,1819.02362,2.2945460e-04,3.2342607e-03,4.5257200e-02
-0.07394588108763855,0.9965901147473124,0.00028554241810757055,1915.0430941191157,3.1750649e-03,495061,471.01726,463.89662,1.6375773e+05,4.6827011e+01,4.7662456e+03,1.4708465e+01,1.6932244e+05,4.8514164e+01,0,nan,nan,nan,nan,471.01726,2.6329051e-04,463.89662,2.9803225e-04,1.9624960e-02,-4.6707247e-03
-0.07382008796594164,0.9968378010913969,0.0002816013286502797,1908.9083399122374,3.1404679e-03,490644,471.00405,463.87983,1.6336972e+05,4.6143261e+01,2.6037056e+03,1.3481163e+01,1.6922723e+05,4.7805782e+01,0,nan,nan,nan,nan,471.00405,2.5865308e-04,463.87983,2.9384295e-04,3.7439242e-03,-2.1555780e-02
-0.0737418581370548,0.9961495451122812,0.0002818649153131768,1902.7735381420662,3.0583078e-03,486227,470.98459,463.85331,1.6331144e+05,4.6194706e+01,2.7807930e+03,1.3592671e+01,1.6914058e+05,4.7859074e+01,0,nan,nan,nan,nan,470.98459,2.5867420e-04,463.85331,2.9442782e-04,-1.6630653e-02,-5.1695097e-02
-0.07362025120596627,0.996406426259101,0.0002841425713635537,1718.7272597489953,-3.0281765e-03,353718,1328.20797,1818.98603,1.5723928e+05,4.4944798e+01,4.6329819e+03,1.1909793e+01,1.6559123e+05,4.7221214e+01,0,nan,nan,nan,nan,1328.20797,2.6203346e-04,1818.98603,2.3245467e-04,5.8000335e-03,4.2060362e-03
-0.07333799874049873,0.9965934659892397,0.00028221549680479733,1712.5926620014607,-2.9063718e-03,349301,1328.20528,1818.98641,1.5790823e+05,4.4676167e+01,3.3750151e+03,1.1227902e+01,1.6575656e+05,4.6938972e+01,0,nan,nan,nan,nan,1328.20528,2.5900253e-04,1818.98641,2.2870002e-04,3.0495245e-03,4.3095276e-03
-0.0732661111114794,0.9965104672875256,0.00029906479012345287,1761.6717738890902,-2.9388687e-03,384638,1042.62879,1775.56540,1.5879847e+05,4.7634418e+01,1.0489841e+04,1.6467615e+01,1.6617434e+05,4.9870918e+01,0,nan,nan,nan,nan,1042.62879,2.8182578e-04,1775.56540,2.5135119e-04,5.1566083e-03,3.4537286e-02
-0.07322608036429301,0.9965238198566154,0.0002904341326008479,1755.5369339198373,-3.0593765e-03,380221,1042.61359,1775.57047,1.5848708e+05,4.6209702e+01,5.3117124e+03,1.4139900e+01,1.6599678e+05,4.8379307e+01,0,nan,nan,nan,nan,1042.61359,2.7145032e-04,1775.57047,2.4228510e-04,-1.1182627e-02,3.9253864e-02
-0.0730337999261792,0.9967404175854632,0.0002921108627368044,1743.2673662002753,-3.1881738e-03,371387,1042.61672,1775.52058,1.5851331e+05,4.6474957e+01,6.2738647e+03,1.4607340e+01,1.6602744e+05,4.8657017e+01,0,nan,nan,nan,nan,1042.61672,2.7324306e-04,1775.52058,2.4424362e-04,-8.6673107e-03,-1.4545684e-02
-0.07270904940241962,0.9971645291253128,0.0002818680561914291,1921.179210950801,3.1833986e-03,499479,471.02859,463.88755,1.6367150e+05,4.6197475e+01,2.5825181e+03,1.3541649e+01,1.6932119e+05,4.7861946e+01,0,nan,nan,nan,nan,471.02859,2.5912136e-04,463.88755,2.9370189e-04,3.0434653e-02,-1.3387108e-02
-0.07270159192989922,0.9965436951285762,0.00028384324881532076,1730.9979384082715,-3.1775103e-03,362553,1328.20057,1819.02615,1.5796139e+05,4.4899479e+01,4.0528247e+03,1.1659233e+01,1.6562153e+05,4.7173599e+01,0,nan,nan,nan,nan,1328.20057,2.5998874e-04,1819.02615,2.2966224e-04,-3.3988745e-03,4.7948536e-02
-0.0725569883661592,0.9969618106340746,0.00028566901414264664,1915.0444830118372,3.1750693e-03,495062,471.01044,463.89273,1.6375452e+05,4.6847801e+01,4.7656792e+03,1.4770129e+01,1.6938570e+05,4.8535706e+01,0,nan,nan,nan,nan,471.01044,2.6302648e-04,463.89273,2.9832192e-04,1.2599031e-02,-9.0664420e-03
-0.07243118499991397,0.9970048980906442,0.00028162790746879244,1908.9097288152034,3.1404826e-03,490645,470.99759,463.87444,1.6344041e+05,4.6147617e+01,2.6060544e+03,1.3461404e+01,1.6925558e+05,4.7810291e+01,0,nan,nan,nan,nan,470.99759,2.5835918e-04,463.87444,2.9372709e-04,-2.7252934e-03,-2.7475936e-02
-0.07235294771953704,0.9967123970412372,0.0002820545849375368,1902.7749270524837,3.0583299e-03,486228,470.99099,463.85950,1.6339653e+05,4.6225777e+01,2.7720403e+03,1.3658015e+01,1.6923609e+05,4.7891266e+01,0,nan,nan,nan,nan,470.99099,2.5891527e-04,463.85950,2.9425888e-04,-9.4620092e-03,-4.4672340e-02
-0.07223138643780658,0.9963096158368531,0.00028409732155943487,1718.7286486137634,-3.0282000e-03,353719,1328.20332,1818.97564,1.5732111e+05,4.4937607e+01,4.6184614e+03,1.1933687e+01,1.6557502e+05,4.7213657e+01,0,nan,nan,nan,nan,1328.20332,2.6149425e-04,1818.97564,2.3203212e-04,8.5776817e-04,-7.6525407e-03
-0.07194914282013087,0.9959417014213893,0.00028233560615958947,1712.594050857381,-2.9064042e-03,349302,1328.21102,1818.99355,1.5791906e+05,4.4695278e+01,3.3913274e+03,1.1268348e+01,1.6564855e+05,4.6959057e+01,0,nan,nan,nan,nan,1328.21102,2.5907319e-04,1818.99355,2.2888591e-04,8.6212363e-03,1.2265853e-02
-0.07187719164812734,0.9966904515113939,0.000299047937254481,1761.6731628085536,-2.9388375e-03,384639,1042.63315,1775.57439,1.5881777e+05,4.7631851e+01,1.0501799e+04,1.6456333e+01,1.6620473e+05,4.9868225e+01,0,nan,nan,nan,nan,1042.63315,2.8185942e-04,1775.57439,2.5128399e-04,1.0157526e-02,4.4809818e-02
-0.07183716905092297,0.9969655810012786,0.00029058438441187016,1755.5383228311507,-3.0593534e-03,380222,1042.61140,1775.56377,1.5872077e+05,4.6233612e+01,5.3319614e+03,1.4108273e+01,1.6607036e+05,4.8404335e+01,0,nan,nan,nan,nan,1042.61140,2.7125672e-04,1775.56377,2.4204576e-04,-1.4096278e-02,3.2662716e-02
-0.07164490397872214,0.996973616772222,0.00029232775375312187,1743.2687550962228,-3.1881661e-03,371388,1042.61560,1775.51842,1.5871645e+05,4.6509487e+01,6.2648774e+03,1.4589822e+01,1.6606636e+05,4.8693169e+01,0,nan,nan,nan,nan,1042.61560,2.7334958e-04,1775.51842,2.4413575e-04,-1.0572378e-02,-1.6504427e-02
-0.07132016250238848,0.9967944531458077,0.00028172846613375846,1921.180599837701,3.1833972e-03,499480,471.02252,463.88812,1.6363736e+05,4.6174576e+01,2.5833076e+03,1.3478729e+01,1.6925827e+05,4.7838219e+01,0,nan,nan,nan,nan,471.02252,2.5882394e-04,463.88812,2.9336553e-04,2.4029454e-02,-1.2808711e-02
-0.0713127117944623,0.9960103185587273,0.0002835902977168602,1730.999327288407,-3.1775185e-03,362554,1328.20265,1819.02072,1.5785516e+05,4.4859577e+01,4.0613972e+03,1.1618774e+01,1.6553330e+05,4.7131676e+01,0,nan,nan,nan,nan,1328.20265,2.6006254e-04,1819.02072,2.2980112e-04,-6.1332132e-04,4.1481607e-02
-0.07116809587796524,0.9965484058787714,0.00028548741476747195,1915.0458719043254,3.1750735e-03,495063,471.01215,463.89303,1.6353612e+05,4.6818054e+01,4.7620415e+03,1.4750098e+01,1.6931558e+05,4.8504887e+01,0,nan,nan,nan,nan,471.01215,2.6327910e-04,463.89303,2.9899919e-04,1.4547954e-02,-8.4552579e-03
-0.07104228226762643,0.9966412717768485,0.0002815232557645159,1908.9111177179357,3.1404970e-03,490646,471.00158,463.87878,1.6333292e+05,4.6130463e+01,2.5901284e+03,1.3441006e+01,1.6919383e+05,4.7792522e+01,0,nan,nan,nan,nan,471.00158,2.5878157e-04,463.87878,2.9395497e-04,2.6295856e-03,-2.3166955e-02
-0.07096403730247403,0.996821811598156,0.00028201534108167553,1902.7763159629008,3.0583520e-03,486229,470.98188,463.85184,1.6337405e+05,4.6219330e+01,2.7702715e+03,1.3609962e+01,1.6925462e+05,4.7884586e+01,0,nan,nan,nan,nan,470.98188,2.5868494e-04,463.85184,2.9456569e-04,-1.9803979e-02,-5.3781286e-02
-0.07084252143704362,0.9961353916621898,0.0002842490041961019,1718.7300374787642,-3.0282233e-03,353720,1328.20404,1818.98881,1.5725470e+05,4.4961559e+01,4.6369780e+03,1.1989211e+01,1.6554592e+05,4.7238823e+01,0,nan,nan,nan,nan,1328.20404,2.6224798e-04,1818.98881,2.3226983e-04,2.1487938e-03,6.4012543e-03
-0.07056028689885352,0.9958530846440703,0.00028237783909767464,1712.5954397133023,-2.9064366e-03,349303,1328.20748,1818.98501,1.5799411e+05,4.4702065e+01,3.3962898e+03,1.1274198e+01,1.6563419e+05,4.6966187e+01,0,nan,nan,nan,nan,1328.20748,2.5860843e-04,1818.98501,2.2881838e-04,4.6830056e-03,3.1404649e-03
-0.07048827195239937,0.9965166952076366,0.00029913563083282333,1761.6745517282493,-2.9388061e-03,384640,1042.63112,1775.57611,1.5879883e+05,4.7645924e+01,1.0489805e+04,1.6493692e+01,1.6617614e+05,4.9882961e+01,0,nan,nan,nan,nan,1042.63112,2.8193073e-04,1775.57611,2.5129734e-04,7.4600130e-03,4.6192985e-02
-0.07044825796947407,0.9961663169505945,0.0002904369482396183,1755.5397117422322,-3.0593306e-03,380223,1042.61367,1775.56327,1.5854731e+05,4.6210148e+01,5.3316797e+03,1.4100044e+01,1.6593722e+05,4.8379772e+01,0,nan,nan,nan,nan,1042.61367,2.7138271e-04,1775.56327,2.4225962e-04,-1.0582631e-02,3.2003284e-02
-0.07025600826455047,0.9969124660965494,0.0002922019852354087,1743.270143991937,-3.1881586e-03,371389,1042.61715,1775.52457,1.5864725e+05,4.6489502e+01,6.2576582e+03,1.4598828e+01,1.6605625e+05,4.8672245e+01,0,nan,nan,nan,nan,1042.61715,2.7313177e-04,1775.52457,2.4381340e-04,-7.8801187e-03,-9.8803258e-03
-0.06993127583473324,0.995760189299195,0.0002815553737234392,1921.1819887243687,3.1833956e-03,499481,471.02417,463.88956,1.6343303e+05,4.6146179e+01,2.6165098e+03,1.3449833e+01,1.6908256e+05,4.7808804e+01,0,nan,nan,nan,nan,471.02417,2.5894702e-04,463.88956,2.9378932e-04,2.5944896e-02,-1.0805461e-02
-0.06992383165902538,0.9966800590384942,0.00028351094736614,1731.0007161685423,-3.1775266e-03,362555,1328.20249,1819.02350,1.5790017e+05,4.4847137e+01,4.0625632e+03,1.1574776e+01,1.6564502e+05,4.7118607e+01,0,nan,nan,nan,nan,1328.20249,2.6022887e-04,1819.02350,2.2974922e-04,-5.5149652e-04,4.4461645e-02
-0.06977920339022603,0.9968819149090222,0.000285631450066628,1915.0472607968131,3.1750777e-03,495064,471.01442,463.90257,1.6379931e+05,4.6841702e+01,4.7575176e+03,1.4741512e+01,1.6937234e+05,4.8529388e+01,0,nan,nan,nan,nan,471.01442,2.6279574e-04,463.90257,2.9838976e-04,1.6228912e-02,2.1037671e-03
-0.06965337930159876,0.9961237086745748,0.00028151478410714007,1908.9125066209017,3.1405117e-03,490647,470.99566,463.86726,1.6328317e+05,4.6129070e+01,2.6081321e+03,1.3441191e+01,1.6910595e+05,4.7791077e+01,0,nan,nan,nan,nan,470.99566,2.5859667e-04,463.86726,2.9429447e-04,-5.0008148e-03,-3.6854763e-02
-0.06957512688677525,0.9966859379706859,0.00028178470023021,1902.7777048733165,3.0583742e-03,486230,470.99176,463.86704,1.6339328e+05,4.6181515e+01,2.7783286e+03,1.3529384e+01,1.6923152e+05,4.7845413e+01,0,nan,nan,nan,nan,470.99176,2.5880517e-04,463.86704,2.9402497e-04,-8.7072048e-03,-3.6589306e-02
-0.06945365643559853,0.9964863030881144,0.0002840930746042564,1718.7314263437656,-3.0282466e-03,353721,1328.20242,1818.98458,1.5729033e+05,4.4936855e+01,4.6441045e+03,1.1914721e+01,1.6560409e+05,4.7212868e+01,0,nan,nan,nan,nan,1328.20242,2.6178212e-04,1818.98458,2.3183935e-04,-5.3267757e-04,2.1848248e-03
-0.06917143097712142,0.9960420045105919,0.0002821727956223413,1712.596828569224,-2.9064689e-03,349304,1328.20163,1818.97889,1.5785502e+05,4.4669708e+01,3.3946099e+03,1.1218783e+01,1.6566598e+05,4.6932194e+01,0,nan,nan,nan,nan,1328.20163,2.5862292e-04,1818.97889,2.2940565e-04,-1.4454825e-03,-4.6387608e-03
-0.0690993524890473,0.9959907487177281,0.00029899817939588386,1761.6759406477127,-2.9387749e-03,384641,1042.62906,1775.56720,1.5870244e+05,4.7624134e+01,1.0500304e+04,1.6473282e+01,1.6608880e+05,4.9860149e+01,0,nan,nan,nan,nan,1042.62906,2.8196024e-04,1775.56720,2.5139513e-04,5.6393067e-03,3.7119757e-02
-0.06905934665564928,0.9965661438777268,0.00029066152731817453,1755.541100653546,-3.0593076e-03,380224,1042.61307,1775.56651,1.5856653e+05,4.6245880e+01,5.3316455e+03,1.4160389e+01,1.6600381e+05,4.8417179e+01,0,nan,nan,nan,nan,1042.61307,2.7155760e-04,1775.56651,2.4253562e-04,-1.1900873e-02,3.5199314e-02
-0.06886711254992406,0.9967758704753124,0.00029207517109571755,1743.2715328876516,-3.1881512e-03,371390,1042.61314,1775.52283,1.5858717e+05,4.6469349e+01,6.2383857e+03,1.4566499e+01,1.6603358e+05,4.8651142e+01,0,nan,nan,nan,nan,1042.61314,2.7319154e-04,1775.52283,2.4388284e-04,-1.2586465e-02,-1.1798816e-02
-0.06854238893401998,0.9964516448763103,0.00028158024171846704,1921.1833776112694,3.1833942e-03,499482,471.02637,463.89040,1.6348956e+05,4.6150234e+01,2.5963726e+03,1.3453294e+01,1.6919989e+05,4.7813004e+01,0,nan,nan,nan,nan,471.02637,2.5918937e-04,463.89040,2.9390061e-04,2.8373383e-02,-1.0603675e-02
-0.06853495152427058,0.9967568584293844,0.0002837178191106496,1731.002105048677,-3.1775348e-03,362556,1328.19793,1819.01877,1.5803909e+05,4.4879971e+01,4.0556211e+03,1.1640922e+01,1.6565820e+05,4.7153107e+01,0,nan,nan,nan,nan,1328.19793,2.5983248e-04,1819.01877,2.2939689e-04,-6.5842061e-03,3.9446793e-02
-0.06839031066920143,0.996609628946612,0.0002856304669238639,1915.0486496895342,3.1750822e-03,495065,471.01751,463.90039,1.6378300e+05,4.6841568e+01,4.7524614e+03,1.4728534e+01,1.6932619e+05,4.8529247e+01,0,nan,nan,nan,nan,471.01751,2.6274068e-04,463.90039,2.9829808e-04,1.8111816e-02,8.1625930e-04
-0.06826447633557109,0.9964482491337803,0.0002817319174773786,1908.9138955238677,3.1405264e-03,490648,471.00468,463.88836,1.6335205e+05,4.6164646e+01,2.5826853e+03,1.3499080e+01,1.6916103e+05,4.7827934e+01,0,nan,nan,nan,nan,471.00468,2.5884257e-04,463.88836,2.9419304e-04,5.8437884e-03,-1.2775019e-02
-0.06818621647062173,0.996102646842717,0.00028179723268977486,1902.7790937837326,3.0583963e-03,486231,470.98305,463.85476,1.6322741e+05,4.6183559e+01,2.7837429e+03,1.3591180e+01,1.6913242e+05,4.7847530e+01,0,nan,nan,nan,nan,470.98305,2.5873558e-04,463.85476,2.9454683e-04,-1.7911891e-02,-5.0415784e-02
-0.06806479143415345,0.9959820034977127,0.00028412936402886943,1718.732815208767,-3.0282699e-03,353722,1328.20717,1818.98565,1.5727841e+05,4.4942551e+01,4.6241982e+03,1.1944840e+01,1.6552012e+05,4.7218853e+01,0,nan,nan,nan,nan,1328.20717,2.6176858e-04,1818.98565,2.3176115e-04,4.5979405e-03,3.8903020e-03
-0.06778257505607144,0.9960633485030299,0.0002823386269298547,1712.598217425145,-2.9065013e-03,349305,1328.20763,1818.98767,1.5791741e+05,4.4696060e+01,3.4221956e+03,1.1290174e+01,1.6566991e+05,4.6959881e+01,0,nan,nan,nan,nan,1328.20763,2.5893989e-04,1818.98767,2.2873472e-04,5.1724827e-03,6.4325202e-03
-0.06771043302569524,0.9961303040268126,0.0002989253059577647,1761.677329567176,-2.9387437e-03,384642,1042.63537,1775.57706,1.5872580e+05,4.7612633e+01,1.0485800e+04,1.6449394e+01,1.6611242e+05,4.9848106e+01,0,nan,nan,nan,nan,1042.63537,2.8173608e-04,1775.57706,2.5119903e-04,1.2181870e-02,4.7013015e-02
-0.06767043557420038,0.9964536906543757,0.0002905130498354746,1755.5424895646274,-3.0592848e-03,380225,1042.61321,1775.56482,1.5860616e+05,4.6222248e+01,5.3353789e+03,1.4111911e+01,1.6598506e+05,4.8392445e+01,0,nan,nan,nan,nan,1042.61321,2.7143356e-04,1775.56482,2.4220486e-04,-1.1976950e-02,3.4019172e-02
-0.06747821683552502,0.9967841051635623,0.00029230123419440613,1743.272921783366,-3.1881437e-03,371391,1042.61485,1775.51815,1.5864905e+05,4.6505337e+01,6.2559282e+03,1.4577128e+01,1.6603503e+05,4.8688824e+01,0,nan,nan,nan,nan,1042.61485,2.7335348e-04,1775.51815,2.4430346e-04,-1.0349224e-02,-1.6612817e-02
-0.06715350203330672,0.9963854528413434,0.00028172894289280265,1921.1847664981701,3.1833928e-03,499483,471.02182,463.88674,1.6351503e+05,4.6174591e+01,2.6030488e+03,1.3481397e+01,1.6918858e+05,4.7838234e+01,0,nan,nan,nan,nan,471.02182,2.5913131e-04,463.88674,2.9397380e-04,2.3397485e-02,-1.3808918e-02
-0.06714607138951578,0.9964681545027522,0.00028374092930495297,1731.0034939288118,-3.1775429e-03,362557,1328.20582,1819.01949,1.5796703e+05,4.4883743e+01,4.0576267e+03,1.1641561e+01,1.6561064e+05,4.7157066e+01,0,nan,nan,nan,nan,1328.20582,2.6005213e-04,1819.01949,2.2969008e-04,2.6250442e-03,4.1000180e-02
-0.06700141818078009,0.9966393302840884,0.00028537629207206586,1915.0500385820226,3.1750863e-03,495066,471.01103,463.90005,1.6350983e+05,4.6799911e+01,4.7505562e+03,1.4713154e+01,1.6933133e+05,4.8486092e+01,0,nan,nan,nan,nan,471.01103,2.6378935e-04,463.90005,2.9846822e-04,1.4069208e-02,-1.4531328e-03
-0.06687557337045291,0.9973372517266426,0.0002817146530195002,1908.9152844268328,3.1405410e-03,490649,470.99899,463.87743,1.6347042e+05,4.6161808e+01,2.6000942e+03,1.3496525e+01,1.6931194e+05,4.7824997e+01,0,nan,nan,nan,nan,470.99899,2.5845921e-04,463.87743,2.9393777e-04,-1.4847305e-03,-2.4960844e-02
-0.06679730605492296,0.9966800307178348,0.00028180350664368855,1902.7804826941483,3.0584184e-03,486232,470.98694,463.85606,1.6330152e+05,4.6184578e+01,2.7719470e+03,1.3584244e+01,1.6923042e+05,4.7848583e+01,0,nan,nan,nan,nan,470.98694,2.5875983e-04,463.85606,2.9427389e-04,-1.4200286e-02,-4.8724186e-02
-0.06667592666531164,0.9965508676480617,0.0002843362840630884,1718.734204073536,-3.0282934e-03,353723,1328.20041,1818.98351,1.5728905e+05,4.4975235e+01,4.6516631e+03,1.1978760e+01,1.6561450e+05,4.7253193e+01,0,nan,nan,nan,nan,1328.20041,2.6209358e-04,1818.98351,2.3236196e-04,-2.7755951e-03,8.3834550e-04
-0.0663937191354762,0.9960809679492565,0.00028226645632766206,1712.5996062810657,-2.9065337e-03,349306,1328.20471,1818.98073,1.5786892e+05,4.4684738e+01,3.4048926e+03,1.1267523e+01,1.6567320e+05,4.6947979e+01,0,nan,nan,nan,nan,1328.20471,2.5904138e-04,1818.98073,2.2909007e-04,2.3429852e-03,-2.2789633e-03
-0.06632151356279792,0.9964464265021477,0.00029917176221847143,1761.678718486639,-2.9387125e-03,384643,1042.63057,1775.57188,1.5878002e+05,4.7651985e+01,1.0497575e+04,1.6508083e+01,1.6616548e+05,4.9889305e+01,0,nan,nan,nan,nan,1042.63057,2.8183265e-04,1775.57188,2.5151455e-04,7.4334377e-03,4.1380782e-02
-0.06628152425992084,0.9966461435607105,0.00029045789860489366,1755.5438784759417,-3.0592617e-03,380226,1042.61351,1775.56658,1.5859370e+05,4.6213474e+01,5.3272495e+03,1.4105062e+01,1.6601711e+05,4.8383251e+01,0,nan,nan,nan,nan,1042.61351,2.7147777e-04,1775.56658,2.4210350e-04,-1.1824404e-02,3.5256378e-02
-0.06608932112112598,0.9965057979397204,0.00029211177007523335,1743.2743106790804,-3.1881363e-03,371392,1042.61488,1775.52703,1.5859950e+05,4.6475216e+01,6.2595273e+03,1.4560702e+01,1.6598875e+05,4.8657284e+01,0,nan,nan,nan,nan,1042.61488,2.7325010e-04,1775.52703,2.4400743e-04,-1.1387042e-02,-7.2525162e-03
-0.0657646153654241,0.9970536967984727,0.00028196026634297853,1921.186155384838,3.1833912e-03,499484,471.02373,463.89300,1.6367348e+05,4.6212482e+01,2.5932407e+03,1.3598748e+01,1.6930197e+05,4.7877491e+01,0,nan,nan,nan,nan,471.02373,2.5878081e-04,463.89300,2.9345698e-04,2.5650520e-02,-8.0376370e-03
-0.06575719125407886,0.9961595974275979,0.00028347731672703,1731.0048828089473,-3.1775511e-03,362558,1328.20886,1819.03555,1.5780711e+05,4.4842159e+01,4.0599319e+03,1.1614926e+01,1.6555978e+05,4.7113377e+01,0,nan,nan,nan,nan,1328.20886,2.6020009e-04,1819.03555,2.2965365e-04,5.5446606e-03,5.8121845e-02
-0.06561252545861862,0.9963563795149439,0.0002856731442745376,1915.0514274747447,3.1750908e-03,495067,471.01884,463.89062,1.6369636e+05,4.6848625e+01,4.7604902e+03,1.4786059e+01,1.6928334e+05,4.8536552e+01,0,nan,nan,nan,nan,471.01884,2.6298349e-04,463.89062,2.9828571e-04,2.0810880e-02,-1.1085453e-02
-0.06548667040442524,0.9963863164317784,0.0002815610054903755,1908.9166733297989,3.1405557e-03,490650,471.00308,463.88015,1.6337338e+05,4.6136635e+01,2.5926453e+03,1.3458381e+01,1.6915048e+05,4.7798912e+01,0,nan,nan,nan,nan,471.00308,2.5851166e-04,463.88015,2.9366571e-04,2.5956528e-03,-2.1336008e-02
-0.06540839563831469,0.9963142411556062,0.00028194127731225347,1902.781871604565,3.0584405e-03,486233,470.98877,463.85918,1.6328838e+05,4.6207142e+01,2.7756750e+03,1.3639182e+01,1.6916827e+05,4.7871964e+01,0,nan,nan,nan,nan,470.98877,2.5904077e-04,463.85918,2.9419982e-04,-1.2167299e-02,-4.5305327e-02
-0.06528706166454867,0.996115549750246,0.0002841326507515825,1718.7355929385367,-3.0283167e-03,353724,1328.20724,1818.98738,1.5729805e+05,4.4942982e+01,4.6313662e+03,1.1952550e+01,1.6554198e+05,4.7219303e+01,0,nan,nan,nan,nan,1328.20724,2.6167789e-04,1818.98738,2.3181677e-04,4.5429785e-03,5.1801894e-03
-0.06500486321442622,0.9957573995700086,0.00028245794280185217,1712.6009951369867,-2.9065660e-03,349307,1328.20662,1818.98502,1.5794102e+05,4.4715145e+01,3.4110691e+03,1.1325221e+01,1.6561975e+05,4.6979931e+01,0,nan,nan,nan,nan,1328.20662,2.5879827e-04,1818.98502,2.2864576e-04,3.3618659e-03,3.1340739e-03
-0.06493259409944585,0.9961727704123373,0.0002990632859493496,1761.6801074061023,-2.9386813e-03,384644,1042.63322,1775.57125,1.5867927e+05,4.7634804e+01,1.0488032e+04,1.6525810e+01,1.6612019e+05,4.9871319e+01,0,nan,nan,nan,nan,1042.63322,2.8197374e-04,1775.57125,2.5138454e-04,1.0319232e-02,4.0596660e-02
-0.0648926131789267,0.9960864404491478,0.0002907394936955841,1755.5452673870227,-3.0592389e-03,380227,1042.61318,1775.56998,1.5853500e+05,4.6258266e+01,5.3445796e+03,1.4166229e+01,1.6592386e+05,4.8430153e+01,0,nan,nan,nan,nan,1042.61318,2.7218618e-04,1775.56998,2.4269064e-04,-1.1703652e-02,3.8900036e-02
-0.06470042517457841,0.9971814858077972,0.00029208259457626587,1743.275699575027,-3.1881286e-03,371393,1042.61369,1775.52238,1.5867698e+05,4.6470596e+01,6.2244917e+03,1.4534238e+01,1.6610138e+05,4.8652447e+01,0,nan,nan,nan,nan,1042.61369,2.7309338e-04,1775.52238,2.4407280e-04,-1.1757798e-02,-1.2423183e-02
-0.0643757284651656,0.9965682190127317,0.00028156835594634564,1921.1875442717383,3.1833898e-03,499485,471.02407,463.88779,1.6359516e+05,4.6148224e+01,2.5885281e+03,1.3396986e+01,1.6921947e+05,4.7810925e+01,0,nan,nan,nan,nan,471.02407,2.5892234e-04,463.88779,2.9364071e-04,2.5866015e-02,-1.3300330e-02
-0.06436831111841457,0.9971522214829219,0.00028371292031690725,1731.006271689083,-3.1775592e-03,362559,1328.19419,1819.00722,1.5798395e+05,4.4879547e+01,4.0589570e+03,1.1634676e+01,1.6572517e+05,4.7152653e+01,0,nan,nan,nan,nan,1328.19419,2.6019622e-04,1819.00722,2.2997257e-04,-9.6513620e-03,2.6381457e-02
-0.06422363296996991,0.9964404060457206,0.00028538786330925396,1915.0528163672334,3.1750950e-03,495068,471.01841,463.90713,1.6351733e+05,4.6801861e+01,4.7500713e+03,1.4716086e+01,1.6929770e+05,4.8488106e+01,0,nan,nan,nan,nan,471.01841,2.6318661e-04,463.90713,2.9906860e-04,2.0979136e-02,7.0973490e-03
-0.06409776767122821,0.9968434998393473,0.00028152289653150174,1908.918062232532,3.1405701e-03,490651,470.99920,463.87533,1.6337580e+05,4.6130386e+01,2.5851851e+03,1.3444076e+01,1.6922808e+05,4.7792439e+01,0,nan,nan,nan,nan,470.99920,2.5864723e-04,463.87533,2.9390334e-04,-8.5344550e-04,-2.6958799e-02
-0.06401948522079692,0.9967287714121243,0.0002819813408184623,1902.7832605149824,3.0584626e-03,486234,470.98491,463.85894,1.6337830e+05,4.6213692e+01,2.7711223e+03,1.3649757e+01,1.6923861e+05,4.7878750e+01,0,nan,nan,nan,nan,470.98491,2.5849562e-04,463.85894,2.9417122e-04,-1.6594313e-02,-4.5466922e-02
-0.06389819666310359,0.995625518981816,0.00028394756497376173,1718.7369818035381,-3.0283399e-03,353725,1328.20514,1818.98092,1.5701855e+05,4.4913654e+01,4.6402354e+03,1.1947995e+01,1.6546036e+05,4.7188492e+01,0,nan,nan,nan,nan,1328.20514,2.6209035e-04,1818.98092,2.3273614e-04,3.4550128e-03,-2.2784413e-03
-0.06361600729337624,0.9968563473488777,0.000282348081830767,1712.6023839929078,-2.9065984e-03,349308,1328.20377,1818.98952,1.5805773e+05,4.4697853e+01,3.4015078e+03,1.1239642e+01,1.6580289e+05,4.6961758e+01,0,nan,nan,nan,nan,1328.20377,2.5900078e-04,1818.98952,2.2827857e-04,1.0294451e-03,7.9126246e-03
-0.06354367463654853,0.9963642297494865,0.00029910836408286663,1761.6814963255651,-2.9386501e-03,384645,1042.63227,1775.57008,1.5876883e+05,4.7642075e+01,1.0480589e+04,1.6458750e+01,1.6615244e+05,4.9878933e+01,0,nan,nan,nan,nan,1042.63227,2.8203911e-04,1775.57008,2.5165587e-04,9.1762235e-03,3.9626021e-02
-0.06350370186464716,0.9960421380324609,0.0002904164847705256,1755.546656298337,-3.0592158e-03,380228,1042.61457,1775.56418,1.5852859e+05,4.6206871e+01,5.3418599e+03,1.4102718e+01,1.6591647e+05,4.8376343e+01,0,nan,nan,nan,nan,1042.61457,2.7157037e-04,1775.56418,2.4219294e-04,-1.0477474e-02,3.3353895e-02
-0.0633115294608615,0.9966307085236986,0.0002919735396202266,1743.2770884707406,-3.1881211e-03,371394,1042.61651,1775.52325,1.5841284e+05,4.6453262e+01,6.2288379e+03,1.4553226e+01,1.6600970e+05,4.8634304e+01,0,nan,nan,nan,nan,1042.61651,2.7326512e-04,1775.52325,2.4449814e-04,-8.8334894e-03,-1.1381757e-02
-0.06298684156536183,0.9967418967025381,0.0002817403292831465,1921.188933158638,3.1833884e-03,499486,471.02701,463.88750,1.6362856e+05,4.6176395e+01,2.5890139e+03,1.3476239e+01,1.6924889e+05,4.7840107e+01,0,nan,nan,nan,nan,471.02701,2.5886451e-04,463.88750,2.9357473e-04,2.8657952e-02,-1.4552522e-02
-0.06297943098229553,0.9964929896860261,0.00028358642033149005,1731.007660569219,-3.1775674e-03,362560,1328.19971,1819.02026,1.5791167e+05,4.4859650e+01,4.0689053e+03,1.1622072e+01,1.6561603e+05,4.7131748e+01,0,nan,nan,nan,nan,1328.19971,2.5998484e-04,1819.02026,2.2962684e-04,-3.8901174e-03,4.0877786e-02
-0.0628347404822307,0.9962888636342383,0.00028537932146918156,1915.0542052597211,3.1750991e-03,495069,471.00642,463.88763,1.6352606e+05,4.6800480e+01,4.7579224e+03,1.4706140e+01,1.6927203e+05,4.8486679e+01,0,nan,nan,nan,nan,471.00642,2.6297194e-04,463.88763,2.9888557e-04,7.7912393e-03,-1.4755855e-02
-0.06270886470520054,0.9964721076236984,0.0002815165463631966,1908.919451135498,3.1405848e-03,490652,471.00181,463.87636,1.6334667e+05,4.6129337e+01,2.5814128e+03,1.3431627e+01,1.6916502e+05,4.7791355e+01,0,nan,nan,nan,nan,471.00181,2.5870162e-04,463.87636,2.9381536e-04,1.6000589e-03,-2.6690224e-02
-0.0626305750370193,0.9967389805671771,0.000281875789819868,1902.7846494251662,3.0584845e-03,486235,470.98610,463.84875,1.6335792e+05,4.6196384e+01,2.7733462e+03,1.3584799e+01,1.6924030e+05,4.7860817e+01,0,nan,nan,nan,nan,470.98610,2.5860569e-04,463.84875,2.9428781e-04,-1.4640161e-02,-5.6339532e-02
-0.06250933189380703,0.9961060443823517,0.0002841972691715734,1718.7383706683074,-3.0283635e-03,353726,1328.20296,1818.98812,1.5728280e+05,4.4953098e+01,4.6439966e+03,1.1977980e+01,1.6554003e+05,4.7229935e+01,0,nan,nan,nan,nan,1328.20296,2.6171055e-04,1818.98812,2.3195366e-04,-6.8883230e-05,5.8793700e-03
-0.06222715137300838,0.9962210315929672,0.00028231291331442675,1712.6037728488282,-2.9066307e-03,349309,1328.20860,1818.98098,1.5789478e+05,4.4692383e+01,3.4103232e+03,1.1264360e+01,1.6569758e+05,4.6956009e+01,0,nan,nan,nan,nan,1328.20860,2.5908859e-04,1818.98098,2.2900441e-04,6.5991245e-03,-1.5713198e-03
-0.06215475517319646,0.9957982744408098,0.00029914604710233134,1761.6828852450285,-2.9386189e-03,384646,1042.63032,1775.57625,1.5868812e+05,4.7648167e+01,1.0514532e+04,1.6512556e+01,1.6605838e+05,4.9885311e+01,0,nan,nan,nan,nan,1042.63032,2.8200139e-04,1775.57625,2.5157005e-04,6.9554104e-03,4.5681208e-02
-0.06211479078342563,0.9964860008375559,0.00029064582282423005,1755.5480452094182,-3.0591930e-03,380229,1042.61414,1775.57186,1.5863170e+05,4.6243359e+01,5.3613091e+03,1.4150952e+01,1.6599039e+05,4.8414539e+01,0,nan,nan,nan,nan,1042.61414,2.7156240e-04,1775.57186,2.4214452e-04,-1.1054582e-02,4.0904671e-02
-0.06192263374623508,0.9968042344056905,0.00029218881347348126,1743.2784773664553,-3.1881137e-03,371395,1042.60955,1775.52316,1.5861223e+05,4.6487534e+01,6.2230962e+03,1.4611867e+01,1.6603869e+05,4.8670185e+01,0,nan,nan,nan,nan,1042.60955,2.7320729e-04,1775.52316,2.4394724e-04,-1.6734786e-02,-1.1387539e-02
-0.06159795489793396,0.9970907994842159,0.0002817587177960835,1921.1903220453055,3.1833868e-03,499487,471.02206,463.88888,1.6365206e+05,4.6179390e+01,2.5845017e+03,1.3492228e+01,1.6930806e+05,4.7843208e+01,0,nan,nan,nan,nan,471.02206,2.5884641e-04,463.88888,2.9349091e-04,2.3871228e-02,-1.2271373e-02
-0.061590550846176484,0.9971461370435731,0.00028361178597689264,1731.0090494493552,-3.1775755e-03,362561,1328.19847,1819.02211,1.5789873e+05,4.4863773e+01,4.0485750e+03,1.1649247e+01,1.6572502e+05,4.7136086e+01,0,nan,nan,nan,nan,1328.19847,2.6028618e-04,1819.02211,2.2990591e-04,-4.4167708e-03,4.2887345e-02
-0.061445847761206096,0.9968852448717432,0.0002855079896161527,1915.0555941524422,3.1751036e-03,495070,471.01777,463.88915,1.6366761e+05,4.6821606e+01,4.7470142e+03,1.4711225e+01,1.6937344e+05,4.8508564e+01,0,nan,nan,nan,nan,471.01777,2.6289697e-04,463.88915,2.9893100e-04,2.0039158e-02,-1.3016488e-02
-0.06131996173917287,0.9969584396076102,0.00028162282379806767,1908.9208400384641,3.1405995e-03,490653,471.00075,463.87456,1.6345894e+05,4.6146751e+01,2.5989290e+03,1.3449216e+01,1.6924756e+05,4.7809391e+01,0,nan,nan,nan,nan,471.00075,2.5843614e-04,463.87456,2.9363524e-04,-1.5288306e-04,-2.6974915e-02
-0.061241664621320524,0.9973261886712846,0.00028198599543742997,1902.786038335582,3.0585066e-03,486236,470.98637,463.84993,1.6347314e+05,4.6214432e+01,2.7753965e+03,1.3539042e+01,1.6933995e+05,4.7879517e+01,0,nan,nan,nan,nan,470.98637,2.5869568e-04,463.84993,2.9450984e-04,-1.4332437e-02,-5.5408470e-02
-0.061120466892361947,0.9962204516593887,0.0002840961811421846,1718.7397595333089,-3.0283867e-03,353727,1328.20370,1818.98254,1.5719745e+05,4.4937061e+01,4.6557808e+03,1.1941299e+01,1.6555884e+05,4.7213081e+01,0,nan,nan,nan,nan,1328.20370,2.6186794e-04,1818.98254,2.3227383e-04,1.7276876e-04,8.0885213e-05
-0.06083829545264052,0.9960803875404456,0.0002824607855184223,1712.6051617047485,-2.9066631e-03,349310,1328.21010,1818.98861,1.5798086e+05,4.4715885e+01,3.4205649e+03,1.1299811e+01,1.6567453e+05,4.6980705e+01,0,nan,nan,nan,nan,1328.21010,2.5876102e-04,1818.98861,2.2894519e-04,7.6231612e-03,7.3307585e-03
-0.060765835709844396,0.9955549767413028,0.000298996899616812,1761.6842741644919,-2.9385877e-03,384647,1042.63277,1775.56459,1.5856827e+05,4.7624504e+01,1.0505357e+04,1.6521576e+01,1.6601811e+05,4.9860535e+01,0,nan,nan,nan,nan,1042.63277,2.8212415e-04,1775.56459,2.5161766e-04,9.8811947e-03,3.4110226e-02
-0.06072587946937347,0.9962755647269829,0.00029058669733240445,1755.5494341207323,-3.0591700e-03,380230,1042.61312,1775.56439,1.5852394e+05,4.6233948e+01,5.3587168e+03,1.4142064e+01,1.6595531e+05,4.8404686e+01,0,nan,nan,nan,nan,1042.61312,2.7173699e-04,1775.56439,2.4251285e-04,-1.1695861e-02,3.2762296e-02
-0.06053373803183604,0.996892719932079,0.00029256911876106496,1743.2798662621697,-3.1881062e-03,371396,1042.61976,1775.52536,1.5862166e+05,4.6548065e+01,6.2371802e+03,1.4720171e+01,1.6605350e+05,4.8733555e+01,0,nan,nan,nan,nan,1042.61976,2.7368552e-04,1775.52536,2.4445885e-04,-5.9244507e-03,-9.2864446e-03
-0.0602090679972207,0.9972705310276171,0.0002818506482001909,1921.1917109322062,3.1833854e-03,499488,471.02591,463.88876,1.6375986e+05,4.6194439e+01,2.5985173e+03,1.3489569e+01,1.6933852e+05,4.7858803e+01,0,nan,nan,nan,nan,471.02591,2.5876096e-04,463.88876,2.9328599e-04,2.7920652e-02,-1.2145444e-02
-0.060201670711421684,0.996494572820288,0.0002836697621923173,1731.01043832949,-3.1775837e-03,362562,1328.20272,1819.02118,1.5795658e+05,4.4873062e+01,4.0565493e+03,1.1631475e+01,1.6561716e+05,4.7145847e+01,0,nan,nan,nan,nan,1328.20272,2.6002183e-04,1819.02118,2.2969369e-04,-8.8876451e-04,4.1708127e-02
-0.06005695527346688,0.9969801983632434,0.0002856354441848151,1915.05698304493,3.1751078e-03,495071,471.01747,463.90462,1.6366809e+05,4.6842525e+01,4.7364443e+03,1.4752517e+01,1.6938964e+05,4.8530239e+01,0,nan,nan,nan,nan,471.01747,2.6316711e-04,463.90462,2.9879005e-04,1.9989915e-02,4.0177377e-03
-0.05993105877359994,0.9968182419304105,0.000281717689303023,1908.9222289414297,3.1406141e-03,490654,470.99942,463.87658,1.6335120e+05,4.6162292e+01,2.6098501e+03,1.3531042e+01,1.6922375e+05,4.7825493e+01,0,nan,nan,nan,nan,470.99942,2.5860153e-04,463.87658,2.9410530e-04,-6.7669345e-04,-2.5483608e-02
-0.059852754205394376,0.9964668957585847,0.0002817490033011119,1902.7874272459978,3.0585288e-03,486237,470.99010,463.86985,1.6343306e+05,4.6175583e+01,2.7876328e+03,1.3488722e+01,1.6919402e+05,4.7839264e+01,0,nan,nan,nan,nan,470.99010,2.5856865e-04,463.86985,2.9399586e-04,-1.1153187e-02,-3.3086494e-02
-0.05973160189137161,0.9961039445843539,0.0002841717469042725,1718.7411483983099,-3.0284100e-03,353728,1328.20195,1818.98736,1.5731000e+05,4.4948952e+01,4.6509644e+03,1.1941765e+01,1.6553928e+05,4.7225578e+01,0,nan,nan,nan,nan,1328.20195,2.6144419e-04,1818.98736,2.3173264e-04,-1.3491935e-03,5.9267120e-03
-0.05944943953136317,0.9955325920964295,0.00028238964228676595,1712.6065505606698,-2.9066955e-03,349311,1328.20482,1818.98623,1.5780781e+05,4.4704712e+01,3.4201033e+03,1.1264239e+01,1.6558377e+05,4.6968967e+01,0,nan,nan,nan,nan,1328.20482,2.5907528e-04,1818.98623,2.2964085e-04,2.2596011e-03,3.4418330e-03
-0.059376916246947076,0.9958925196704037,0.0002990023523137989,1761.6856630839548,-2.9385565e-03,384648,1042.63448,1775.57779,1.5868967e+05,4.7625454e+01,1.0509143e+04,1.6490377e+01,1.6607470e+05,4.9861530e+01,0,nan,nan,nan,nan,1042.63448,2.8198172e-04,1775.57779,2.5127296e-04,1.1226949e-02,4.8100494e-02
-0.05933696838792457,0.9959563159467653,0.00029053476256230237,1755.5508230318137,-3.0591472e-03,380231,1042.61661,1775.56532,1.5854073e+05,4.6225674e+01,5.3725693e+03,1.4134469e+01,1.6590211e+05,4.8396030e+01,0,nan,nan,nan,nan,1042.61661,2.7155862e-04,1775.56532,2.4234955e-04,-7.8048888e-03,3.4263451e-02
-0.059144842317436996,0.9963838003317804,0.0002920657556955194,1743.281255157884,-3.1880988e-03,371397,1042.61469,1775.51833,1.5847067e+05,4.6468002e+01,6.2454019e+03,1.4600554e+01,1.6596880e+05,4.8649731e+01,0,nan,nan,nan,nan,1042.61469,2.7328689e-04,1775.51833,2.4432084e-04,-1.0911499e-02,-1.6487323e-02
-0.058820181328883336,0.9975649889323096,0.000281752439086627,1921.1930998188745,3.1833837e-03,499489,471.02015,463.88798,1.6373152e+05,4.6178322e+01,2.5945430e+03,1.3435146e+01,1.6938845e+05,4.7842106e+01,0,nan,nan,nan,nan,471.02015,2.5881923e-04,463.88798,2.9364845e-04,2.2524104e-02,-1.2271217e-02
-0.05881279034360887,0.9966203247033234,0.00028362989419840936,1731.0118272098578,-3.1775916e-03,362563,1328.19879,1819.01349,1.5794542e+05,4.4866871e+01,4.0505708e+03,1.1629972e+01,1.6563848e+05,4.7139343e+01,0,nan,nan,nan,nan,1328.19879,2.5997456e-04,1819.01349,2.2982727e-04,-5.5320002e-03,3.3941917e-02
-0.05866806255198753,0.9964603044910035,0.0002855377471204997,1915.0583719376514,3.1751122e-03,495072,471.01195,463.89189,1.6369995e+05,4.6826523e+01,4.7362715e+03,1.4728194e+01,1.6930138e+05,4.8513657e+01,0,nan,nan,nan,nan,471.01195,2.6306999e-04,463.89189,2.9830870e-04,1.3166572e-02,-9.7768288e-03
-0.05854215604131241,0.9967663961027626,0.00028157463455295254,1908.923617844162,3.1406286e-03,490655,471.00125,463.87469,1.6344767e+05,4.6138844e+01,2.5872632e+03,1.3433783e+01,1.6921494e+05,4.7801205e+01,0,nan,nan,nan,nan,471.00125,2.5850110e-04,463.87469,2.9351792e-04,1.4804575e-03,-2.6901050e-02
-0.05846384378901348,0.9967865794708717,0.0002819173888867894,1902.7888161564142,3.0585509e-03,486238,470.98703,463.85032,1.6338122e+05,4.6203167e+01,2.7744646e+03,1.3583388e+01,1.6924825e+05,4.7867844e+01,0,nan,nan,nan,nan,470.98703,2.5870523e-04,463.85032,2.9431752e-04,-1.4384439e-02,-5.5490695e-02
-0.05834273689060865,0.9963691475910907,0.0002840195359242326,1718.7425372633106,-3.0284333e-03,353729,1328.20551,1818.98319,1.5719862e+05,4.4924820e+01,4.6273784e+03,1.1930952e+01,1.6558314e+05,4.7200222e+01,0,nan,nan,nan,nan,1328.20551,2.6173927e-04,1818.98319,2.3221032e-04,3.4137538e-03,5.6539045e-04
-0.05806058361031319,0.99576709313543,0.00028237159116191094,1712.6079394165909,-2.9067278e-03,349312,1328.21048,1818.98496,1.5796550e+05,4.4701946e+01,3.4439983e+03,1.1274451e+01,1.6562311e+05,4.6966064e+01,0,nan,nan,nan,nan,1328.21048,2.5871940e-04,1818.98496,2.2874071e-04,8.3951540e-03,3.2541926e-03
-0.057987996550764365,0.9962415493484457,0.000299141330312576,1761.687052003651,-2.9385251e-03,384649,1042.62875,1775.56867,1.5873970e+05,4.7647675e+01,1.0524706e+04,1.6484505e+01,1.6613319e+05,4.9884792e+01,0,nan,nan,nan,nan,1042.62875,2.8234234e-04,1775.56867,2.5156274e-04,5.0282492e-03,3.8613264e-02
-0.05794805707409978,0.9963966347476696,0.00029055936343214134,1755.5522119431275,-3.0591241e-03,380232,1042.61266,1775.56390,1.5858894e+05,4.6229580e+01,5.3707822e+03,1.4138402e+01,1.6597544e+05,4.8400120e+01,0,nan,nan,nan,nan,1042.61266,2.7154404e-04,1775.56390,2.4228373e-04,-1.3005003e-02,3.2389458e-02
-0.05775594636997994,0.9964054295063142,0.00029216739683976767,1743.2826440538315,-3.1880911e-03,371398,1042.61840,1775.51932,1.5860300e+05,4.6484192e+01,6.2484438e+03,1.4575329e+01,1.6597247e+05,4.8666679e+01,0,nan,nan,nan,nan,1042.61840,2.7322365e-04,1775.51932,2.4414391e-04,-7.6186848e-03,-1.5188227e-02
-0.05743129442817008,0.9971292150571706,0.000281817935816543,1921.1944887057753,3.1833823e-03,499490,471.02548,463.88754,1.6366397e+05,4.6189041e+01,2.5816760e+03,1.3478000e+01,1.6931441e+05,4.7853210e+01,0,nan,nan,nan,nan,471.02548,2.5887936e-04,463.88754,2.9369857e-04,2.6669638e-02,-1.3740493e-02
-0.05742391020817195,0.9968745871009993,0.00028367084488695854,1731.0132160899932,-3.1775997e-03,362564,1328.20461,1819.02165,1.5793784e+05,4.4873466e+01,4.0541055e+03,1.1657879e+01,1.6568117e+05,4.7146271e+01,0,nan,nan,nan,nan,1328.20461,2.6004016e-04,1819.02165,2.2957569e-04,1.7208287e-03,4.3003455e-02
-0.05727917006242933,0.9963180500172756,0.00028556070962835914,1915.059760830141,3.1751164e-03,495073,471.02075,463.90934,1.6360591e+05,4.6830303e+01,4.7506489e+03,1.4731038e+01,1.6927727e+05,4.8517574e+01,0,nan,nan,nan,nan,471.02075,2.6332479e-04,463.90934,2.9860629e-04,2.4079170e-02,8.9766225e-03
-0.05715325307528474,0.9964555666431478,0.00028173301778547583,1908.925006747128,3.1406432e-03,490656,470.99708,463.86578,1.6333228e+05,4.6164795e+01,2.5832900e+03,1.3509172e+01,1.6916216e+05,4.7828087e+01,0,nan,nan,nan,nan,470.99708,2.5862994e-04,463.86578,2.9425847e-04,-2.8587477e-03,-3.7555821e-02
-0.05707493337240521,0.9967213143979095,0.00028206670983584763,1902.7902050668308,3.0585730e-03,486239,470.98706,463.85518,1.6345102e+05,4.6227631e+01,2.7851809e+03,1.3655836e+01,1.6923712e+05,4.7893188e+01,0,nan,nan,nan,nan,470.98706,2.5855552e-04,463.85518,2.9413257e-04,-1.4182532e-02,-4.9922448e-02
-0.056953871889163565,0.9961196765598258,0.00028416626857731585,1718.743926128312,-3.0284566e-03,353730,1328.20596,1818.98564,1.5724288e+05,4.4947968e+01,4.6403525e+03,1.1975945e+01,1.6554145e+05,4.7224545e+01,0,nan,nan,nan,nan,1328.20596,2.6173814e-04,1818.98564,2.3197813e-04,2.8609165e-03,3.7989465e-03
-0.05667172768926321,0.9959475609654879,0.00028237790961538925,1712.609328272512,-2.9067602e-03,349313,1328.20535,1818.98634,1.5799492e+05,4.4703041e+01,3.4271602e+03,1.1272305e+01,1.6565345e+05,4.6967209e+01,0,nan,nan,nan,nan,1328.20535,2.5872816e-04,1818.98634,2.2848009e-04,2.5573412e-03,4.8674783e-03
-0.05659907708763967,0.9976303365982007,0.00029940363022162397,1761.688440923114,-2.9384939e-03,384650,1042.62896,1775.57324,1.5900872e+05,4.7689533e+01,1.0508549e+04,1.6521250e+01,1.6636506e+05,4.9928619e+01,0,nan,nan,nan,nan,1042.62896,2.8177068e-04,1775.57324,2.5131067e-04,6.2044412e-03,4.3008968e-02
-0.05655914575982024,0.9960968948911398,0.0002905596107821485,1755.5536008544418,-3.0591011e-03,380233,1042.61225,1775.56711,1.5851452e+05,4.6229614e+01,5.3931538e+03,1.4161063e+01,1.6592548e+05,4.8400154e+01,0,nan,nan,nan,nan,1042.61225,2.7169069e-04,1775.56711,2.4229204e-04,-1.2600282e-02,3.5986498e-02
-0.05636705065580827,0.9968289941701275,0.00029204938832801147,1743.2840329495457,-3.1880836e-03,371399,1042.61615,1775.52385,1.5849334e+05,4.6465431e+01,6.2312861e+03,1.4554845e+01,1.6604309e+05,4.8647045e+01,0,nan,nan,nan,nan,1042.61615,2.7331884e-04,1775.52385,2.4457811e-04,-8.7002181e-03,-1.2144313e-02
-0.056042407761196955,0.9968804679457017,0.00028171925360241206,1921.1958775924422,3.1833807e-03,499491,471.02440,463.88622,1.6361017e+05,4.6172859e+01,2.5968508e+03,1.3479491e+01,1.6927211e+05,4.7836441e+01,0,nan,nan,nan,nan,471.02440,2.5893634e-04,463.88622,2.9360998e-04,2.6033968e-02,-1.5513887e-02
-0.056035030072735026,0.996195651524286,0.0002834795416186415,1731.0146049701286,-3.1776079e-03,362565,1328.20030,1819.02092,1.5777948e+05,4.4843327e+01,4.0642114e+03,1.1617791e+01,1.6556877e+05,4.7114597e+01,0,nan,nan,nan,nan,1328.20030,2.5994703e-04,1819.02092,2.2988547e-04,-2.9426706e-03,4.1851610e-02
-0.05589027757378062,0.9963488731511845,0.0002857408061904636,1915.0611497226296,3.1751206e-03,495074,471.01128,463.89590,1.6371230e+05,4.6859856e+01,4.7378271e+03,1.4789830e+01,1.6928256e+05,4.8548191e+01,0,nan,nan,nan,nan,471.01128,2.6320008e-04,463.89590,2.9831205e-04,1.2478773e-02,-5.6503569e-03
-0.055764350109257066,0.9966866643215345,0.0002815837321374818,1908.926395650094,3.1406579e-03,490657,471.00247,463.88144,1.6334870e+05,4.6140327e+01,2.5967263e+03,1.3454836e+01,1.6920138e+05,4.7802738e+01,0,nan,nan,nan,nan,471.00247,2.5906792e-04,463.88144,2.9389767e-04,2.5564446e-03,-2.0736786e-02
-0.05568602295579694,0.9964235767774946,0.00028172604218762204,1902.7915939772474,3.0585951e-03,486240,470.98596,463.85790,1.6329170e+05,4.6171787e+01,2.7860095e+03,1.3536013e+01,1.6918653e+05,4.7835331e+01,0,nan,nan,nan,nan,470.98596,2.5870121e-04,463.85790,2.9440911e-04,-1.5464050e-02,-4.6332590e-02
-0.055565007120549126,0.9968368344486426,0.0002841393713068426,1718.7453149930807,-3.0284801e-03,353731,1328.20683,1818.98741,1.5731414e+05,4.4943653e+01,4.6537217e+03,1.1935014e+01,1.6566041e+05,4.7220009e+01,0,nan,nan,nan,nan,1328.20683,2.6172158e-04,1818.98741,2.3200070e-04,4.6524713e-03,5.6816791e-03
-0.05528287176798585,0.9961646122117449,0.0002824824670927976,1712.6107171284332,-2.9067926e-03,349314,1328.20726,1818.98495,1.5804592e+05,4.4719685e+01,3.4379524e+03,1.1298885e+01,1.6568989e+05,4.6984695e+01,0,nan,nan,nan,nan,1328.20726,2.5866987e-04,1818.98495,2.2854359e-04,3.9672721e-03,3.8202056e-03
-0.05521015762451498,0.996062836931903,0.0002991832212539906,1761.6898298425772,-2.9384627e-03,384651,1042.63631,1775.56985,1.5866781e+05,4.7654507e+01,1.0533303e+04,1.6506533e+01,1.6610394e+05,4.9891945e+01,0,nan,nan,nan,nan,1042.63631,2.8247069e-04,1775.56985,2.5172194e-04,1.3064334e-02,3.9567415e-02
-0.05517023467859872,0.996627880966664,0.00029072657422847016,1755.554989765523,-3.0590782e-03,380234,1042.61494,1775.56791,1.5861575e+05,4.6256172e+01,5.3949917e+03,1.4180249e+01,1.6601391e+05,4.8427959e+01,0,nan,nan,nan,nan,1042.61494,2.7169165e-04,1775.56791,2.4237728e-04,-9.8236473e-03,3.6377117e-02
-0.054978154941181856,0.9966810196623043,0.000291983471813558,1743.2854218452603,-3.1880762e-03,371400,1042.61441,1775.52296,1.5853564e+05,4.6454964e+01,6.2234399e+03,1.4550911e+01,1.6601852e+05,4.8636082e+01,0,nan,nan,nan,nan,1042.61441,2.7321756e-04,1775.52296,2.4417960e-04,-1.1624995e-02,-1.2044881e-02
-0.05465352086093844,0.9967711235300636,0.0002817112555599331,1921.1972664793425,3.1833793e-03,499492,471.02238,463.89105,1.6362412e+05,4.6171528e+01,2.5954285e+03,1.3457918e+01,1.6925348e+05,4.7835064e+01,0,nan,nan,nan,nan,471.02238,2.5887619e-04,463.89105,2.9349141e-04,2.4598215e-02,-9.9196276e-03
-0.054646149937298105,0.9966043945912627,0.0002836132365389741,1731.015993850264,-3.1776160e-03,362566,1328.20060,1819.02363,1.5781122e+05,4.4864590e+01,4.0567610e+03,1.1636382e+01,1.6563714e+05,4.7136944e+01,0,nan,nan,nan,nan,1328.20060,2.6040393e-04,1819.02363,2.3065136e-04,-1.9366035e-03,4.4432733e-02
-0.054501384853210766,0.9964224954323836,0.00028554575163439156,1915.0625386153501,3.1751250e-03,495075,471.01375,463.89400,1.6364975e+05,4.6827881e+01,4.7319473e+03,1.4698409e+01,1.6929512e+05,4.8515068e+01,0,nan,nan,nan,nan,471.01375,2.6315765e-04,463.89400,2.9914448e-04,1.5162979e-02,-7.6696523e-03
-0.05437544737606004,0.9963223529958976,0.0002815735938046721,1908.9277845528272,3.1406723e-03,490658,471.00029,463.88250,1.6322381e+05,4.6138664e+01,2.5826753e+03,1.3496803e+01,1.6913952e+05,4.7801014e+01,0,nan,nan,nan,nan,471.00029,2.5884397e-04,463.88250,2.9445373e-04,3.8072077e-04,-1.9908829e-02
-0.05429711277201932,0.9966561661933929,0.00028195609989313834,1902.7929828874312,3.0586170e-03,486241,470.98485,463.85324,1.6330002e+05,4.6209480e+01,2.7708777e+03,1.3641135e+01,1.6922598e+05,4.7874382e+01,0,nan,nan,nan,nan,470.98485,2.5877016e-04,463.85324,2.9448851e-04,-1.5856657e-02,-5.1870041e-02
-0.05417614211887667,0.996505584625142,0.0002841783315576685,1718.7467038580824,-3.0285034e-03,353732,1328.20067,1818.98491,1.5730384e+05,4.4949745e+01,4.6363276e+03,1.1956240e+01,1.6560512e+05,4.7226414e+01,0,nan,nan,nan,nan,1328.20067,2.6181436e-04,1818.98491,2.3194998e-04,-1.7218542e-03,2.3625740e-03
-0.05389401584693587,0.9958203128086867,0.0002823749883562359,1712.6121059843542,-2.9068249e-03,349315,1328.20663,1818.98912,1.5787144e+05,4.4702755e+01,3.4336724e+03,1.1329696e+01,1.6563295e+05,4.6966911e+01,0,nan,nan,nan,nan,1328.20663,2.5889056e-04,1818.98912,2.2873232e-04,3.6278286e-03,7.0534465e-03
-0.05382123816116291,0.9960616436061293,0.00029902058769010014,1761.6912187620405,-2.9384315e-03,384652,1042.62832,1775.57025,1.5864033e+05,4.7628677e+01,1.0547083e+04,1.6490683e+01,1.6610400e+05,4.9864902e+01,0,nan,nan,nan,nan,1042.62832,2.8209682e-04,1775.57025,2.5152252e-04,4.3633170e-03,3.9845198e-02
-0.05378132336454655,0.9959574714880871,0.00029070805824580595,1755.556378676837,-3.0590552e-03,380235,1042.61377,1775.56333,1.5857348e+05,4.6253216e+01,5.4210293e+03,1.4180626e+01,1.6590220e+05,4.8424866e+01,0,nan,nan,nan,nan,1042.61377,2.7162119e-04,1775.56333,2.4241903e-04,-1.1157809e-02,3.2073665e-02
-0.053589259226782815,0.9970081071613712,0.00029211116337673804,1743.2868107409747,-3.1880687e-03,371401,1042.61201,1775.51903,1.5854814e+05,4.6475304e+01,6.2173677e+03,1.4611426e+01,1.6607306e+05,4.8657375e+01,0,nan,nan,nan,nan,1042.61201,2.7315295e-04,1775.51903,2.4408937e-04,-1.3660445e-02,-1.6143601e-02
-0.05326463396113468,0.996552867958409,0.00028172289903018134,1921.1986553662423,3.1833779e-03,499493,471.02489,463.88906,1.6353769e+05,4.6173420e+01,2.5947927e+03,1.3490410e+01,1.6921638e+05,4.7837025e+01,0,nan,nan,nan,nan,471.02489,2.5914118e-04,463.88906,2.9375797e-04,2.7174385e-02,-1.2570203e-02
-0.05325726980163381,0.996320003333577,0.00028364775029024534,1731.0173827303997,-3.1776242e-03,362567,1328.19764,1819.01809,1.5785627e+05,4.4870171e+01,4.0596387e+03,1.1661140e+01,1.6559031e+05,4.7142803e+01,0,nan,nan,nan,nan,1328.19764,2.6049672e-04,1819.01809,2.2965192e-04,-5.8462294e-03,3.8784042e-02
-0.05311249236547155,0.9959671104227152,0.00028549558568029916,1915.063927507838,3.1751292e-03,495076,471.01592,463.89812,1.6366694e+05,4.6819668e+01,4.7464023e+03,1.4709074e+01,1.6921780e+05,4.8506554e+01,0,nan,nan,nan,nan,471.01592,2.6286283e-04,463.89812,2.9823623e-04,1.7377868e-02,-2.6781133e-03
-0.052986544410032366,0.9968151704080679,0.0002816300013725635,1908.9291734557933,3.1406870e-03,490659,470.99852,463.87566,1.6343406e+05,4.6147907e+01,2.5876880e+03,1.3453174e+01,1.6922316e+05,4.7810589e+01,0,nan,nan,nan,nan,470.99852,2.5853535e-04,463.87566,2.9379173e-04,-1.6840874e-03,-2.6534621e-02
-0.05290820235541105,0.9960968052746768,0.00028173470429852045,1902.7943717978478,3.0586391e-03,486242,470.98737,463.86186,1.6331033e+05,4.6173183e+01,2.7900256e+03,1.3525814e+01,1.6913097e+05,4.7836781e+01,0,nan,nan,nan,nan,470.98737,2.5875849e-04,463.86186,2.9418475e-04,-1.3444632e-02,-4.1814670e-02
-0.05278727711811371,0.9962535743651928,0.00028435338712094353,1718.7480927230831,-3.0285267e-03,353733,1328.20445,1818.98684,1.5736644e+05,4.4977371e+01,4.6447007e+03,1.1968893e+01,1.6556300e+05,4.7255436e+01,0,nan,nan,nan,nan,1328.20445,2.6199134e-04,1818.98684,2.3177621e-04,1.6858313e-03,4.9024285e-03
-0.05250515992588589,0.9953525629062988,0.0002822948157228303,1712.6134948402753,-2.9068573e-03,349316,1328.20954,1818.98390,1.5787797e+05,4.4690151e+01,3.4455610e+03,1.1255493e+01,1.6555547e+05,4.6953667e+01,0,nan,nan,nan,nan,1328.20954,2.5883864e-04,1818.98390,2.2884860e-04,7.3624565e-03,2.0279323e-03
-0.05243231869826559,0.9962387420990114,0.00029908743098329627,1761.6926076815034,-2.9384003e-03,384653,1042.63635,1775.57075,1.5867395e+05,4.7639393e+01,1.0542361e+04,1.6496023e+01,1.6613378e+05,4.9876122e+01,0,nan,nan,nan,nan,1042.63635,2.8206685e-04,1775.57075,2.5176385e-04,1.4300509e-02,3.9799072e-02
-0.052392412283097656,0.9960851290842591,0.00029063515761093924,1755.5577675879185,-3.0590324e-03,380236,1042.61404,1775.56957,1.5858478e+05,4.6241611e+01,5.3960767e+03,1.4153160e+01,1.6592344e+05,4.8412712e+01,0,nan,nan,nan,nan,1042.61404,2.7148949e-04,1775.56957,2.4231807e-04,-1.1261408e-02,3.8454086e-02
-0.05220036327955313,0.9960173105230804,0.00029199185097392145,1743.288199636922,-3.1880611e-03,371402,1042.61806,1775.52238,1.5835242e+05,4.6456333e+01,6.2600249e+03,1.4563666e+01,1.6590809e+05,4.8637520e+01,0,nan,nan,nan,nan,1042.61806,2.7358060e-04,1775.52238,2.4495550e-04,-7.4266614e-03,-1.3738180e-02
-0.05187574729325206,0.9965743899693814,0.00028189519275713984,1921.2000442529102,3.1833763e-03,499494,471.02538,463.89252,1.6362100e+05,4.6201645e+01,2.5990583e+03,1.3545350e+01,1.6921997e+05,4.7866268e+01,0,nan,nan,nan,nan,471.02538,2.5904572e-04,463.89252,2.9363277e-04,2.7077485e-02,-8.3856285e-03
-0.05186838943404837,0.9961780681474466,0.0002836986993882679,1731.0187716107673,-3.1776321e-03,362568,1328.20400,1819.02223,1.5788108e+05,4.4878345e+01,4.0664658e+03,1.1660073e+01,1.6556716e+05,4.7151394e+01,0,nan,nan,nan,nan,1328.20400,2.6026610e-04,1819.02223,2.2966573e-04,7.9733768e-04,4.3160323e-02
-0.05172359964444695,0.9967327468907938,0.00028565950520352513,1915.065316400559,3.1751336e-03,495077,471.01517,463.89544,1.6370639e+05,4.6846558e+01,4.7273169e+03,1.4758587e+01,1.6934792e+05,4.8534416e+01,0,nan,nan,nan,nan,471.01517,2.6300494e-04,463.89544,2.9880553e-04,1.7122485e-02,-5.5503165e-03
-0.05159764144491419,0.9973571708905985,0.00028164638150759714,1908.9305623587584,3.1407017e-03,490660,470.99986,463.87830,1.6352933e+05,4.6150581e+01,2.6017949e+03,1.3440093e+01,1.6931516e+05,4.7813366e+01,0,nan,nan,nan,nan,470.99986,2.5831207e-04,463.87830,2.9374182e-04,-4.7996841e-04,-2.3697138e-02
-0.05151929193880278,0.9969928239285235,0.00028191845418312,1902.7957607082644,3.0586612e-03,486243,470.98800,463.85674,1.6345258e+05,4.6203285e+01,2.7781294e+03,1.3539138e+01,1.6928306e+05,4.7867966e+01,0,nan,nan,nan,nan,470.98800,2.5882389e-04,463.85674,2.9426216e-04,-1.2857568e-02,-4.7798116e-02
-0.051398412116668624,0.9962954417007377,0.000284168830437772,1718.7494815880846,-3.0285500e-03,353734,1328.20315,1818.98650,1.5731941e+05,4.4948112e+01,4.6516738e+03,1.1941077e+01,1.6556970e+05,4.7224693e+01,0,nan,nan,nan,nan,1328.20315,2.6165106e-04,1818.98650,2.3187883e-04,1.0333982e-03,4.4773407e-03
-0.05111630400551803,0.9956542422249713,0.00028226290918260423,1712.6148836961956,-2.9068897e-03,349317,1328.20447,1818.98518,1.5780739e+05,4.4685184e+01,3.4350659e+03,1.1289922e+01,1.6560597e+05,4.6948448e+01,0,nan,nan,nan,nan,1328.20447,2.5898949e-04,1818.98518,2.2909994e-04,1.3718649e-03,2.8392605e-03
-0.05104339923491352,0.9959675767126495,0.0002990594735187931,1761.6939966009668,-2.9383691e-03,384654,1042.63041,1775.57297,1.5869606e+05,4.7635010e+01,1.0553084e+04,1.6480728e+01,1.6608880e+05,4.9871532e+01,0,nan,nan,nan,nan,1042.63041,2.8211038e-04,1775.57297,2.5158506e-04,7.3694079e-03,4.2356264e-02
-0.051003500969272864,0.996566621571888,0.000290748528199502,1755.5591564992324,-3.0590093e-03,380237,1042.61442,1775.56226,1.5862356e+05,4.6259644e+01,5.4017251e+03,1.4173607e+01,1.6600361e+05,4.8431591e+01,0,nan,nan,nan,nan,1042.61442,2.7188836e-04,1775.56226,2.4234194e-04,-1.1047543e-02,3.1106101e-02
-0.05081146756583621,0.9959021339791441,0.0002920742364798664,1743.2895885326357,-3.1880536e-03,371403,1042.61447,1775.53227,1.5848962e+05,4.6469460e+01,6.2188408e+03,1.4574294e+01,1.6588897e+05,4.8651260e+01,0,nan,nan,nan,nan,1042.61447,2.7361323e-04,1775.53227,2.4423259e-04,-1.0912873e-02,-2.0041671e-03
-0.0504868603925388,0.9967652367844031,0.000281694311794969,1921.201433139811,3.1833749e-03,499495,471.02294,463.88821,1.6355870e+05,4.6168709e+01,2.6039927e+03,1.3449267e+01,1.6925233e+05,4.7832142e+01,0,nan,nan,nan,nan,471.02294,2.5908323e-04,463.88821,2.9388579e-04,2.4892548e-02,-1.2676866e-02
-0.05047950929861145,0.9966780073113217,0.00028357593257472295,1731.0201604909028,-3.1776403e-03,362569,1328.20061,1819.02310,1.5788791e+05,4.4859047e+01,4.0640615e+03,1.1628824e+01,1.6565069e+05,4.7131115e+01,0,nan,nan,nan,nan,1328.20061,2.5997471e-04,1819.02310,2.2982959e-04,-2.5460119e-03,4.4315491e-02
-0.05033470715579824,0.9966089218204256,0.0002855679361110179,1915.0667052930476,3.1751378e-03,495078,471.01854,463.90416,1.6374419e+05,4.6831551e+01,4.7218535e+03,1.4742350e+01,1.6932692e+05,4.8518871e+01,0,nan,nan,nan,nan,471.01854,2.6298832e-04,463.90416,2.9800044e-04,2.0872343e-02,4.0428010e-03
-0.050208738479341264,0.9964815677216876,0.0002818221990412451,1908.931951261724,3.1407163e-03,490661,471.00245,463.87744,1.6340816e+05,4.6179390e+01,2.5940217e+03,1.3560450e+01,1.6916650e+05,4.7843208e+01,0,nan,nan,nan,nan,471.00245,2.5878474e-04,463.87744,2.9372610e-04,2.3105603e-03,-2.4451954e-02
-0.05013038152264926,0.9967948003152509,0.000281885688882578,1902.7971496186806,3.0586834e-03,486244,470.98397,463.85693,1.6338478e+05,4.6197906e+01,2.7717495e+03,1.3538310e+01,1.6924941e+05,4.7862392e+01,0,nan,nan,nan,nan,470.98397,2.5848896e-04,463.85693,2.9452972e-04,-1.7534632e-02,-4.7504593e-02
-0.05000954711454142,0.9961399388924319,0.0002842090533206349,1718.7508704530867,-3.0285732e-03,353735,1328.20670,1818.98769,1.5730991e+05,4.4954407e+01,4.6531221e+03,1.1925388e+01,1.6554359e+05,4.7231304e+01,0,nan,nan,nan,nan,1328.20670,2.6189935e-04,1818.98769,2.3202534e-04,4.5580179e-03,5.5666268e-03
-0.04972744808515017,0.9962474426300889,0.0002826519855750937,1712.616272552116,-2.9069220e-03,349318,1328.20556,1818.98151,1.5801394e+05,4.4746868e+01,3.4438423e+03,1.1338928e+01,1.6570494e+05,4.7013252e+01,0,nan,nan,nan,nan,1328.20556,2.5930910e-04,1818.98151,2.2928114e-04,2.9267555e-03,-1.5080679e-03
-0.049654479538958185,0.9962917711587908,0.0002990834189793169,1761.6953855206627,-2.9383376e-03,384655,1042.63602,1775.57408,1.5875591e+05,4.7638885e+01,1.0526619e+04,1.6486006e+01,1.6614309e+05,4.9875591e+01,0,nan,nan,nan,nan,1042.63602,2.8186140e-04,1775.57408,2.5147936e-04,1.3169969e-02,4.4341855e-02
-0.04961458988782397,0.9962727733553824,0.00029080361474743266,1755.5605454103138,-3.0589865e-03,380238,1042.60891,1775.57390,1.5855292e+05,4.6268398e+01,5.4049688e+03,1.4190810e+01,1.6595462e+05,4.8440758e+01,0,nan,nan,nan,nan,1042.60891,2.7240801e-04,1775.57390,2.4246439e-04,-1.6622078e-02,4.2670328e-02
-0.04942257185211929,0.9972140361286507,0.00029210534855135176,1743.2909774283494,-3.1880462e-03,371404,1042.61343,1775.51656,1.5866458e+05,4.6474430e+01,6.2276533e+03,1.4557178e+01,1.6610756e+05,4.8656460e+01,0,nan,nan,nan,nan,1042.61343,2.7300545e-04,1775.51656,2.4402898e-04,-1.2170170e-02,-1.8252648e-02
-0.049097973725338306,0.9959740196530803,0.00028165137441403944,1921.202822026478,3.1833733e-03,499496,471.02255,463.89134,1.6343964e+05,4.6161659e+01,2.6005686e+03,1.3500089e+01,1.6911794e+05,4.7824841e+01,0,nan,nan,nan,nan,471.02255,2.5907284e-04,463.89134,2.9378172e-04,2.4296336e-02,-9.5471703e-03
-0.04909062916226503,0.9970570458422098,0.00028365582547334545,1731.021549371039,-3.1776484e-03,362570,1328.20028,1819.01831,1.5797378e+05,4.4871803e+01,4.0583767e+03,1.1632417e+01,1.6571412e+05,4.7144520e+01,0,nan,nan,nan,nan,1328.20028,2.6003551e-04,1819.01831,2.2964472e-04,-3.0573939e-03,3.9033294e-02
-0.048945814667149534,0.9967076759301545,0.0002852772483477651,1915.0680941855362,3.1751420e-03,495079,471.00845,463.88976,1.6351995e+05,4.6783894e+01,4.7011924e+03,1.4677696e+01,1.6934373e+05,4.8469494e+01,0,nan,nan,nan,nan,471.00845,2.6313978e-04,463.88976,2.9874552e-04,1.0071484e-02,-1.2549896e-02
-0.048819835746144236,0.9968355881445836,0.0002816040351551666,1908.9333401644571,3.1407308e-03,490662,471.00061,463.87635,1.6337673e+05,4.6143635e+01,2.6003193e+03,1.3451975e+01,1.6922659e+05,4.7806168e+01,0,nan,nan,nan,nan,471.00061,2.5881908e-04,463.87635,2.9395532e-04,7.8178034e-04,-2.6665203e-02
-0.04874147110604099,0.9971761021438835,0.0002820228690673034,1902.7985385290972,3.0587055e-03,486245,470.98712,463.85667,1.6345358e+05,4.6220379e+01,2.7729395e+03,1.3629364e+01,1.6931411e+05,4.7885677e+01,0,nan,nan,nan,nan,470.98712,2.5852030e-04,463.85667,2.9411548e-04,-1.4471561e-02,-4.8370559e-02
-0.04862068234592698,0.9963244360232598,0.0002842988402420983,1718.7522593178553,-3.0285968e-03,353736,1328.20497,1818.98425,1.5734048e+05,4.4968529e+01,4.6583647e+03,1.1973735e+01,1.6557398e+05,4.7246147e+01,0,nan,nan,nan,nan,1328.20497,2.6161000e-04,1818.98425,2.3194768e-04,2.0790517e-03,1.9656548e-03
-0.04833859193126955,0.9957444756308409,0.0002822825832077705,1712.61766140827,-2.9069541e-03,349319,1328.20855,1818.98623,1.5783409e+05,4.4688461e+01,3.4401958e+03,1.1288670e+01,1.6562159e+05,4.6951897e+01,0,nan,nan,nan,nan,1328.20855,2.5903663e-04,1818.98623,2.2910612e-04,6.2791170e-03,4.0465663e-03
-0.04826556007583349,0.9964033818611873,0.0002991347924168273,1761.6967744401259,-2.9383064e-03,384656,1042.62924,1775.56764,1.5882564e+05,4.7647137e+01,1.0535543e+04,1.6495106e+01,1.6616192e+05,4.9884228e+01,0,nan,nan,nan,nan,1042.62924,2.8174161e-04,1775.56764,2.5132921e-04,5.9055476e-03,3.7535522e-02
-0.04822567857354443,0.9959654662949177,0.00029064534393124396,1755.561934321628,-3.0589635e-03,380239,1042.61625,1775.55911,1.5851233e+05,4.6243202e+01,5.4059688e+03,1.4166800e+01,1.6590341e+05,4.8414379e+01,0,nan,nan,nan,nan,1042.61625,2.7175815e-04,1775.55911,2.4248430e-04,-8.7495660e-03,2.7493669e-02
-0.04803367590466223,0.9966326370529306,0.0002920440681767953,1743.2923663242968,-3.1880385e-03,371405,1042.61798,1775.51866,1.5861152e+05,4.6464699e+01,6.2285210e+03,1.4547026e+01,1.6601078e+05,4.8646275e+01,0,nan,nan,nan,nan,1042.61798,2.7311832e-04,1775.51866,2.4410420e-04,-7.9746246e-03,-1.6040584e-02
-0.04770908682485242,0.9966820928124704,0.0002816555527667739,1921.2042109133786,3.1833719e-03,499497,471.02800,463.88997,1.6357802e+05,4.6162331e+01,2.5991030e+03,1.3434409e+01,1.6923812e+05,4.7825535e+01,0,nan,nan,nan,nan,471.02800,2.5920471e-04,463.88997,2.9363672e-04,3.0111169e-02,-1.0646605e-02
-0.04770174902682811,0.9958863499302198,0.00028346305909849673,1731.0229382511745,-3.1776566e-03,362571,1328.20228,1819.02172,1.5779822e+05,4.4841423e+01,4.0765334e+03,1.1597060e+01,1.6551998e+05,4.7112606e+01,0,nan,nan,nan,nan,1328.20228,2.6011816e-04,1819.02172,2.2959265e-04,-9.7224489e-04,4.2762730e-02
-0.04755692194567018,0.9964492208600807,0.0002855682421646808,1915.0694830782577,3.1751464e-03,495080,471.01978,463.90046,1.6367866e+05,4.6831623e+01,4.6979878e+03,1.4733516e+01,1.6929984e+05,4.8518940e+01,0,nan,nan,nan,nan,471.01978,2.6319502e-04,463.90046,2.9864814e-04,2.1464214e-02,-2.3566929e-04
-0.047430932779661816,0.9961904650598443,0.0002814712516830483,1908.9347290674236,3.1407455e-03,490663,470.99666,463.87467,1.6324594e+05,4.6121872e+01,2.5953694e+03,1.3451166e+01,1.6911706e+05,4.7783623e+01,0,nan,nan,nan,nan,470.99666,2.5872674e-04,463.87467,2.9394485e-04,-3.3293460e-03,-2.7652059e-02
-0.04735256092249074,0.9962701723388003,0.00028185415144356846,1902.7999274392807,3.0587274e-03,486246,470.98463,463.85300,1.6329069e+05,4.6192715e+01,2.7797849e+03,1.3602052e+01,1.6916025e+05,4.7857018e+01,0,nan,nan,nan,nan,470.98463,2.5871716e-04,463.85300,2.9430122e-04,-1.6582835e-02,-5.1724792e-02
-0.047231817344936644,0.9966276215212987,0.00028418921590946263,1718.7536481828563,-3.0286200e-03,353737,1328.20841,1818.98926,1.5739322e+05,4.4951118e+01,4.6638921e+03,1.1938167e+01,1.6562409e+05,4.7227852e+01,0,nan,nan,nan,nan,1328.20841,2.6164882e-04,1818.98926,2.3165009e-04,5.6973533e-03,7.7432818e-03
-0.04694973600999219,0.9956178124270271,0.00028244884754818065,1712.6190502641912,-2.9069865e-03,349320,1328.21084,1818.98851,1.5789231e+05,4.4714870e+01,3.4606504e+03,1.1317615e+01,1.6560083e+05,4.6979637e+01,0,nan,nan,nan,nan,1328.21084,2.5902592e-04,1818.98851,2.2891552e-04,7.9608243e-03,7.0153512e-03
-0.046876640612481424,0.9959595173003278,0.00029892553632626873,1761.6981633595892,-2.9382752e-03,384657,1042.63510,1775.57856,1.5857662e+05,4.7613865e+01,1.0537194e+04,1.6484779e+01,1.6608811e+05,4.9849396e+01,0,nan,nan,nan,nan,1042.63510,2.8228361e-04,1775.57856,2.5162782e-04,1.1497417e-02,4.8774749e-02
-0.046836767259719636,0.9962207607677169,0.0002906938597810814,1755.563323232942,-3.0589404e-03,380240,1042.61041,1775.56610,1.5859634e+05,4.6250916e+01,5.3990430e+03,1.4145248e+01,1.6594589e+05,4.8422451e+01,0,nan,nan,nan,nan,1042.61041,2.7166979e-04,1775.56610,2.4250255e-04,-1.5454581e-02,3.4901340e-02
-0.04664478019003582,0.9968672587749237,0.0002920702949316416,1743.2937552200115,-3.1880310e-03,371406,1042.61676,1775.52020,1.5863745e+05,4.6468891e+01,6.2304136e+03,1.4554479e+01,1.6604992e+05,4.8650661e+01,0,nan,nan,nan,nan,1042.61676,2.7285481e-04,1775.52020,2.4394506e-04,-9.4213039e-03,-1.4339037e-02
-0.046320200156969804,0.9973219059288196,0.00028165448881330705,1921.2055998000465,3.1833702e-03,499498,471.02385,463.88805,1.6367547e+05,4.6162148e+01,2.6038037e+03,1.3412045e+01,1.6934672e+05,4.7825344e+01,0,nan,nan,nan,nan,471.02385,2.5903754e-04,463.88805,2.9374586e-04,2.6374385e-02,-1.2338064e-02
-0.04631286889139119,0.9964884530908438,0.00028353745056994956,1731.02432713131,-3.1776647e-03,362572,1328.19592,1819.01885,1.5789975e+05,4.4853313e+01,4.0633098e+03,1.1597381e+01,1.6562050e+05,4.7125095e+01,0,nan,nan,nan,nan,1328.19592,2.5993510e-04,1819.01885,2.2953977e-04,-7.6117297e-03,3.9580405e-02
-0.046168029457021476,0.9961447467651574,0.0002852930736887812,1915.0708719707463,3.1751506e-03,495081,471.01851,463.89738,1.6356436e+05,4.6786499e+01,4.6949751e+03,1.4665840e+01,1.6924814e+05,4.8472195e+01,0,nan,nan,nan,nan,471.01851,2.6312441e-04,463.89738,2.9916654e-04,1.9937508e-02,-3.0758623e-03
-0.046042029813634144,0.9970731165809531,0.000281763363939847,1908.9361179703897,3.1407601e-03,490664,470.99959,463.88359,1.6340195e+05,4.6169743e+01,2.6001677e+03,1.3525334e+01,1.6926689e+05,4.7833210e+01,0,nan,nan,nan,nan,470.99959,2.5861501e-04,463.88359,2.9408425e-04,-4.0507218e-04,-1.7810581e-02
-0.04596365050610984,0.9965595548451589,0.00028189557386466504,1902.8013163496971,3.0587495e-03,486247,470.98809,463.85751,1.6335275e+05,4.6199497e+01,2.7752124e+03,1.3611651e+01,1.6920934e+05,4.7864040e+01,0,nan,nan,nan,nan,470.98809,2.5854114e-04,463.85751,2.9420815e-04,-1.3006899e-02,-4.6448458e-02
-0.04584295234417368,0.9969897876087717,0.00028419040254920743,1718.755037047857,-3.0286433e-03,353738,1328.20237,1818.98144,1.5742244e+05,4.4951225e+01,4.6656406e+03,1.1914909e+01,1.6568400e+05,4.7227966e+01,0,nan,nan,nan,nan,1328.20237,2.6149044e-04,1818.98144,2.3209349e-04,-7.1284198e-04,-1.2477076e-03
-0.04556088008894221,0.9955548832902905,0.0002821848446480704,1712.6204391201122,-2.9070189e-03,349321,1328.20476,1818.98590,1.5773481e+05,4.4673153e+01,3.4418730e+03,1.1277872e+01,1.6559066e+05,4.6935810e+01,0,nan,nan,nan,nan,1328.20476,2.5932392e-04,1818.98590,2.2913593e-04,2.9530413e-03,3.3658654e-03
-0.045487721149584104,0.9963385337018693,0.00029902664991217213,1761.699552279052,-2.9382440e-03,384658,1042.63242,1775.56716,1.5866212e+05,4.7630024e+01,1.0562158e+04,1.6485340e+01,1.6615152e+05,4.9866314e+01,0,nan,nan,nan,nan,1042.63242,2.8215410e-04,1775.56716,2.5161493e-04,9.7192014e-03,3.6604434e-02
-0.04544785617827074,0.9957134078174547,0.00029065301278240213,1755.5647121440234,-3.0589176e-03,380241,1042.61507,1775.56672,1.5842814e+05,4.6244408e+01,5.3969419e+03,1.4207287e+01,1.6586134e+05,4.8415638e+01,0,nan,nan,nan,nan,1042.61507,2.7206974e-04,1775.56672,2.4242203e-04,-1.0145695e-02,3.5059541e-02
-0.04525588447586415,0.9967109244151605,0.0002921756186608284,1743.2951441157256,-3.1880236e-03,371407,1042.61549,1775.52335,1.5864180e+05,4.6485661e+01,6.2178887e+03,1.4546588e+01,1.6602394e+05,4.8668221e+01,0,nan,nan,nan,nan,1042.61549,2.7321768e-04,1775.52335,2.4410950e-04,-1.0290051e-02,-1.0720733e-02
-0.04493131325671129,0.9965822085588091,0.000281648298980893,1921.2069886869467,3.1833688e-03,499499,471.02084,463.88885,1.6358266e+05,4.6161121e+01,2.5790024e+03,1.3452007e+01,1.6922108e+05,4.7824280e+01,0,nan,nan,nan,nan,471.02084,2.5889830e-04,463.88885,2.9365753e-04,2.2294575e-02,-1.2614466e-02
-0.044923988523123626,0.9960752180292082,0.0002835757365938881,1731.0257160116782,-3.1776726e-03,362573,1328.20484,1819.02342,1.5779025e+05,4.4859489e+01,4.0545349e+03,1.1657940e+01,1.6555227e+05,4.7131584e+01,0,nan,nan,nan,nan,1328.20484,2.6022588e-04,1819.02342,2.2984896e-04,1.4739574e-03,4.4540659e-02
-0.04477913673645162,0.9958123030604846,0.00028529816240723286,1915.072260863467,3.1751550e-03,495082,471.01234,463.88574,1.6324812e+05,4.6787338e+01,4.7173027e+03,1.4730035e+01,1.6919167e+05,4.8473064e+01,0,nan,nan,nan,nan,471.01234,2.6383466e-04,463.88574,2.9998668e-04,1.5054913e-02,-1.6520711e-02
-0.04465312708134661,0.9967277502712781,0.00028159433692374544,1908.937506873122,3.1407746e-03,490665,470.99926,463.87989,1.6331162e+05,4.6142040e+01,2.6027383e+03,1.3500883e+01,1.6920825e+05,4.7804512e+01,0,nan,nan,nan,nan,470.99926,2.5871384e-04,463.87989,2.9382811e-04,-7.7896757e-04,-2.1411862e-02
-0.044574740089501574,0.9965545922248775,0.0002819045723649278,1902.8027052601137,3.0587716e-03,486248,470.98580,463.85759,1.6334270e+05,4.6200962e+01,2.7771382e+03,1.3612872e+01,1.6920847e+05,4.7865559e+01,0,nan,nan,nan,nan,470.98580,2.5859853e-04,463.85759,2.9413300e-04,-1.4775252e-02,-4.6521243e-02
-0.0444540873427286,0.9969539458925225,0.00028426960921129125,1718.7564259128585,-3.0286666e-03,353739,1328.20538,1818.99194,1.5734456e+05,4.4963676e+01,4.6656553e+03,1.1983909e+01,1.6567775e+05,4.7241047e+01,0,nan,nan,nan,nan,1328.20538,2.6187068e-04,1818.99194,2.3170307e-04,2.5923590e-03,1.0119559e-02
-0.04417202416789223,0.9956458860125014,0.0002823284210829821,1712.6218279760333,-2.9070512e-03,349322,1328.20014,1818.97885,1.5782453e+05,4.4695957e+01,3.4662927e+03,1.1293231e+01,1.6560608e+05,4.6959770e+01,0,nan,nan,nan,nan,1328.20014,2.5902138e-04,1818.97885,2.2950771e-04,-2.5625243e-03,-4.2101350e-03
-0.044098801686232036,0.9957412594281125,0.0002991068522933712,1761.7009411985155,-2.9382128e-03,384659,1042.63020,1775.56932,1.5864311e+05,4.7642857e+01,1.0557089e+04,1.6508425e+01,1.6605211e+05,4.9879749e+01,0,nan,nan,nan,nan,1042.63020,2.8258222e-04,1775.56932,2.5158585e-04,7.5500556e-03,3.8564809e-02
-0.04405894486444595,0.9962084793257021,0.0002906594850922088,1755.5661010553372,-3.0588945e-03,380242,1042.60809,1775.56686,1.5855005e+05,4.6245422e+01,5.4167603e+03,1.4193369e+01,1.6594377e+05,4.8416702e+01,0,nan,nan,nan,nan,1042.60809,2.7173341e-04,1775.56686,2.4235215e-04,-1.7964266e-02,3.6065824e-02
-0.04386698852840709,0.9962862867371545,0.00029192862422500984,1743.296533011673,-3.1880159e-03,371408,1042.61818,1775.51850,1.5846125e+05,4.6446381e+01,6.2226104e+03,1.4540483e+01,1.6595327e+05,4.8627098e+01,0,nan,nan,nan,nan,1042.61818,2.7325793e-04,1775.51850,2.4416012e-04,-7.2462345e-03,-1.6589150e-02
-0.043542426588828675,0.997022856361509,0.00028164184365184517,1921.2083775736146,3.1833672e-03,499500,471.02862,463.89141,1.6348827e+05,4.6160049e+01,2.6091926e+03,1.3447092e+01,1.6929586e+05,4.7823174e+01,0,nan,nan,nan,nan,471.02862,2.5932241e-04,463.89141,2.9415096e-04,3.1496588e-02,-9.4681671e-03
-0.043535108388368826,0.996071842987179,0.000283561596728498,1731.027104891813,-3.1776808e-03,362574,1328.19836,1819.01654,1.5788719e+05,4.4857372e+01,4.0600793e+03,1.1620891e+01,1.6555214e+05,4.7129360e+01,0,nan,nan,nan,nan,1328.19836,2.5982261e-04,1819.01654,2.2955774e-04,-4.9388581e-03,3.7337150e-02
-0.043390244248712406,0.9965457011113996,0.00028562926138466193,1915.0736497559546,3.1751592e-03,495083,471.01314,463.89393,1.6363555e+05,4.6841648e+01,4.7026753e+03,1.4774203e+01,1.6931630e+05,4.8529324e+01,0,nan,nan,nan,nan,471.01314,2.6295095e-04,463.89393,2.9883263e-04,1.4941467e-02,-6.8652718e-03
-0.043264224115773686,0.9966413041616847,0.00028156183747075143,1908.9388957760875,3.1407892e-03,490666,470.99994,463.87323,1.6332947e+05,4.6136711e+01,2.5981326e+03,1.3465318e+01,1.6919356e+05,4.7798996e+01,0,nan,nan,nan,nan,470.99994,2.5860162e-04,463.87323,2.9397328e-04,-1.5140277e-04,-2.9588263e-02
-0.04318582967334805,0.9959691668897404,0.00028171693442609076,1902.8040941705299,3.0587937e-03,486249,470.98580,463.85413,1.6320395e+05,4.6170197e+01,2.7771492e+03,1.3573522e+01,1.6910903e+05,4.7833687e+01,0,nan,nan,nan,nan,470.98580,2.5868605e-04,463.85413,2.9455152e-04,-1.4785767e-02,-5.0927822e-02
-0.043065222341283516,0.9968703590501669,0.0002842210092178355,1718.75781477786,-3.0286899e-03,353740,1328.20131,1818.98280,1.5726273e+05,4.4955914e+01,4.6562368e+03,1.2008520e+01,1.6566356e+05,4.7232887e+01,0,nan,nan,nan,nan,1328.20131,2.6171803e-04,1818.98280,2.3215677e-04,-1.6643539e-03,3.1984309e-04
-0.04278316824661488,0.995991972487079,0.0002824827615247219,1712.6232168319546,-2.9070836e-03,349323,1328.20350,1818.98795,1.5794370e+05,4.4720474e+01,3.4383779e+03,1.1312944e+01,1.6566394e+05,4.6985527e+01,0,nan,nan,nan,nan,1328.20350,2.5893524e-04,1818.98795,2.2891459e-04,9.3069172e-04,5.6788116e-03
-0.0427098819902767,0.995979960956755,0.00029924831664631415,1761.7023301182114,-2.9381814e-03,384660,1042.63492,1775.57474,1.5870739e+05,4.7665440e+01,1.0590841e+04,1.6524689e+01,1.6609209e+05,4.9903393e+01,0,nan,nan,nan,nan,1042.63492,2.8201524e-04,1775.57474,2.5172194e-04,1.1493052e-02,4.4893697e-02
-0.04267003355016641,0.9963065282516637,0.00029081739620036366,1755.5674899666515,-3.0588715e-03,380243,1042.61610,1775.56736,1.5851455e+05,4.6270531e+01,5.4207207e+03,1.4226073e+01,1.6596006e+05,4.8442993e+01,0,nan,nan,nan,nan,1042.61610,2.7184407e-04,1775.56736,2.4276432e-04,-8.9308852e-03,3.5846308e-02
-0.042478092814235424,0.9961296071953396,0.00029195226637023864,1743.2979219073873,-3.1880084e-03,371409,1042.61611,1775.52198,1.5849164e+05,4.6450165e+01,6.2143770e+03,1.4555547e+01,1.6592723e+05,4.8631054e+01,0,nan,nan,nan,nan,1042.61611,2.7313258e-04,1775.52198,2.4403314e-04,-8.9824367e-03,-1.2534331e-02
-0.042153539688115416,0.9970411902043355,0.0002816774400841768,1921.2097664605153,3.1833658e-03,499501,471.02414,463.88850,1.6361159e+05,4.6165878e+01,2.5867551e+03,1.3445542e+01,1.6929894e+05,4.7829208e+01,0,nan,nan,nan,nan,471.02414,2.5924749e-04,463.88850,2.9373111e-04,2.6858563e-02,-1.2948656e-02
-0.042146228253614026,0.9963810885605359,0.00028368445252518863,1731.0284937719478,-3.1776889e-03,362575,1328.20388,1819.02246,1.5789792e+05,4.4876926e+01,4.0729985e+03,1.1681896e+01,1.6560398e+05,4.7149906e+01,0,nan,nan,nan,nan,1328.20388,2.6000594e-04,1819.02246,2.2946909e-04,1.4896414e-04,4.3148533e-02
-0.0420013517600637,0.9968929986267759,0.0002854134825755164,1915.0750386484433,3.1751634e-03,495084,471.01457,463.89767,1.6356194e+05,4.6806259e+01,4.7037598e+03,1.4723690e+01,1.6937531e+05,4.8492664e+01,0,nan,nan,nan,nan,471.01457,2.6346967e-04,463.89767,2.9878353e-04,1.7290875e-02,-3.0055186e-03
-0.04187532138257666,0.9967589891947193,0.00028169707203732844,1908.9402846788207,3.1408037e-03,490667,471.00011,463.87310,1.6339252e+05,4.6158871e+01,2.6062585e+03,1.3502354e+01,1.6921353e+05,4.7821949e+01,0,nan,nan,nan,nan,471.00011,2.5865535e-04,463.87310,2.9392308e-04,-8.5573178e-05,-2.9562823e-02
-0.04179691925764928,0.9964199617676031,0.0002817393203061827,1902.8054830809456,3.0588158e-03,486250,470.98340,463.85890,1.6321955e+05,4.6173862e+01,2.7795479e+03,1.3573742e+01,1.6918553e+05,4.7837479e+01,0,nan,nan,nan,nan,470.98340,2.5866754e-04,463.85890,2.9470670e-04,-1.7113226e-02,-4.5145474e-02
-0.04167635733961106,0.9968100569149786,0.0002842763249064135,1718.7592036428616,-3.0287132e-03,353741,1328.21035,1818.98632,1.5721261e+05,4.4964573e+01,4.6804561e+03,1.1980978e+01,1.6565323e+05,4.7241993e+01,0,nan,nan,nan,nan,1328.21035,2.6250238e-04,1818.98632,2.3245261e-04,8.2358904e-03,3.9347727e-03
-0.0413943123255649,0.9960149238745674,0.00028246547755180043,1712.6246056878756,-2.9071160e-03,349324,1328.21285,1818.98441,1.5795086e+05,4.4717812e+01,3.4424976e+03,1.1302534e+01,1.6566803e+05,4.6982731e+01,0,nan,nan,nan,nan,1328.21285,2.5917840e-04,1818.98441,2.2916909e-04,1.1260231e-02,1.7847526e-03
-0.041320962527152005,0.9960335828319359,0.0002991018583095281,1761.7037190376745,-2.9381502e-03,384661,1042.63197,1775.57586,1.5868745e+05,4.7642159e+01,1.0576600e+04,1.6519800e+01,1.6610120e+05,4.9879021e+01,0,nan,nan,nan,nan,1042.63197,2.8205485e-04,1775.57586,2.5149662e-04,8.5063018e-03,4.5608863e-02
-0.04128112246871751,0.9963535126631253,0.0002907853168753309,1755.568878877733,-3.0588487e-03,380244,1042.61048,1775.56626,1.5860312e+05,4.6265419e+01,5.4232983e+03,1.4161535e+01,1.6596784e+05,4.8437637e+01,0,nan,nan,nan,nan,1042.61048,2.7190326e-04,1775.56626,2.4272013e-04,-1.4489165e-02,3.4768011e-02
-0.04108919709960901,0.9961188887772583,0.00029219043905859016,1743.299310803102,-3.1880010e-03,371410,1042.61595,1775.52583,1.5860878e+05,4.6488068e+01,6.2237749e+03,1.4602925e+01,1.6592550e+05,4.8670742e+01,0,nan,nan,nan,nan,1042.61595,2.7311474e-04,1775.52583,2.4409026e-04,-9.8558022e-03,-8.7382207e-03
-0.040764653021142294,0.9965713463079382,0.0002817767708183984,1921.2111553471823,3.1833642e-03,499502,471.02503,463.88706,1.6357692e+05,4.6182148e+01,2.6065535e+03,1.3503270e+01,1.6921912e+05,4.7846066e+01,0,nan,nan,nan,nan,471.02503,2.5904432e-04,463.88706,2.9367217e-04,2.6848083e-02,-1.4187393e-02
-0.04075734811794973,0.9961425410262649,0.00028353459516323407,1731.0298826520834,-3.1776971e-03,362576,1328.19889,1819.01737,1.5780450e+05,4.4853344e+01,4.0654958e+03,1.1634123e+01,1.6556478e+05,4.7125126e+01,0,nan,nan,nan,nan,1328.19889,2.6018883e-04,1819.01737,2.2995225e-04,-4.7028568e-03,3.7421469e-02
-0.04061245903858435,0.9963015712627012,0.00028560716333968423,1915.0764275411648,3.1751678e-03,495085,471.01531,463.90254,1.6352664e+05,4.6838024e+01,4.7060054e+03,1.4798332e+01,1.6927483e+05,4.8525574e+01,0,nan,nan,nan,nan,471.01531,2.6314895e-04,463.90254,2.9885562e-04,1.7923346e-02,1.8434927e-03
-0.04048641841609424,0.997073770503325,0.0002816339183364333,1908.9416735817872,3.1408183e-03,490668,470.99829,463.87768,1.6345866e+05,4.6148518e+01,2.5968606e+03,1.3462033e+01,1.6926697e+05,4.7811226e+01,0,nan,nan,nan,nan,470.99829,2.5838346e-04,463.87768,2.9400794e-04,-2.1950954e-03,-2.4402624e-02
-0.04040800907296216,0.9966730359046742,0.0002818116214349066,1902.8068719911303,3.0588377e-03,486251,470.98672,463.85718,1.6339000e+05,4.6185699e+01,2.7792324e+03,1.3539483e+01,1.6922847e+05,4.7849743e+01,0,nan,nan,nan,nan,470.98672,2.5851736e-04,463.85718,2.9415663e-04,-1.4571172e-02,-4.7123201e-02
-0.04028749257167874,0.9970769451580797,0.0002844050928637171,1718.7605925076296,-3.0287367e-03,353742,1328.20278,1818.98799,1.5746192e+05,4.4984852e+01,4.6585293e+03,1.2006312e+01,1.6569727e+05,4.7263298e+01,0,nan,nan,nan,nan,1328.20278,2.6158342e-04,1818.98799,2.3176718e-04,-3.3627776e-04,6.2669902e-03
-0.04000545640519704,0.9957699321407093,0.00028239055538597314,1712.625994543796,-2.9071483e-03,349325,1328.20508,1818.98347,1.5782158e+05,4.4706028e+01,3.4679524e+03,1.1294774e+01,1.6562756e+05,4.6970348e+01,0,nan,nan,nan,nan,1328.20508,2.5904126e-04,1818.98347,2.3004858e-04,2.3974539e-03,2.8550692e-04
-0.03993204306379994,0.9962276929516442,0.0002992442292695598,1761.705107957138,-2.9381190e-03,384662,1042.63499,1775.57280,1.5878153e+05,4.7664886e+01,1.0582239e+04,1.6541643e+01,1.6613373e+05,4.9902813e+01,0,nan,nan,nan,nan,1042.63499,2.8201181e-04,1775.57280,2.5143608e-04,1.1331511e-02,4.2762905e-02
-0.03989221115489272,0.9957307596556758,0.0002907700601123571,1755.5702677890467,-3.0588256e-03,380245,1042.61467,1775.55799,1.5853541e+05,4.6262978e+01,5.4405420e+03,1.4175870e+01,1.6586406e+05,4.8435085e+01,0,nan,nan,nan,nan,1042.61467,2.7169433e-04,1775.55799,2.4274502e-04,-1.0050882e-02,2.6391661e-02
-0.03970030115215195,0.9967667914065528,0.00029209893401282647,1743.3006996990493,-3.1879933e-03,371411,1042.61483,1775.53289,1.5862030e+05,4.6473526e+01,6.2193315e+03,1.4543997e+01,1.6603348e+05,4.8655518e+01,0,nan,nan,nan,nan,1042.61483,2.7310761e-04,1775.53289,2.4440006e-04,-1.1462982e-02,-2.0421161e-03
-0.03937576612088378,0.9962117591692374,0.00028155013296298013,1921.2125442340825,3.1833628e-03,499503,471.02228,463.89213,1.6348125e+05,4.6144993e+01,2.5864788e+03,1.3423217e+01,1.6915803e+05,4.7807575e+01,0,nan,nan,nan,nan,471.02228,2.5891163e-04,463.89213,2.9373224e-04,2.4017034e-02,-8.7848920e-03
-0.03936846774968217,0.9963587752697993,0.0002836178838529649,1731.0312715324517,-3.1777050e-03,362577,1328.20548,1819.02153,1.5788884e+05,4.4866642e+01,4.0569604e+03,1.1627819e+01,1.6560116e+05,4.7139095e+01,0,nan,nan,nan,nan,1328.20548,2.6002096e-04,1819.02153,2.2987968e-04,2.3047761e-03,4.2703595e-02
-0.03922356654993564,0.9960864706920834,0.0002854596956219377,1915.0778164336534,3.1751720e-03,495086,471.00796,463.89788,1.6353894e+05,4.6813843e+01,4.7066904e+03,1.4740897e+01,1.6923828e+05,4.8500519e+01,0,nan,nan,nan,nan,471.00796,2.6313111e-04,463.89788,2.9886974e-04,9.9724885e-03,-2.9164138e-03
-0.03909751545006657,0.9965146065324798,0.0002815812148423943,1908.9430624847532,3.1408330e-03,490669,470.99799,463.87852,1.6330852e+05,4.6139881e+01,2.6123828e+03,1.3483804e+01,1.6917203e+05,4.7802277e+01,0,nan,nan,nan,nan,470.99799,2.5866544e-04,463.87852,2.9411403e-04,-1.8033022e-03,-2.3881884e-02
-0.03901909865589914,0.9962700049235433,0.0002817151108404244,1902.8082609015473,3.0588598e-03,486252,470.98963,463.85968,1.6322195e+05,4.6169868e+01,2.7944561e+03,1.3564622e+01,1.6916000e+05,4.7833344e+01,0,nan,nan,nan,nan,470.98963,2.5898544e-04,463.85968,2.9432238e-04,-1.0881687e-02,-4.4767372e-02
-0.03889862757023366,0.9969007118791481,0.0002842361011026944,1718.761981372631,-3.0287600e-03,353743,1328.20602,1818.98429,1.5738356e+05,4.4958042e+01,4.6677163e+03,1.1936963e+01,1.6566766e+05,4.7235126e+01,0,nan,nan,nan,nan,1328.20602,2.6169335e-04,1818.98429,2.3189040e-04,3.4964166e-03,2.5262656e-03
-0.038616600251998534,0.9960309696181018,0.00028255977538237787,1712.6273833999492,-2.9071805e-03,349326,1328.20756,1818.98976,1.5802373e+05,4.4732887e+01,3.4563608e+03,1.1337203e+01,1.6567125e+05,4.6998569e+01,0,nan,nan,nan,nan,1328.20756,2.5906577e-04,1818.98976,2.2850159e-04,5.4939925e-03,7.9987179e-03
-0.03854312360090262,0.9957997173668426,0.00029914910959291484,1761.7064968766008,-2.9380878e-03,384663,1042.63078,1775.56901,1.5859392e+05,4.7649776e+01,1.0594961e+04,1.6527012e+01,1.6606252e+05,4.9886993e+01,0,nan,nan,nan,nan,1042.63078,2.8239121e-04,1775.56901,2.5189965e-04,7.8332666e-03,3.8570672e-02
-0.03850329984061318,0.9960013698738192,0.0002909019645027367,1755.571656700361,-3.0588026e-03,380246,1042.61106,1775.57594,1.5849802e+05,4.6283955e+01,5.4374897e+03,1.4249986e+01,1.6590909e+05,4.8457043e+01,0,nan,nan,nan,nan,1042.61106,2.7206421e-04,1775.57594,2.4273507e-04,-1.4567406e-02,4.4867348e-02
-0.03831140543843503,0.9964742468939508,0.0002919890974778695,1743.302088594763,-3.1879859e-03,371412,1042.61479,1775.52091,1.5850939e+05,4.6456066e+01,6.2296729e+03,1.4548114e+01,1.6598481e+05,4.8637238e+01,0,nan,nan,nan,nan,1042.61479,2.7333206e-04,1775.52091,2.4430797e-04,-9.7045992e-03,-1.4101694e-02
-0.03798687945391066,0.9965202727013976,0.0002816775712158755,1921.2139331207495,3.1833611e-03,499504,471.02355,463.88447,1.6358152e+05,4.6165871e+01,2.5931165e+03,1.3454896e+01,1.6921039e+05,4.7829205e+01,0,nan,nan,nan,nan,471.02355,2.5888105e-04,463.88447,2.9364461e-04,2.5113769e-02,-1.6795181e-02
-0.037979587613563126,0.996516439558472,0.0002836789454118192,1731.0326604125878,-3.1777131e-03,362578,1328.20044,1819.01507,1.5788609e+05,4.4876419e+01,4.0647500e+03,1.1652755e+01,1.6562781e+05,4.7149372e+01,0,nan,nan,nan,nan,1328.20044,2.6024898e-04,1819.01507,2.2999063e-04,-2.7286119e-03,3.5751738e-02
-0.03783467406128693,0.9967530827175276,0.0002855286107628565,1915.079205326142,3.1751762e-03,495087,471.02188,463.88502,1.6364225e+05,4.6825138e+01,4.6862407e+03,1.4737508e+01,1.6935153e+05,4.8512226e+01,0,nan,nan,nan,nan,471.02188,2.6334732e-04,463.88502,2.9875198e-04,2.3718258e-02,-1.6509369e-02
-0.037708612717324286,0.996132030207844,0.0002818167336670011,1908.944451387486,3.1408474e-03,490670,470.99853,463.87363,1.6327733e+05,4.6178463e+01,2.6041843e+03,1.3598351e+01,1.6910708e+05,4.7842255e+01,0,nan,nan,nan,nan,470.99853,2.5893265e-04,463.87363,2.9405867e-04,-2.0947508e-03,-2.8718656e-02
-0.03763018823974562,0.996846150413981,0.00028179148581590003,1902.8096498119635,3.0588820e-03,486253,470.98625,463.84605,1.6339812e+05,4.6182373e+01,2.7751895e+03,1.3525297e+01,1.6925778e+05,4.7846302e+01,0,nan,nan,nan,nan,470.98625,2.5859859e-04,463.84605,2.9439171e-04,-1.4643000e-02,-6.0466796e-02
-0.03750976256810645,0.9963615617697159,0.0002843939040133609,1718.7633702376331,-3.0287832e-03,353744,1328.20299,1818.98253,1.5737683e+05,4.4982910e+01,4.6561899e+03,1.1975919e+01,1.6557773e+05,4.7261253e+01,0,nan,nan,nan,nan,1328.20299,2.6192071e-04,1818.98253,2.3209921e-04,-3.1771760e-05,8.1055376e-05
-0.03722774433094855,0.9956442834145642,0.0002822302720712089,1712.6287722558702,-2.9072128e-03,349327,1328.20845,1818.98152,1.5782498e+05,4.4680798e+01,3.4684688e+03,1.1251487e+01,1.6560720e+05,4.6943840e+01,0,nan,nan,nan,nan,1328.20845,2.5927377e-04,1818.98152,2.3043875e-04,6.5756231e-03,-1.0091078e-03
-0.03715420413755055,0.9965503653262138,0.00029929340439471244,1761.7078857960641,-2.9380566e-03,384664,1042.63723,1775.58070,1.5878181e+05,4.7672802e+01,1.0591496e+04,1.6561211e+01,1.6618784e+05,4.9911102e+01,0,nan,nan,nan,nan,1042.63723,2.8186510e-04,1775.58070,2.5140651e-04,1.4007717e-02,5.1379327e-02
-0.03711438876007378,0.9961431417296822,0.0002907379253376102,1755.5730456114416,-3.0587798e-03,380247,1042.61435,1775.56828,1.5849331e+05,4.6257835e+01,5.4393130e+03,1.4203225e+01,1.6593266e+05,4.8429703e+01,0,nan,nan,nan,nan,1042.61435,2.7175117e-04,1775.56828,2.4266618e-04,-1.0272329e-02,3.6774773e-02
-0.03692250972471811,0.9967628460618752,0.0002921158203828853,1743.3034774904768,-3.1879784e-03,371413,1042.61739,1775.52585,1.5860462e+05,4.6476242e+01,6.2121299e+03,1.4590991e+01,1.6603294e+05,4.8658363e+01,0,nan,nan,nan,nan,1042.61739,2.7314472e-04,1775.52585,2.4404428e-04,-7.6453043e-03,-9.0742093e-03
-0.036597992786028044,0.9965723530583374,0.00028171329921981435,1921.2153220074174,3.1833595e-03,499505,471.02610,463.89198,1.6357977e+05,4.6171719e+01,2.5992246e+03,1.3471022e+01,1.6921920e+05,4.7835262e+01,0,nan,nan,nan,nan,471.02610,2.5905951e-04,463.89198,2.9366463e-04,2.8422691e-02,-7.9137813e-03
-0.03659070747721671,0.9962063943057617,0.00028368740800349684,1731.0340492927241,-3.1777213e-03,362579,1328.20312,1819.02744,1.5788236e+05,4.4877876e+01,4.0624780e+03,1.1701518e+01,1.6557672e+05,4.7150902e+01,0,nan,nan,nan,nan,1328.20312,2.5993475e-04,1819.02744,2.2956904e-04,-5.3888472e-04,4.9145781e-02
-0.03644578134026233,0.9960947222280256,0.00028548450332911305,1915.080594218863,3.1751806e-03,495088,471.02311,463.90764,1.6356841e+05,4.6817902e+01,4.6840190e+03,1.4752991e+01,1.6923967e+05,4.8504726e+01,0,nan,nan,nan,nan,471.02311,2.6325646e-04,463.90764,2.9882946e-04,2.6014866e-02,7.8073172e-03
-0.03631970975220611,0.9963074195139303,0.00028167838632604895,1908.945840290451,3.1408621e-03,490671,470.99982,463.88264,1.6336384e+05,4.6155796e+01,2.6014299e+03,1.3470375e+01,1.6913684e+05,4.7818768e+01,0,nan,nan,nan,nan,470.99982,2.5884758e-04,463.88264,2.9406394e-04,1.6530395e-05,-1.9059530e-02
-0.03624127782404685,0.9963456572687458,0.00028201586137199743,1902.8110387223792,3.0589041e-03,486254,470.98620,463.86052,1.6332402e+05,4.6219135e+01,2.7826929e+03,1.3616598e+01,1.6917277e+05,4.7884388e+01,0,nan,nan,nan,nan,470.98620,2.5885645e-04,463.86052,2.9466182e-04,-1.4890834e-02,-4.3651372e-02
-0.03612089756666137,0.9966269744619132,0.00028429770717444165,1718.7647591026346,-3.0288065e-03,353745,1328.20589,1818.98892,1.5732425e+05,4.4967602e+01,4.6718516e+03,1.1973016e+01,1.6562150e+05,4.7245171e+01,0,nan,nan,nan,nan,1328.20589,2.6202694e-04,1818.98892,2.3201336e-04,3.6896530e-03,6.7997756e-03
-0.03583888840989857,0.9955597741277296,0.0002822921812969858,1712.6301611117913,-2.9072452e-03,349328,1328.20540,1818.98501,1.5790169e+05,4.4690670e+01,3.4650015e+03,1.1250913e+01,1.6559341e+05,4.6954212e+01,0,nan,nan,nan,nan,1328.20540,2.5871780e-04,1818.98501,2.2883942e-04,2.6006475e-03,2.9351762e-03
-0.03576528444136784,0.9955773946473327,0.0002991786120603652,1761.7092747157603,-2.9380252e-03,384665,1042.62612,1775.56008,1.5865200e+05,4.7654556e+01,1.0610916e+04,1.6528336e+01,1.6602572e+05,4.9891998e+01,0,nan,nan,nan,nan,1042.62612,2.8221527e-04,1775.56008,2.5190276e-04,2.5492192e-03,2.8608466e-02
-0.035725477446703735,0.9960715669130665,0.0002907077194985553,1755.574434522755,-3.0587567e-03,380248,1042.61764,1775.57080,1.5852959e+05,4.6253017e+01,5.4617749e+03,1.4177444e+01,1.6592069e+05,4.8424656e+01,0,nan,nan,nan,nan,1042.61764,2.7201592e-04,1775.57080,2.4244739e-04,-7.4223010e-03,3.9897081e-02
-0.0355336137777158,0.9966230625186956,0.0002921283256676637,1743.3048663864238,-3.1879707e-03,371414,1042.61510,1775.52117,1.5862431e+05,4.6478252e+01,6.2116841e+03,1.4542481e+01,1.6600970e+05,4.8660461e+01,0,nan,nan,nan,nan,1042.61510,2.7309987e-04,1775.52117,2.4421065e-04,-1.1152538e-02,-1.3793936e-02
-0.03520910588486004,0.996612798248982,0.0002816936970025906,1921.2167108943186,3.1833581e-03,499506,471.02236,463.88770,1.6345288e+05,4.6168499e+01,2.5903625e+03,1.3516858e+01,1.6922605e+05,4.7831928e+01,0,nan,nan,nan,nan,471.02236,2.5949086e-04,463.88770,2.9411627e-04,2.4419183e-02,-1.3655975e-02
-0.03520182734246191,0.9967207671467233,0.0002835942521054447,1731.035438172859,-3.1777294e-03,362580,1328.20280,1819.02084,1.5791055e+05,4.4863258e+01,4.0748428e+03,1.1625148e+01,1.6566266e+05,4.7135544e+01,0,nan,nan,nan,nan,1328.20280,2.6000955e-04,1819.02084,2.2959664e-04,-4.3777056e-04,4.1530155e-02
-0.03505688885161362,0.9957865372623284,0.00028542548228426234,1915.0819831113517,3.1751848e-03,495089,471.01139,463.89442,1.6354866e+05,4.6808220e+01,4.6934390e+03,1.4747536e+01,1.6918730e+05,4.8494698e+01,0,nan,nan,nan,nan,471.01139,2.6316170e-04,463.89442,2.9855236e-04,1.2986396e-02,-6.9978302e-03
-0.0349308070196912,0.9964002957603233,0.0002816662615751441,1908.9472291931836,3.1408765e-03,490672,470.99989,463.87843,1.6326267e+05,4.6153809e+01,2.6068848e+03,1.3527539e+01,1.6915259e+05,4.7816708e+01,0,nan,nan,nan,nan,470.99989,2.5869574e-04,463.87843,2.9444034e-04,5.8700785e-05,-2.3418125e-02
-0.034852367641178716,0.996301222345869,0.00028180749735388705,1902.812427632562,3.0589260e-03,486255,470.98592,463.85246,1.6325705e+05,4.6184978e+01,2.7812244e+03,1.3575416e+01,1.6916519e+05,4.7848999e+01,0,nan,nan,nan,nan,470.98592,2.5877013e-04,463.85246,2.9482925e-04,-1.5172021e-02,-5.2965105e-02
-0.034732032565671034,0.9962911104729868,0.00028423050259081294,1718.7661479676356,-3.0288298e-03,353746,1328.20801,1818.98189,1.5719564e+05,4.4956879e+01,4.6682358e+03,1.2039243e+01,1.6556534e+05,4.7233906e+01,0,nan,nan,nan,nan,1328.20801,2.6194012e-04,1818.98189,2.3244342e-04,5.8849240e-03,-4.6882548e-04
-0.03445003248930334,0.9957705342764457,0.00028257105048033336,1712.6315499677119,-2.9072776e-03,349329,1328.20703,1818.98374,1.5796070e+05,4.4734890e+01,3.4712002e+03,1.1353319e+01,1.6562872e+05,4.7000671e+01,0,nan,nan,nan,nan,1328.20703,2.5898690e-04,1818.98374,2.2930879e-04,4.3570688e-03,1.5026821e-03
-0.03437636497847052,0.9963166677814324,0.00029932578984269843,1761.7106636352232,-2.9379940e-03,384666,1042.63525,1775.57466,1.5869255e+05,4.7678032e+01,1.0623258e+04,1.6552315e+01,1.6614912e+05,4.9916576e+01,0,nan,nan,nan,nan,1042.63525,2.8219097e-04,1775.57466,2.5197407e-04,1.2412170e-02,4.4420283e-02
-0.034336566132424196,0.9963844002158335,0.00029074770546878045,1755.5758234340692,-3.0587337e-03,380249,1042.60725,1775.56114,1.5860505e+05,4.6259365e+01,5.4343838e+03,1.4163724e+01,1.6597275e+05,4.8431305e+01,0,nan,nan,nan,nan,1042.60725,2.7174488e-04,1775.56114,2.4248417e-04,-1.7674666e-02,2.9679462e-02
-0.034144718063089385,0.9966307296452819,0.00029211516607544047,1743.3062552821384,-3.1879633e-03,371415,1042.61782,1775.51518,1.5851903e+05,4.6476170e+01,6.2317354e+03,1.4590503e+01,1.6601103e+05,4.8658283e+01,0,nan,nan,nan,nan,1042.61782,2.7344780e-04,1775.51518,2.4426394e-04,-7.5704893e-03,-1.9714899e-02
-0.03382021921697742,0.9969562040001072,0.00028167746742412266,1921.2180997809864,3.1833565e-03,499507,471.02958,463.89322,1.6349550e+05,4.6165836e+01,2.5886423e+03,1.3486845e+01,1.6928433e+05,4.7829166e+01,0,nan,nan,nan,nan,471.02958,2.5931216e-04,463.89322,2.9385297e-04,3.2677244e-02,-7.9637356e-03
-0.03381294697487647,0.9974083980758134,0.00028380240269719367,1731.0368270532265,-3.1777374e-03,362581,1328.19554,1819.01754,1.5798408e+05,4.4896309e+01,4.0789358e+03,1.1696321e+01,1.6577739e+05,4.7170269e+01,0,nan,nan,nan,nan,1328.19554,2.5997788e-04,1819.01754,2.2968656e-04,-8.6567961e-03,3.8345985e-02
-0.03366799613013427,0.9960950408811218,0.0002855046593361848,1915.0833720040732,3.1751893e-03,495090,471.01862,463.89755,1.6363725e+05,4.6821198e+01,4.6859468e+03,1.4710999e+01,1.6923969e+05,4.8508144e+01,0,nan,nan,nan,nan,471.01862,2.6308588e-04,463.89755,2.9839244e-04,2.0846874e-02,-3.4269453e-03
-0.0335419040538909,0.9961588911135801,0.00028152899050838757,1908.9486180961494,3.1408912e-03,490673,470.99921,463.87970,1.6330272e+05,4.6131310e+01,2.5850156e+03,1.3446496e+01,1.6911161e+05,4.7793400e+01,0,nan,nan,nan,nan,470.99921,2.5857025e-04,463.87970,2.9420684e-04,-1.4451336e-03,-2.2196081e-02
-0.03346345722457045,0.9963498339306367,0.00028187112297732147,1902.8138165429787,3.0589481e-03,486256,470.98842,463.85917,1.6335034e+05,4.6195396e+01,2.7890261e+03,1.3577682e+01,1.6917341e+05,4.7859795e+01,0,nan,nan,nan,nan,470.98842,2.5854440e-04,463.85917,2.9438536e-04,-1.2555985e-02,-4.5033678e-02
-0.03334316756490807,0.9971925552490459,0.0002843351550115064,1718.7675368326363,-3.0288531e-03,353747,1328.20451,1818.98820,1.5747641e+05,4.4973339e+01,4.6780947e+03,1.1958099e+01,1.6571480e+05,4.7251198e+01,0,nan,nan,nan,nan,1328.20451,2.6149783e-04,1818.98820,2.3162810e-04,1.5868191e-03,6.1602700e-03
-0.033061176335422375,0.995635778305241,0.0002825287885668586,1712.6329388238657,-2.9073097e-03,349330,1328.20938,1818.99277,1.5788988e+05,4.4728264e+01,3.4635474e+03,1.1370564e+01,1.6560656e+05,4.6993710e+01,0,nan,nan,nan,nan,1328.20938,2.5922852e-04,1818.99277,2.2920576e-04,7.0778076e-03,1.0795979e-02
-0.03298744551511845,0.9963688499355409,0.0002991797270054684,1761.7120525546866,-2.9379628e-03,384667,1042.62723,1775.56910,1.5862317e+05,4.7654800e+01,1.0610457e+04,1.6543846e+01,1.6615794e+05,4.9892254e+01,0,nan,nan,nan,nan,1042.62723,2.8255442e-04,1775.56910,2.5211967e-04,3.8499625e-03,3.8598429e-02
-0.03294765505143005,0.9960615841825594,0.00029060692515849105,1755.5772123451502,-3.0587108e-03,380250,1042.61752,1775.56575,1.5845666e+05,4.6236950e+01,5.4623403e+03,1.4167031e+01,1.6591892e+05,4.8407837e+01,0,nan,nan,nan,nan,1042.61752,2.7199724e-04,1775.56575,2.4249167e-04,-7.3460685e-03,3.4297630e-02
-0.03275582211563233,0.9970279330590345,0.00029235320312347965,1743.3076441780859,-3.1879556e-03,371416,1042.61489,1775.52861,1.5872981e+05,4.6514053e+01,6.2240825e+03,1.4613082e+01,1.6607725e+05,4.8697948e+01,0,nan,nan,nan,nan,1042.61489,2.7329606e-04,1775.52861,2.4402117e-04,-1.1131716e-02,-5.8011902e-03
-0.03243133231671891,0.997142836396719,0.00028196566281164635,1921.2194886678867,3.1833551e-03,499508,471.02898,463.88713,1.6361488e+05,4.6213062e+01,2.5864060e+03,1.3564250e+01,1.6931600e+05,4.7878094e+01,0,nan,nan,nan,nan,471.02898,2.5915942e-04,463.88713,2.9397919e-04,3.0889079e-02,-1.4153058e-02
-0.03242406683943921,0.9960212648803287,0.00028370142206499154,1731.038215933362,-3.1777455e-03,362582,1328.20422,1819.02194,1.5784402e+05,4.4880455e+01,4.0681663e+03,1.1682730e+01,1.6554728e+05,4.7153610e+01,0,nan,nan,nan,nan,1328.20422,2.6024683e-04,1819.02194,2.2986677e-04,1.6234868e-03,4.2832330e-02
-0.03227910364239506,0.9963308970345436,0.0002852941127094816,1915.084760896561,3.1751934e-03,495091,471.01201,463.89516,1.6371345e+05,4.6786663e+01,4.6540337e+03,1.4644402e+01,1.6927973e+05,4.8472363e+01,0,nan,nan,nan,nan,471.01201,2.6267461e-04,463.89516,2.9814165e-04,1.3388915e-02,-6.3655637e-03
-0.032153001086953736,0.9966362427695596,0.00028165639149104463,1908.9500069991163,3.1409059e-03,490674,471.00111,463.87860,1.6338484e+05,4.6152187e+01,2.6148865e+03,1.3488951e+01,1.6919264e+05,4.7815025e+01,0,nan,nan,nan,nan,471.00111,2.5852112e-04,463.87860,2.9374970e-04,1.1556144e-03,-2.3425456e-02
-0.032074546807052684,0.9967097763109419,0.00028181032256783975,1902.8152054533962,3.0589702e-03,486257,470.98952,463.86316,1.6338748e+05,4.6185425e+01,2.7710508e+03,1.3548982e+01,1.6923448e+05,4.7849461e+01,0,nan,nan,nan,nan,470.98952,2.5863521e-04,463.86316,2.9413833e-04,-1.1569032e-02,-4.1056927e-02
-0.03195430256346299,0.9964149759579503,0.00028433326785164104,1718.7689256976378,-3.0288764e-03,353748,1328.20380,1818.98454,1.5732758e+05,4.4972942e+01,4.6778809e+03,1.1983327e+01,1.6558522e+05,4.7250782e+01,0,nan,nan,nan,nan,1328.20380,2.6187452e-04,1818.98454,2.3205999e-04,1.0163373e-03,2.6742597e-03
-0.03167232041369061,0.9957472338075853,0.0002823381612201179,1712.6343276797875,-2.9073420e-03,349331,1328.20714,1818.99061,1.5787972e+05,4.4698151e+01,3.4727249e+03,1.1291342e+01,1.6562534e+05,4.6962074e+01,0,nan,nan,nan,nan,1328.20714,2.5896617e-04,1818.99061,2.2927790e-04,4.6991431e-03,8.7280395e-03
-0.03159852605222113,0.9965287184192444,0.00029919776510617293,1761.7134414741495,-2.9379316e-03,384668,1042.63279,1775.56869,1.5876198e+05,4.7657703e+01,1.0620939e+04,1.6510948e+01,1.6618470e+05,4.9895294e+01,0,nan,nan,nan,nan,1042.63279,2.8205276e-04,1775.56869,2.5153617e-04,9.6853850e-03,3.8062189e-02
-0.03155874373715051,0.9963358173984074,0.0002907847630921842,1755.5786012564645,-3.0586878e-03,380251,1042.61255,1775.57108,1.5855370e+05,4.6265236e+01,5.4649355e+03,1.4226646e+01,1.6596455e+05,4.8437443e+01,0,nan,nan,nan,nan,1042.61255,2.7185891e-04,1775.57108,2.4244937e-04,-1.2637457e-02,3.9847150e-02
-0.03136692640146066,0.9968297017696424,0.00029218741516932856,1743.3090330738,-3.1879481e-03,371417,1042.61764,1775.52750,1.5859909e+05,4.6487694e+01,6.2284897e+03,1.4566413e+01,1.6604428e+05,4.8670349e+01,0,nan,nan,nan,nan,1042.61764,2.7317248e-04,1775.52750,2.4427767e-04,-7.7861217e-03,-6.7595430e-03
-0.031042445649745787,0.9967868120134021,0.0002815670865157947,1921.2208775545537,3.1833535e-03,499509,471.02161,463.88625,1.6352061e+05,4.6147732e+01,2.5936682e+03,1.3429601e+01,1.6925553e+05,4.7810410e+01,0,nan,nan,nan,nan,471.02161,2.5921463e-04,463.88625,2.9373221e-04,2.4024954e-02,-1.5556236e-02
-0.031035186704002963,0.9962364281507943,0.00028375558936483646,1731.0396048134974,-3.1777536e-03,362583,1328.20176,1819.01949,1.5783614e+05,4.4889145e+01,4.0730376e+03,1.1715527e+01,1.6558348e+05,4.7162739e+01,0,nan,nan,nan,nan,1328.20176,2.6017596e-04,1819.01949,2.2999212e-04,-1.2297579e-03,4.0555917e-02
-0.03089021115374635,0.9955391496622941,0.0002851961969912268,1915.0861497890496,3.1751976e-03,495092,471.01827,463.89095,1.6342350e+05,4.6770599e+01,4.6760728e+03,1.4678303e+01,1.6914519e+05,4.8455719e+01,0,nan,nan,nan,nan,471.01827,2.6325067e-04,463.89095,2.9859671e-04,2.0105140e-02,-1.0061163e-02
-0.030764098353756708,0.9965534796807018,0.0002815207789707163,1908.9513959018495,3.1409203e-03,490675,470.99807,463.88006,1.6335138e+05,4.6129967e+01,2.5935261e+03,1.3438490e+01,1.6917858e+05,4.7792004e+01,0,nan,nan,nan,nan,470.99807,2.5861690e-04,463.88006,2.9384962e-04,-1.5422020e-03,-2.2238787e-02
-0.030685636390444415,0.9964086657625165,0.0002819658624365125,1902.8165943638128,3.0589923e-03,486258,470.98963,463.85493,1.6336459e+05,4.6210907e+01,2.7730403e+03,1.3589384e+01,1.6918333e+05,4.7875862e+01,0,nan,nan,nan,nan,470.98963,2.5869338e-04,463.85493,2.9461394e-04,-1.1119693e-02,-4.9567308e-02
-0.030565437561790868,0.9967769205451266,0.0002843292687415345,1718.7703145626394,-3.0288997e-03,353749,1328.20367,1818.98752,1.5744928e+05,4.4972210e+01,4.6817446e+03,1.1962372e+01,1.6564500e+05,4.7250011e+01,0,nan,nan,nan,nan,1328.20367,2.6147743e-04,1818.98752,2.3158696e-04,1.0556121e-03,5.4173279e-03
-0.030283464492412922,0.9952348455034332,0.0002822962660756498,1712.6357165357088,-2.9073744e-03,349332,1328.20086,1818.97357,1.5778319e+05,4.4691586e+01,3.4771829e+03,1.1301875e+01,1.6554036e+05,4.6955173e+01,0,nan,nan,nan,nan,1328.20086,2.5931952e-04,1818.97357,2.2973906e-04,-1.2931725e-03,-1.0459294e-02
-0.03020960635603842,0.9963777819811391,0.0002993264495131723,1761.7148303938457,-2.9379001e-03,384669,1042.63051,1775.56618,1.5877638e+05,4.7678230e+01,1.0653297e+04,1.6532646e+01,1.6615962e+05,4.9916782e+01,0,nan,nan,nan,nan,1042.63051,2.8214161e-04,1775.56618,2.5177177e-04,7.2139166e-03,3.5752289e-02
-0.030169832423325715,0.9960231508220988,0.0002907111216946516,1755.5799901677783,-3.0586647e-03,380252,1042.61165,1775.56171,1.5857589e+05,4.6253498e+01,5.4603848e+03,1.4194903e+01,1.6591241e+05,4.8425159e+01,0,nan,nan,nan,nan,1042.61165,2.7166851e-04,1775.56171,2.4242784e-04,-1.3450799e-02,3.0019226e-02
-0.0299780304540036,0.9966298672438676,0.00029190781729393386,1743.3104219697475,-3.1879405e-03,371418,1042.61233,1775.52329,1.5847836e+05,4.6443222e+01,6.2320269e+03,1.4538549e+01,1.6601105e+05,4.8623791e+01,0,nan,nan,nan,nan,1042.61233,2.7326588e-04,1775.52329,2.4429630e-04,-1.3397874e-02,-1.1744287e-02
-0.029653558749487274,0.9967960357851149,0.0002816873157038611,1921.222266441454,3.1833521e-03,499510,471.02277,463.89020,1.6353578e+05,4.6167435e+01,2.5893279e+03,1.3482515e+01,1.6925708e+05,4.7830822e+01,0,nan,nan,nan,nan,471.02277,2.5900837e-04,463.89020,2.9392607e-04,2.4730010e-02,-1.0731230e-02
-0.02964630633550769,0.9961989744487296,0.00028352425077784896,1731.0409936938659,-3.1777616e-03,362584,1328.20203,1819.02032,1.5785308e+05,4.4852665e+01,4.0761208e+03,1.1614547e+01,1.6557770e+05,4.7124413e+01,0,nan,nan,nan,nan,1328.20203,2.5992515e-04,1819.02032,2.2967411e-04,-1.7768356e-03,4.1490171e-02
-0.029501318432267,0.9966453080187978,0.00028536169709350725,1915.087538681771,3.1752021e-03,495093,471.01350,463.89171,1.6346445e+05,4.6797729e+01,4.6515259e+03,1.4719875e+01,1.6933309e+05,4.8483826e+01,0,nan,nan,nan,nan,471.01350,2.6402803e-04,463.89171,2.9896796e-04,1.5651291e-02,-1.0174762e-02
-0.02937519538863853,0.9959975848548783,0.00028138062485513657,1908.9527848048147,3.1409350e-03,490676,470.99757,463.87316,1.6324309e+05,4.6106998e+01,2.6008977e+03,1.3420835e+01,1.6908420e+05,4.7768208e+01,0,nan,nan,nan,nan,470.99757,2.5867854e-04,463.87316,2.9406731e-04,-2.0789166e-03,-2.9456895e-02
-0.029296726207576285,0.996382763733237,0.00028194522683549556,1902.8179832739957,3.0590142e-03,486259,470.98905,463.85864,1.6333420e+05,4.6207520e+01,2.7946204e+03,1.3621177e+01,1.6917889e+05,4.7872349e+01,0,nan,nan,nan,nan,470.98905,2.5866690e-04,463.85864,2.9434287e-04,-1.2272554e-02,-4.5574777e-02
-0.029176572560345112,0.9961826619725844,0.00028408002413539445,1718.771703427641,-3.0289229e-03,353750,1328.20179,1818.97966,1.5713078e+05,4.4932686e+01,4.6762754e+03,1.1955097e+01,1.6554588e+05,4.7208485e+01,0,nan,nan,nan,nan,1328.20179,2.6204952e-04,1818.97966,2.3263154e-04,-1.3656350e-03,-3.1146077e-03
-0.0288946085720454,0.995649041943535,0.0002825660114117847,1712.6371053916291,-2.9074068e-03,349333,1328.20467,1818.98746,1.5786577e+05,4.4734356e+01,3.4714565e+03,1.1421148e+01,1.6560948e+05,4.7000111e+01,0,nan,nan,nan,nan,1328.20467,2.5927165e-04,1818.98746,2.2976883e-04,2.1756960e-03,4.6020229e-03
-0.028820686892686354,0.9958154365086477,0.0002991932279842906,1761.716219313309,-2.9378689e-03,384670,1042.63068,1775.57476,1.5868094e+05,4.7657032e+01,1.0652660e+04,1.6526958e+01,1.6606594e+05,4.9894592e+01,0,nan,nan,nan,nan,1042.63068,2.8232220e-04,1775.57476,2.5154697e-04,7.5400122e-03,4.4838730e-02
-0.028780921109046176,0.9962871516076443,0.00029075353365906126,1755.5813790790926,-3.0586417e-03,380253,1042.61356,1775.56585,1.5862922e+05,4.6260231e+01,5.4848618e+03,1.4178226e+01,1.6595633e+05,4.8432209e+01,0,nan,nan,nan,nan,1042.61356,2.7171161e-04,1775.56585,2.4234563e-04,-1.1253900e-02,3.4686495e-02
-0.028589134739831934,0.9964181190598184,0.0002920620501023982,1743.3118108654617,-3.1879330e-03,371419,1042.61573,1775.52562,1.5854803e+05,4.6467781e+01,6.2382373e+03,1.4551353e+01,1.6597583e+05,4.8649498e+01,0,nan,nan,nan,nan,1042.61573,2.7336448e-04,1775.52562,2.4429191e-04,-1.0643485e-02,-8.8787982e-03
-0.028264672081604658,0.9967607823508026,0.00028179979990332034,1921.2236553281218,3.1833504e-03,499511,471.02634,463.88455,1.6351322e+05,4.6185863e+01,2.6039268e+03,1.3487123e+01,1.6925108e+05,4.7849915e+01,0,nan,nan,nan,nan,471.02634,2.5911955e-04,463.88455,2.9410649e-04,2.7911227e-02,-1.7381351e-02
-0.028257426200070768,0.9960635158739491,0.00028351182929737054,1731.0423825740013,-3.1777697e-03,362585,1328.19939,1819.01876,1.5771378e+05,4.4850822e+01,4.0757681e+03,1.1624017e+01,1.6555562e+05,4.7122475e+01,0,nan,nan,nan,nan,1328.19939,2.6055131e-04,1819.01876,2.3044346e-04,-3.5526792e-03,3.9035555e-02
-0.028112425944527786,0.9961628979623034,0.00028543060831067195,1915.0889275742588,3.1752062e-03,495094,471.01287,463.90877,1.6352659e+05,4.6809017e+01,4.6526089e+03,1.4733606e+01,1.6925109e+05,4.8495525e+01,0,nan,nan,nan,nan,471.01287,2.6326493e-04,463.90877,2.9896674e-04,1.4351653e-02,8.7707136e-03
-0.02798629265589625,0.9961959194117563,0.00028150959676975264,1908.9541737075474,3.1409494e-03,490677,471.00283,463.88714,1.6331422e+05,4.6128124e+01,2.5923323e+03,1.3434627e+01,1.6911786e+05,4.7790100e+01,0,nan,nan,nan,nan,471.00283,2.5876606e-04,463.88714,2.9400332e-04,2.8392873e-03,-1.3914747e-02
-0.027907815791422763,0.9968042182102582,0.00028188029243160663,1902.8193721844118,3.0590363e-03,486260,470.98611,463.84177,1.6332698e+05,4.6196857e+01,2.7636963e+03,1.3615550e+01,1.6925042e+05,4.7861309e+01,0,nan,nan,nan,nan,470.98611,2.5863326e-04,463.84177,2.9442311e-04,-1.4346641e-02,-6.4554557e-02
-0.027787707559582486,0.9960233340794623,0.0002841910103522879,1718.7730922926416,-3.0289462e-03,353751,1328.20482,1818.99030,1.5719698e+05,4.4950138e+01,4.6926108e+03,1.2005527e+01,1.6551902e+05,4.7226822e+01,0,nan,nan,nan,nan,1328.20482,2.6194632e-04,1818.99030,2.3233752e-04,2.6480800e-03,8.0547277e-03
-0.027505752418847233,0.9956466983460732,0.00028235575980020407,1712.6384942477823,-2.9074389e-03,349334,1328.20285,1818.97830,1.5787980e+05,4.4701126e+01,3.4679756e+03,1.1290959e+01,1.6560933e+05,4.6965202e+01,0,nan,nan,nan,nan,1328.20285,2.5890087e-04,1818.97830,2.2921566e-04,1.0618878e-03,-5.0193695e-03
-0.027431767429789033,0.995233146609979,0.00029919692927970386,1761.717608232772,-2.9378377e-03,384671,1042.63284,1775.57087,1.5858538e+05,4.7657642e+01,1.0684762e+04,1.6543222e+01,1.6596891e+05,4.9895229e+01,0,nan,nan,nan,nan,1042.63284,2.8242249e-04,1775.57087,2.5182974e-04,9.9510187e-03,4.1155010e-02
-0.02739201002759728,0.9964192141062888,0.00029094601698894865,1755.582767990174,-3.0586189e-03,380254,1042.61256,1775.56586,1.5861880e+05,4.6290844e+01,5.5247349e+03,1.4213925e+01,1.6597827e+05,4.8464256e+01,0,nan,nan,nan,nan,1042.61256,2.7178272e-04,1775.56586,2.4262340e-04,-1.2170202e-02,3.4596290e-02
-0.02720023902520552,0.9960763943255336,0.0002919113123433946,1743.3131997611763,-3.1879256e-03,371420,1042.61815,1775.51458,1.5843311e+05,4.6443810e+01,6.2336562e+03,1.4540266e+01,1.6591895e+05,4.8624401e+01,0,nan,nan,nan,nan,1042.61815,2.7332507e-04,1775.51458,2.4418984e-04,-7.1892180e-03,-2.1137282e-02
-0.026875785413949752,0.9972374655817983,0.00028172333724018483,1921.2250442147895,3.1833488e-03,499512,471.02560,463.88779,1.6365120e+05,4.6173328e+01,2.5866782e+03,1.3463725e+01,1.6933200e+05,4.7836929e+01,0,nan,nan,nan,nan,471.02560,2.5905529e-04,463.88779,2.9342214e-04,2.7957179e-02,-1.3502119e-02
-0.026868546064633847,0.9961940255489393,0.0002837014502265175,1731.0437714541367,-3.1777779e-03,362586,1328.20240,1819.02187,1.5789131e+05,4.4880939e+01,4.0774563e+03,1.1649059e+01,1.6557777e+05,4.7154118e+01,0,nan,nan,nan,nan,1328.20240,2.5999444e-04,1819.02187,2.3006827e-04,-8.1190385e-04,4.3267813e-02
-0.026723533223048435,0.9963219572077848,0.00028528143579348514,1915.0903164669803,3.1752107e-03,495095,471.02164,463.90254,1.6357077e+05,4.6784546e+01,4.6605425e+03,1.4688673e+01,1.6927808e+05,4.8470169e+01,0,nan,nan,nan,nan,471.02164,2.6302011e-04,463.90254,2.9846403e-04,2.4249572e-02,1.9569960e-03
-0.026597389690778073,0.9963973529979359,0.0002815007884715362,1908.9555626105125,3.1409641e-03,490678,470.99774,463.86939,1.6335141e+05,4.6126682e+01,2.5972214e+03,1.3425191e+01,1.6915205e+05,4.7788601e+01,0,nan,nan,nan,nan,470.99774,2.5861905e-04,463.86939,2.9391723e-04,-2.1812648e-03,-3.3292402e-02
-0.026518905374814494,0.995885208106035,0.0002820098694147662,1902.8207610948284,3.0590585e-03,486261,470.98856,463.86536,1.6329828e+05,4.6218090e+01,2.7715793e+03,1.3599221e+01,1.6909434e+05,4.7883305e+01,0,nan,nan,nan,nan,470.98856,2.5929851e-04,463.86536,2.9463190e-04,-1.2210278e-02,-3.7977599e-02
-0.026398842558137403,0.9962411365189641,0.0002841346429279322,1718.774481157643,-3.0289695e-03,353752,1328.20734,1818.98679,1.5731017e+05,4.4941120e+01,4.6765962e+03,1.1902311e+01,1.6555483e+05,4.7217346e+01,0,nan,nan,nan,nan,1328.20734,2.6181733e-04,1818.98679,2.3203748e-04,4.4302903e-03,5.0180601e-03
-0.02611689649779658,0.9954732215764055,0.00028239964781236475,1712.6398831037034,-2.9074713e-03,349335,1328.21055,1818.99607,1.5777016e+05,4.4708134e+01,3.4715205e+03,1.1313754e+01,1.6558070e+05,4.6972565e+01,0,nan,nan,nan,nan,1328.21055,2.5953946e-04,1818.99607,2.2954021e-04,8.6294692e-03,1.4567587e-02
-0.026042847733606322,0.9963310663060777,0.0002992961617531059,1761.718997152468,-2.9378063e-03,384672,1042.63200,1775.57234,1.5875927e+05,4.7673466e+01,1.0685388e+04,1.6539326e+01,1.6615206e+05,4.9911797e+01,0,nan,nan,nan,nan,1042.63200,2.8216021e-04,1775.57234,2.5164464e-04,8.8722566e-03,4.2197853e-02
-0.026003098713772488,0.995721041920501,0.00029104881676363814,1755.5841569014879,-3.0585958e-03,380255,1042.61253,1775.57219,1.5852339e+05,4.6307178e+01,5.5039912e+03,1.4309404e+01,1.6586191e+05,4.8481361e+01,0,nan,nan,nan,nan,1042.61253,2.7243004e-04,1775.57219,2.4255115e-04,-1.3039351e-02,4.0792391e-02
-0.02581134307774846,0.9966930047890136,0.00029202949302119295,1743.3145886571237,-3.1879179e-03,371421,1042.61635,1775.52215,1.5863625e+05,4.6462624e+01,6.2413828e+03,1.4537792e+01,1.6602170e+05,4.8644100e+01,0,nan,nan,nan,nan,1042.61635,2.7309477e-04,1775.52215,2.4391156e-04,-9.2196399e-03,-1.2234965e-02
-0.025486898513918277,0.9963735584218278,0.00028180656528510616,1921.2264331016895,3.1833474e-03,499513,471.02353,463.88750,1.6360806e+05,4.6186966e+01,2.5935388e+03,1.3485974e+01,1.6918530e+05,4.7851059e+01,0,nan,nan,nan,nan,471.02353,2.5889726e-04,463.88750,2.9370957e-04,2.4995212e-02,-1.2770461e-02
-0.025479665696138572,0.9958638116642606,0.00028358819973114827,1731.0451603345052,-3.1777858e-03,362587,1328.20043,1819.02397,1.5784611e+05,4.4863136e+01,4.0767930e+03,1.1650987e+01,1.6552331e+05,4.7135418e+01,0,nan,nan,nan,nan,1328.20043,2.5993542e-04,1819.02397,2.2963343e-04,-3.6116373e-03,4.5132060e-02
-0.025334640734399727,0.9964460161669803,0.00028543948358745894,1915.091705359469,3.1752149e-03,495096,471.01142,463.88725,1.6373811e+05,4.6810452e+01,4.6501782e+03,1.4680277e+01,1.6929911e+05,4.8497009e+01,0,nan,nan,nan,nan,471.01142,2.6289173e-04,463.88725,2.9803533e-04,1.3599344e-02,-1.4526711e-02
-0.02520848695667155,0.9965621202765855,0.00028147463001736964,1908.9569515132466,3.1409785e-03,490679,471.00063,463.88747,1.6327080e+05,4.6122398e+01,2.5807373e+03,1.3461086e+01,1.6918002e+05,4.7784161e+01,0,nan,nan,nan,nan,471.00063,2.5874292e-04,463.88747,2.9388268e-04,1.7966564e-03,-1.3180058e-02
-0.025129995191263906,0.9964274264098174,0.00028184984691867146,1902.822150005012,3.0590803e-03,486262,470.98558,463.85163,1.6327648e+05,4.6191853e+01,2.7772192e+03,1.3589126e+01,1.6918638e+05,4.7856121e+01,0,nan,nan,nan,nan,470.98558,2.5863652e-04,463.85163,2.9451650e-04,-1.5832059e-02,-5.3940192e-02
-0.02500997778884118,0.9961104939683962,0.000284280657062374,1718.7758700224124,-3.0289930e-03,353753,1328.20411,1818.98408,1.5723688e+05,4.4964108e+01,4.6605664e+03,1.1974900e+01,1.6553272e+05,4.7241497e+01,0,nan,nan,nan,nan,1328.20411,2.6194411e-04,1818.98408,2.3261973e-04,1.2562133e-03,1.5083846e-03
-0.02472804057674727,0.9952706042169901,0.0002823016248747474,1712.6412719596244,-2.9075036e-03,349336,1328.20901,1818.98262,1.5781058e+05,4.4692680e+01,3.4775476e+03,1.1295155e+01,1.6554722e+05,4.6956326e+01,0,nan,nan,nan,nan,1328.20901,2.5941100e-04,1818.98262,2.3009718e-04,6.9697215e-03,-3.0010354e-04
-0.024653928270481292,0.996016116340296,0.0002992921361180501,1761.7203860719312,-2.9377751e-03,384673,1042.63107,1775.56896,1.5867656e+05,4.7672844e+01,1.0698479e+04,1.6537529e+01,1.6609959e+05,4.9911144e+01,0,nan,nan,nan,nan,1042.63107,2.8241385e-04,1775.56896,2.5190166e-04,7.4011940e-03,3.8446900e-02
-0.02461418739949295,0.9964180404219343,0.0002907323459202487,1755.5855458128021,-3.0585728e-03,380256,1042.61270,1775.56658,1.5849259e+05,4.6256813e+01,5.4850723e+03,1.4204559e+01,1.6597795e+05,4.8428627e+01,0,nan,nan,nan,nan,1042.61270,2.7192471e-04,1775.56658,2.4266801e-04,-1.2316877e-02,3.4680437e-02
-0.02442244736403154,0.9970438153621214,0.00029211045590334236,1743.3159775528375,-3.1879104e-03,371422,1042.61619,1775.52322,1.5859605e+05,4.6475517e+01,6.2463462e+03,1.4567761e+01,1.6608019e+05,4.8657600e+01,0,nan,nan,nan,nan,1042.61619,2.7325682e-04,1775.52322,2.4407661e-04,-9.8402742e-03,-1.1358839e-02
-0.02409801184603566,0.9959956002413567,0.0002816244192086791,1921.2278219883574,3.1833458e-03,499514,471.02739,463.89040,1.6346816e+05,4.6157108e+01,2.5908091e+03,1.3468928e+01,1.6912111e+05,4.7820126e+01,0,nan,nan,nan,nan,471.02739,2.5901353e-04,463.89040,2.9385649e-04,2.9172037e-02,-1.0465222e-02
-0.024090785560702325,0.9960122053333779,0.00028361104116857817,1731.0465492146407,-3.1777939e-03,362588,1328.19986,1819.02332,1.5780972e+05,4.4866871e+01,4.0740332e+03,1.1664044e+01,1.6554842e+05,4.7139343e+01,0,nan,nan,nan,nan,1328.19986,2.6023531e-04,1819.02332,2.2969527e-04,-3.6999513e-03,4.4722363e-02
-0.023945748246205767,0.9961786709444325,0.0002855264803865142,1915.0930942519572,3.1752191e-03,495097,471.01931,463.90238,1.6371012e+05,4.6824703e+01,4.6598921e+03,1.4711584e+01,1.6925364e+05,4.8511776e+01,0,nan,nan,nan,nan,471.01931,2.6314071e-04,463.90238,2.9791653e-04,2.1595092e-02,2.0746794e-03
-0.02381958399018913,0.996160751447941,0.000281495164479986,1908.958340416213,3.1409932e-03,490680,470.99838,463.87293,1.6324194e+05,4.6125759e+01,2.5878108e+03,1.3456926e+01,1.6911188e+05,4.7787643e+01,0,nan,nan,nan,nan,470.99838,2.5885087e-04,463.87293,2.9461042e-04,-1.5944211e-03,-3.0114863e-02
-0.023741084774883348,0.99646989074026,0.0002820462495618614,1902.8235389154283,3.0591025e-03,486263,470.98793,463.86377,1.6340005e+05,4.6224037e+01,2.7766895e+03,1.3654586e+01,1.6919355e+05,4.7889462e+01,0,nan,nan,nan,nan,470.98793,2.5872077e-04,463.86377,2.9423699e-04,-1.2917263e-02,-3.9869789e-02
-0.023621112787168386,0.9969497936371398,0.0002843086072838408,1718.777258887414,-3.0290163e-03,353754,1328.21006,1818.98351,1.5732420e+05,4.4968418e+01,4.6794868e+03,1.1974135e+01,1.6567180e+05,4.7246029e+01,0,nan,nan,nan,nan,1328.21006,2.6199812e-04,1818.98351,2.3266187e-04,7.3584169e-03,5.9542066e-04
-0.023339184422638937,0.9954847060686933,0.00028236515282230144,1712.6426608157785,-2.9075358e-03,349337,1328.20557,1818.98374,1.5763675e+05,4.4702797e+01,3.4822490e+03,1.1364095e+01,1.6558305e+05,4.6966953e+01,0,nan,nan,nan,nan,1328.20557,2.5948288e-04,1818.98374,2.3055823e-04,3.9997343e-03,-6.8404479e-04
-0.023265008807356935,0.996262523429113,0.00029950583907285827,1761.7217749913943,-2.9377439e-03,384674,1042.62965,1775.57448,1.5880147e+05,4.7706898e+01,1.0698505e+04,1.6574350e+01,1.6614073e+05,4.9946796e+01,0,nan,nan,nan,nan,1042.62965,2.8236094e-04,1775.57448,2.5171938e-04,6.1756712e-03,4.4721279e-02
-0.02322527608544112,0.996062090287194,0.0002908252567197068,1755.5869347241162,-3.0585497e-03,380257,1042.61421,1775.56508,1.5858491e+05,4.6271580e+01,5.5112031e+03,1.4206918e+01,1.6591859e+05,4.8444088e+01,0,nan,nan,nan,nan,1042.61421,2.7187381e-04,1775.56508,2.4256599e-04,-1.1264759e-02,3.3358946e-02
-0.023033551417483977,0.9967395349706354,0.0002921495158531888,1743.317366448784,-3.1879027e-03,371423,1042.61352,1775.52626,1.5867570e+05,4.6481743e+01,6.2384355e+03,1.4577044e+01,1.6602955e+05,4.8664120e+01,0,nan,nan,nan,nan,1042.61352,2.7308028e-04,1775.52626,2.4378524e-04,-1.2563763e-02,-8.1955772e-03
-0.0227091249453224,0.9964650367429309,0.00028157285983646197,1921.229210875258,3.1833444e-03,499515,471.02064,463.87366,1.6344088e+05,4.6148651e+01,2.5921436e+03,1.3448455e+01,1.6920081e+05,4.7811367e+01,0,nan,nan,nan,nan,471.02064,2.5902179e-04,463.87366,2.9429031e-04,2.2662567e-02,-2.8949114e-02
-0.02270190542526473,0.9966971738608571,0.0002837881848304455,1731.047938094776,-3.1778021e-03,362589,1328.20311,1819.01851,1.5794462e+05,4.4895016e+01,4.0767598e+03,1.1670871e+01,1.6566270e+05,4.7168907e+01,0,nan,nan,nan,nan,1328.20311,2.6013123e-04,1819.01851,2.2985613e-04,4.0300007e-04,3.9556183e-02
-0.02255685552563591,0.9960618836488871,0.00028521025674950907,1915.0944831446777,3.1752235e-03,495098,471.01131,463.89366,1.6358112e+05,4.6772827e+01,4.6387202e+03,1.4645314e+01,1.6923373e+05,4.8458031e+01,0,nan,nan,nan,nan,471.01131,2.6278591e-04,463.89366,2.9823551e-04,1.3157425e-02,-7.3933881e-03
-0.022430681257673887,0.9965130757670978,0.0002816472489382924,1908.9597293189456,3.1410076e-03,490681,471.00287,463.87897,1.6337553e+05,4.6150669e+01,2.5832671e+03,1.3480371e+01,1.6917167e+05,4.7813457e+01,0,nan,nan,nan,nan,471.00287,2.5854332e-04,463.87897,2.9411240e-04,2.8440179e-03,-2.2818839e-02
-0.02235217435827508,0.9963875351400098,0.0002817746943858594,1902.824927825845,3.0591246e-03,486264,470.98491,463.85625,1.6325150e+05,4.6179520e+01,2.7814587e+03,1.3565989e+01,1.6917953e+05,4.7843342e+01,0,nan,nan,nan,nan,470.98491,2.5905145e-04,463.85625,2.9453664e-04,-1.6266365e-02,-4.9472574e-02
-0.022232247786405087,0.9963150327911194,0.00028413280133682126,1718.7786477524148,-3.0290396e-03,353755,1328.19995,1818.97926,1.5725092e+05,4.4940506e+01,4.6773130e+03,1.1934548e+01,1.6556591e+05,4.7216698e+01,0,nan,nan,nan,nan,1328.19995,2.6163840e-04,1818.97926,2.3223452e-04,-3.0736185e-03,-3.2692805e-03
-0.02195032850227074,0.9955865554619623,0.00028224895023429747,1712.644049671699,-2.9075681e-03,349338,1328.20395,1818.98344,1.5777064e+05,4.4684456e+01,3.4755535e+03,1.1289438e+01,1.6560020e+05,4.6947681e+01,0,nan,nan,nan,nan,1328.20395,2.5885706e-04,1818.98344,2.2971231e-04,1.1477770e-03,3.0953973e-04
-0.021876089344004868,0.9960666252631898,0.000299296576181067,1761.7231639108577,-2.9377127e-03,384675,1042.63320,1775.57407,1.5870417e+05,4.7673573e+01,1.0699379e+04,1.6546082e+01,1.6610811e+05,4.9911911e+01,0,nan,nan,nan,nan,1042.63320,2.8229941e-04,1775.57407,2.5177363e-04,9.5801782e-03,4.3768398e-02
-0.021836364771388617,0.9968849155825578,0.00029091808276589167,1755.5883236354302,-3.0585267e-03,380258,1042.61326,1775.56590,1.5868180e+05,4.6286331e+01,5.5054141e+03,1.4195960e+01,1.6605559e+05,4.8459530e+01,0,nan,nan,nan,nan,1042.61326,2.7186115e-04,1775.56590,2.4249930e-04,-1.2561435e-02,3.4680516e-02
-0.0216446557030846,0.9966796698685544,0.0002921108794486838,1743.3187553444984,-3.1878953e-03,371424,1042.61703,1775.50813,1.5859834e+05,4.6475609e+01,6.2638501e+03,1.4562951e+01,1.6601962e+05,4.8657700e+01,0,nan,nan,nan,nan,1042.61703,2.7298313e-04,1775.50813,2.4411919e-04,-8.2674511e-03,-2.7315730e-02
-0.02132023827834928,0.9965874408798807,0.00028173035178475367,1921.230599761925,3.1833427e-03,499516,471.02663,463.89982,1.6356744e+05,4.6174461e+01,2.5956877e+03,1.3478351e+01,1.6922159e+05,4.7838108e+01,0,nan,nan,nan,nan,471.02663,2.5913841e-04,463.89982,2.9377372e-04,2.9084584e-02,-9.1913191e-04
-0.02131302505699784,0.9965007940048177,0.0002835071707847027,1731.0493269751444,-3.1778100e-03,362590,1328.20699,1819.02864,1.5786477e+05,4.4850677e+01,4.0740271e+03,1.1607960e+01,1.6563050e+05,4.7122326e+01,0,nan,nan,nan,nan,1328.20699,2.6013903e-04,1819.02864,2.2962890e-04,4.4244793e-03,5.0253399e-02
-0.021167963036987203,0.9966715716743102,0.00028524116034525947,1915.0958720371664,3.1752277e-03,495099,471.01466,463.89743,1.6363145e+05,4.6777882e+01,4.6305356e+03,1.4650838e+01,1.6933727e+05,4.8463264e+01,0,nan,nan,nan,nan,471.01466,2.6294735e-04,463.89743,2.9816301e-04,1.6641587e-02,-3.6867014e-03
-0.021041778292328672,0.9963644268129994,0.00028146724072772284,1908.961118221911,3.1410223e-03,490682,471.00315,463.87768,1.6324673e+05,4.6121174e+01,2.6072703e+03,1.3426443e+01,1.6914644e+05,4.7782898e+01,0,nan,nan,nan,nan,471.00315,2.5892421e-04,463.87768,2.9427808e-04,2.4849800e-03,-2.4242224e-02
-0.02096326394166681,0.9963564416525049,0.0002819774998585898,1902.8263167362616,3.0591467e-03,486265,470.98546,463.85340,1.6333672e+05,4.6212742e+01,2.7799663e+03,1.3594178e+01,1.6917422e+05,4.7877766e+01,0,nan,nan,nan,nan,470.98546,2.5875834e-04,463.85340,2.9451426e-04,-1.5769083e-02,-5.1578034e-02
-0.02084338278564246,0.9965576704722775,0.00028413158959180926,1718.7800366174156,-3.0290629e-03,353756,1328.20647,1818.99390,1.5716947e+05,4.4940197e+01,4.6820366e+03,1.1974794e+01,1.6560581e+05,4.7216377e+01,0,nan,nan,nan,nan,1328.20647,2.6194970e-04,1818.99390,2.3236076e-04,3.6378636e-03,1.2018044e-02
-0.020561472581221433,0.9951805420847502,0.00028242482197697355,1712.64543852762,-2.9076005e-03,349339,1328.21071,1818.99226,1.5781864e+05,4.4712357e+01,3.4898723e+03,1.1330321e+01,1.6553288e+05,4.6976997e+01,0,nan,nan,nan,nan,1328.21071,2.5912467e-04,1818.99226,2.2944152e-04,8.2239155e-03,1.0821067e-02
-0.020487169648276904,0.9967753879720892,0.0002994506963145283,1761.7245528305534,-2.9376813e-03,384676,1042.63240,1775.57212,1.5880038e+05,4.7698135e+01,1.0723173e+04,1.6572651e+01,1.6622633e+05,4.9937622e+01,0,nan,nan,nan,nan,1042.63240,2.8221216e-04,1775.57212,2.5167674e-04,9.6134730e-03,4.1158110e-02
-0.02044745368993972,0.9965746930555618,0.000290805814080135,1755.5897125465117,-3.0585038e-03,380259,1042.61616,1775.57067,1.5855108e+05,4.6268444e+01,5.5172603e+03,1.4212952e+01,1.6600384e+05,4.8440807e+01,0,nan,nan,nan,nan,1042.61616,2.7193199e-04,1775.57067,2.4255532e-04,-8.8581033e-03,3.9441939e-02
-0.02025575975585525,0.9965485913075702,0.0002921799160118593,1743.3201442404456,-3.1878876e-03,371425,1042.61531,1775.52624,1.5859431e+05,4.6486610e+01,6.2577539e+03,1.4566706e+01,1.6599783e+05,4.8669212e+01,0,nan,nan,nan,nan,1042.61531,2.7333945e-04,1775.52624,2.4437200e-04,-9.7991144e-03,-8.4721567e-03
-0.019931351610466663,0.9967060786771156,0.00028179144789227127,1921.231988648593,3.1833411e-03,499517,471.02756,463.89159,1.6361241e+05,4.6184483e+01,2.5942356e+03,1.3484488e+01,1.6924173e+05,4.7848484e+01,0,nan,nan,nan,nan,471.02756,2.5915224e-04,463.89159,2.9359575e-04,2.9312614e-02,-8.8614030e-03
-0.019924144922242704,0.9971755838087469,0.00028371044172243614,1731.0507158552791,-3.1778181e-03,362591,1328.19812,1819.02048,1.5797956e+05,4.4882954e+01,4.0692812e+03,1.1660011e+01,1.6574309e+05,4.7156235e+01,0,nan,nan,nan,nan,1328.19812,2.5991819e-04,1819.02048,2.2962093e-04,-4.9329461e-03,4.1374974e-02
-0.019779070315507852,0.9959312632024345,0.00028517820874249955,1915.0972609298879,3.1752321e-03,495100,471.01274,463.89611,1.6354384e+05,4.6767536e+01,4.6391987e+03,1.4652298e+01,1.6921142e+05,4.8452549e+01,0,nan,nan,nan,nan,471.01274,2.6274481e-04,463.89611,2.9889136e-04,1.4468932e-02,-4.9799788e-03
-0.01965287556004114,0.9966012090906854,0.00028164226373441834,1908.9625071246433,3.1410367e-03,490683,470.99914,463.87469,1.6337380e+05,4.6149853e+01,2.6014414e+03,1.3495510e+01,1.6918662e+05,4.7812611e+01,0,nan,nan,nan,nan,470.99914,2.5852464e-04,463.87469,2.9383981e-04,-1.1765081e-03,-2.7878562e-02
-0.019574353757889185,0.9964532066831837,0.00028176677460907174,1902.8277056464453,3.0591686e-03,486266,470.98738,463.85432,1.6331005e+05,4.6178204e+01,2.7946953e+03,1.3549531e+01,1.6919061e+05,4.7841980e+01,0,nan,nan,nan,nan,470.98738,2.5866783e-04,463.85432,2.9420166e-04,-1.3986454e-02,-5.1018625e-02
-0.019454517784197378,0.9960356124772486,0.00028418477204910996,1718.781425482417,-3.0290862e-03,353757,1328.20088,1818.98305,1.5718339e+05,4.4948498e+01,4.6884985e+03,1.1991108e+01,1.6551864e+05,4.7225098e+01,0,nan,nan,nan,nan,1328.20088,2.6191285e-04,1818.98305,2.3221376e-04,-2.2106289e-03,1.1759154e-03
-0.01917261642643064,0.995832320463405,0.00028243840531922646,1712.6468273837747,-2.9076326e-03,349340,1328.20156,1818.97655,1.5787258e+05,4.4714561e+01,3.4855054e+03,1.1360682e+01,1.6564148e+05,4.6979313e+01,0,nan,nan,nan,nan,1328.20156,2.5889106e-04,1818.97655,2.2919649e-04,-9.2692947e-04,-6.2428289e-03
-0.019098250184924837,0.9963946441742613,0.0002992965198166721,1761.7259417500168,-2.9376501e-03,384677,1042.62784,1775.56960,1.5873905e+05,4.7673580e+01,1.0699155e+04,1.6541927e+01,1.6616286e+05,4.9911915e+01,0,nan,nan,nan,nan,1042.62784,2.8220541e-04,1775.56960,2.5168498e-04,4.0383302e-03,3.9230935e-02
-0.01905854237611493,0.9966923250894433,0.0002909263192229784,1755.5911014578255,-3.0584808e-03,380260,1042.61105,1775.56379,1.5858798e+05,4.6287598e+01,5.5405522e+03,1.4228066e+01,1.6602338e+05,4.8460861e+01,0,nan,nan,nan,nan,1042.61105,2.7224986e-04,1775.56379,2.4260447e-04,-1.4303993e-02,3.2371089e-02
-0.018866864041228837,0.996417279948131,0.0002920844498865934,1743.3215331361603,-3.1878802e-03,371426,1042.61787,1775.52121,1.5849347e+05,4.6471428e+01,6.2691675e+03,1.4573519e+01,1.6597600e+05,4.8653320e+01,0,nan,nan,nan,nan,1042.61787,2.7358098e-04,1775.52121,2.4411859e-04,-8.3215442e-03,-1.3662701e-02
-0.018542464709753403,0.9963886341928521,0.00028158894529951785,1921.2333775354937,3.1833397e-03,499518,471.01701,463.88294,1.6353316e+05,4.6151287e+01,2.5997432e+03,1.3442498e+01,1.6918783e+05,4.7814095e+01,0,nan,nan,nan,nan,471.01701,2.5889921e-04,463.88294,2.9368768e-04,1.8412422e-02,-1.9241244e-02
-0.018535264554656924,0.9957947956703609,0.00028354629283461433,1731.0521047356467,-3.1778261e-03,362592,1328.19856,1819.01572,1.5774534e+05,4.4857105e+01,4.0864900e+03,1.1644553e+01,1.6551403e+05,4.7129078e+01,0,nan,nan,nan,nan,1328.19856,2.6026639e-04,1819.01572,2.3030762e-04,-4.7709746e-03,3.5228584e-02
-0.018390177826859144,0.9968676227931655,0.00028533955173902145,1915.0986498223765,3.1752363e-03,495101,471.01260,463.90032,1.6376128e+05,4.6793980e+01,4.6362964e+03,1.4655329e+01,1.6937044e+05,4.8479942e+01,0,nan,nan,nan,nan,471.01260,2.6259598e-04,463.90032,2.9795757e-04,1.4312046e-02,-5.0192251e-04
-0.018263972594013467,0.9965099707613506,0.0002814764318174028,1908.9638960276093,3.1410514e-03,490684,470.99819,463.87626,1.6324383e+05,4.6122681e+01,2.6111934e+03,1.3432754e+01,1.6917112e+05,4.7784454e+01,0,nan,nan,nan,nan,470.99819,2.5895523e-04,463.87626,2.9444110e-04,-1.2456597e-03,-2.6893709e-02
-0.018185443341735663,0.9968301288949362,0.00028182422702534364,1902.8290945568615,3.0591907e-03,486267,470.99033,463.86091,1.6342186e+05,4.6187603e+01,2.7713091e+03,1.3548289e+01,1.6925458e+05,4.7851723e+01,0,nan,nan,nan,nan,470.99033,2.5869839e-04,463.86091,2.9403486e-04,-1.1061739e-02,-4.3373339e-02
-0.018065652782524585,0.9960900794341483,0.00028414223534943734,1718.7828143474187,-3.0291094e-03,353758,1328.20980,1818.99358,1.5721317e+05,4.4941650e+01,4.6750981e+03,1.1954910e+01,1.6552727e+05,4.7217907e+01,0,nan,nan,nan,nan,1328.20980,2.6202161e-04,1818.99358,2.3203406e-04,8.0152676e-03,1.1886524e-02
-0.017783760505381333,0.9953951748273164,0.00028240659058756666,1712.6482162396958,-2.9076650e-03,349341,1328.20729,1818.98931,1.5792364e+05,4.4709572e+01,3.4835632e+03,1.1298160e+01,1.6556897e+05,4.6974075e+01,0,nan,nan,nan,nan,1328.20729,2.5883765e-04,1818.98931,2.2876443e-04,4.3066819e-03,7.8377044e-03
-0.017709330721799806,0.996507035652377,0.0002994373024430284,1761.72733066948,-2.9376189e-03,384678,1042.63093,1775.57059,1.5876530e+05,4.7696007e+01,1.0735876e+04,1.6565998e+01,1.6618161e+05,4.9935394e+01,0,nan,nan,nan,nan,1042.63093,2.8242491e-04,1775.57059,2.5183454e-04,6.9027431e-03,4.0248737e-02
-0.01766963106183539,0.996599766834015,0.0002909898779752936,1755.5924903691398,-3.0584577e-03,380261,1042.61871,1775.56671,1.5864311e+05,4.6297695e+01,5.5273838e+03,1.4225335e+01,1.6600789e+05,4.8471428e+01,0,nan,nan,nan,nan,1042.61871,2.7175015e-04,1775.56671,2.4280825e-04,-6.7914282e-03,3.5245430e-02
-0.017477968094226526,0.9967296775275116,0.000292159018714337,1743.3229220321073,-3.1878725e-03,371427,1042.61699,1775.52293,1.5862391e+05,4.6483307e+01,6.2700986e+03,1.4581466e+01,1.6602808e+05,4.8665756e+01,0,nan,nan,nan,nan,1042.61699,2.7311334e-04,1775.52293,2.4392256e-04,-9.4303936e-03,-1.1479505e-02
-0.017153578042325535,0.9964715463794254,0.0002815480835939995,1921.234766422161,3.1833381e-03,499519,471.02893,463.89712,1.6340136e+05,4.6144592e+01,2.5911921e+03,1.3465903e+01,1.6920191e+05,4.7807159e+01,0,nan,nan,nan,nan,471.02893,2.5939720e-04,463.89712,2.9424357e-04,3.2043662e-02,-4.1282489e-03
-0.017146384418992966,0.996536090036343,0.0002836625850769306,1731.0534936157824,-3.1778342e-03,362593,1328.20120,1819.02111,1.5793091e+05,4.4875614e+01,4.0815930e+03,1.1672965e+01,1.6563767e+05,4.7148529e+01,0,nan,nan,nan,nan,1328.20120,2.5990288e-04,1819.02111,2.2945956e-04,-2.7651349e-03,4.2619016e-02
-0.017001285338210437,0.9963368115677259,0.0002853053524626995,1915.1000387148651,3.1752405e-03,495102,471.01405,463.88498,1.6367716e+05,4.6788349e+01,4.6161855e+03,1.4659374e+01,1.6928019e+05,4.8474110e+01,0,nan,nan,nan,nan,471.01405,2.6281635e-04,463.88498,2.9821246e-04,1.5791310e-02,-1.7512886e-02
-0.016875069859906944,0.9967748912118986,0.00028158342315251223,1908.9652849303434,3.1410658e-03,490685,471.00278,463.87192,1.6333681e+05,4.6140209e+01,2.6049172e+03,1.3485848e+01,1.6921609e+05,4.7802616e+01,0,nan,nan,nan,nan,471.00278,2.5866469e-04,463.87192,2.9395788e-04,2.9356561e-03,-3.1287499e-02
-0.016796532925127394,0.9964157540002592,0.00028203308606900674,1902.830483467278,3.0592128e-03,486268,470.98298,463.85368,1.6328769e+05,4.6221825e+01,2.7888511e+03,1.3699712e+01,1.6918419e+05,4.7887177e+01,0,nan,nan,nan,nan,470.98298,2.5881088e-04,463.85368,2.9426996e-04,-1.7936487e-02,-5.1295243e-02
-0.016676787781080175,0.9968136808906759,0.0002842929169077984,1718.7842032124202,-3.0291327e-03,353759,1328.19753,1818.97782,1.5726325e+05,4.4965366e+01,4.6734326e+03,1.1950225e+01,1.6564708e+05,4.7242825e+01,0,nan,nan,nan,nan,1328.19753,2.6202446e-04,1818.97782,2.3290994e-04,-5.8258157e-03,-5.7078595e-03
-0.016394904352182493,0.9954571431383268,0.00028235309890224035,1712.649605095849,-2.9076971e-03,349342,1328.20809,1818.97754,1.5787194e+05,4.4701157e+01,3.4873918e+03,1.1269831e+01,1.6557947e+05,4.6965233e+01,0,nan,nan,nan,nan,1328.20809,2.5887176e-04,1818.97754,2.2954858e-04,4.7885319e-03,-5.1786196e-03
-0.016320411025844805,0.9961800380887733,0.0002995823163203591,1761.7287195891759,-2.9375874e-03,384679,1042.63258,1775.57374,1.5873891e+05,4.7719105e+01,1.0747342e+04,1.6602755e+01,1.6612708e+05,4.9959576e+01,0,nan,nan,nan,nan,1042.63258,2.8235867e-04,1775.57374,2.5205588e-04,9.7208899e-03,4.4050686e-02
-0.01628071974778356,0.9963501188464455,0.00029094149104638223,1755.5938792804538,-3.0584347e-03,380262,1042.61179,1775.56756,1.5855880e+05,4.6289978e+01,5.5440967e+03,1.4237603e+01,1.6596623e+05,4.8463348e+01,0,nan,nan,nan,nan,1042.61179,2.7206124e-04,1775.56756,2.4277692e-04,-1.3643534e-02,3.5972793e-02
-0.01608907237960011,0.9975674322356973,0.0002923381175052979,1743.324310927822,-3.1878650e-03,371428,1042.61389,1775.52171,1.5875114e+05,4.6511810e+01,6.2597612e+03,1.4620104e+01,1.6616767e+05,4.8695599e+01,0,nan,nan,nan,nan,1042.61389,2.7295999e-04,1775.52171,2.4397935e-04,-1.2009107e-02,-1.3069438e-02
-0.015764691375352413,0.9961927041000975,0.0002817324551995921,1921.236155308828,3.1833365e-03,499520,471.02002,463.88263,1.6342725e+05,4.6174805e+01,2.5897620e+03,1.3516417e+01,1.6915456e+05,4.7838463e+01,0,nan,nan,nan,nan,471.02002,2.5945625e-04,463.88263,2.9412293e-04,2.1883756e-02,-1.9038174e-02
-0.015757504283556045,0.9965703141254715,0.00028370117733214086,1731.0548824959178,-3.1778424e-03,362594,1328.20187,1819.02218,1.5792811e+05,4.4881836e+01,4.0810005e+03,1.1664003e+01,1.6564380e+05,4.7155064e+01,0,nan,nan,nan,nan,1328.20187,2.6021971e-04,1819.02218,2.2956781e-04,-1.6849778e-03,4.3729458e-02
-0.01561239261764058,0.9962361174297597,0.0002854956515290928,1915.1014276075857,3.1752449e-03,495103,471.01990,463.90690,1.6367362e+05,4.6819538e+01,4.6204448e+03,1.4714566e+01,1.6926300e+05,4.8506420e+01,0,nan,nan,nan,nan,471.01990,2.6288943e-04,463.90690,2.9816822e-04,2.1948660e-02,6.6909296e-03
-0.015486166893879272,0.9968917190972473,0.00028166692211244605,1908.9666738333094,3.1410805e-03,490686,470.99665,463.87993,1.6336612e+05,4.6153893e+01,2.5972864e+03,1.3497652e+01,1.6923592e+05,4.7816792e+01,0,nan,nan,nan,nan,470.99665,2.5876338e-04,463.87993,2.9402721e-04,-3.7740532e-03,-2.2042999e-02
-0.015407622741349769,0.9962731316044159,0.00028207502505961683,1902.8318723774619,3.0592347e-03,486269,470.99035,463.85385,1.6331848e+05,4.6228691e+01,2.7742776e+03,1.3721302e+01,1.6915994e+05,4.7894287e+01,0,nan,nan,nan,nan,470.99035,2.5869301e-04,463.85385,2.9438696e-04,-1.0542189e-02,-5.0865989e-02
-0.015287922779634418,0.9961137344507733,0.00028420727955275526,1718.7855920774216,-3.0291560e-03,353760,1328.20605,1818.98643,1.5725222e+05,4.4951698e+01,4.6761680e+03,1.1968395e+01,1.6553033e+05,4.7228466e+01,0,nan,nan,nan,nan,1328.20605,2.6195866e-04,1818.98643,2.3198288e-04,3.4469161e-03,4.4177887e-03
-0.015006048431814297,0.9954862204454783,0.0002826176103367866,1712.6509939517694,-2.9077295e-03,349343,1328.20651,1818.99216,1.5782767e+05,4.4743084e+01,3.5008757e+03,1.1430843e+01,1.6558448e+05,4.7009281e+01,0,nan,nan,nan,nan,1328.20651,2.5913349e-04,1818.99216,2.2922455e-04,4.4546938e-03,1.0027984e-02
-0.014931491562492738,0.9964180863886971,0.0002995684085171327,1761.7301085086392,-2.9375562e-03,384680,1042.63199,1775.57433,1.5878948e+05,4.7716885e+01,1.0765220e+04,1.6596901e+01,1.6616677e+05,4.9957256e+01,0,nan,nan,nan,nan,1042.63199,2.8228803e-04,1775.57433,2.5192957e-04,8.8171968e-03,4.3694139e-02
-0.014891808433731057,0.9956177426339669,0.00029082041431227504,1755.595268191768,-3.0584116e-03,380263,1042.61377,1775.56580,1.5849972e+05,4.6270695e+01,5.5307197e+03,1.4210667e+01,1.6584417e+05,4.8443161e+01,0,nan,nan,nan,nan,1042.61377,2.7218499e-04,1775.56580,2.4273772e-04,-1.1181736e-02,3.5008300e-02
-0.01470017643237009,0.9973951936319558,0.0002924444669809312,1743.3256998237691,-3.1878573e-03,371429,1042.61654,1775.52564,1.5870800e+05,4.6528744e+01,6.2675000e+03,1.4654234e+01,1.6613902e+05,4.8713326e+01,0,nan,nan,nan,nan,1042.61654,2.7325150e-04,1775.52564,2.4403933e-04,-9.0363426e-03,-8.3405171e-03
-0.014375804475548648,0.9965122865676183,0.00028180561710026416,1921.2375441957279,3.1833351e-03,499521,471.02672,463.88417,1.6349875e+05,4.6186802e+01,2.5934714e+03,1.3566378e+01,1.6920883e+05,4.7850891e+01,0,nan,nan,nan,nan,471.02672,2.5913629e-04,463.88417,2.9391990e-04,2.8839113e-02,-1.7946282e-02
-0.014368623914606696,0.9968118204090465,0.0002837352049281415,1731.0562713762868,-3.1778503e-03,362595,1328.20240,1819.02261,1.5799192e+05,4.4887341e+01,4.0875029e+03,1.1660882e+01,1.6568436e+05,4.7160843e+01,0,nan,nan,nan,nan,1328.20240,2.6016979e-04,1819.02261,2.2934693e-04,-1.6588970e-03,4.4500876e-02
-0.01422350012944662,0.9960754023596513,0.0002852451780846819,1915.102816500074,3.1752491e-03,495104,471.01499,463.89533,1.6358580e+05,4.6778442e+01,4.6250728e+03,1.4678767e+01,1.6923561e+05,4.8463844e+01,0,nan,nan,nan,nan,471.01499,2.6297485e-04,463.89533,2.9796635e-04,1.7035818e-02,-5.6095482e-03
-0.014097264161591738,0.99697050979779,0.0002816262064108423,1908.9680627360417,3.1410949e-03,490687,471.00336,463.88091,1.6341312e+05,4.6147217e+01,2.5927637e+03,1.3471584e+01,1.6924930e+05,4.7809875e+01,0,nan,nan,nan,nan,471.00336,2.5852546e-04,463.88091,2.9391481e-04,3.6428196e-03,-2.0996522e-02
-0.0140187123247415,0.9959196750546898,0.0002817101563860131,1902.8332612878785,3.0592568e-03,486270,470.98728,463.85764,1.6327583e+05,4.6168888e+01,2.7811182e+03,1.3537961e+01,1.6909989e+05,4.7832329e+01,0,nan,nan,nan,nan,470.98728,2.5865497e-04,463.85764,2.9430308e-04,-1.4560550e-02,-4.6460290e-02
-0.013899057778190008,0.9959747021196335,0.0002842873055245976,1718.786980942423,-3.0291793e-03,353761,1328.21103,1818.99382,1.5725303e+05,4.4964241e+01,4.6953936e+03,1.1979570e+01,1.6550678e+05,4.7241638e+01,0,nan,nan,nan,nan,1328.21103,2.6206399e-04,1818.99382,2.3198422e-04,9.1559691e-03,1.2182362e-02
-0.01361719251076499,0.9955537891358763,0.00028248018332875516,1712.6523828076904,-2.9077618e-03,349344,1328.20216,1818.97681,1.5788531e+05,4.4721375e+01,3.4961982e+03,1.1322206e+01,1.6559591e+05,4.6986473e+01,0,nan,nan,nan,nan,1328.20216,2.5888471e-04,1818.97681,2.3007240e-04,-5.6536938e-04,-7.1224538e-03
-0.013542572099595418,0.9963315172474037,0.0002995291416350975,1761.731497428102,-2.9375250e-03,384681,1042.63190,1775.57104,1.5880772e+05,4.7710632e+01,1.0760809e+04,1.6585188e+01,1.6615231e+05,4.9950703e+01,0,nan,nan,nan,nan,1042.63190,2.8239228e-04,1775.57104,2.5180497e-04,8.4435279e-03,4.1559596e-02
-0.013502897119451518,0.9960450727281571,0.0002908862498612112,1755.5966571030822,-3.0583886e-03,380264,1042.61085,1775.56719,1.5854238e+05,4.6281147e+01,5.5598530e+03,1.4237232e+01,1.6591528e+05,4.8454105e+01,0,nan,nan,nan,nan,1042.61085,2.7190920e-04,1775.56719,2.4257683e-04,-1.4249030e-02,3.6005188e-02
-0.013311280717971385,0.9967672187524002,0.0002921283395338542,1743.3270887194835,-3.1878499e-03,371430,1042.61147,1775.52775,1.5860559e+05,4.6478455e+01,6.2600181e+03,1.4576024e+01,1.6603445e+05,4.8660679e+01,0,nan,nan,nan,nan,1042.61147,2.7328168e-04,1775.52775,2.4406114e-04,-1.3931266e-02,-6.7125121e-03
-0.012986917807666032,0.9965385414833312,0.0002816222236172865,1921.2389330823958,3.1833334e-03,499522,471.02738,463.89255,1.6354905e+05,4.6156746e+01,2.6009458e+03,1.3434674e+01,1.6921330e+05,4.7819752e+01,0,nan,nan,nan,nan,471.02738,2.5909342e-04,463.89255,2.9375768e-04,2.9536292e-02,-7.6935394e-03
-0.012979743778259608,0.9960604681490837,0.0002836567701788111,1731.057660256423,-3.1778584e-03,362596,1328.20257,1819.02289,1.5781822e+05,4.4875050e+01,4.0931941e+03,1.1671596e+01,1.6555991e+05,4.7147930e+01,0,nan,nan,nan,nan,1328.20257,2.6026159e-04,1819.02289,2.2980350e-04,-5.2881107e-04,4.4494834e-02
-0.012834607640797913,0.9960751927745595,0.0002852983478639991,1915.1042053925626,3.1752533e-03,495105,471.00899,463.88971,1.6346841e+05,4.6787136e+01,4.6087368e+03,1.4695872e+01,1.6923548e+05,4.8472851e+01,0,nan,nan,nan,nan,471.00899,2.6329214e-04,463.88971,2.9903548e-04,1.0667562e-02,-1.2096927e-02
-0.012708361196246524,0.9965389076731701,0.0002815628425510374,1908.969451639007,3.1411096e-03,490688,470.99956,463.86536,1.6337575e+05,4.6136829e+01,2.6069260e+03,1.3436244e+01,1.6917602e+05,4.7799118e+01,0,nan,nan,nan,nan,470.99956,2.5861294e-04,463.86536,2.9372066e-04,-1.0705774e-03,-3.7597679e-02
-0.012629801908360268,0.9967542070189086,0.0002820181776727759,1902.8346501982949,3.0592789e-03,486271,470.98411,463.85133,1.6332825e+05,4.6219360e+01,2.7909482e+03,1.3644532e+01,1.6924155e+05,4.7884617e+01,0,nan,nan,nan,nan,470.98411,2.5875983e-04,463.85133,2.9486752e-04,-1.6843138e-02,-5.3478133e-02
-0.012510192776744252,0.9962331862164485,0.00028425691664361326,1718.7883698074245,-3.0292026e-03,353762,1328.19866,1818.98349,1.5726397e+05,4.4959309e+01,4.6833584e+03,1.2003582e+01,1.6554928e+05,4.7236458e+01,0,nan,nan,nan,nan,1328.19866,2.6170732e-04,1818.98349,2.3206472e-04,-4.3799621e-03,8.8623929e-04
-0.012228336356883692,0.9957833836967077,0.0002824328817304879,1712.6537716638443,-2.9077940e-03,349345,1328.21361,1818.99165,1.5795042e+05,4.4713928e+01,3.5123850e+03,1.1295944e+01,1.6563427e+05,4.6978653e+01,0,nan,nan,nan,nan,1328.21361,2.5907531e-04,1818.99165,2.2921723e-04,1.1634137e-02,1.0125530e-02
-0.012153652403412707,0.9962425615831545,0.0002994910537144372,1761.7328863477983,-2.9374936e-03,384682,1042.63134,1775.57089,1.5871105e+05,4.7704556e+01,1.0806205e+04,1.6598793e+01,1.6613745e+05,4.9944344e+01,0,nan,nan,nan,nan,1042.63134,2.8267555e-04,1775.57089,2.5191545e-04,8.4929941e-03,4.0146708e-02
-0.01211398603845737,0.9969959712806253,0.0002908734882444622,1755.5980460141632,-3.0583658e-03,380265,1042.61112,1775.56357,1.5866183e+05,4.6279095e+01,5.5448442e+03,1.4197441e+01,1.6607359e+05,4.8451958e+01,0,nan,nan,nan,nan,1042.61112,2.7179497e-04,1775.56357,2.4244745e-04,-1.4389426e-02,3.1754915e-02
-0.011922384771423822,0.9961495002772308,0.0002921732904958258,1743.32847761543,-3.1878422e-03,371431,1042.61873,1775.51765,1.5849892e+05,4.6485622e+01,6.2563696e+03,1.4621948e+01,1.6593159e+05,4.8668179e+01,0,nan,nan,nan,nan,1042.61873,2.7335415e-04,1775.51765,2.4415288e-04,-6.6803689e-03,-1.7197931e-02
-0.011598031138873921,0.9965267577528052,0.0002814992180981194,1921.2403219690646,3.1833318e-03,499523,471.01887,463.88363,1.6345031e+05,4.6136589e+01,2.5893755e+03,1.3427165e+01,1.6921130e+05,4.7798866e+01,0,nan,nan,nan,nan,471.01887,2.5929316e-04,463.88363,2.9387459e-04,2.0222539e-02,-1.8424036e-02
-0.011590863410674501,0.9965230300339672,0.0002836204333266786,1731.0590491367907,-3.1778663e-03,362597,1328.20196,1819.02436,1.5783369e+05,4.4869408e+01,4.0946973e+03,1.1665574e+01,1.6563722e+05,4.7142010e+01,0,nan,nan,nan,nan,1328.20196,2.6022439e-04,1819.02436,2.2986051e-04,-1.4165946e-03,4.5624975e-02
-0.011445714919546272,0.9962903523940934,0.000285505917245802,1915.1055942852838,3.1752577e-03,495106,471.01931,463.89716,1.6355572e+05,4.6821152e+01,4.6072783e+03,1.4825540e+01,1.6927195e+05,4.8508095e+01,0,nan,nan,nan,nan,471.01931,2.6288000e-04,463.89716,2.9864025e-04,2.1303313e-02,-3.5112274e-03
-0.01131945846373128,0.9959904530345766,0.00028155245960190055,1908.9708405417396,3.1411240e-03,490689,470.99853,463.88426,1.6329498e+05,4.6135128e+01,2.5947324e+03,1.3482362e+01,1.6908291e+05,4.7797356e+01,0,nan,nan,nan,nan,470.99853,2.5859164e-04,463.88426,2.9375023e-04,-1.8487311e-03,-1.6797880e-02
-0.0112408917252651,0.9965492336403583,0.0002818966307702765,1902.836039108478,3.0593008e-03,486272,470.98871,463.85994,1.6335044e+05,4.6199425e+01,2.7886660e+03,1.3596678e+01,1.6920672e+05,4.7863972e+01,0,nan,nan,nan,nan,470.98871,2.5890963e-04,463.85994,2.9410963e-04,-1.1697129e-02,-4.4592004e-02
-0.011121327775072132,0.996111628657978,0.0002842135313993073,1718.7897586724262,-3.0292259e-03,353763,1328.21087,1818.98922,1.5721289e+05,4.4952320e+01,4.6937505e+03,1.1961235e+01,1.6552862e+05,4.7229118e+01,0,nan,nan,nan,nan,1328.21087,2.6217883e-04,1818.98922,2.3211994e-04,8.5752327e-03,7.9578366e-03
-0.010839480436288459,0.9954412986570187,0.000282536925967503,1712.6551605197649,-2.9078263e-03,349346,1328.20450,1818.98574,1.5792483e+05,4.4730446e+01,3.5012515e+03,1.1390091e+01,1.6557753e+05,4.6996006e+01,0,nan,nan,nan,nan,1328.20450,2.5871641e-04,1818.98574,2.2893189e-04,9.5512904e-04,3.4708299e-03
-0.010764732940287677,0.9961201448384703,0.00029958262069961254,1761.7342752672614,-2.9374624e-03,384683,1042.63261,1775.57187,1.5872908e+05,4.7719131e+01,1.0802920e+04,1.6599497e+01,1.6611700e+05,4.9959602e+01,0,nan,nan,nan,nan,1042.63261,2.8264866e-04,1775.57187,2.5203751e-04,9.6602067e-03,4.1781548e-02
-0.01072507472417783,0.9963938371834542,0.0002910433322824913,1755.5994349254775,-3.0583427e-03,380266,1042.61635,1775.56792,1.5860258e+05,4.6306099e+01,5.5697471e+03,1.4238194e+01,1.6597322e+05,4.8480228e+01,0,nan,nan,nan,nan,1042.61635,2.7207335e-04,1775.56792,2.4282973e-04,-9.1818096e-03,3.7081745e-02
-0.010533489057706902,0.9960908112820386,0.0002921115903696115,1743.3298665111438,-3.1878348e-03,371432,1042.61384,1775.52071,1.5849034e+05,4.6475815e+01,6.2877441e+03,1.4584212e+01,1.6592186e+05,4.8657913e+01,0,nan,nan,nan,nan,1042.61384,2.7343049e-04,1775.52071,2.4423545e-04,-1.2033754e-02,-1.4195258e-02
-0.010209144238160661,0.9961158476481136,0.0002816022900145652,1921.2417108559653,3.1833304e-03,499524,471.02229,463.88783,1.6351388e+05,4.6153484e+01,2.5951904e+03,1.3442385e+01,1.6914153e+05,4.7816368e+01,0,nan,nan,nan,nan,471.02229,2.5905282e-04,463.88783,2.9376155e-04,2.4302630e-02,-1.3938833e-02
-0.010201983275920038,0.9970851556527266,0.0002836919391660328,1731.0604380169254,-3.1778745e-03,362598,1328.20152,1819.02269,1.5803719e+05,4.4880840e+01,4.1019355e+03,1.1637800e+01,1.6573108e+05,4.7154015e+01,0,nan,nan,nan,nan,1328.20152,2.5981714e-04,1819.02269,2.2931653e-04,-1.4898127e-03,4.4407021e-02
-0.010056822431124601,0.9964855216571281,0.00028513559837499034,1915.1069831777722,3.1752619e-03,495107,471.01284,463.89000,1.6361658e+05,4.6760395e+01,4.6026416e+03,1.4609791e+01,1.6930502e+05,4.8445148e+01,0,nan,nan,nan,nan,471.01284,2.6264967e-04,463.89000,2.9850801e-04,1.4740872e-02,-1.1437393e-02
-0.009930555730079504,0.9960189239553623,0.0002816419545855395,1908.9722294444732,3.1411385e-03,490690,471.00219,463.88592,1.6330881e+05,4.6149792e+01,2.5836958e+03,1.3526073e+01,1.6908773e+05,4.7812546e+01,0,nan,nan,nan,nan,471.00219,2.5862455e-04,463.88592,2.9379761e-04,1.8050793e-03,-1.5789738e-02
-0.009851981309566327,0.9962667694937793,0.00028207251305771536,1902.8374280188937,3.0593229e-03,486273,470.98809,463.85921,1.6329981e+05,4.6228245e+01,2.7868555e+03,1.3709685e+01,1.6915872e+05,4.7893826e+01,0,nan,nan,nan,nan,470.98809,2.5877668e-04,463.85921,2.9429590e-04,-1.2997678e-02,-4.5185976e-02
-0.009732462774309506,0.9957412485583564,0.00028401294032937046,1718.791147537427,-3.0292491e-03,353764,1328.20304,1818.98122,1.5699762e+05,4.4920471e+01,4.6918174e+03,1.1966975e+01,1.6546661e+05,4.7195656e+01,0,nan,nan,nan,nan,1328.20304,2.6229938e-04,1818.98122,2.3281135e-04,5.2049360e-04,-1.7861256e-03
-0.009450624282408508,0.996090140283127,0.00028254330519268027,1712.6565493759188,-2.9078585e-03,349347,1328.21386,1818.99186,1.5795366e+05,4.4731506e+01,3.4918784e+03,1.1319802e+01,1.6568562e+05,4.6997116e+01,0,nan,nan,nan,nan,1328.21386,2.5912558e-04,1818.99186,2.2913453e-04,1.1930658e-02,9.7710965e-03
-0.00937581347716332,0.9956625131938551,0.0002994933199772857,1761.7356641867245,-2.9374312e-03,384684,1042.63315,1775.57214,1.5867850e+05,4.7704895e+01,1.0820259e+04,1.6614151e+01,1.6604064e+05,4.9944698e+01,0,nan,nan,nan,nan,1042.63315,2.8258926e-04,1775.57214,2.5194223e-04,9.6749542e-03,4.2518213e-02
-0.00933616340989829,0.9966306589142011,0.0002909300340526938,1755.6008238367917,-3.0583197e-03,380267,1042.61292,1775.56317,1.5860116e+05,4.6288052e+01,5.5716016e+03,1.4246672e+01,1.6601259e+05,4.8461334e+01,0,nan,nan,nan,nan,1042.61292,2.7180676e-04,1775.56317,2.4256883e-04,-1.2294400e-02,3.1659059e-02
-0.009144593110249843,0.9966920497781983,0.00029214932754614674,1743.3312554070912,-3.1878271e-03,371433,1042.61453,1775.52293,1.5851073e+05,4.6481827e+01,6.2882432e+03,1.4561420e+01,1.6602205e+05,4.8664207e+01,0,nan,nan,nan,nan,1042.61453,2.7364973e-04,1775.52293,2.4446234e-04,-1.1751478e-02,-1.1453182e-02
-0.00882025757118754,0.9963080118774452,0.0002816573663975663,1921.2430997426322,3.1833288e-03,499525,471.02376,463.88938,1.6343909e+05,4.6162514e+01,2.5888394e+03,1.3502239e+01,1.6917417e+05,4.7825726e+01,0,nan,nan,nan,nan,471.02376,2.5913725e-04,463.88938,2.9433775e-04,2.5963232e-02,-1.2189680e-02
-0.0088131029076518,0.9968019446425641,0.0002837619936256746,1731.0618268972937,-3.1778824e-03,362599,1328.20288,1819.02111,1.5798211e+05,4.4892036e+01,4.0908271e+03,1.1688021e+01,1.6568442e+05,4.7165779e+01,0,nan,nan,nan,nan,1328.20288,2.5982730e-04,1819.02111,2.2961949e-04,-7.1788445e-04,4.2698428e-02
-0.00866792970964525,0.9962465122358455,0.0002852462940374839,1915.1083720704937,3.1752663e-03,495108,471.01518,463.90577,1.6368995e+05,4.6778519e+01,4.5966802e+03,1.4649370e+01,1.6926431e+05,4.8463928e+01,0,nan,nan,nan,nan,471.01518,2.6264854e-04,463.90577,2.9765689e-04,1.6911119e-02,5.6861611e-03
-0.008541652763142338,0.9968317921917308,0.00028162691363414744,1908.9736183474402,3.1411531e-03,490691,471.00147,463.88070,1.6345012e+05,4.6147324e+01,2.5894468e+03,1.3460526e+01,1.6922572e+05,4.7809990e+01,0,nan,nan,nan,nan,471.00147,2.5849437e-04,463.88070,2.9377142e-04,1.2983890e-03,-2.1126449e-02
-0.008463071125788701,0.9964649253530309,0.00028186286363050947,1902.8388169290774,3.0593448e-03,486274,470.98687,463.86166,1.6334552e+05,4.6193878e+01,2.7669714e+03,1.3586922e+01,1.6919233e+05,4.7858219e+01,0,nan,nan,nan,nan,470.98687,2.5865732e-04,463.86166,2.9429427e-04,-1.4190277e-02,-4.2137638e-02
-0.008343597773546207,0.9964410081727524,0.0002842523490953925,1718.7925364024277,-3.0292724e-03,353765,1328.20110,1818.98267,1.5715627e+05,4.4958210e+01,4.7010005e+03,1.2035203e+01,1.6558242e+05,4.7235302e+01,0,nan,nan,nan,nan,1328.20110,2.6199853e-04,1818.98267,2.3289703e-04,-1.7223394e-03,-9.6316112e-04
-0.00806176836067607,0.9950988364379632,0.0002823479796213739,1712.6579382318405,-2.9078908e-03,349348,1328.20129,1818.97827,1.5776739e+05,4.4700619e+01,3.5043635e+03,1.1347383e+01,1.6552089e+05,4.6964668e+01,0,nan,nan,nan,nan,1328.20129,2.5924688e-04,1818.97827,2.2953964e-04,-1.2603166e-03,-4.4241827e-03
-0.007986893780980608,0.9962681260966592,0.0002996410765481671,1761.7370531064207,-2.9373998e-03,384685,1042.63184,1775.57471,1.5869864e+05,4.7728413e+01,1.0820188e+04,1.6621302e+01,1.6614158e+05,4.9969322e+01,0,nan,nan,nan,nan,1042.63184,2.8278845e-04,1775.57471,2.5236857e-04,8.4625306e-03,4.4513367e-02
-0.007947252096073498,0.9959632204195907,0.0002910400526337572,1755.6022127481056,-3.0582966e-03,380268,1042.61092,1775.56523,1.5849042e+05,4.6305534e+01,5.5862402e+03,1.4292192e+01,1.6590134e+05,4.8479637e+01,0,nan,nan,nan,nan,1042.61092,2.7244340e-04,1775.56523,2.4283293e-04,-1.4549127e-02,3.4262598e-02
-0.007755697163020495,0.9963056450879345,0.00029220350790960407,1743.3326443030385,-3.1878194e-03,371434,1042.61535,1775.51768,1.5844273e+05,4.6490459e+01,6.3252393e+03,1.4617699e+01,1.6595772e+05,4.8673244e+01,0,nan,nan,nan,nan,1042.61535,2.7353811e-04,1775.51768,2.4459598e-04,-9.7252028e-03,-1.7085483e-02
-0.007431370903759671,0.9966494766844792,0.0002818353172315439,1921.2444886292997,3.1833271e-03,499526,471.02455,463.88984,1.6353977e+05,4.6191685e+01,2.6068350e+03,1.3494982e+01,1.6923217e+05,4.7855946e+01,0,nan,nan,nan,nan,471.02455,2.5921187e-04,463.88984,2.9412555e-04,2.6388565e-02,-1.0802188e-02
-0.007424222772215553,0.9964748990599918,0.00028377128129135495,1731.0632157774291,-3.1778906e-03,362600,1328.20597,1819.01854,1.5793380e+05,4.4893623e+01,4.0984844e+03,1.1661983e+01,1.6563048e+05,4.7167446e+01,0,nan,nan,nan,nan,1328.20597,2.6016493e-04,1819.01854,2.2993726e-04,2.9059879e-03,3.9386746e-02
-0.00727903722145129,0.9968615187953006,0.00028526554798483284,1915.109760962982,3.1752705e-03,495109,471.01493,463.88664,1.6367309e+05,4.6781651e+01,4.5816943e+03,1.4663251e+01,1.6936870e+05,4.8467171e+01,0,nan,nan,nan,nan,471.01493,2.6267659e-04,463.88664,2.9823990e-04,1.6285833e-02,-1.5504547e-02
-0.007152750030854804,0.9970633816039367,0.0002816443016287646,1908.9750072501724,3.1411676e-03,490692,470.99791,463.86972,1.6342553e+05,4.6150173e+01,2.5916606e+03,1.3428473e+01,1.6926503e+05,4.7812939e+01,0,nan,nan,nan,nan,470.99791,2.5883503e-04,463.86972,2.9412113e-04,-2.3616827e-03,-3.3437848e-02
-0.007074160708270938,0.9963717167706495,0.0002817882055597585,1902.840205839495,3.0593670e-03,486275,470.98775,463.85573,1.6332748e+05,4.6181629e+01,2.7786750e+03,1.3553053e+01,1.6917647e+05,4.7845531e+01,0,nan,nan,nan,nan,470.98775,2.5878876e-04,463.85573,2.9439689e-04,-1.3090992e-02,-4.9581725e-02
-0.00695473253904277,0.9959266029975545,0.00028431098305590076,1718.7939252676622,-3.0292955e-03,353766,1328.20684,1818.98630,1.5717956e+05,4.4967354e+01,4.6980234e+03,1.1994739e+01,1.6549647e+05,4.7244911e+01,0,nan,nan,nan,nan,1328.20684,2.6213334e-04,1818.98630,2.3248579e-04,4.2185425e-03,3.7709831e-03
-0.006672912206568408,0.9950481520584532,0.0002824054235111269,1712.6593270879946,-2.9079230e-03,349349,1328.20635,1818.97880,1.5792453e+05,4.4709751e+01,3.5043708e+03,1.1299573e+01,1.6551261e+05,4.6974266e+01,0,nan,nan,nan,nan,1328.20635,2.5887191e-04,1818.97880,2.2905249e-04,3.8702665e-03,-3.4981668e-03
-0.006597974318083288,0.9964190485056631,0.00029973763305677644,1761.7384420258836,-2.9373686e-03,384686,1042.63674,1775.57631,1.5869945e+05,4.7743774e+01,1.0838157e+04,1.6670940e+01,1.6616669e+05,4.9985405e+01,0,nan,nan,nan,nan,1042.63674,2.8279706e-04,1775.57631,2.5228836e-04,1.3952871e-02,4.6259418e-02
-0.006558340781793959,0.9956423462015849,0.0002909377293252537,1755.6036016594198,-3.0582736e-03,380269,1042.61685,1775.56681,1.5850881e+05,4.6289230e+01,5.5799814e+03,1.4258612e+01,1.6584781e+05,4.8462570e+01,0,nan,nan,nan,nan,1042.61685,2.7200973e-04,1775.56681,2.4273845e-04,-8.7251281e-03,3.6142174e-02
-0.006366801448621118,0.9964810703694758,0.0002923645751362086,1743.3340331987529,-3.1878119e-03,371435,1042.61323,1775.51738,1.5858111e+05,4.6516094e+01,6.3406558e+03,1.4654096e+01,1.6598697e+05,4.8700085e+01,0,nan,nan,nan,nan,1042.61323,2.7349105e-04,1775.51738,2.4424458e-04,-1.2640848e-02,-1.7547829e-02
-0.006042484003955906,0.9965514032440898,0.0002817107867002472,1921.2458775161995,3.1833258e-03,499527,471.02557,463.88864,1.6352022e+05,4.6171276e+01,2.5853416e+03,1.3458695e+01,1.6921553e+05,4.7834805e+01,0,nan,nan,nan,nan,471.02557,2.5925666e-04,463.88864,2.9392075e-04,2.7835654e-02,-1.2463272e-02
-0.0060353424037202785,0.9965195712697713,0.00028357106326482354,1731.0646046577976,-3.1778985e-03,362601,1328.19383,1819.01944,1.5791100e+05,4.4862064e+01,4.1119912e+03,1.1604462e+01,1.6563833e+05,4.7134285e+01,0,nan,nan,nan,nan,1328.19383,2.5999395e-04,1819.01944,2.2959182e-04,-9.9107977e-03,4.0366121e-02
-0.005890144733712077,0.9959161201457936,0.0002852283805167067,1915.1111498554696,3.1752747e-03,495110,471.01046,463.89687,1.6353652e+05,4.6775524e+01,4.5787231e+03,1.4688119e+01,1.6920797e+05,4.8460823e+01,0,nan,nan,nan,nan,471.01046,2.6290433e-04,463.89687,2.9842052e-04,1.2619196e-02,-3.8946336e-03
-0.00576384706528188,0.9974430624080844,0.00028158655530177837,1908.976396153138,3.1411822e-03,490693,470.99597,463.87582,1.6350202e+05,4.6140709e+01,2.6168389e+03,1.3418248e+01,1.6932948e+05,4.7803135e+01,0,nan,nan,nan,nan,470.99597,2.5827045e-04,463.87582,2.9353870e-04,-5.3733601e-03,-2.6422976e-02
-0.005685250291662669,0.9966259044208742,0.0002820458453657832,1902.8415947499116,3.0593891e-03,486276,470.98226,463.85854,1.6341017e+05,4.6223846e+01,2.7807791e+03,1.3626249e+01,1.6921959e+05,4.7889267e+01,0,nan,nan,nan,nan,470.98226,2.5890695e-04,463.85854,2.9427998e-04,-1.8572981e-02,-4.6413686e-02
-0.00556586753759836,0.9958193695299121,0.00028425032493778485,1718.7953141326636,-3.0293188e-03,353767,1328.20093,1818.98329,1.5725445e+05,4.4957634e+01,4.6920073e+03,1.1974721e+01,1.6547817e+05,4.7234695e+01,0,nan,nan,nan,nan,1328.20093,2.6182190e-04,1818.98329,2.3212892e-04,-2.0482589e-03,6.9716532e-04
-0.005284056286200212,0.9960769189018369,0.00028262848569032584,1712.660715943915,-2.9079553e-03,349350,1328.20445,1818.98367,1.5809303e+05,4.4745113e+01,3.5101089e+03,1.1331030e+01,1.6568388e+05,4.7011414e+01,0,nan,nan,nan,nan,1328.20445,2.5888457e-04,1818.98367,2.2869572e-04,1.5262994e-03,1.8315873e-03
-0.005209054854731221,0.9961323049408329,0.00029976604328060694,1761.739830945347,-2.9373374e-03,384687,1042.63195,1775.57126,1.5876645e+05,4.7748280e+01,1.0864013e+04,1.6676113e+01,1.6611880e+05,4.9990120e+01,0,nan,nan,nan,nan,1042.63195,2.8264709e-04,1775.57126,2.5204409e-04,9.1146119e-03,4.0233113e-02
-0.005169429467969167,0.995965903543922,0.00029080045864445273,1755.6049905707337,-3.0582505e-03,380270,1042.61006,1775.56451,1.5844573e+05,4.6267365e+01,5.5927734e+03,1.4227748e+01,1.6590162e+05,4.8439678e+01,0,nan,nan,nan,nan,1042.61006,2.7212035e-04,1775.56451,2.4280323e-04,-1.5006478e-02,3.2814633e-02
-0.004977905501164059,0.9959098647849874,0.0002923309338215923,1743.3354220947003,-3.1878043e-03,371436,1042.62027,1775.52680,1.5855436e+05,4.6510750e+01,6.3847109e+03,1.4633921e+01,1.6589186e+05,4.8694489e+01,0,nan,nan,nan,nan,1042.62027,2.7346390e-04,1775.52680,2.4441339e-04,-4.6522208e-03,-7.1920496e-03
-0.00465359733607329,0.9962520930100446,0.0002818098598349571,1921.2472664028674,3.1833241e-03,499528,471.02414,463.88424,1.6347012e+05,4.6187515e+01,2.6091006e+03,1.3534893e+01,1.6916472e+05,4.7851631e+01,0,nan,nan,nan,nan,471.02414,2.5946961e-04,463.88424,2.9398146e-04,2.6236894e-02,-1.7658757e-02
-0.004646462268283358,0.9966795987323278,0.0002837829738262787,1731.065993537933,-3.1779066e-03,362602,1328.20335,1819.02107,1.5792798e+05,4.4895695e+01,4.1077383e+03,1.1673626e+01,1.6566534e+05,4.7169624e+01,0,nan,nan,nan,nan,1328.20335,2.6033053e-04,1819.02107,2.3015945e-04,-3.7545586e-04,4.1866750e-02
-0.004501252012687473,0.9959892095544776,0.00028524136559765224,1915.1125387481907,3.1752791e-03,495111,471.01714,463.90240,1.6359209e+05,4.6777626e+01,4.5713599e+03,1.4662367e+01,1.6922028e+05,4.8462997e+01,0,nan,nan,nan,nan,471.01714,2.6280567e-04,463.90240,2.9821563e-04,1.8693786e-02,1.4154754e-03
-0.004374944332994346,0.9964397771585649,0.0002815585306676941,1908.9777850558703,3.1411967e-03,490694,471.00077,463.87815,1.6334128e+05,4.6136108e+01,2.5958584e+03,1.3469325e+01,1.6915916e+05,4.7798374e+01,0,nan,nan,nan,nan,471.00077,2.5858672e-04,463.87815,2.9384936e-04,9.9498592e-04,-2.3748746e-02
-0.0042963401087945385,0.9964209307455395,0.0002819203399755321,1902.8429836600944,3.0594110e-03,486277,470.98883,463.85466,1.6338005e+05,4.6203262e+01,2.7802202e+03,1.3605371e+01,1.6918477e+05,4.7867947e+01,0,nan,nan,nan,nan,470.98883,2.5861798e-04,463.85466,2.9419854e-04,-1.1632463e-02,-5.0519068e-02
-0.004177002536152604,0.9957944087209638,0.0002841801612353006,1718.796702997665,-3.0293420e-03,353768,1328.20574,1818.99090,1.5704358e+05,4.4946396e+01,4.6906616e+03,1.2005140e+01,1.6547353e+05,4.7222897e+01,0,nan,nan,nan,nan,1328.20574,2.6246894e-04,1818.99090,2.3262661e-04,4.0322663e-03,8.8100135e-03
-0.0038952001330013713,0.9956111653730019,0.00028238490367315594,1712.6621048000682,-2.9079875e-03,349351,1328.20622,1818.98660,1.5776984e+05,4.4706589e+01,3.5078972e+03,1.1307513e+01,1.6560655e+05,4.6970936e+01,0,nan,nan,nan,nan,1328.20622,2.5922889e-04,1818.98660,2.2949123e-04,4.2827949e-03,4.2203316e-03
-0.00382013515854851,0.9957235186837088,0.00029960974822364,1761.7412198650431,-2.9373060e-03,384688,1042.62768,1775.56928,1.5867083e+05,4.7723358e+01,1.0871146e+04,1.6643295e+01,1.6605055e+05,4.9964031e+01,0,nan,nan,nan,nan,1042.62768,2.8278923e-04,1775.56928,2.5206906e-04,4.1106096e-03,3.8629901e-02
-0.003780518153689627,0.996826558610479,0.0002911771579650565,1755.606379482048,-3.0582275e-03,380271,1042.61304,1775.56621,1.5866389e+05,4.6327282e+01,5.5920288e+03,1.4269428e+01,1.6604491e+05,4.8502403e+01,0,nan,nan,nan,nan,1042.61304,2.7227597e-04,1775.56621,2.4294043e-04,-1.2815416e-02,3.4854613e-02
-0.003589009786992392,0.996523221822525,0.00029234740470214743,1743.3368109904145,-3.1877968e-03,371437,1042.61682,1775.52259,1.5855270e+05,4.6513382e+01,6.3737051e+03,1.4621195e+01,1.6599406e+05,4.8697243e+01,0,nan,nan,nan,nan,1042.61682,2.7364938e-04,1775.52259,2.4448821e-04,-8.7877065e-03,-1.2108397e-02
-0.0032647106681906735,0.9965753482700578,0.0002816651255141586,1921.2486552895352,3.1833225e-03,499529,471.02166,463.89479,1.6361217e+05,4.6163803e+01,2.5935583e+03,1.3426883e+01,1.6921962e+05,4.7827061e+01,0,nan,nan,nan,nan,471.02166,2.5879967e-04,463.89479,2.9359720e-04,2.2819934e-02,-5.9235366e-03
-0.0032575819006982515,0.9969250139742557,0.0002836518836110133,1731.0673824183007,-3.1779145e-03,362603,1328.20144,1819.01794,1.5796052e+05,4.4875072e+01,4.1097290e+03,1.1638541e+01,1.6570655e+05,4.7147953e+01,0,nan,nan,nan,nan,1328.20144,2.5999817e-04,1819.01794,2.2975526e-04,-1.9228903e-03,3.8384169e-02
-0.0031123595235840185,0.9965809977596273,0.000285303514324254,1915.1139276406798,3.1752833e-03,495112,471.01117,463.88913,1.6358572e+05,4.6787785e+01,4.5791343e+03,1.4691852e+01,1.6932070e+05,4.8473526e+01,0,nan,nan,nan,nan,471.01117,2.6257386e-04,463.88913,2.9863458e-04,1.2387426e-02,-1.2630942e-02
-0.0029860415997973178,0.9964145892814852,0.0002816557101737088,1908.9791739586035,3.1412111e-03,490695,471.00046,463.87986,1.6336255e+05,4.6152042e+01,2.6040354e+03,1.3477437e+01,1.6915488e+05,4.7814873e+01,0,nan,nan,nan,nan,471.00046,2.5886134e-04,463.87986,2.9380783e-04,6.6755095e-04,-2.1520929e-02
-0.0029074296928687277,0.9965302710106657,0.0002819774427895475,1902.8443725705104,3.0594331e-03,486278,470.98522,463.86204,1.6336786e+05,4.6212616e+01,2.7632393e+03,1.3605662e+01,1.6920330e+05,4.7877632e+01,0,nan,nan,nan,nan,470.98522,2.5886935e-04,463.86204,2.9429153e-04,-1.5908800e-02,-4.1752160e-02
-0.0027881375347081944,0.9969400747095916,0.00028426079442316196,1718.7980918626665,-3.0293653e-03,353769,1328.20463,1818.97997,1.5729302e+05,4.4959019e+01,4.7006763e+03,1.1971702e+01,1.6566342e+05,4.7236156e+01,0,nan,nan,nan,nan,1328.20463,2.6193069e-04,1818.97997,2.3238658e-04,2.4341033e-03,-2.4752675e-03
-0.0025063442119520646,0.9953344666365329,0.0002824203403202961,1712.6634936559892,-2.9080198e-03,349352,1328.20608,1818.98674,1.5790114e+05,4.4712234e+01,3.5164341e+03,1.1313022e+01,1.6556066e+05,4.6976868e+01,0,nan,nan,nan,nan,1328.20608,2.5882793e-04,1818.98674,2.2899786e-04,2.8201253e-03,4.9704728e-03
-0.00243121569565119,0.9958207233820526,0.00029969600402214396,1761.742608784506,-2.9372748e-03,384689,1042.63274,1775.57322,1.5865488e+05,4.7737076e+01,1.0875357e+04,1.6672251e+01,1.6606667e+05,4.9978390e+01,0,nan,nan,nan,nan,1042.63274,2.8294337e-04,1775.57322,2.5222707e-04,8.6493576e-03,4.3250486e-02
-0.0023916068403195823,0.9964459887930471,0.00029113825009987937,1755.6077683933613,-3.0582044e-03,380272,1042.60948,1775.56526,1.5859650e+05,4.6321064e+01,5.6147134e+03,1.4274264e+01,1.6598144e+05,4.8495899e+01,0,nan,nan,nan,nan,1042.60948,2.7216508e-04,1775.56526,2.4300785e-04,-1.6099153e-02,3.4332108e-02
-0.0022001138395353337,0.9963708172920592,0.0002924481805557108,1743.338199886362,-3.1877891e-03,371438,1042.61414,1775.52404,1.5857372e+05,4.6529423e+01,6.3926768e+03,1.4700500e+01,1.6596870e+05,4.8714039e+01,0,nan,nan,nan,nan,1042.61414,2.7346576e-04,1775.52404,2.4419808e-04,-1.1781957e-02,-1.0193805e-02
-0.0018758240003080573,0.9967460047044965,0.00028161791614942494,1921.2500441762031,3.1833209e-03,499530,471.02340,463.88510,1.6356388e+05,4.6156063e+01,2.5801111e+03,1.3454942e+01,1.6924862e+05,4.7819046e+01,0,nan,nan,nan,nan,471.02340,2.5893905e-04,463.88510,2.9388719e-04,2.5237706e-02,-1.6761286e-02
-0.001868701765260657,0.996585339422293,0.00028360553830882436,1731.068771298436,-3.1779227e-03,362604,1328.20243,1819.02688,1.5788816e+05,4.4867847e+01,4.1038501e+03,1.1648600e+01,1.6565050e+05,4.7140366e+01,0,nan,nan,nan,nan,1328.20243,2.6018434e-04,1819.02688,2.2969970e-04,-9.3550002e-04,4.8440922e-02
-0.0017234668011951726,0.996083515424607,0.0002852271873887654,1915.1153165334022,3.1752877e-03,495113,471.02088,463.90617,1.6334400e+05,4.6775230e+01,4.5752031e+03,1.4749949e+01,1.6923606e+05,4.8460522e+01,0,nan,nan,nan,nan,471.02088,2.6360949e-04,463.90617,2.9913947e-04,2.3701653e-02,5.4225381e-03
-0.0015971386328601511,0.9963819487700482,0.00028158794950269253,1908.9805628615704,3.1412258e-03,490696,470.99901,463.87091,1.6337847e+05,4.6140934e+01,2.6011450e+03,1.3456248e+01,1.6914933e+05,4.7803368e+01,0,nan,nan,nan,nan,470.99901,2.5845054e-04,463.87091,2.9383620e-04,-1.7325277e-03,-3.1478293e-02
-0.0015185192764874955,0.9963726862028345,0.0002818912008592332,1902.8457614809267,3.0594552e-03,486279,470.98818,463.85350,1.6331767e+05,4.6198475e+01,2.7816641e+03,1.3597954e+01,1.6917650e+05,4.7862984e+01,0,nan,nan,nan,nan,470.98818,2.5877944e-04,463.85350,2.9436368e-04,-1.2760266e-02,-5.1241975e-02
-0.0013992725332624375,0.9968657820203046,0.0002842959859993622,1718.799480727668,-3.0293886e-03,353770,1328.20622,1818.98678,1.5737766e+05,4.4964451e+01,4.6952759e+03,1.1941969e+01,1.6565058e+05,4.7241859e+01,0,nan,nan,nan,nan,1328.20622,2.6179932e-04,1818.98678,2.3199857e-04,3.6902181e-03,5.0256262e-03
-0.0011174880580707665,0.9960841124168262,0.0002824506989906342,1712.664882512143,-2.9080519e-03,349353,1328.20315,1818.98147,1.5786478e+05,4.4717072e+01,3.5120459e+03,1.1321256e+01,1.6568548e+05,4.6981956e+01,0,nan,nan,nan,nan,1328.20315,2.5912467e-04,1818.98147,2.2980537e-04,7.5378956e-04,-2.1452871e-03
-0.0010422959994684788,0.9963532581253395,0.00029976945679006603,1761.7439977042022,-2.9372433e-03,384690,1042.63107,1775.56527,1.5882895e+05,4.7748741e+01,1.0911090e+04,1.6649059e+01,1.6615538e+05,4.9990608e+01,0,nan,nan,nan,nan,1042.63107,2.8261536e-04,1775.56527,2.5204712e-04,8.0252904e-03,3.4714349e-02
-0.0010026955269495375,0.9965719428684283,0.0002910272046402254,1755.6091573046747,-3.0581814e-03,380273,1042.60999,1775.56664,1.5851884e+05,4.6303375e+01,5.6105322e+03,1.4289483e+01,1.6600233e+05,4.8477379e+01,0,nan,nan,nan,nan,1042.60999,2.7229005e-04,1775.56664,2.4293117e-04,-1.4859917e-02,3.4792006e-02
-0.0008112178923059859,0.9965514478318103,0.0002922844655388647,1743.3395887823092,-3.1877814e-03,371439,1042.61969,1775.52033,1.5856023e+05,4.6503384e+01,6.3795181e+03,1.4622972e+01,1.6599883e+05,4.8686779e+01,0,nan,nan,nan,nan,1042.61969,2.7349527e-04,1775.52033,2.4435518e-04,-6.2840087e-03,-1.5123258e-02
-0.0004869370995947975,0.9964878525188363,0.0002817204444050241,1921.2514330631038,3.1833195e-03,499531,471.02627,463.89132,1.6354128e+05,4.6172878e+01,2.5900806e+03,1.3510528e+01,1.6920481e+05,4.7836464e+01,0,nan,nan,nan,nan,471.02627,2.5908029e-04,463.89132,2.9348346e-04,2.8399251e-02,-9.5336530e-03
-0.0004798213960842717,0.9964244125521186,0.0002836504245662555,1731.0701601788053,-3.1779306e-03,362605,1328.20438,1819.02327,1.5785517e+05,4.4875061e+01,4.1041104e+03,1.1661277e+01,1.6562416e+05,4.7147942e+01,0,nan,nan,nan,nan,1328.20438,2.6046665e-04,1819.02327,2.3043356e-04,1.4878865e-03,4.3269459e-02
-0.0003345743134559598,0.9962701571900882,0.00028501508952228727,1915.11670542589,3.1752919e-03,495114,471.01493,463.90111,1.6354625e+05,4.6740421e+01,4.5542065e+03,1.4595253e+01,1.6926766e+05,4.8424450e+01,0,nan,nan,nan,nan,471.01493,2.6273532e-04,463.90111,2.9836659e-04,1.6542027e-02,5.5874488e-04
-0.00020823589989083337,0.9970236505778137,0.00028158134990100323,1908.9819517643034,3.1412402e-03,490697,470.99983,463.87560,1.6343447e+05,4.6139851e+01,2.5789070e+03,1.3453344e+01,1.6925827e+05,4.7802246e+01,0,nan,nan,nan,nan,470.99983,2.5842429e-04,463.87560,2.9373210e-04,-3.2594628e-04,-2.6617976e-02
-0.0001296090918003756,0.9966668720893751,0.0002820059910794455,1902.8471503911114,3.0594771e-03,486280,470.98551,463.85422,1.6343125e+05,4.6217274e+01,2.7685793e+03,1.3605539e+01,1.6922642e+05,4.7882462e+01,0,nan,nan,nan,nan,470.98551,2.5855316e-04,463.85422,2.9429322e-04,-1.5292455e-02,-5.1018316e-02
-1.0407531818027901e-05,0.9962359297642571,0.00028423964339112514,1718.8008695926694,-3.0294119e-03,353771,1328.21288,1818.99756,1.5724128e+05,4.4955402e+01,4.7009014e+03,1.1993994e+01,1.6554541e+05,4.7232353e+01,0,nan,nan,nan,nan,1328.21288,2.6193706e-04,1818.99756,2.3192742e-04,1.0325480e-02,1.6783154e-02
0.0002713678625244669,0.9964953970625796,0.0002826680415859064,1712.6662713680637,-2.9080843e-03,349354,1328.20693,1818.98216,1.5793034e+05,4.4751522e+01,3.5201296e+03,1.1384960e+01,1.6575402e+05,4.7018147e+01,0,nan,nan,nan,nan,1328.20693,2.5982884e-04,1818.98216,2.3027031e-04,4.8534456e-03,-8.0181955e-04
0.0003466234634288412,0.9956237619340395,0.0002996514019642716,1761.7453866236651,-2.9372121e-03,384691,1042.62995,1775.57342,1.5861958e+05,4.7729908e+01,1.0925114e+04,1.6655243e+01,1.6603362e+05,4.9970890e+01,0,nan,nan,nan,nan,1042.62995,2.8305984e-04,1775.57342,2.5218891e-04,6.9590583e-03,4.3555453e-02
0.00038621578733000206,0.9959262372781055,0.00029120250759773143,1755.610546215989,-3.0581583e-03,380274,1042.61328,1775.56637,1.5854241e+05,4.6331242e+01,5.6160693e+03,1.4330124e+01,1.6589469e+05,4.8506554e+01,0,nan,nan,nan,nan,1042.61328,2.7250548e-04,1775.56637,2.4289485e-04,-1.1906187e-02,3.5275858e-02
0.000577677822093392,0.9968079507245008,0.00029237037408717836,1743.3409776780236,-3.1877740e-03,371440,1042.61530,1775.53026,1.5861631e+05,4.6517059e+01,6.3592065e+03,1.4627691e+01,1.6604158e+05,4.8701096e+01,0,nan,nan,nan,nan,1042.61530,2.7340473e-04,1775.53026,2.4430308e-04,-1.0028623e-02,-4.0335977e-03
0.000901949567378324,0.9962349361940401,0.00028158524814425373,1921.2528219497708,3.1833178e-03,499532,471.02222,463.88605,1.6351997e+05,4.6150726e+01,2.6005554e+03,1.3437533e+01,1.6916189e+05,4.7813515e+01,0,nan,nan,nan,nan,471.02222,2.5891009e-04,463.88605,2.9370733e-04,2.4163565e-02,-1.5480707e-02
0.0009090587393533227,0.995899788334282,0.0002835116404166539,1731.0715490589407,-3.1779388e-03,362606,1328.19602,1819.01839,1.5769888e+05,4.4853210e+01,4.1076260e+03,1.1671358e+01,1.6553736e+05,4.7124989e+01,0,nan,nan,nan,nan,1328.19602,2.6017820e-04,1819.01839,2.3017245e-04,-8.0302171e-03,3.8938265e-02
0.0010543181745109635,0.9961680869357666,0.0002852228093769447,1915.1180943183779,3.1752961e-03,495115,471.01226,463.89823,1.6370862e+05,4.6774445e+01,4.5684473e+03,1.4633793e+01,1.6925019e+05,4.8459705e+01,0,nan,nan,nan,nan,471.01226,2.6267659e-04,463.89823,2.9763108e-04,1.4193598e-02,-2.1153332e-03
0.0011806670654550544,0.9970133067593654,0.00028170621324398687,1908.9833406672687,3.1412549e-03,490698,471.00127,463.88569,1.6339677e+05,4.6160309e+01,2.5802910e+03,1.3540530e+01,1.6925650e+05,4.7823441e+01,0,nan,nan,nan,nan,471.00127,2.5867540e-04,463.88569,2.9386711e-04,1.8871570e-03,-1.6152428e-02
0.0012593013248078933,0.9960634783153162,0.00028188965418124976,1902.848539301528,3.0594992e-03,486281,470.98795,463.85554,1.6322628e+05,4.6198196e+01,2.7806941e+03,1.3637332e+01,1.6912394e+05,4.7862698e+01,0,nan,nan,nan,nan,470.98795,2.5880997e-04,463.85554,2.9456039e-04,-1.2630504e-02,-4.9929373e-02
0.0013784574698547658,0.9962010921999234,0.00028416116577194365,1718.802258457671,-3.0294352e-03,353772,1328.20397,1818.98132,1.5712884e+05,4.4942852e+01,4.7058491e+03,1.2001493e+01,1.6553911e+05,4.7219170e+01,0,nan,nan,nan,nan,1328.20397,2.6195036e-04,1818.98132,2.3255493e-04,1.2789787e-03,-1.5279235e-03
0.0016602240157226333,0.9959662521082364,0.0002826857733488762,1712.667660224217,-2.9081164e-03,349355,1328.20335,1818.98467,1.5808025e+05,4.4754356e+01,3.5134683e+03,1.1351398e+01,1.6566612e+05,4.7021126e+01,0,nan,nan,nan,nan,1328.20335,2.5875994e-04,1818.98467,2.2878646e-04,-1.5762792e-04,3.0518908e-03
0.0017355429267809086,0.9960752600727597,0.0002996698031656452,1761.7467755431285,-2.9371809e-03,384692,1042.63049,1775.57057,1.5873073e+05,4.7732811e+01,1.0903670e+04,1.6630474e+01,1.6610880e+05,4.9973927e+01,0,nan,nan,nan,nan,1042.63049,2.8268763e-04,1775.57057,2.5225434e-04,6.7958101e-03,4.0122278e-02
0.0017751271011547942,0.9960709178405259,0.00029115729070324935,1755.6119351273028,-3.0581353e-03,380275,1042.61133,1775.56188,1.5859425e+05,4.6324024e+01,5.6018760e+03,1.4288305e+01,1.6591870e+05,4.8498997e+01,0,nan,nan,nan,nan,1042.61133,2.7199724e-04,1775.56188,2.4296679e-04,-1.4442953e-02,3.0463861e-02
0.0019665737686409557,0.9971484311288248,0.0002921969716903334,1743.3423665739701,-3.1877663e-03,371441,1042.62148,1775.51400,1.5855311e+05,4.6489475e+01,6.3453071e+03,1.4606236e+01,1.6609833e+05,4.8672218e+01,0,nan,nan,nan,nan,1042.62148,2.7331052e-04,1775.51400,2.4421123e-04,-3.6911676e-03,-2.1368757e-02
0.002290836234806193,0.996481977953933,0.00028155237908611375,1921.2542108364382,3.1833162e-03,499533,471.02928,463.88864,1.6350298e+05,4.6145348e+01,2.5940874e+03,1.3424523e+01,1.6920386e+05,4.7807938e+01,0,nan,nan,nan,nan,471.02928,2.5913765e-04,463.88864,2.9397538e-04,3.1595856e-02,-1.3018816e-02
0.0022979391076202132,0.9965114842074909,0.00028357806290869414,1731.072937939309,-3.1779467e-03,362607,1328.20479,1819.02121,1.5789431e+05,4.4863831e+01,4.1039897e+03,1.1638246e+01,1.6563944e+05,4.7136147e+01,0,nan,nan,nan,nan,1328.20479,2.6012078e-04,1819.02121,2.2970654e-04,1.9426685e-03,4.2120636e-02
0.002443210895307857,0.9959110981115805,0.0002851118307126776,1915.1194832110987,3.1753005e-03,495116,471.01871,463.89637,1.6353747e+05,4.6756214e+01,4.5544126e+03,1.4633772e+01,1.6920639e+05,4.8440815e+01,0,nan,nan,nan,nan,471.01871,2.6301795e-04,463.89637,2.9819927e-04,2.0815527e-02,-4.5261104e-03
0.002569569797742588,0.9966567592087996,0.00028172284368708275,1908.984729570001,3.1412693e-03,490699,471.00002,463.87951,1.6338861e+05,4.6163036e+01,2.6049199e+03,1.3528086e+01,1.6919597e+05,4.7826263e+01,0,nan,nan,nan,nan,471.00002,2.5867429e-04,463.87951,2.9355803e-04,6.3387852e-05,-2.1850068e-02
0.0026482115076760238,0.9965085335229523,0.0002818863342994029,1902.849928211711,3.0595211e-03,486282,470.98519,463.85157,1.6335523e+05,4.6197655e+01,2.7664211e+03,1.3558629e+01,1.6919947e+05,4.7862129e+01,0,nan,nan,nan,nan,470.98519,2.5878611e-04,463.85157,2.9441438e-04,-1.5583414e-02,-5.4187857e-02
0.002767322470618065,0.9963111600419856,0.00028434106412217786,1718.8036473226718,-3.0294585e-03,353773,1328.19965,1818.98128,1.5726789e+05,4.4971165e+01,4.7234067e+03,1.1991793e+01,1.6555689e+05,4.7248917e+01,0,nan,nan,nan,nan,1328.19965,2.6206931e-04,1818.98128,2.3251561e-04,-2.8880190e-03,-1.8831331e-03
0.003049079937455072,0.9949319933228377,0.00028226325813894885,1712.6690490801386,-2.9081488e-03,349356,1328.20659,1818.98357,1.5775453e+05,4.4687500e+01,3.5135845e+03,1.1291857e+01,1.6549420e+05,4.6950882e+01,0,nan,nan,nan,nan,1328.20659,2.5910372e-04,1818.98357,2.2910512e-04,3.8715105e-03,1.2058741e-03
0.0031244626229636197,0.9958974038434093,0.0002997001660526119,1761.7481644628247,-2.9371495e-03,384693,1042.63349,1775.56892,1.5866580e+05,4.7737610e+01,1.0949552e+04,1.6654821e+01,1.6607902e+05,4.9978951e+01,0,nan,nan,nan,nan,1042.63349,2.8287605e-04,1775.56892,2.5225809e-04,1.0386876e-02,3.8632765e-02
0.00316403818260369,0.9967501339947974,0.0002910745362299449,1755.6133240383842,-3.0581125e-03,380276,1042.61412,1775.57068,1.5868325e+05,4.6310837e+01,5.6291152e+03,1.4249379e+01,1.6603175e+05,4.8485188e+01,0,nan,nan,nan,nan,1042.61412,2.7193243e-04,1775.57068,2.4263382e-04,-1.1073025e-02,3.9139390e-02
0.0033554694823578757,0.9961410039412255,0.00029228538575218924,1743.3437554696839,-3.1877588e-03,371442,1042.61443,1775.52666,1.5851567e+05,4.6503555e+01,6.3477148e+03,1.4653248e+01,1.6593055e+05,4.8686954e+01,0,nan,nan,nan,nan,1042.61443,2.7370331e-04,1775.52666,2.4424971e-04,-1.1101468e-02,-7.9022897e-03
0.003679722902688809,0.9960169683966777,0.000281638746670442,1921.2555997231061,3.1833146e-03,499534,471.01690,463.88446,1.6342473e+05,4.6159508e+01,2.5864133e+03,1.3495796e+01,1.6912492e+05,4.7822613e+01,0,nan,nan,nan,nan,471.01690,2.5901993e-04,463.88446,2.9413647e-04,1.8511370e-02,-1.7352756e-02
0.003686819243057808,0.996836514004246,0.00028361854188604447,1731.0743268194444,-3.1779548e-03,362608,1328.20216,1819.02119,1.5792164e+05,4.4870338e+01,4.0964019e+03,1.1619952e+01,1.6569386e+05,4.7142986e+01,0,nan,nan,nan,nan,1328.20216,2.5997689e-04,1819.02119,2.2975229e-04,-1.5181022e-03,4.2610835e-02
0.0038321033830470697,0.9961533887663578,0.00028509832885088046,1915.1208721035864,3.1753047e-03,495117,471.01363,463.89469,1.6354914e+05,4.6753963e+01,4.5391792e+03,1.4635130e+01,1.6924742e+05,4.8438480e+01,0,nan,nan,nan,nan,471.01363,2.6276833e-04,463.89469,2.9853114e-04,1.5872814e-02,-6.8423888e-03
0.003958472530484869,0.9966447456553792,0.0002817569694904261,1908.9861184727338,3.1412838e-03,490700,471.00123,463.88204,1.6342867e+05,4.6168621e+01,2.6023765e+03,1.3515413e+01,1.6919392e+05,4.7832054e+01,0,nan,nan,nan,nan,471.00123,2.5866053e-04,463.88204,2.9370736e-04,9.9810096e-04,-1.9546410e-02
0.004037121923829545,0.9964104393770675,0.00028186560943854435,1902.851317122127,3.0595432e-03,486283,470.98561,463.86084,1.6329936e+05,4.6194241e+01,2.7849824e+03,1.3572959e+01,1.6918278e+05,4.7858597e+01,0,nan,nan,nan,nan,470.98561,2.5894318e-04,463.86084,2.9452189e-04,-1.5189908e-02,-4.3274608e-02
0.00415618747138069,0.996738182902419,0.00028439974718763285,1718.8050361876726,-3.0294817e-03,353774,1328.20397,1818.97951,1.5737127e+05,4.4980305e+01,4.7171597e+03,1.1971716e+01,1.6562733e+05,4.7258518e+01,0,nan,nan,nan,nan,1328.20397,2.6172333e-04,1818.97951,2.3230341e-04,1.3739020e-03,-2.8791549e-03
0.00443793609201748,0.9963458114918908,0.00028273021805071504,1712.6704379362932,-2.9081809e-03,349357,1328.20766,1818.98854,1.5811844e+05,4.4761456e+01,3.5159729e+03,1.1360228e+01,1.6572948e+05,4.7028584e+01,0,nan,nan,nan,nan,1328.20766,2.5897715e-04,1818.98854,2.2866990e-04,5.1541878e-03,6.9764801e-03
0.00451338208586094,0.9962992954404118,0.0002999374148159758,1761.7495533822876,-2.9371183e-03,384694,1042.63137,1775.57094,1.5877056e+05,4.7775368e+01,1.0960583e+04,1.6732975e+01,1.6614591e+05,5.0018478e+01,0,nan,nan,nan,nan,1042.63137,2.8278300e-04,1775.57094,2.5218233e-04,7.8762518e-03,4.0944695e-02
0.00455294949688323,0.9967470856155934,0.00029108164523689695,1755.6147129496985,-3.0580894e-03,380277,1042.61105,1775.56642,1.5860339e+05,4.6311939e+01,5.6014619e+03,1.4263641e+01,1.6603116e+05,4.8486343e+01,0,nan,nan,nan,nan,1042.61105,2.7228956e-04,1775.56642,2.4289235e-04,-1.4720994e-02,3.4820724e-02
0.004744365429814934,0.9968152986659695,0.0002923214498786785,1743.3451443656313,-3.1877512e-03,371443,1042.61551,1775.52123,1.5854397e+05,4.6509296e+01,6.3288291e+03,1.4659212e+01,1.6604289e+05,4.8692970e+01,0,nan,nan,nan,nan,1042.61551,2.7347571e-04,1775.52123,2.4430963e-04,-1.0596264e-02,-1.3782726e-02
0.005068609803402069,0.996313821718801,0.0002817271198502113,1921.2569886100068,3.1833132e-03,499535,471.02796,463.89020,1.6350169e+05,4.6174000e+01,2.6075928e+03,1.3509954e+01,1.6917536e+05,4.7837624e+01,0,nan,nan,nan,nan,471.02796,2.5916880e-04,463.89020,2.9379420e-04,3.0473635e-02,-1.0484113e-02
0.005075699610870624,0.9969883728656358,0.00028371351125542016,1731.0757156998122,-3.1779627e-03,362609,1328.20754,1819.03017,1.5795305e+05,4.4885475e+01,4.1194795e+03,1.1677769e+01,1.6571950e+05,4.7158886e+01,0,nan,nan,nan,nan,1328.20754,2.6008382e-04,1819.03017,2.2975978e-04,4.0768655e-03,5.1873226e-02
0.005220995872605272,0.9960671138452347,0.0002852416414018565,1915.122260996076,3.1753089e-03,495118,471.01646,463.89762,1.6368109e+05,4.6777428e+01,4.5440908e+03,1.4642690e+01,1.6923262e+05,4.8462791e+01,0,nan,nan,nan,nan,471.01646,2.6259848e-04,463.89762,2.9801601e-04,1.8079329e-02,-3.5414118e-03
0.005347375496512541,0.9958299714087356,0.00028139376599905206,1908.9875073756998,3.1412984e-03,490701,471.00056,463.86658,1.6318145e+05,4.6109108e+01,2.5959197e+03,1.3439546e+01,1.6905559e+05,4.7770393e+01,0,nan,nan,nan,nan,471.00056,2.5874621e-04,463.86658,2.9424942e-04,2.6644432e-04,-3.7156511e-02
0.005426032340437814,0.9964520675056217,0.00028182704302412415,1902.8527060325437,3.0595653e-03,486284,470.98535,463.85318,1.6333959e+05,4.6187912e+01,2.7781147e+03,1.3576237e+01,1.6918981e+05,4.7852039e+01,0,nan,nan,nan,nan,470.98535,2.5857412e-04,463.85318,2.9418684e-04,-1.5243026e-02,-5.1547244e-02
0.00554505247305281,0.9962830627117307,0.0002844133363357467,1718.8064250526743,-3.0295050e-03,353775,1328.20664,1818.98994,1.5729227e+05,4.4982307e+01,4.7118032e+03,1.1982163e+01,1.6555117e+05,4.7260628e+01,0,nan,nan,nan,nan,1328.20664,2.6182266e-04,1818.98994,2.3232876e-04,3.4956753e-03,8.0894148e-03
0.005826792012385677,0.9959929273615035,0.00028254100369401176,1712.6718267922136,-2.9082133e-03,349358,1328.20305,1818.97913,1.5797389e+05,4.4731525e+01,3.5150686e+03,1.1347246e+01,1.6567089e+05,4.6997139e+01,0,nan,nan,nan,nan,1328.20305,2.5889152e-04,1818.97913,2.2929808e-04,5.3938065e-04,-3.2892476e-03
0.005902301782043651,0.9966456362870819,0.00029986505526461696,1761.7509423019837,-2.9370869e-03,384695,1042.63053,1775.57086,1.5881506e+05,4.7763802e+01,1.0979905e+04,1.6672260e+01,1.6620353e+05,5.0006371e+01,0,nan,nan,nan,nan,1042.63053,2.8295757e-04,1775.57086,2.5217002e-04,7.6523325e-03,4.1027781e-02
0.005941860810708022,0.9965817593879406,0.0002910065476000327,1755.6161018610123,-3.0580664e-03,380278,1042.60983,1775.56100,1.5855645e+05,4.6299965e+01,5.6137710e+03,1.4280942e+01,1.6600353e+05,4.8473808e+01,0,nan,nan,nan,nan,1042.60983,2.7222675e-04,1775.56100,2.4271554e-04,-1.5940331e-02,2.9399673e-02
0.006133261377271992,0.9964008746854064,0.0002922209188888929,1743.3465332615788,-3.1877435e-03,371444,1042.61872,1775.52416,1.5852334e+05,4.6493313e+01,6.3410078e+03,1.4615424e+01,1.6597389e+05,4.8676235e+01,0,nan,nan,nan,nan,1042.61872,2.7352158e-04,1775.52416,2.4448952e-04,-6.7253141e-03,-1.0056573e-02
0.00645749647037519,0.9963121639920611,0.00028149831482619255,1921.2583774966738,3.1833115e-03,499536,471.02241,463.89131,1.6338167e+05,4.6136509e+01,2.5847776e+03,1.3435974e+01,1.6917511e+05,4.7798782e+01,0,nan,nan,nan,nan,471.02241,2.5934121e-04,463.89131,2.9419234e-04,2.4277549e-02,-9.5239086e-03
0.0064645797456250875,0.9963421704101136,0.0002837749449930462,1731.077104579947,-3.1779709e-03,362610,1328.19405,1819.01319,1.5782933e+05,4.4895298e+01,4.1118872e+03,1.1702143e+01,1.6561248e+05,4.7169209e+01,0,nan,nan,nan,nan,1328.19405,2.5997745e-04,1819.01319,2.3069102e-04,-1.0114430e-02,3.3292841e-02
0.00660988859453937,0.9963608596168444,0.00028512026897035,1915.123649888798,3.1753134e-03,495119,471.01481,463.89339,1.6347991e+05,4.6757481e+01,4.5290771e+03,1.4637697e+01,1.6928239e+05,4.8442127e+01,0,nan,nan,nan,nan,471.01481,2.6269141e-04,463.89339,2.9941593e-04,1.7144283e-02,-7.6136286e-03
0.0067362782301643165,0.9969089726814877,0.0002817435951365342,1908.9888962784335,3.1413129e-03,490702,471.00087,463.88680,1.6338991e+05,4.6166431e+01,2.5971333e+03,1.3518721e+01,1.6923877e+05,4.7829784e+01,0,nan,nan,nan,nan,471.00087,2.5886283e-04,463.88680,2.9379467e-04,1.2892368e-03,-1.4315815e-02
0.006814942524215439,0.996821482066545,0.000281785391597513,1902.8540949427274,3.0595872e-03,486285,470.98459,463.85199,1.6332302e+05,4.6181080e+01,2.7632681e+03,1.3558978e+01,1.6925250e+05,4.7844959e+01,0,nan,nan,nan,nan,470.98459,2.5855206e-04,463.85199,2.9459814e-04,-1.6527742e-02,-5.3731013e-02
0.006933917474498567,0.9961622966447062,0.00028433023853946716,1718.8078139176757,-3.0295283e-03,353776,1328.20028,1818.97908,1.5722841e+05,4.4969025e+01,4.6982153e+03,1.1979957e+01,1.6553058e+05,4.7246666e+01,0,nan,nan,nan,nan,1328.20028,2.6182688e-04,1818.97908,2.3269038e-04,-2.7589353e-03,-4.3973667e-03
0.007215648165811554,0.9950247326351704,0.00028238342634539593,1712.673215648367,-2.9082454e-03,349359,1328.20891,1818.98852,1.5760538e+05,4.4706604e+01,3.5263313e+03,1.1339407e+01,1.6550994e+05,4.6970955e+01,0,nan,nan,nan,nan,1328.20891,2.5965838e-04,1818.98852,2.3007486e-04,6.3064075e-03,6.2380475e-03
0.007291221245168008,0.9963258305136328,0.00029999586090657916,1761.7523312214469,-2.9370557e-03,384696,1042.63376,1775.57627,1.5881455e+05,4.7784592e+01,1.0989418e+04,1.6682940e+01,1.6615005e+05,5.0028137e+01,0,nan,nan,nan,nan,1042.63376,2.8319674e-04,1775.57627,2.5229927e-04,1.0874415e-02,4.6050176e-02
0.007330772124987561,0.9961071874768903,0.0002910303054718964,1755.6174907723266,-3.0580433e-03,380279,1042.61719,1775.56833,1.5849583e+05,4.6303726e+01,5.6517749e+03,1.4276794e+01,1.6592439e+05,4.8477741e+01,0,nan,nan,nan,nan,1042.61719,2.7213959e-04,1775.56833,2.4289335e-04,-7.8823492e-03,3.7192326e-02
0.00752215709144366,0.9965923812291051,0.0002921772221041046,1743.347922157293,-3.1877360e-03,371445,1042.61339,1775.52450,1.5857400e+05,4.6486374e+01,6.3317715e+03,1.4591021e+01,1.6600581e+05,4.8668964e+01,0,nan,nan,nan,nan,1042.61339,2.7338084e-04,1775.52450,2.4419560e-04,-1.2009619e-02,-9.7979978e-03
0.007846383137348312,0.9963803546026256,0.00028147253704426383,1921.2597663833408,3.1833099e-03,499537,471.02624,463.88679,1.6340497e+05,4.6132286e+01,2.5831343e+03,1.3424057e+01,1.6918672e+05,4.7794411e+01,0,nan,nan,nan,nan,471.02624,2.5948239e-04,463.88679,2.9404685e-04,2.8779591e-02,-1.4082693e-02
0.007853460113892652,0.99622335563131,0.00028359685895452827,1731.0784934603153,-3.1779788e-03,362611,1328.20594,1819.02053,1.5779216e+05,4.4867237e+01,4.1186611e+03,1.1676402e+01,1.6559312e+05,4.7139721e+01,0,nan,nan,nan,nan,1328.20594,2.6072719e-04,1819.02053,2.3012205e-04,3.2466571e-03,4.1313712e-02
0.00799878108273333,0.9963715506345557,0.00028508534940660947,1915.125038781286,3.1753175e-03,495120,471.01828,463.89836,1.6347198e+05,4.6751713e+01,4.5252959e+03,1.4638802e+01,1.6928406e+05,4.8436153e+01,0,nan,nan,nan,nan,471.01828,2.6280654e-04,463.89836,2.9920088e-04,2.0704146e-02,-2.3797455e-03
0.008125180963361345,0.9962870634599306,0.00028170232464405946,1908.9902851811667,3.1413273e-03,490703,471.00075,463.88299,1.6332106e+05,4.6159664e+01,2.5899858e+03,1.3536280e+01,1.6913319e+05,4.7822777e+01,0,nan,nan,nan,nan,471.00075,2.5861149e-04,463.88299,2.9399747e-04,5.4417120e-04,-1.8819859e-02
0.008203852940823708,0.9959827574391121,0.0002819056838881896,1902.855483853144,3.0596093e-03,486286,470.98949,463.86136,1.6326452e+05,4.6200783e+01,2.7721511e+03,1.3610005e+01,1.6911006e+05,4.7865372e+01,0,nan,nan,nan,nan,470.98949,2.5900072e-04,463.86136,2.9448344e-04,-1.1909883e-02,-4.2759165e-02
0.00832278270877362,0.9959286875262859,0.00028423929214149875,1718.80920278291,-3.0295514e-03,353777,1328.20679,1818.98912,1.5718761e+05,4.4954494e+01,4.7267637e+03,1.2010475e+01,1.6549122e+05,4.7231400e+01,0,nan,nan,nan,nan,1328.20679,2.6202804e-04,1818.98912,2.3198534e-04,4.2280843e-03,7.2047184e-03
0.008604504319691505,0.9956021938412178,0.000282384838725842,1712.6746045045209,-2.9082776e-03,349360,1328.20592,1818.98922,1.5783661e+05,4.4706856e+01,3.5209597e+03,1.1322769e+01,1.6560608e+05,4.6971218e+01,0,nan,nan,nan,nan,1328.20592,2.5906466e-04,1818.98922,2.2934674e-04,3.7001099e-03,6.2364200e-03
0.008680140941123682,0.9956937202303037,0.00029994033134614047,1761.7537201411428,-2.9370242e-03,384697,1042.63225,1775.57275,1.5872938e+05,4.7775700e+01,1.1003688e+04,1.6695953e+01,1.6604448e+05,5.0018829e+01,0,nan,nan,nan,nan,1042.63225,2.8347125e-04,1775.57275,2.5231752e-04,8.6563416e-03,4.2348310e-02
0.00871968343903939,0.9965566805682459,0.0002910221419659819,1755.6188796836407,-3.0580203e-03,380280,1042.60930,1775.56825,1.5854591e+05,4.6302399e+01,5.6234521e+03,1.4294499e+01,1.6599917e+05,4.8476357e+01,0,nan,nan,nan,nan,1042.60930,2.7208310e-04,1775.56825,2.4256174e-04,-1.6527863e-02,3.6734391e-02
0.008911053038900718,0.9964837606164691,0.00029220944923631707,1743.3493110532404,-3.1877283e-03,371446,1042.61817,1775.51838,1.5855578e+05,4.6491505e+01,6.3286973e+03,1.4604892e+01,1.6598775e+05,4.8674339e+01,0,nan,nan,nan,nan,1042.61817,2.7323369e-04,1775.51838,2.4415064e-04,-7.1488773e-03,-1.6454747e-02
0.009235269805230928,0.9961694658659572,0.0002818390498397276,1921.2611552700087,3.1833083e-03,499538,471.02600,463.88711,1.6349841e+05,4.6192368e+01,2.5816223e+03,1.3571182e+01,1.6915094e+05,4.7856655e+01,0,nan,nan,nan,nan,471.02600,2.5917898e-04,463.88711,2.9372465e-04,2.8150721e-02,-1.3883974e-02
0.009242340250011357,0.9967097907851912,0.00028365318415580235,1731.0798823404514,-3.1779869e-03,362612,1328.19849,1819.02378,1.5794569e+05,4.4876247e+01,4.1103149e+03,1.1634359e+01,1.6567436e+05,4.7149189e+01,0,nan,nan,nan,nan,1328.19849,2.5996001e-04,1819.02378,2.2953066e-04,-5.1453174e-03,4.5441650e-02
0.009387673803303187,0.9959102290300261,0.00028521864658024047,1915.1264276740067,3.1753220e-03,495121,471.01200,463.88971,1.6364798e+05,4.6773533e+01,4.5369839e+03,1.4658077e+01,1.6920553e+05,4.8458759e+01,0,nan,nan,nan,nan,471.01200,2.6236963e-04,463.88971,2.9800826e-04,1.3490915e-02,-1.1901329e-02
0.009514083696103626,0.9963798585326985,0.0002815012374644077,1908.9916740838994,3.1413417e-03,490704,470.99413,463.86787,1.6319772e+05,4.6126713e+01,2.6014001e+03,1.3489051e+01,1.6914894e+05,4.7788635e+01,0,nan,nan,nan,nan,470.99413,2.5896783e-04,463.86787,2.9409214e-04,-5.8196131e-03,-3.5917185e-02
0.009592763124373623,0.9962712852266359,0.00028189462289465804,1902.8568727633276,3.0596312e-03,486287,470.99028,463.86388,1.6333973e+05,4.6198959e+01,2.7676689e+03,1.3603806e+01,1.6915902e+05,4.7863483e+01,0,nan,nan,nan,nan,470.99028,2.5873154e-04,463.86388,2.9416251e-04,-1.0595127e-02,-3.9682314e-02
0.009711647710219377,0.9968700830358486,0.0002843917680882534,1718.8105916479115,-3.0295746e-03,353778,1328.19953,1818.98762,1.5724989e+05,4.4978462e+01,4.7266616e+03,1.2018816e+01,1.6564711e+05,4.7256584e+01,0,nan,nan,nan,nan,1328.19953,2.6191658e-04,1818.98762,2.3224631e-04,-3.3410841e-03,5.5964673e-03
0.009993360240742159,0.995706213592822,0.0002825734087558269,1712.675993360442,-2.9083099e-03,349361,1328.20695,1818.98379,1.5798170e+05,4.4736729e+01,3.5231301e+03,1.1351807e+01,1.6562347e+05,4.7002609e+01,0,nan,nan,nan,nan,1328.20695,2.5894135e-04,1818.98379,2.2923174e-04,4.3412740e-03,1.4552824e-03
0.01006906040447575,0.9956579658550136,0.0003000226529829869,1761.7551090606062,-2.9369930e-03,384698,1042.62786,1775.56621,1.5860523e+05,4.7788769e+01,1.1030083e+04,1.6717237e+01,1.6603836e+05,5.0032513e+01,0,nan,nan,nan,nan,1042.62786,2.8363027e-04,1775.56621,2.5309177e-04,4.6042590e-03,3.5745002e-02
0.010108594753091893,0.9962652032674082,0.0002909904960973744,1755.6202685949547,-3.0579972e-03,380281,1042.61493,1775.56638,1.5855005e+05,4.6297333e+01,5.6087319e+03,1.4257947e+01,1.6595053e+05,4.8471054e+01,0,nan,nan,nan,nan,1042.61493,2.7205650e-04,1775.56638,2.4268360e-04,-1.0310073e-02,3.5478357e-02
0.010299948986812524,0.9962049349808633,0.0002923046506377637,1743.3506999491883,-3.1877207e-03,371447,1042.61217,1775.52043,1.5846361e+05,4.6506657e+01,6.3324102e+03,1.4653455e+01,1.6594133e+05,4.8690205e+01,0,nan,nan,nan,nan,1042.61217,2.7375668e-04,1775.52043,2.4457605e-04,-1.3895612e-02,-1.4762524e-02
0.010624156473113544,0.9964115668053174,0.000281668678460601,1921.2625441566765,3.1833067e-03,499539,471.02349,463.88977,1.6353039e+05,4.6164455e+01,2.5917014e+03,1.3478223e+01,1.6919208e+05,4.7827736e+01,0,nan,nan,nan,nan,471.02349,2.5911699e-04,463.88977,2.9378102e-04,2.5625329e-02,-1.1218108e-02
0.01063122061918909,0.9970695867229724,0.0002836264059276344,1731.0812712208206,-3.1779949e-03,362613,1328.20396,1819.02622,1.5795669e+05,4.4872116e+01,4.1164634e+03,1.1619555e+01,1.6573455e+05,4.7144848e+01,0,nan,nan,nan,nan,1328.20396,2.6015539e-04,1819.02622,2.2966793e-04,9.6474186e-04,4.7710564e-02
0.010776566291269437,0.9963440325555606,0.00028525046549697253,1915.1278165664946,3.1753262e-03,495122,471.01463,463.89840,1.6363594e+05,4.6778706e+01,4.5383130e+03,1.4658597e+01,1.6927908e+05,4.8464119e+01,0,nan,nan,nan,nan,471.01463,2.6240695e-04,463.89840,2.9857774e-04,1.6406877e-02,-2.3935670e-03
0.010902986661221803,0.9964615646073662,0.0002816459248687007,1908.9930629868645,3.1413564e-03,490705,471.00094,463.88093,1.6336020e+05,4.6150425e+01,2.5952168e+03,1.3488874e+01,1.6916280e+05,4.7813198e+01,0,nan,nan,nan,nan,471.00094,2.5867907e-04,463.88093,2.9386429e-04,7.1516784e-04,-2.1121614e-02
0.010981673540300108,0.9963963085208731,0.0002817187080049452,1902.8582616737435,3.0596533e-03,486288,470.99041,463.85566,1.6328533e+05,4.6170120e+01,2.7703201e+03,1.3526891e+01,1.6918020e+05,4.7833607e+01,0,nan,nan,nan,nan,470.99041,2.5876175e-04,463.85566,2.9437081e-04,-1.0436904e-02,-4.9846988e-02
0.011100512711663787,0.9955637597945949,0.00028404674360214393,1718.811980512913,-3.0295979e-03,353779,1328.20853,1818.98056,1.5699045e+05,4.4923752e+01,4.7108271e+03,1.1964927e+01,1.6542950e+05,4.7199097e+01,0,nan,nan,nan,nan,1328.20853,2.6242138e-04,1818.98056,2.3312426e-04,7.1508465e-03,-2.9515605e-03
0.011382216394168036,0.99548616335584,0.0002824161503450047,1712.6773822165953,-2.9083421e-03,349362,1328.20789,1818.98575,1.5785044e+05,4.4711857e+01,3.5279675e+03,1.1329329e+01,1.6558695e+05,4.6976475e+01,0,nan,nan,nan,nan,1328.20789,2.5915715e-04,1818.98575,2.2926426e-04,5.2992851e-03,3.4140516e-03
0.011457979868282564,0.9959085969943944,0.0002999451189722775,1761.75649798007,-2.9369618e-03,384699,1042.63392,1775.57253,1.5880445e+05,4.7776367e+01,1.1041441e+04,1.6689207e+01,1.6607998e+05,5.0019527e+01,0,nan,nan,nan,nan,1042.63392,2.8287192e-04,1775.57253,2.5225850e-04,1.0474277e-02,4.2636134e-02
0.01149750606782618,0.9960251638706614,0.0002911615651163413,1755.6216575062695,-3.0579742e-03,380282,1042.61626,1775.56400,1.5850198e+05,4.6324532e+01,5.6367295e+03,1.4341203e+01,1.6591045e+05,4.8499527e+01,0,nan,nan,nan,nan,1042.61626,2.7233528e-04,1775.56400,2.4289715e-04,-8.5164504e-03,3.2989915e-02
0.011688844701893686,0.996396634455132,0.0002923415947412245,1743.3520888449034,-3.1877132e-03,371448,1042.61931,1775.52838,1.5853414e+05,4.6512547e+01,6.3449810e+03,1.4620849e+01,1.6597328e+05,4.8696365e+01,0,nan,nan,nan,nan,1042.61931,2.7342729e-04,1775.52838,2.4471185e-04,-5.6865565e-03,-6.0910136e-03
0.012013043373826804,0.9962272451764097,0.0002816707460089726,1921.2639330435773,3.1833053e-03,499540,471.02298,463.89052,1.6349050e+05,4.6164803e+01,2.5959238e+03,1.3492446e+01,1.6916081e+05,4.7828098e+01,0,nan,nan,nan,nan,471.02298,2.5909676e-04,463.89052,2.9385104e-04,2.5080470e-02,-1.0104237e-02
0.012020100754625337,0.9966069637706106,0.00028371276312780117,1731.082660100956,-3.1780030e-03,362614,1328.20037,1819.01786,1.5787506e+05,4.4885880e+01,4.1169907e+03,1.1661985e+01,1.6565803e+05,4.7159313e+01,0,nan,nan,nan,nan,1328.20037,2.6027337e-04,1819.01786,2.2999967e-04,-3.9613498e-03,3.8688619e-02
0.01216545877923636,0.9962657916645326,0.00028507443427844536,1915.1292054589826,3.1753303e-03,495123,471.01718,463.90230,1.6368833e+05,4.6749794e+01,4.5059775e+03,1.4582393e+01,1.6926562e+05,4.8434166e+01,0,nan,nan,nan,nan,471.01718,2.6247004e-04,463.90230,2.9797622e-04,1.9034928e-02,1.8771274e-03
0.012291889394418831,0.9967093673628052,0.0002816431675736332,1908.9944518895977,3.1413708e-03,490706,470.99628,463.88033,1.6343923e+05,4.6149967e+01,2.6061030e+03,1.3440145e+01,1.6920486e+05,4.7812729e+01,0,nan,nan,nan,nan,470.99628,2.5864010e-04,463.88033,2.9368565e-04,-4.1634189e-03,-2.0942232e-02
0.012370583724077733,0.9965207963570534,0.00028174926851893677,1902.8596505839273,3.0596752e-03,486289,470.99025,463.85917,1.6325173e+05,4.6175121e+01,2.7756990e+03,1.3550056e+01,1.6920131e+05,4.7838787e+01,0,nan,nan,nan,nan,470.99025,2.5899068e-04,463.85917,2.9448466e-04,-1.0413070e-02,-4.5296755e-02
0.01248937771333658,0.9968747700531965,0.00028442952876698213,1718.8133693779146,-3.0296212e-03,353780,1328.20346,1818.98496,1.5735912e+05,4.4984138e+01,4.7330537e+03,1.2005364e+01,1.6564680e+05,4.7262547e+01,0,nan,nan,nan,nan,1328.20346,2.6177164e-04,1818.98496,2.3213835e-04,-1.4448816e-04,2.4932304e-03
0.012771072547366202,0.9955633396292184,0.0002825575884716893,1712.6787710727485,-2.9083742e-03,349363,1328.20566,1818.98215,1.5799934e+05,4.4734268e+01,3.5191719e+03,1.1320636e+01,1.6559986e+05,4.7000019e+01,0,nan,nan,nan,nan,1328.20566,2.5929950e-04,1818.98215,2.2897498e-04,3.1966141e-03,9.8359633e-05
0.012846899564920022,0.9963706064373401,0.00030015187721956063,1761.7578868997666,-2.9369304e-03,384700,1042.62911,1775.56835,1.5876859e+05,4.7809250e+01,1.1033883e+04,1.6711813e+01,1.6615684e+05,5.0053955e+01,0,nan,nan,nan,nan,1042.62911,2.8362151e-04,1775.56835,2.5270102e-04,6.0310238e-03,3.8038637e-02
0.012886417382560467,0.9961434305261418,0.00029101887531224904,1755.6230464175842,-3.0579511e-03,380283,1042.61158,1775.56845,1.5854930e+05,4.6301800e+01,5.6310654e+03,1.4282334e+01,1.6593006e+05,4.8475731e+01,0,nan,nan,nan,nan,1042.61158,2.7219148e-04,1775.56845,2.4271992e-04,-1.3341144e-02,3.6683582e-02
0.013077740649350744,0.9964661641650763,0.00029224310778013093,1743.3534777408508,-3.1877055e-03,371449,1042.61266,1775.52625,1.5861889e+05,4.6496880e+01,6.3324087e+03,1.4608162e+01,1.6598489e+05,4.8679966e+01,0,nan,nan,nan,nan,1042.61266,2.7330231e-04,1775.52625,2.4421423e-04,-1.3197226e-02,-8.4128324e-03
0.01340193004170942,0.9964994896258806,0.0002816198128678007,1921.2653219302451,3.1833036e-03,499541,471.02742,463.88946,1.6351984e+05,4.6156464e+01,2.5826194e+03,1.3448657e+01,1.6920708e+05,4.7819458e+01,0,nan,nan,nan,nan,471.02742,2.5922115e-04,463.88946,2.9380422e-04,2.9517012e-02,-1.2424597e-02
0.013408981122211117,0.9959815454836788,0.0002836228438413534,1731.0840489813236,-3.1780109e-03,362615,1328.20642,1819.02861,1.5774034e+05,4.4871754e+01,4.1043760e+03,1.1710529e+01,1.6555445e+05,4.7144470e+01,0,nan,nan,nan,nan,1328.20642,2.6068525e-04,1819.02861,2.2983697e-04,3.7641525e-03,5.0308321e-02
0.013554351500715711,0.996219919055624,0.00028503439127973993,1915.130594351704,3.1753348e-03,495124,471.01210,463.89625,1.6363667e+05,4.6743183e+01,4.5148652e+03,1.4593562e+01,1.6925767e+05,4.8427319e+01,0,nan,nan,nan,nan,471.01210,2.6255392e-04,463.89625,2.9793265e-04,1.3700621e-02,-5.5689989e-03
0.01368079212761586,0.9959217788360307,0.0002815117709646869,1908.995840792331,3.1413853e-03,490707,471.00101,463.87900,1.6319981e+05,4.6128433e+01,2.6149006e+03,1.3496806e+01,1.6907116e+05,4.7790421e+01,0,nan,nan,nan,nan,471.00101,2.5879772e-04,463.87900,2.9388870e-04,9.7041088e-04,-2.3202904e-02
0.013759494140686002,0.9963332954188897,0.00028182936709737137,1902.861039494344,3.0596973e-03,486290,470.98502,463.85594,1.6320656e+05,4.6188240e+01,2.7722124e+03,1.3572101e+01,1.6916944e+05,4.7852379e+01,0,nan,nan,nan,nan,470.98502,2.5895395e-04,463.85594,2.9485894e-04,-1.6137192e-02,-4.8875012e-02
0.013878242714781663,0.9971739428445183,0.0002843650370835179,1718.814758242916,-3.0296445e-03,353781,1328.20787,1818.98468,1.5737383e+05,4.4973785e+01,4.7250483e+03,1.1954477e+01,1.6569595e+05,4.7251671e+01,0,nan,nan,nan,nan,1328.20787,2.6207027e-04,1818.98468,2.3229403e-04,5.2308463e-03,2.9673160e-03
0.014159928468416183,0.9949042931199678,0.0002823633727950171,1712.6801599286696,-2.9084065e-03,349364,1328.20677,1818.98563,1.5778512e+05,4.4703541e+01,3.5177725e+03,1.1337633e+01,1.6549031e+05,4.6967735e+01,0,nan,nan,nan,nan,1328.20677,2.5913201e-04,1818.98563,2.2924403e-04,4.6392917e-03,3.1529122e-03
0.014235819028045053,0.9958658971715058,0.0003000757083083423,1761.7592758192297,-2.9368992e-03,384701,1042.63493,1775.57450,1.5854905e+05,4.7797062e+01,1.1094496e+04,1.6800356e+01,1.6607250e+05,5.0041195e+01,0,nan,nan,nan,nan,1042.63493,2.8344156e-04,1775.57450,2.5288135e-04,1.1448267e-02,4.3879807e-02
0.014275328696840006,0.9969464797129046,0.00029096153841026137,1755.6244353288985,-3.0579281e-03,380284,1042.61782,1775.57132,1.5854277e+05,4.6292648e+01,5.6357158e+03,1.4258656e+01,1.6606373e+05,4.8466148e+01,0,nan,nan,nan,nan,1042.61782,2.7227512e-04,1775.57132,2.4271823e-04,-6.9585652e-03,4.0307313e-02
0.014466636595898308,0.9969293382316703,0.0002926291407731757,1743.3548666367974,-3.1876978e-03,371450,1042.61691,1775.52020,1.5870395e+05,4.6558300e+01,6.3494312e+03,1.4698374e+01,1.6606206e+05,4.8744274e+01,0,nan,nan,nan,nan,1042.61691,2.7334903e-04,1775.52020,2.4441464e-04,-8.9348266e-03,-1.3945400e-02
0.014790816709137289,0.996218234168497,0.00028165694615266156,1921.2667108169126,3.1833020e-03,499542,471.02221,463.89421,1.6348722e+05,4.6162563e+01,2.5867859e+03,1.3483059e+01,1.6915936e+05,4.7825775e+01,0,nan,nan,nan,nan,471.02221,2.5910881e-04,463.89421,2.9363902e-04,2.3781555e-02,-6.2022679e-03
0.014797861489796896,0.9966414858625186,0.0002836029786400345,1731.0854378616912,-3.1780188e-03,362616,1328.19779,1819.01203,1.5790527e+05,4.4868717e+01,4.1256763e+03,1.1631308e+01,1.6566452e+05,4.7141277e+01,0,nan,nan,nan,nan,1328.19779,2.5996874e-04,1819.01203,2.2982289e-04,-6.1842687e-03,3.2174483e-02
0.014943243989819166,0.9965473366274938,0.00028517876695283704,1915.1319832441932,3.1753390e-03,495125,471.00944,463.89819,1.6352206e+05,4.6766815e+01,4.5134658e+03,1.4668137e+01,1.6931314e+05,4.8451801e+01,0,nan,nan,nan,nan,471.00944,2.6289455e-04,463.89819,2.9847209e-04,1.2160599e-02,-2.9963725e-03
0.015069695093643531,0.9960886200956175,0.0002815325641201296,1908.997229695297,3.1413999e-03,490708,470.99981,463.87189,1.6325523e+05,4.6131840e+01,2.5947791e+03,1.3476492e+01,1.6909947e+05,4.7793949e+01,0,nan,nan,nan,nan,470.99981,2.5868052e-04,463.87189,2.9423324e-04,-4.2979713e-04,-3.1621609e-02
0.015148404324463627,0.9963501328089026,0.0002817873679324291,1902.8624284045277,3.0597192e-03,486291,470.98648,463.85215,1.6322309e+05,4.6181343e+01,2.7730959e+03,1.3601619e+01,1.6917227e+05,4.7845234e+01,0,nan,nan,nan,nan,470.98648,2.5869269e-04,463.85215,2.9461831e-04,-1.4275323e-02,-5.3013820e-02
0.015267107715544289,0.9966763489645174,0.00028435010944612756,1718.8161471079168,-3.0296678e-03,353782,1328.20364,1818.97512,1.5733700e+05,4.4971272e+01,4.7284932e+03,1.1987063e+01,1.6561270e+05,4.7249031e+01,0,nan,nan,nan,nan,1328.20364,2.6174576e-04,1818.97512,2.3220753e-04,1.3919108e-03,-7.6498291e-03
0.015548784622978592,0.9953699345518495,0.00028241512177071016,1712.6815487848241,-2.9084387e-03,349365,1328.20451,1818.98864,1.5782916e+05,4.4711758e+01,3.5328838e+03,1.1341063e+01,1.6556783e+05,4.6976364e+01,0,nan,nan,nan,nan,1328.20451,2.5903978e-04,1818.98864,2.2913251e-04,2.1958300e-03,6.5128645e-03
0.015624738724000053,0.9960260634720585,0.0003000986437028178,1761.7606647389257,-2.9368678e-03,384702,1042.63252,1775.57263,1.5870378e+05,4.7800663e+01,1.1113041e+04,1.6747900e+01,1.6609902e+05,5.0044964e+01,0,nan,nan,nan,nan,1042.63252,2.8336313e-04,1775.57263,2.5250975e-04,9.5584812e-03,4.2483170e-02
0.015664240243723152,0.9967392346771045,0.00029110519965986053,1755.6258242404454,-3.0579048e-03,380285,1042.61044,1775.56212,1.5860775e+05,4.6315479e+01,5.6419937e+03,1.4274981e+01,1.6602911e+05,4.8490051e+01,0,nan,nan,nan,nan,1042.61044,2.7219811e-04,1775.56212,2.4280047e-04,-1.4976133e-02,3.0778518e-02
0.01585553254244587,0.9962652946936162,0.0002922622070448611,1743.356255532744,-3.1876902e-03,371451,1042.61785,1775.52069,1.5863444e+05,4.6499931e+01,6.3699883e+03,1.4601213e+01,1.6595147e+05,4.8683163e+01,0,nan,nan,nan,nan,1042.61785,2.7322886e-04,1775.52069,2.4417153e-04,-8.2279677e-03,-1.3518333e-02
0.01617970337611041,0.9967294784773565,0.00028165493233717507,1921.2680997035795,3.1833004e-03,499543,471.02667,463.88361,1.6359673e+05,4.6162239e+01,2.6083567e+03,1.3442660e+01,1.6924620e+05,4.7825443e+01,0,nan,nan,nan,nan,471.02667,2.5892176e-04,463.88361,2.9365797e-04,2.8032463e-02,-1.7840603e-02
0.016186741625233144,0.9975443930266901,0.0002837263851182569,1731.0868267418266,-3.1780270e-03,362617,1328.20095,1819.02521,1.5807131e+05,4.4888336e+01,4.1250688e+03,1.1631113e+01,1.6581497e+05,4.7161892e+01,0,nan,nan,nan,nan,1328.20095,2.5981659e-04,1819.02521,2.2946618e-04,-2.9027420e-03,4.5937113e-02
0.016332136478467874,0.9963243440748721,0.0002851266359352667,1915.1333721366818,3.1753432e-03,495126,471.01149,463.89573,1.6360145e+05,4.6758221e+01,4.4968901e+03,1.4656527e+01,1.6927508e+05,4.8442894e+01,0,nan,nan,nan,nan,471.01149,2.6288853e-04,463.89573,2.9767901e-04,1.3493341e-02,-4.9270457e-03
0.01645859782684056,0.99630756792637,0.0002816414166101854,1908.9986185980301,3.1414144e-03,490709,470.99875,463.87844,1.6326775e+05,4.6149673e+01,2.5986147e+03,1.3512435e+01,1.6913664e+05,4.7812424e+01,0,nan,nan,nan,nan,470.99875,2.5870604e-04,463.87844,2.9457349e-04,-1.6251942e-03,-2.3256572e-02
0.016537314741071896,0.9966557141136428,0.00028193775728702915,1902.8638173149443,3.0597413e-03,486292,470.98783,463.86900,1.6339833e+05,4.6205982e+01,2.7662109e+03,1.3614003e+01,1.6922411e+05,4.7870762e+01,0,nan,nan,nan,nan,470.98783,2.5856076e-04,463.86900,2.9428213e-04,-1.2684876e-02,-3.5224169e-02
0.01665597294913823,0.996361441035506,0.0002842659614846156,1718.8175359731504,-3.0296908e-03,353783,1328.20261,1818.99583,1.5724152e+05,4.4957813e+01,4.7155806e+03,1.1987378e+01,1.6555981e+05,4.7234886e+01,0,nan,nan,nan,nan,1328.20261,2.6186206e-04,1818.99583,2.3202291e-04,-8.5548987e-04,1.4543912e-02
0.01693764077685989,0.9958322747708046,0.0002826385631521986,1712.682937640978,-2.9084708e-03,349366,1328.20566,1818.98469,1.5795673e+05,4.4747143e+01,3.5374932e+03,1.1343073e+01,1.6564480e+05,4.7013546e+01,0,nan,nan,nan,nan,1328.20566,2.5919967e-04,1818.98469,2.2900169e-04,2.9204274e-03,2.9216327e-03
0.01701365818735212,0.9958636819130323,0.0003000031139821882,1761.762053658389,-2.9368366e-03,384703,1042.63178,1775.56998,1.5868259e+05,4.7785385e+01,1.1106140e+04,1.6712910e+01,1.6607173e+05,5.0028973e+01,0,nan,nan,nan,nan,1042.63178,2.8326776e-04,1775.56998,2.5265900e-04,9.3881562e-03,3.9493371e-02
0.01705315155777498,0.9961501516434871,0.0002911309474647969,1755.6272131517594,-3.0578817e-03,380286,1042.61764,1775.56900,1.5856078e+05,4.6319550e+01,5.6473584e+03,1.4308181e+01,1.6593089e+05,4.8494312e+01,0,nan,nan,nan,nan,1042.61764,2.7246983e-04,1775.56900,2.4270770e-04,-7.8745577e-03,3.7998129e-02
0.01724442825661754,0.9961659991459766,0.0002923323016500102,1743.3576444284581,-3.1876827e-03,371452,1042.61709,1775.52030,1.5846744e+05,4.6511089e+01,6.3539150e+03,1.4626823e+01,1.6593495e+05,4.8694843e+01,0,nan,nan,nan,nan,1042.61709,2.7392752e-04,1775.52030,2.4461944e-04,-8.3279693e-03,-1.4708223e-02
0.017568590043311242,0.9958633041831623,0.00028182579395904535,1921.2694885902467,3.1832987e-03,499544,471.02004,463.88726,1.6342481e+05,4.6190262e+01,2.6003784e+03,1.3547230e+01,1.6909917e+05,4.7854469e+01,0,nan,nan,nan,nan,471.02004,2.5932505e-04,463.88726,2.9418877e-04,2.1784456e-02,-1.4262767e-02
0.01757562199372842,0.996232087625327,0.0002837670386808901,1731.088215622195,-3.1780349e-03,362618,1328.20079,1819.01746,1.5786384e+05,4.4894867e+01,4.1266187e+03,1.1722171e+01,1.6559720e+05,4.7168755e+01,0,nan,nan,nan,nan,1328.20079,2.6010055e-04,1819.01746,2.2998046e-04,-2.6718674e-03,3.8200926e-02
0.017721029199492477,0.9956100931625446,0.0002848993475963966,1915.1347610294029,3.1753476e-03,495127,471.01670,463.89838,1.6338852e+05,4.6720898e+01,4.5133540e+03,1.4596427e+01,1.6915356e+05,4.8404228e+01,0,nan,nan,nan,nan,471.01670,2.6326743e-04,463.89838,2.9831569e-04,1.9776372e-02,-2.2409924e-03
0.017847500559128093,0.9967407842135944,0.0002816949882980272,1909.0000075007624,3.1414288e-03,490710,470.99758,463.87544,1.6339003e+05,4.6158455e+01,2.6054182e+03,1.3499107e+01,1.6921017e+05,4.7821518e+01,0,nan,nan,nan,nan,470.99758,2.5858442e-04,463.87544,2.9391825e-04,-3.3331027e-03,-2.6918748e-02
0.017926225157680165,0.9967789548666606,0.0002821601252889497,1902.865206225361,3.0597635e-03,486293,470.98388,463.84699,1.6339328e+05,4.6242416e+01,2.7724883e+03,1.3673782e+01,1.6924500e+05,4.7908508e+01,0,nan,nan,nan,nan,470.98388,2.5860211e-04,463.84699,2.9471598e-04,-1.7563650e-02,-5.9089702e-02
0.018044837950811025,0.9963742180949849,0.0002842086505751304,1718.818924838152,-3.0297141e-03,353784,1328.19950,1818.97910,1.5701191e+05,4.4948597e+01,4.7352222e+03,1.1997296e+01,1.6556138e+05,4.7225201e+01,0,nan,nan,nan,nan,1328.19950,2.6231975e-04,1818.97910,2.3337529e-04,-2.4553614e-03,-4.4522374e-03
0.018326496697455123,0.9956218558947826,0.00028257611764922607,1712.6843264968986,-2.9085032e-03,349367,1328.20542,1818.98828,1.5792298e+05,4.4737270e+01,3.5406082e+03,1.1384494e+01,1.6560984e+05,4.7003174e+01,0,nan,nan,nan,nan,1328.20542,2.5896428e-04,1818.98828,2.2878837e-04,2.2676573e-03,7.1888682e-03
0.018402577883080085,0.9959213680013429,0.00030040436023644375,1761.7634425780848,-2.9368051e-03,384704,1042.63237,1775.56896,1.5871089e+05,4.7849239e+01,1.1143340e+04,1.6802454e+01,1.6608114e+05,5.0095821e+01,0,nan,nan,nan,nan,1042.63237,2.8356252e-04,1775.56896,2.5313091e-04,8.9341216e-03,3.8467195e-02
0.01844206287205452,0.9967389630202482,0.00029109133703286727,1755.6286020630737,-3.0578587e-03,380287,1042.61219,1775.56639,1.5860817e+05,4.6313221e+01,5.6400166e+03,1.4292159e+01,1.6602888e+05,4.8487686e+01,0,nan,nan,nan,nan,1042.61219,2.7212556e-04,1775.56639,2.4274079e-04,-1.3712415e-02,3.5319597e-02
0.018633324204074597,0.9966063609016863,0.00029244860867490475,1743.3590333244056,-3.1876750e-03,371453,1042.61491,1775.53003,1.5869238e+05,4.6529602e+01,6.3563403e+03,1.4627252e+01,1.6600833e+05,4.8714222e+01,0,nan,nan,nan,nan,1042.61491,2.7359644e-04,1775.53003,2.4429290e-04,-1.1090392e-02,-3.7311648e-03
0.018957476943342044,0.9962571709393954,0.000281457997094539,1921.2708774771468,3.1832973e-03,499545,471.02715,463.88789,1.6342027e+05,4.6129986e+01,2.5780859e+03,1.3414541e+01,1.6916609e+05,4.7792027e+01,0,nan,nan,nan,nan,471.02715,2.5918396e-04,463.88789,2.9391263e-04,2.9446209e-02,-1.2418544e-02
0.01896450212916534,0.9966893008990986,0.0002836431411186743,1731.0896045023305,-3.1780431e-03,362619,1328.20169,1819.02089,1.5791367e+05,4.4875362e+01,4.1237549e+03,1.1652255e+01,1.6567356e+05,4.7148262e+01,0,nan,nan,nan,nan,1328.20169,2.6013664e-04,1819.02089,2.2969213e-04,-1.2968491e-03,4.1921850e-02
0.01910992168723169,0.9961713296401222,0.0002850771628904348,1915.1361499218906,3.1753518e-03,495128,471.01347,463.89636,1.6367738e+05,4.6750011e+01,4.4996782e+03,1.4554982e+01,1.6924873e+05,4.8434391e+01,0,nan,nan,nan,nan,471.01347,2.6262604e-04,463.89636,2.9794901e-04,1.4542612e-02,-4.6046022e-03
0.01923640329232512,0.9965469351718118,0.0002815626021021868,1909.0013964034956,3.1414432e-03,490711,471.00204,463.87866,1.6335005e+05,4.6136757e+01,2.5873020e+03,1.3453474e+01,1.6917727e+05,4.7799042e+01,0,nan,nan,nan,nan,471.00204,2.5870750e-04,463.87866,2.9387113e-04,2.2793051e-03,-2.3495810e-02
0.01931513534145779,0.9967411352017275,0.0002819213730799349,1902.8665951355447,3.0597853e-03,486294,470.98830,463.85346,1.6337888e+05,4.6203274e+01,2.7734434e+03,1.3599470e+01,1.6923855e+05,4.7867958e+01,0,nan,nan,nan,nan,470.98830,2.5879213e-04,463.85346,2.9419587e-04,-1.2855489e-02,-5.1217899e-02
0.019433702952255435,0.9966801766449835,0.00028441519503349434,1718.8203137031535,-3.0297374e-03,353785,1328.19916,1818.98300,1.5720483e+05,4.4981106e+01,4.7305459e+03,1.2015141e+01,1.6561164e+05,4.7259361e+01,0,nan,nan,nan,nan,1328.19916,2.6216736e-04,1818.98300,2.3286843e-04,-3.8780260e-03,-1.5521439e-04
0.019715352851335074,0.9958078463736308,0.0002825288266507477,1712.6857153530525,-2.9085353e-03,349368,1328.20759,1818.98442,1.5805020e+05,4.4729794e+01,3.5229331e+03,1.1296371e+01,1.6564083e+05,4.6995319e+01,0,nan,nan,nan,nan,1328.20759,2.5872496e-04,1818.98442,2.2872814e-04,4.0730201e-03,2.2146886e-03
0.019791497346432152,0.9956614450660353,0.0003000430352064331,1761.7648314975481,-2.9367739e-03,384705,1042.63372,1775.57266,1.5866686e+05,4.7791622e+01,1.1166516e+04,1.6745737e+01,1.6603758e+05,5.0035500e+01,0,nan,nan,nan,nan,1042.63372,2.8314779e-04,1775.57266,2.5266450e-04,1.1114853e-02,4.1919384e-02
0.019830974185879313,0.9966627874167888,0.0002911867832841659,1755.6299909743875,-3.0578356e-03,380288,1042.61413,1775.56736,1.5865055e+05,4.6328384e+01,5.6468882e+03,1.4275952e+01,1.6601609e+05,4.8503559e+01,0,nan,nan,nan,nan,1042.61413,2.7220533e-04,1775.56736,2.4292922e-04,-1.1525211e-02,3.5704713e-02
0.020022220151531656,0.9969091170280919,0.000292401693949574,1743.360422220353,-3.1876673e-03,371454,1042.61413,1775.51502,1.5859694e+05,4.6522141e+01,6.3574316e+03,1.4626454e+01,1.6605878e+05,4.8706413e+01,0,nan,nan,nan,nan,1042.61413,2.7355470e-04,1775.51502,2.4461749e-04,-1.1545503e-02,-2.0125518e-02
0.020346363611679408,0.9969778438352661,0.00028185647653386817,1921.272266363815,3.1832957e-03,499546,471.02624,463.89280,1.6359345e+05,4.6195305e+01,2.5835039e+03,1.3525738e+01,1.6928850e+05,4.7859699e+01,0,nan,nan,nan,nan,471.02624,2.5916085e-04,463.89280,2.9390768e-04,2.8439527e-02,-8.1478739e-03
0.020353382497432904,0.9961335895437161,0.00028370326913476374,1731.0909933826988,-3.1780510e-03,362620,1328.20175,1819.01278,1.5786561e+05,4.4884975e+01,4.1276636e+03,1.1666074e+01,1.6558155e+05,4.7158360e+01,0,nan,nan,nan,nan,1328.20175,2.6018926e-04,1819.01278,2.3002768e-04,-2.1232453e-03,3.3123139e-02
0.02049881440871104,0.9959176004572723,0.00028492847972571016,1915.137538814612,3.1753562e-03,495129,471.01525,463.90117,1.6353069e+05,4.6725582e+01,4.4931929e+03,1.4568873e+01,1.6920545e+05,4.8409077e+01,0,nan,nan,nan,nan,471.01525,2.6314554e-04,463.90117,2.9801397e-04,1.7586187e-02,2.7986325e-05
0.02062530602552215,0.996254179557987,0.00028171351947503,1909.0027853062288,3.1414577e-03,490712,471.00214,463.88321,1.6331889e+05,4.6161484e+01,2.6067698e+03,1.3532934e+01,1.6912756e+05,4.7824661e+01,0,nan,nan,nan,nan,471.00214,2.5886574e-04,463.88321,2.9397284e-04,1.9007386e-03,-1.7787019e-02
0.020704045757156564,0.9969927751105417,0.0002817191196378306,1902.8679840459604,3.0598075e-03,486295,470.98846,463.86327,1.6336006e+05,4.6170120e+01,2.7660935e+03,1.3507421e+01,1.6928123e+05,4.7833607e+01,0,nan,nan,nan,nan,470.98846,2.5869967e-04,463.86327,2.9417893e-04,-1.2363437e-02,-4.0677652e-02
0.02082256795370119,0.9965133827169365,0.0002844138583258025,1718.821702568155,-3.0297607e-03,353786,1328.20525,1818.98463,1.5728903e+05,4.4980736e+01,4.7419463e+03,1.2016116e+01,1.6558334e+05,4.7258972e+01,0,nan,nan,nan,nan,1328.20525,2.6216809e-04,1818.98463,2.3211974e-04,2.5868248e-03,2.5863955e-03
0.02110420900521637,0.9953361999622388,0.00028232305958264206,1712.6871042092064,-2.9085674e-03,349369,1328.20343,1818.98254,1.5756081e+05,4.4697231e+01,3.5333442e+03,1.1354116e+01,1.6556242e+05,4.6961105e+01,0,nan,nan,nan,nan,1328.20343,2.5997110e-04,1818.98254,2.3060279e-04,1.4136190e-03,-1.0531896e-03
0.021180417042614863,0.996107534774545,0.00030022188422810717,1761.7662204172443,-2.9367425e-03,384706,1042.62993,1775.57313,1.5874948e+05,4.7820049e+01,1.1178067e+04,1.6772659e+01,1.6611175e+05,5.0065258e+01,0,nan,nan,nan,nan,1042.62993,2.8335775e-04,1775.57313,2.5262046e-04,5.9444355e-03,4.1615304e-02
0.021219885500158853,0.9966371551758545,0.00029108929459178864,1755.6313798857018,-3.0578126e-03,380289,1042.61604,1775.56140,1.5854670e+05,4.6312843e+01,5.6428594e+03,1.4270202e+01,1.6601172e+05,4.8487289e+01,0,nan,nan,nan,nan,1042.61604,2.7201156e-04,1775.56140,2.4314417e-04,-8.9054108e-03,2.9816154e-02
0.021411116098533967,0.9971298717246254,0.0002924478429534179,1743.3618111163,-3.1876597e-03,371455,1042.61430,1775.52672,1.5865684e+05,4.6529488e+01,6.3438770e+03,1.4633807e+01,1.6609556e+05,4.8714104e+01,0,nan,nan,nan,nan,1042.61430,2.7373288e-04,1775.52672,2.4458591e-04,-1.0648439e-02,-7.3197135e-03
0.02173525028047152,0.9963156754499,0.0002817439173804798,1921.273655250484,3.1832941e-03,499547,471.02545,463.89316,1.6349681e+05,4.6176872e+01,2.5983247e+03,1.3502240e+01,1.6917611e+05,4.7840599e+01,0,nan,nan,nan,nan,471.02545,2.5922485e-04,463.89316,2.9401254e-04,2.8081218e-02,-8.3081955e-03
0.021742262865928178,0.9961237866107062,0.0002835967816271114,1731.0923822630673,-3.1780589e-03,362621,1328.20106,1819.02616,1.5780958e+05,4.4868221e+01,4.1189873e+03,1.1672029e+01,1.6558027e+05,4.7140759e+01,0,nan,nan,nan,nan,1328.20106,2.6016604e-04,1819.02616,2.2986531e-04,-1.8650349e-03,4.7643151e-02
0.02188770689735975,0.9960632538938758,0.00028504080253965807,1915.1389277071007,3.1753604e-03,495130,471.01700,463.89029,1.6350645e+05,4.6743950e+01,4.4862739e+03,1.4635830e+01,1.6923002e+05,4.8428108e+01,0,nan,nan,nan,nan,471.01700,2.6273818e-04,463.89029,2.9858664e-04,1.9418323e-02,-1.0987716e-02
0.022014208991549822,0.9962272027276619,0.0002814799161666016,1909.0041742091948,3.1414723e-03,490713,470.99999,463.88400,1.6331134e+05,4.6123211e+01,2.5904199e+03,1.3427552e+01,1.6912297e+05,4.7785004e+01,0,nan,nan,nan,nan,470.99999,2.5853820e-04,463.88400,2.9402517e-04,-5.1379850e-04,-1.7576762e-02
0.022092955940024694,0.9967969960692183,0.0002820897821984574,1902.8693729561433,3.0598294e-03,486296,470.98723,463.85378,1.6336855e+05,4.6230858e+01,2.7717166e+03,1.3611057e+01,1.6924795e+05,4.7896534e+01,0,nan,nan,nan,nan,470.98723,2.5935576e-04,463.85378,2.9459316e-04,-1.3757280e-02,-5.1253907e-02
0.0222114329551456,0.9962967303484634,0.0002842459892900752,1718.8230914331564,-3.0297840e-03,353787,1328.20608,1818.98174,1.5723214e+05,4.4954025e+01,4.7562554e+03,1.1969465e+01,1.6554677e+05,4.7230911e+01,0,nan,nan,nan,nan,1328.20608,2.6193837e-04,1818.98174,2.3235177e-04,3.6141519e-03,-8.7434618e-04
0.022493064925583894,0.9958379642967727,0.0002825869154441815,1712.6884930651267,-2.9085998e-03,349370,1328.21047,1818.98703,1.5801747e+05,4.4739017e+01,3.5373723e+03,1.1356455e+01,1.6564592e+05,4.7005009e+01,0,nan,nan,nan,nan,1328.21047,2.5897045e-04,1818.98703,2.2882871e-04,7.9368055e-03,4.9430896e-03
0.022569336505512183,0.9954150905414185,0.0003000446108163641,1761.7676093367072,-2.9367113e-03,384707,1042.63447,1775.57521,1.5857745e+05,4.7791740e+01,1.1187394e+04,1.6768589e+01,1.6599605e+05,5.0035625e+01,0,nan,nan,nan,nan,1042.63447,2.8364771e-04,1775.57521,2.5264261e-04,1.1130815e-02,4.4705886e-02
0.022608796814438392,0.9961839124820492,0.0002909735028190377,1755.632768797016,-3.0577895e-03,380290,1042.61404,1775.56709,1.5849873e+05,4.6294392e+01,5.6553872e+03,1.4256989e+01,1.6593612e+05,4.8467972e+01,0,nan,nan,nan,nan,1042.61404,2.7228167e-04,1775.56709,2.4297072e-04,-1.0930466e-02,3.5725702e-02
0.02280001181316038,0.996887441305042,0.00029228601413666753,1743.3632000120147,-3.1876522e-03,371456,1042.61646,1775.52035,1.5851819e+05,4.6503742e+01,6.3421626e+03,1.4636230e+01,1.6605520e+05,4.8687153e+01,0,nan,nan,nan,nan,1042.61646,2.7359367e-04,1775.52035,2.4472614e-04,-8.9402664e-03,-1.4043935e-02
0.02312413694744464,0.9968323656941246,0.0002818786525158113,1921.2750441371509,3.1832925e-03,499548,471.02549,463.88343,1.6363475e+05,4.6198967e+01,2.5883916e+03,1.3526910e+01,1.6926389e+05,4.7863491e+01,0,nan,nan,nan,nan,471.02549,2.5905776e-04,463.88343,2.9367430e-04,2.7359769e-02,-1.8194320e-02
0.023131143001364426,0.9968785866273098,0.0002837798832747287,1731.0937711432027,-3.1780670e-03,362622,1328.20075,1819.02172,1.5793822e+05,4.4897285e+01,4.1244990e+03,1.1684188e+01,1.6570608e+05,4.7171291e+01,0,nan,nan,nan,nan,1328.20075,2.6042061e-04,1819.02172,2.2986832e-04,-2.5641061e-03,4.2409781e-02
0.023276599386008456,0.9963543403645105,0.0002849057144215606,1915.1403165995894,3.1753646e-03,495131,471.02026,463.90105,1.6356709e+05,4.6721745e+01,4.4765303e+03,1.4560460e+01,1.6927928e+05,4.8405106e+01,0,nan,nan,nan,nan,471.02026,2.6280680e-04,463.90105,2.9816575e-04,2.3119036e-02,2.0278126e-04
0.02340311172474685,0.9960992923710288,0.0002814077598439368,1909.005563111928,3.1414868e-03,490714,470.99779,463.87292,1.6326325e+05,4.6111382e+01,2.5900310e+03,1.3416179e+01,1.6910125e+05,4.7772751e+01,0,nan,nan,nan,nan,470.99779,2.5865258e-04,463.87292,2.9393253e-04,-1.7741348e-03,-2.9953921e-02
0.023481866356632963,0.9965557372372551,0.0002817345792912831,1902.8707618665599,3.0598515e-03,486297,470.98791,463.86491,1.6332441e+05,4.6172634e+01,2.7819041e+03,1.3529917e+01,1.6920695e+05,4.7836212e+01,0,nan,nan,nan,nan,470.98791,2.5857126e-04,463.86491,2.9428981e-04,-1.2985514e-02,-3.8649302e-02
0.023600298189422,0.9967145719563951,0.00028451634524031535,1718.8244802983907,-3.0298070e-03,353788,1328.20147,1818.98447,1.5734123e+05,4.4996628e+01,4.7443374e+03,1.2030677e+01,1.6561561e+05,4.7275669e+01,0,nan,nan,nan,nan,1328.20147,2.6201407e-04,1818.98447,2.3213380e-04,-2.0063864e-03,1.8530035e-03
0.02388192107878206,0.9954516366936332,0.0002824922988993658,1712.68988192128,-2.9086319e-03,349371,1328.20496,1818.98556,1.5787084e+05,4.4724045e+01,3.5432791e+03,1.1339933e+01,1.6558169e+05,4.6989277e+01,0,nan,nan,nan,nan,1328.20496,2.5903812e-04,1818.98556,2.2907152e-04,2.6023947e-03,3.3317287e-03
0.023958256201694894,0.9961356423327047,0.000300168373843865,1761.7689982564034,-2.9366799e-03,384708,1042.63233,1775.57077,1.5871242e+05,4.7811390e+01,1.1225541e+04,1.6763874e+01,1.6611597e+05,5.0056194e+01,0,nan,nan,nan,nan,1042.63233,2.8337614e-04,1775.57077,2.5271802e-04,8.8835647e-03,4.0604748e-02
0.023997708128263184,0.9967576646350723,0.00029114967787334414,1755.63415770833,-3.0577665e-03,380291,1042.61429,1775.56896,1.5861170e+05,4.6322392e+01,5.6609409e+03,1.4294178e+01,1.6603159e+05,4.8497288e+01,0,nan,nan,nan,nan,1042.61429,2.7236130e-04,1775.56896,2.4282630e-04,-1.0493484e-02,3.8142867e-02
0.02418890776038973,0.9962190741167125,0.00029240861188149417,1743.364588907962,-3.1876445e-03,371457,1042.61595,1775.51440,1.5847942e+05,4.6523258e+01,6.3195630e+03,1.4642264e+01,1.6594389e+05,4.8707581e+01,0,nan,nan,nan,nan,1042.61595,2.7439281e-04,1775.51440,2.4466697e-04,-9.6865110e-03,-2.0817768e-02
0.02451302361487251,0.9965046861746064,0.00028188957746008036,1921.2764330238183,3.1832908e-03,499549,471.02502,463.89578,1.6345670e+05,4.6200768e+01,2.5781187e+03,1.3590530e+01,1.6920830e+05,4.7865356e+01,0,nan,nan,nan,nan,471.02502,2.5954258e-04,463.89578,2.9421129e-04,2.7690161e-02,-5.0894748e-03
0.024520023369632663,0.9963195593345265,0.00028364915054225707,1731.095160023571,-3.1780750e-03,362623,1328.20547,1819.02828,1.5778008e+05,4.4876701e+01,4.1223672e+03,1.1666663e+01,1.6561350e+05,4.7149662e+01,0,nan,nan,nan,nan,1328.20547,2.6033929e-04,1819.02828,2.3019371e-04,3.0268389e-03,5.0572902e-02
0.024665492107487808,0.9965506700820667,0.00028514248475017983,1915.1417054923108,3.1753690e-03,495132,471.01003,463.89007,1.6351109e+05,4.6760517e+01,4.4866899e+03,1.4694873e+01,1.6931245e+05,4.8445274e+01,0,nan,nan,nan,nan,471.01003,2.6276233e-04,463.89007,2.9834663e-04,1.1394775e-02,-1.2036620e-02
0.024792014457034384,0.9961198916235264,0.00028141970389228575,1909.0069520146603,3.1415012e-03,490715,471.00076,463.87403,1.6328308e+05,4.6113338e+01,2.6057324e+03,1.3392786e+01,1.6910475e+05,4.7774780e+01,0,nan,nan,nan,nan,471.00076,2.5882537e-04,463.87403,2.9393326e-04,6.4763101e-04,-2.7928663e-02
0.024870776541320083,0.9960686548017555,0.00028191064239554763,1902.8721507767445,3.0598734e-03,486298,470.98298,463.85354,1.6327191e+05,4.6201477e+01,2.7678694e+03,1.3595021e+01,1.6912422e+05,4.7866093e+01,0,nan,nan,nan,nan,470.98298,2.5859801e-04,463.85354,2.9471019e-04,-1.8082257e-02,-5.0904799e-02
0.02498916319109412,0.9964889686355474,0.00028432960331933145,1718.8258691633923,-3.0298303e-03,353789,1328.20233,1818.98727,1.5724119e+05,4.4966938e+01,4.7476187e+03,1.2018651e+01,1.6557753e+05,4.7244473e+01,0,nan,nan,nan,nan,1328.20233,2.6189169e-04,1818.98727,2.3202524e-04,-6.5017858e-04,5.0418894e-03
0.025270777232890396,0.9958325539989105,0.00028243362134791134,1712.691270777434,-2.9086641e-03,349372,1328.20648,1818.99131,1.5789722e+05,4.4714760e+01,3.5408904e+03,1.1319932e+01,1.6564508e+05,4.6979527e+01,0,nan,nan,nan,nan,1328.20648,2.5902249e-04,1818.99131,2.2894412e-04,4.0352703e-03,9.8601254e-03
0.025347175664592214,0.9961947344306836,0.00030042106485663535,1761.7703871758663,-2.9366487e-03,384709,1042.63310,1775.56833,1.5870211e+05,4.7851566e+01,1.1229152e+04,1.6830952e+01,1.6612558e+05,5.0098259e+01,0,nan,nan,nan,nan,1042.63310,2.8380996e-04,1775.56833,2.5290545e-04,1.0108404e-02,3.8319755e-02
0.025386619442542724,0.9967494475563232,0.0002910408434308744,1755.6355466196442,-3.0577434e-03,380292,1042.60968,1775.56378,1.5858372e+05,4.6305058e+01,5.6526772e+03,1.4268298e+01,1.6603012e+05,4.8479134e+01,0,nan,nan,nan,nan,1042.60968,2.7216118e-04,1775.56378,2.4286240e-04,-1.5265348e-02,3.2194182e-02
0.02557780370761975,0.9963937730982275,0.000292366532886647,1743.3659778039091,-3.1876368e-03,371458,1042.61533,1775.52172,1.5859755e+05,4.6516567e+01,6.3328052e+03,1.4657286e+01,1.6597300e+05,4.8700577e+01,0,nan,nan,nan,nan,1042.61533,2.7324009e-04,1775.52172,2.4413965e-04,-1.0393827e-02,-1.2423716e-02
0.02590191028184563,0.9969099609060841,0.0002816416792236538,1921.2778219104853,3.1832892e-03,499550,471.02551,463.88532,1.6356945e+05,4.6160152e+01,2.5958257e+03,1.3444860e+01,1.6927716e+05,4.7823280e+01,0,nan,nan,nan,nan,471.02551,2.5911772e-04,463.88532,2.9380084e-04,2.7662965e-02,-1.5478752e-02
0.025908903737899554,0.9969268434115716,0.0002837325785774648,1731.0965489039393,-3.1780829e-03,362624,1328.19491,1819.01491,1.5797080e+05,4.4889984e+01,4.1359424e+03,1.1654516e+01,1.6571478e+05,4.7163624e+01,0,nan,nan,nan,nan,1328.19491,2.5997922e-04,1819.01491,2.2976633e-04,-9.1692135e-03,3.5020787e-02
0.02605438459522702,0.9968602049394206,0.000285213899339707,1915.1430943847986,3.1753732e-03,495133,471.01815,463.90554,1.6375009e+05,4.6772175e+01,4.4954038e+03,1.4626026e+01,1.6936484e+05,4.8457352e+01,0,nan,nan,nan,nan,471.01815,2.6236664e-04,463.90554,2.9774907e-04,2.0674486e-02,5.0590215e-03
0.026180917189776665,0.9966609593331598,0.0002815863995506203,1909.008340917393,3.1415157e-03,490716,471.00043,463.88110,1.6344950e+05,4.6140656e+01,2.5853640e+03,1.3421775e+01,1.6919659e+05,4.7803078e+01,0,nan,nan,nan,nan,471.00043,2.5859897e-04,463.88110,2.9370660e-04,2.7410750e-04,-2.0479174e-02
0.026259686957928352,0.9966409941776306,0.0002818157031192242,1902.8735396871612,3.0598955e-03,486299,470.98873,463.85228,1.6332086e+05,4.6185909e+01,2.7603484e+03,1.3536143e+01,1.6922136e+05,4.7849964e+01,0,nan,nan,nan,nan,470.98873,2.5895165e-04,463.85228,2.9463726e-04,-1.2028190e-02,-5.3209428e-02
0.026378028192539205,0.9962049818640433,0.00028429849552826176,1718.8272580283938,-3.0298536e-03,353790,1328.20563,1818.98564,1.5720562e+05,4.4961849e+01,4.7470054e+03,1.2002498e+01,1.6552975e+05,4.7239132e+01,0,nan,nan,nan,nan,1328.20563,2.6223421e-04,1818.98564,2.3227796e-04,2.8904090e-03,3.3497899e-03
0.02665963338677102,0.9956674607175894,0.00028266529656526977,1712.692659633588,-2.9086962e-03,349373,1328.20938,1818.98602,1.5799125e+05,4.4751446e+01,3.5462454e+03,1.1366294e+01,1.6561764e+05,4.7018066e+01,0,nan,nan,nan,nan,1328.20938,2.5915285e-04,1818.98602,2.2905121e-04,6.9732522e-03,4.3419516e-03
0.026736095360774925,0.9956190925702936,0.00030025100842958095,1761.7717760955625,-2.9366172e-03,384710,1042.63002,1775.56921,1.5865775e+05,4.7824409e+01,1.1255215e+04,1.6815603e+01,1.6602933e+05,5.0069824e+01,0,nan,nan,nan,nan,1042.63002,2.8344852e-04,1775.56921,2.5286688e-04,6.2659616e-03,3.8618479e-02
0.026775530756367516,0.9970753406442168,0.0002912708571192521,1755.636935530958,-3.0577204e-03,380293,1042.61365,1775.57000,1.5872388e+05,4.6341621e+01,5.6678262e+03,1.4331182e+01,1.6608431e+05,4.8517414e+01,0,nan,nan,nan,nan,1042.61365,2.7198848e-04,1775.57000,2.4277842e-04,-1.0705900e-02,3.8713217e-02
0.02696669965507681,0.9969551427553133,0.0002923384814248656,1743.3673666998566,-3.1876292e-03,371459,1042.61436,1775.52618,1.5873855e+05,4.6512108e+01,6.3279824e+03,1.4592506e+01,1.6606653e+05,4.8695908e+01,0,nan,nan,nan,nan,1042.61436,2.7330226e-04,1775.52618,2.4395435e-04,-1.1703398e-02,-7.7897753e-03
0.027290796949728247,0.9965754732035111,0.00028171022620852756,1921.2792107971532,3.1832876e-03,499551,471.02701,463.88927,1.6350308e+05,4.6171402e+01,2.6031846e+03,1.3523887e+01,1.6922041e+05,4.7834930e+01,0,nan,nan,nan,nan,471.02701,2.5924947e-04,463.88927,2.9377855e-04,2.8982839e-02,-1.2602614e-02
0.027297783873337148,0.9967080395387149,0.0002836139336458208,1731.0979377840747,-3.1780910e-03,362625,1328.19715,1819.02017,1.5788995e+05,4.4871304e+01,4.1286748e+03,1.1646502e+01,1.6567875e+05,4.7143997e+01,0,nan,nan,nan,nan,1328.19715,2.5983053e-04,1819.02017,2.2969241e-04,-6.4699962e-03,4.0910598e-02
0.02744327708342098,0.9965343152834357,0.00028500826177955236,1915.1444832772868,3.1753774e-03,495134,471.01496,463.89485,1.6359411e+05,4.6738400e+01,4.4930791e+03,1.4597870e+01,1.6930928e+05,4.8422359e+01,0,nan,nan,nan,nan,471.01496,2.6259056e-04,463.89485,2.9807945e-04,1.6937712e-02,-6.6633816e-03
0.027569819922973693,0.9966528829669437,0.00028166797618306335,1909.0097298201263,3.1415301e-03,490717,470.99852,463.87709,1.6335017e+05,4.6154015e+01,2.6002498e+03,1.3462745e+01,1.6919522e+05,4.7816921e+01,0,nan,nan,nan,nan,470.99852,2.5891117e-04,463.87709,2.9422669e-04,-1.3793051e-03,-2.4709240e-02
0.027648597140796483,0.9962349227152829,0.000281883988925742,1902.874928597344,3.0599174e-03,486300,470.98549,463.85532,1.6324773e+05,4.6197094e+01,2.7665640e+03,1.3600095e+01,1.6915238e+05,4.7861549e+01,0,nan,nan,nan,nan,470.98549,2.5913463e-04,463.85532,2.9453196e-04,-1.5040742e-02,-4.9471911e-02
0.027766893193302503,0.9965416075050253,0.0002843599917922941,1718.8286468933945,-3.0298769e-03,353791,1328.20559,1818.98283,1.5729061e+05,4.4971416e+01,4.7471792e+03,1.1992822e+01,1.6558509e+05,4.7249180e+01,0,nan,nan,nan,nan,1328.20559,2.6195133e-04,1818.98283,2.3228771e-04,3.6580281e-03,6.0381851e-04
0.028048489307821,0.995383214055549,0.00028243297833069076,1712.694048489509,-2.9087286e-03,349374,1328.20799,1818.98515,1.5787206e+05,4.4714668e+01,3.5540588e+03,1.1325119e+01,1.6557038e+05,4.6979427e+01,0,nan,nan,nan,nan,1328.20799,2.5940200e-04,1818.98515,2.2894761e-04,6.1355615e-03,3.4036210e-03
0.028125014824126993,0.9962962542921008,0.0003003292603555331,1761.7731650150258,-2.9365860e-03,384711,1042.63411,1775.57260,1.5876097e+05,4.7836803e+01,1.1280389e+04,1.6793949e+01,1.6614200e+05,5.0082798e+01,0,nan,nan,nan,nan,1042.63411,2.8341380e-04,1775.57260,2.5267023e-04,1.0936313e-02,4.2354405e-02
0.028164442070647056,0.9969636095951239,0.0002914553879463837,1755.6383244422723,-3.0576973e-03,380294,1042.61599,1775.56714,1.5868266e+05,4.6370953e+01,5.6605835e+03,1.4408705e+01,1.6606559e+05,4.8548122e+01,0,nan,nan,nan,nan,1042.61599,2.7207722e-04,1775.56714,2.4278749e-04,-8.6968904e-03,3.6074728e-02
0.028355595601624373,0.9968793630902425,0.0002922349162168596,1743.3687555958031,-3.1876215e-03,371460,1042.61246,1775.51734,1.5859808e+05,4.6495632e+01,6.3366372e+03,1.4609976e+01,1.6605392e+05,4.8678661e+01,0,nan,nan,nan,nan,1042.61246,2.7326299e-04,1775.51734,2.4413438e-04,-1.3595343e-02,-1.7241642e-02
0.028679683617610863,0.9966941546615213,0.00028171675088952276,1921.280599683821,3.1832859e-03,499552,471.02185,463.88646,1.6354828e+05,4.6172478e+01,2.5974312e+03,1.3499647e+01,1.6924061e+05,4.7836052e+01,0,nan,nan,nan,nan,471.02185,2.5913716e-04,463.88646,2.9355224e-04,2.4284121e-02,-1.5035815e-02
0.02868666424183175,0.9968555243603862,0.00028370069311714247,1731.0993266644432,-3.1780989e-03,362626,1328.20512,1819.02034,1.5793608e+05,4.4885124e+01,4.1354507e+03,1.1655507e+01,1.6570359e+05,4.7158516e+01,0,nan,nan,nan,nan,1328.20512,2.6030780e-04,1819.02034,2.2979244e-04,1.5638924e-03,4.1132022e-02
0.02883216980490033,0.9967227219758027,0.0002848961164201128,1915.1458721700083,3.1753818e-03,495135,471.02136,463.90222,1.6338577e+05,4.6719952e+01,4.4816270e+03,1.4611947e+01,1.6934109e+05,4.8403248e+01,0,nan,nan,nan,nan,471.02136,2.6278026e-04,463.90222,2.9975144e-04,2.3559505e-02,2.5352938e-03
0.028958722889001365,0.9963158926525958,0.00028146365854849896,1909.0111187230923,3.1415448e-03,490718,471.00003,463.87115,1.6329392e+05,4.6120537e+01,2.5931250e+03,1.3426939e+01,1.6913800e+05,4.7782234e+01,0,nan,nan,nan,nan,471.00003,2.5869554e-04,463.87115,2.9387861e-04,2.5759105e-04,-3.1610768e-02
0.029037507556950004,0.9961283852524642,0.00028195384696458694,1902.8763175077602,3.0599395e-03,486301,470.99081,463.85904,1.6329731e+05,4.6208534e+01,2.7767988e+03,1.3641161e+01,1.6913425e+05,4.7873402e+01,0,nan,nan,nan,nan,470.99081,2.5879795e-04,463.85904,2.9438289e-04,-1.0208431e-02,-4.5334794e-02
0.029155758427123483,0.9966034520749626,0.0002843821801068264,1718.8300357586284,-3.0298999e-03,353792,1328.20570,1818.98583,1.5723300e+05,4.4974766e+01,4.7463979e+03,1.2023863e+01,1.6559477e+05,4.7252697e+01,0,nan,nan,nan,nan,1328.20570,2.6249478e-04,1818.98583,2.3231313e-04,3.1868769e-03,3.2700535e-03
0.029437345461929335,0.9957873893341587,0.0002826890323262886,1712.695437345663,-2.9087607e-03,349375,1328.20604,1818.98946,1.5800133e+05,4.4755211e+01,3.5389846e+03,1.1376197e+01,1.6563761e+05,4.7022022e+01,0,nan,nan,nan,nan,1328.20604,2.5928198e-04,1818.98946,2.2886701e-04,3.1009356e-03,7.9291072e-03
0.029513934519854956,0.9960607908341184,0.0003003424999072568,1761.7745539347216,-2.9365546e-03,384712,1042.62923,1775.57182,1.5873281e+05,4.7838833e+01,1.1286678e+04,1.6819002e+01,1.6610247e+05,5.0084927e+01,0,nan,nan,nan,nan,1042.62923,2.8340201e-04,1775.57182,2.5270070e-04,5.3361822e-03,4.2028643e-02
0.029553353384926595,0.9964984655032261,0.0002911639213053047,1755.6397133535866,-3.0576743e-03,380295,1042.61655,1775.56377,1.5865759e+05,4.6324554e+01,5.6554854e+03,1.4273083e+01,1.6598802e+05,4.8499546e+01,0,nan,nan,nan,nan,1042.61655,2.7201651e-04,1775.56377,2.4281828e-04,-8.8356379e-03,3.2115877e-02
0.029744491315341293,0.9966812345734253,0.00029240146010611425,1743.3701444915168,-3.1876140e-03,371461,1042.61919,1775.52607,1.5860205e+05,4.6522137e+01,6.3424004e+03,1.4677039e+01,1.6602094e+05,4.8706409e+01,0,nan,nan,nan,nan,1042.61919,2.7347918e-04,1775.52607,2.4433411e-04,-5.8397944e-03,-8.3190352e-03
0.030068570284583984,0.9966579764973815,0.00028172682446651366,1921.281988570488,3.1832843e-03,499553,471.02336,463.89319,1.6357698e+05,4.6174149e+01,2.5831465e+03,1.3492162e+01,1.6923452e+05,4.7837780e+01,0,nan,nan,nan,nan,471.02336,2.5919289e-04,463.89319,2.9359118e-04,2.5956001e-02,-7.5690919e-03
0.030075544609416856,0.9967340016221202,0.0002837232032003465,1731.1007155448108,-3.1781069e-03,362627,1328.19514,1819.01540,1.5781230e+05,4.4888775e+01,4.1407290e+03,1.1662662e+01,1.6568372e+05,4.7162350e+01,0,nan,nan,nan,nan,1328.19514,2.6045262e-04,1819.01540,2.3020867e-04,-8.5274531e-03,3.5665944e-02
0.030347625622198393,0.9964425546327103,0.00028174927106395,1909.0125076258255,3.1415592e-03,490719,471.00200,463.88081,1.6337222e+05,4.6167332e+01,2.5820168e+03,1.3552631e+01,1.6915950e+05,4.7830719e+01,0,nan,nan,nan,nan,471.00200,2.5873509e-04,463.88081,2.9374828e-04,1.8968623e-03,-2.0750294e-02
0.030426417739818135,0.9965518283453776,0.00028180567480946817,1902.877706417943,3.0599614e-03,486302,470.98244,463.85217,1.6330341e+05,4.6184238e+01,2.7707129e+03,1.3546548e+01,1.6920611e+05,4.7848232e+01,0,nan,nan,nan,nan,470.98244,2.5866597e-04,463.85217,2.9462366e-04,-1.9007050e-02,-5.2629124e-02
0.030544623428567893,0.9965504735431995,0.0002844682799698271,1718.8314246236298,-3.0299232e-03,353793,1328.20214,1818.97826,1.5730347e+05,4.4988216e+01,4.7386313e+03,1.2003337e+01,1.6558536e+05,4.7266830e+01,0,nan,nan,nan,nan,1328.20214,2.6179463e-04,1818.97826,2.3269428e-04,-3.7794365e-04,-4.9446565e-03
0.030826201615809286,0.995642398926285,0.00028243179155720605,1712.696826201817,-2.9087928e-03,349376,1328.20754,1818.98394,1.5791081e+05,4.4714489e+01,3.5417065e+03,1.1307974e+01,1.6561350e+05,4.6979237e+01,0,nan,nan,nan,nan,1328.20754,2.5892697e-04,1818.98394,2.2918120e-04,4.7744410e-03,1.5868091e-03
0.030902853983207024,0.9959276995238397,0.00030049376542374385,1761.775942854185,-2.9365234e-03,384713,1042.63516,1775.56937,1.5862528e+05,4.7862850e+01,1.1309526e+04,1.6872192e+01,1.6608000e+05,5.0110069e+01,0,nan,nan,nan,nan,1042.63516,2.8412041e-04,1775.56937,2.5301261e-04,1.2785060e-02,3.8936522e-02
0.03094226493158203,0.9975996217596839,0.00029117076587868696,1755.6411022651332,-3.0576510e-03,380296,1042.61478,1775.57031,1.5870177e+05,4.6325607e+01,5.6530244e+03,1.4281896e+01,1.6617133e+05,4.8500652e+01,0,nan,nan,nan,nan,1042.61478,2.7200469e-04,1775.57031,2.4264143e-04,-1.0891260e-02,3.9506160e-02
0.031133387262571314,0.9965217291273457,0.0002922945507940631,1743.371533387464,-3.1876063e-03,371462,1042.61509,1775.51527,1.5864245e+05,4.6505131e+01,6.3417651e+03,1.4613568e+01,1.6599438e+05,4.8688606e+01,0,nan,nan,nan,nan,1042.61509,2.7331075e-04,1775.51527,2.4407700e-04,-1.0937870e-02,-1.9533537e-02
0.031457457185297244,0.9965112849727297,0.00028171009161885395,1921.2833774573887,3.1832829e-03,499554,471.02944,463.89071,1.6353620e+05,4.6171421e+01,2.5904382e+03,1.3487510e+01,1.6920966e+05,4.7834953e+01,0,nan,nan,nan,nan,471.02944,2.5921504e-04,463.89071,2.9405532e-04,3.2068651e-02,-1.0197355e-02
0.03146442474417199,0.9968238752648474,0.00028380852383099364,1731.1021044249455,-3.1781150e-03,362628,1328.20319,1819.02333,1.5795275e+05,4.4902359e+01,4.1230220e+03,1.1677388e+01,1.6569898e+05,4.7176620e+01,0,nan,nan,nan,nan,1328.20319,2.6013143e-04,1819.02333,2.2998067e-04,-1.9232690e-04,4.4662055e-02
0.03160995478128825,0.9962478433345042,0.0002849950620494467,1915.1486499549846,3.1753902e-03,495137,471.01390,463.88658,1.6358520e+05,4.6736069e+01,4.4747114e+03,1.4605573e+01,1.6926000e+05,4.8419945e+01,0,nan,nan,nan,nan,471.01390,2.6238980e-04,463.88658,2.9817934e-04,1.5343343e-02,-1.5063397e-02
0.03173652835539542,0.9967445546681021,0.0002816521386244792,1909.0138965285587,3.1415736e-03,490720,471.00536,463.87622,1.6343516e+05,4.6151413e+01,2.5929602e+03,1.3462925e+01,1.6921077e+05,4.7814228e+01,0,nan,nan,nan,nan,471.00536,2.5863128e-04,463.87622,2.9367130e-04,5.1285760e-03,-2.6417075e-02
0.0318153281573359,0.9964193649079862,0.0002818797251257,1902.8790953283606,3.0599835e-03,486303,470.98577,463.86000,1.6333127e+05,4.6196365e+01,2.7775581e+03,1.3595641e+01,1.6918358e+05,4.7860794e+01,0,nan,nan,nan,nan,470.98577,2.5875308e-04,463.86000,2.9423804e-04,-1.4802315e-02,-4.4295084e-02
0.03193348843001365,0.9964653926763503,0.00028429352725597176,1718.8328134886312,-3.0299465e-03,353794,1328.20651,1818.98730,1.5720717e+05,4.4960411e+01,4.7610996e+03,1.1992005e+01,1.6557061e+05,4.7237621e+01,0,nan,nan,nan,nan,1328.20651,2.6204783e-04,1818.98730,2.3248645e-04,3.9905556e-03,4.3645860e-03
0.03221505776969059,0.9955874567185962,0.0002826100170133517,1712.6982150579709,-2.9088249e-03,349377,1328.20589,1818.98012,1.5795191e+05,4.4742706e+01,3.5490288e+03,1.1382422e+01,1.6560436e+05,4.7008881e+01,0,nan,nan,nan,nan,1328.20589,2.5892368e-04,1818.98012,2.2912415e-04,2.9939204e-03,-2.3330944e-03
0.03229177367916202,0.9964620487320403,0.0003005282773846969,1761.7773317738809,-2.9364920e-03,384714,1042.62776,1775.57627,1.5881778e+05,4.7868263e+01,1.1329057e+04,1.6817068e+01,1.6616883e+05,5.0115742e+01,0,nan,nan,nan,nan,1042.62776,2.8375210e-04,1775.57627,2.5285743e-04,4.2458680e-03,4.5921594e-02
0.03233117624586157,0.9965808771248161,0.00029126238160640064,1755.6424911764475,-3.0576279e-03,380297,1042.61255,1775.56249,1.5861719e+05,4.6340157e+01,5.6770220e+03,1.4339993e+01,1.6600153e+05,4.8515884e+01,0,nan,nan,nan,nan,1042.61255,2.7209183e-04,1775.56249,2.4293739e-04,-1.2680993e-02,3.1248331e-02
0.03252228320980066,0.9965414363919232,0.0002924217826907903,1743.3729222834113,-3.1875987e-03,371463,1042.61631,1775.52292,1.5861986e+05,4.6525372e+01,6.3652212e+03,1.4685596e+01,1.6599767e+05,4.8709801e+01,0,nan,nan,nan,nan,1042.61631,2.7337702e-04,1775.52292,2.4421405e-04,-9.2981700e-03,-1.1553225e-02
0.03284634385317986,0.9967285938692769,0.00028152941489956575,1921.2847663440566,3.1832813e-03,499555,471.02161,463.88483,1.6351309e+05,4.6141819e+01,2.5908601e+03,1.3425231e+01,1.6924661e+05,4.7804287e+01,0,nan,nan,nan,nan,471.02161,2.5913509e-04,463.88483,2.9377142e-04,2.3933345e-02,-1.6436562e-02
0.03285330511243956,0.9962830131191217,0.0002837967254572585,1731.1034933053138,-3.1781229e-03,362629,1328.19955,1819.02350,1.5779878e+05,4.4900574e+01,4.1344438e+03,1.1730663e+01,1.6560939e+05,4.7174751e+01,0,nan,nan,nan,nan,1328.19955,2.6029107e-04,1819.02350,2.3010097e-04,-4.1233925e-03,4.4760700e-02
0.0329988475027676,0.9964734795006606,0.0002849440454683439,1915.1500388477061,3.1753946e-03,495138,471.01762,463.90811,1.6363664e+05,4.6727642e+01,4.4538735e+03,1.4554966e+01,1.6929812e+05,4.8411217e+01,0,nan,nan,nan,nan,471.01762,2.6240619e-04,463.90811,2.9808941e-04,2.0229617e-02,7.7905655e-03
0.033125431087682955,0.9961606862374177,0.0002814975130481895,1909.015285431291,3.1415881e-03,490721,470.99852,463.87529,1.6324555e+05,4.6126080e+01,2.6032517e+03,1.3443727e+01,1.6911164e+05,4.7787979e+01,0,nan,nan,nan,nan,470.99852,2.5862191e-04,463.87529,2.9413702e-04,-1.8180477e-03,-2.6488971e-02
0.03320423834156827,0.9962776640314783,0.00028164988335626045,1902.8804842385448,3.0600054e-03,486304,470.98822,463.86170,1.6325788e+05,4.6158684e+01,2.7803936e+03,1.3503335e+01,1.6915948e+05,4.7821758e+01,0,nan,nan,nan,nan,470.98822,2.5883451e-04,463.86170,2.9431496e-04,-1.2915598e-02,-4.2914029e-02
0.03332235343214052,0.9964376660893784,0.00028434460212543476,1718.8342023536334,-3.0299698e-03,353795,1328.20355,1818.99233,1.5723833e+05,4.4968323e+01,4.7659453e+03,1.2004066e+01,1.6556539e+05,4.7245934e+01,0,nan,nan,nan,nan,1328.20355,2.6197612e-04,1818.99233,2.3202985e-04,3.8052606e-04,1.1046377e-02
0.03360391392288875,0.9958015806977256,0.0002825060479621974,1712.699603914124,-2.9088571e-03,349378,1328.20632,1818.99088,1.5798583e+05,4.4726238e+01,3.5379519e+03,1.1328540e+01,1.6563997e+05,4.6991585e+01,0,nan,nan,nan,nan,1328.20632,2.5885596e-04,1818.99088,2.2845140e-04,3.1794193e-03,9.8536238e-03
0.033680693142287055,0.9961924102241111,0.000300338628987423,1761.778720693344,-2.9364608e-03,384715,1042.63182,1775.57371,1.5868553e+05,4.7837975e+01,1.1334855e+04,1.6824047e+01,1.6612358e+05,5.0084026e+01,0,nan,nan,nan,nan,1042.63182,2.8363301e-04,1775.57371,2.5291948e-04,8.2791978e-03,4.3782581e-02
0.033720087559913396,0.9966358549230097,0.00029116437840170207,1755.6438800877615,-3.0576049e-03,380298,1042.61514,1775.56479,1.5862414e+05,4.6324539e+01,5.6592334e+03,1.4319960e+01,1.6601059e+05,4.8499531e+01,0,nan,nan,nan,nan,1042.61514,2.7203702e-04,1775.56479,2.4270525e-04,-9.6810041e-03,3.3012133e-02
0.03391117915725772,0.9962796702747462,0.0002922981431443618,1743.3743111793588,-3.1875910e-03,371464,1042.62190,1775.52593,1.5855345e+05,4.6505707e+01,6.3539067e+03,1.4632592e+01,1.6595408e+05,4.8689209e+01,0,nan,nan,nan,nan,1042.62190,2.7359679e-04,1775.52593,2.4436155e-04,-3.2568953e-03,-8.3782366e-03
0.03423523052060773,0.9961841482271514,0.00028202243324066355,1921.286155230724,3.1832797e-03,499556,471.02656,463.88754,1.6350050e+05,4.6222637e+01,2.5861797e+03,1.3602588e+01,1.6915422e+05,4.7888016e+01,0,nan,nan,nan,nan,471.02656,2.5959211e-04,463.88754,2.9409616e-04,2.8874753e-02,-1.3330190e-02
0.03424218548138958,0.9976835611832451,0.0002838644637396711,1731.1048821856828,-3.1781308e-03,362630,1328.19875,1819.01810,1.5798131e+05,4.4911377e+01,4.1321763e+03,1.1697618e+01,1.6584252e+05,4.7186100e+01,0,nan,nan,nan,nan,1328.19875,2.6032326e-04,1819.01810,2.3013860e-04,-3.5451946e-03,3.8915496e-02
0.03438773999141631,0.9972094236645529,0.0002849625534394001,1915.1514277401948,3.1753988e-03,495139,471.00822,463.89696,1.6365523e+05,4.6730618e+01,4.4760649e+03,1.4543115e+01,1.6942295e+05,4.8414299e+01,0,nan,nan,nan,nan,471.00822,2.6262217e-04,463.89696,2.9818527e-04,8.9537753e-03,-2.1609664e-03
0.03451433382087998,0.9963477431840397,0.00028162860738835106,1909.0166743340242,3.1416025e-03,490722,471.00019,463.87799,1.6329898e+05,4.6147556e+01,2.5992065e+03,1.3492085e+01,1.6914339e+05,4.7810230e+01,0,nan,nan,nan,nan,471.00019,2.5888521e-04,463.87799,2.9402217e-04,2.4852704e-04,-2.3661869e-02
0.0345931485244364,0.9965215724586967,0.0002819714497559142,1902.8818731487277,3.0600273e-03,486305,470.98618,463.84872,1.6325770e+05,4.6211376e+01,2.7721516e+03,1.3597124e+01,1.6920086e+05,4.7876347e+01,0,nan,nan,nan,nan,470.98618,2.5930171e-04,463.84872,2.9501249e-04,-1.4000467e-02,-5.7334114e-02
0.03471121866664396,0.9962920137008916,0.0002844697743508375,1718.8355912188679,-3.0299928e-03,353796,1328.20404,1818.98564,1.5722112e+05,4.4987957e+01,4.7654512e+03,1.2013588e+01,1.6554058e+05,4.7266556e+01,0,nan,nan,nan,nan,1328.20404,2.6209827e-04,1818.98564,2.3264562e-04,6.9844956e-04,3.6513770e-03
0.034992770076086914,0.9954830298379167,0.0002825356904298578,1712.7009927702773,-2.9088892e-03,349379,1328.20356,1818.98246,1.5793211e+05,4.4730930e+01,3.5523069e+03,1.1324022e+01,1.6558697e+05,4.6996510e+01,0,nan,nan,nan,nan,1328.20356,2.5893960e-04,1818.98246,2.2929278e-04,9.7206241e-04,1.8532213e-04
0.035069612838469766,0.9956490834222715,0.000300378250375113,1761.7801096130402,-2.9364293e-03,384716,1042.62880,1775.56875,1.5858827e+05,4.7844200e+01,1.1366527e+04,1.6830956e+01,1.6603269e+05,5.0090546e+01,0,nan,nan,nan,nan,1042.62880,2.8383781e-04,1775.56875,2.5318723e-04,5.7400647e-03,3.8501520e-02
0.035108998873511155,0.9967049009129362,0.0002911068258888636,1755.6452689990751,-3.0575818e-03,380299,1042.61096,1775.56757,1.5866322e+05,4.6315346e+01,5.6705518e+03,1.4269254e+01,1.6602198e+05,4.8489910e+01,0,nan,nan,nan,nan,1042.61096,2.7206051e-04,1775.56757,2.4270931e-04,-1.5199481e-02,3.6161058e-02
0.03530007510426003,0.9967291405193632,0.00029231479669437855,1743.3757000753058,-3.1875833e-03,371465,1042.61630,1775.52349,1.5866769e+05,4.6508362e+01,6.3651606e+03,1.4609506e+01,1.6602897e+05,4.8691986e+01,0,nan,nan,nan,nan,1042.61630,2.7329277e-04,1775.52349,2.4419365e-04,-8.8057248e-03,-1.1406123e-02
0.035624117188490345,0.9970479781391055,0.0002818132315229417,1921.287544117392,3.1832780e-03,499557,471.02214,463.89004,1.6370961e+05,4.6188366e+01,2.5978523e+03,1.3463781e+01,1.6930095e+05,4.7852509e+01,0,nan,nan,nan,nan,471.02214,2.5915564e-04,463.89004,2.9342080e-04,2.4165953e-02,-1.0528260e-02
0.03563106585056596,0.9968232674569512,0.0002837491853004159,1731.106271066052,-3.1781388e-03,362631,1328.20222,1819.01895,1.5796055e+05,4.4893223e+01,4.1372769e+03,1.1694990e+01,1.6569981e+05,4.7167023e+01,0,nan,nan,nan,nan,1328.20222,2.6014703e-04,1819.01895,2.2959385e-04,-1.4173880e-03,4.0250737e-02
0.03577663271198617,0.9962563564595781,0.00028505579285023597,1915.1528166329153,3.1754032e-03,495140,471.01817,463.89115,1.6365280e+05,4.6745850e+01,4.4578687e+03,1.4602773e+01,1.6926081e+05,4.8430080e+01,0,nan,nan,nan,nan,471.01817,2.6253643e-04,463.89115,2.9795771e-04,2.0198019e-02,-1.0346507e-02
0.03590323655407701,0.9966151066412688,0.000281682005916079,1909.0180632367574,3.1416169e-03,490723,470.99900,463.87928,1.6338684e+05,4.6156311e+01,2.6180647e+03,1.3511053e+01,1.6918877e+05,4.7819298e+01,0,nan,nan,nan,nan,470.99900,2.5855532e-04,463.87928,2.9375902e-04,-1.3876108e-03,-2.2991523e-02
0.03598205894058992,0.9968911974070173,0.0002817817458344771,1902.8832620591438,3.0600494e-03,486306,470.98487,463.86393,1.6339992e+05,4.6180271e+01,2.7760588e+03,1.3535527e+01,1.6926358e+05,4.7844124e+01,0,nan,nan,nan,nan,470.98487,2.5850881e-04,463.86393,2.9410224e-04,-1.5889319e-02,-3.9907008e-02
0.03610008366740658,0.996397470997711,0.00028463421059020513,1718.8369800838686,-3.0300161e-03,353797,1328.20792,1818.98836,1.5734138e+05,4.5013794e+01,4.7609995e+03,1.2098953e+01,1.6555748e+05,4.7293701e+01,0,nan,nan,nan,nan,1328.20792,2.6203165e-04,1818.98836,2.3198941e-04,5.2868105e-03,6.5021464e-03
0.036381625997137575,0.9958157519031068,0.0002826512127902452,1712.7023816261983,-2.9089216e-03,349380,1328.21334,1818.99113,1.5798433e+05,4.4749210e+01,3.5552375e+03,1.1348769e+01,1.6564230e+05,4.7015720e+01,0,nan,nan,nan,nan,1328.21334,2.5936388e-04,1818.99113,2.2898833e-04,1.1317411e-02,9.9368477e-03
0.036458532301367086,0.9960913326277215,0.00030073077129445905,1761.781498532503,-2.9363981e-03,384717,1042.63530,1775.57007,1.5867805e+05,4.7900269e+01,1.1391228e+04,1.6916653e+01,1.6610614e+05,5.0149242e+01,0,nan,nan,nan,nan,1042.63530,2.8382568e-04,1775.57007,2.5329611e-04,1.2278815e-02,3.9825510e-02
0.0364979101868812,0.9962807743119679,0.00029101935859309483,1755.6466579103885,-3.0575588e-03,380300,1042.61179,1775.56771,1.5850481e+05,4.6301403e+01,5.6610073e+03,1.4269360e+01,1.6595123e+05,4.8475311e+01,0,nan,nan,nan,nan,1042.61179,2.7222841e-04,1775.56771,2.4296288e-04,-1.3570360e-02,3.5814293e-02
0.03668897105171709,0.9961766077721123,0.0002922930682594977,1743.3770889712532,-3.1875756e-03,371466,1042.61040,1775.52139,1.5856202e+05,4.6504906e+01,6.3609863e+03,1.4633121e+01,1.6593694e+05,4.8688370e+01,0,nan,nan,nan,nan,1042.61040,2.7346541e-04,1775.52139,2.4414269e-04,-1.5624270e-02,-1.3497668e-02
0.03701300385637296,0.996072281648918,0.00028173255104617823,1921.2889330040598,3.1832764e-03,499558,471.02455,463.88898,1.6340261e+05,4.6175159e+01,2.5949685e+03,1.3569281e+01,1.6913533e+05,4.7838825e+01,0,nan,nan,nan,nan,471.02455,2.5930817e-04,463.88898,2.9413402e-04,2.6721133e-02,-1.1881454e-02
0.03701994598600356,0.9968424270114835,0.0002838107448274912,1731.1076599461874,-3.1781469e-03,362632,1328.20416,1819.02041,1.5791277e+05,4.4903042e+01,4.1298428e+03,1.1705729e+01,1.6570330e+05,4.7177341e+01,0,nan,nan,nan,nan,1328.20416,2.6060967e-04,1819.02041,2.2983718e-04,1.0382400e-03,4.1259188e-02
0.037165525200634875,0.9962841511659868,0.0002851606436249633,1915.154205525404,3.1754074e-03,495141,471.01367,463.90056,1.6364467e+05,4.6762985e+01,4.4738047e+03,1.4618201e+01,1.6926531e+05,4.8447830e+01,0,nan,nan,nan,nan,471.01367,2.6290759e-04,463.90056,2.9773012e-04,1.5608310e-02,1.7125631e-04
0.03729213951919519,0.99654699825265,0.0002816988709115409,1909.0194521397225,3.1416316e-03,490724,471.00266,463.87693,1.6331869e+05,4.6159065e+01,2.5922869e+03,1.3544720e+01,1.6917720e+05,4.7822155e+01,0,nan,nan,nan,nan,471.00266,2.5897956e-04,463.87693,2.9402637e-04,2.6029521e-03,-2.5522901e-02
0.03737096912436755,0.9963364752408449,0.0002817550053796198,1902.8846509693276,3.0600713e-03,486307,470.98533,463.84731,1.6328609e+05,4.6175880e+01,2.7752791e+03,1.3555963e+01,1.6916934e+05,4.7839573e+01,0,nan,nan,nan,nan,470.98533,2.5862447e-04,463.84731,2.9446275e-04,-1.5737509e-02,-5.9033431e-02
0.03748894866885166,0.9967699532594139,0.0002844859028866784,1718.83836894887,-3.0300394e-03,353798,1328.20538,1818.98392,1.5738159e+05,4.4990166e+01,4.7633530e+03,1.1999545e+01,1.6561875e+05,4.7268879e+01,0,nan,nan,nan,nan,1328.20538,2.6188197e-04,1818.98392,2.3208768e-04,2.8744966e-03,2.1295391e-03
0.03777048215124523,0.9952810406636767,0.00028252593514720863,1712.7037704823524,-2.9089537e-03,349381,1328.20510,1818.98400,1.5784944e+05,4.4729374e+01,3.5414558e+03,1.1359263e+01,1.6555333e+05,4.6994877e+01,0,nan,nan,nan,nan,1328.20510,2.5932022e-04,1818.98400,2.2961086e-04,2.2835920e-03,1.5630949e-03
0.0378474519975498,0.9962059582116359,0.000300578420646677,1761.7828874521992,-2.9363667e-03,384718,1042.63064,1775.57910,1.5874353e+05,4.7875916e+01,1.1392513e+04,1.6871716e+01,1.6612495e+05,5.0123749e+01,0,nan,nan,nan,nan,1042.63064,2.8374119e-04,1775.57910,2.5290583e-04,6.8319663e-03,4.9413595e-02
0.037886821733536635,0.9959265585859732,0.00029098633940764096,1755.6480468219352,-3.0575355e-03,380301,1042.61287,1775.56590,1.5851400e+05,4.6296116e+01,5.6704580e+03,1.4268959e+01,1.6589212e+05,4.8469780e+01,0,nan,nan,nan,nan,1042.61287,2.7216988e-04,1775.56590,2.4284975e-04,-1.2102764e-02,3.4480818e-02
0.03807786676611647,0.996942725307342,0.00029232971588913495,1743.3784778669676,-3.1875682e-03,371467,1042.62169,1775.51901,1.5863747e+05,4.6510742e+01,6.3328926e+03,1.4612236e+01,1.6606456e+05,4.8694481e+01,0,nan,nan,nan,nan,1042.62169,2.7350322e-04,1775.51901,2.4414150e-04,-4.6777269e-03,-1.5475774e-02
0.03840189052334608,0.996748464772815,0.00028168740493341354,1921.2903218907268,3.1832748e-03,499559,471.02622,463.89255,1.6357548e+05,4.6167774e+01,2.5908347e+03,1.3432371e+01,1.6925020e+05,4.7831177e+01,0,nan,nan,nan,nan,471.02622,2.5917034e-04,463.89255,2.9384173e-04,2.8468424e-02,-9.0679601e-03
0.038408826353588665,0.996893012514604,0.0002837698344358073,1731.109048826555,-3.1781548e-03,362633,1328.19801,1819.02221,1.5793486e+05,4.4896648e+01,4.1353481e+03,1.1664159e+01,1.6571200e+05,4.7170624e+01,0,nan,nan,nan,nan,1328.19801,2.6014584e-04,1819.02221,2.3015524e-04,-5.6694942e-03,4.2935725e-02
0.03855441768928358,0.9958840007162582,0.00028488701014954906,1915.1555944178926,3.1754116e-03,495142,471.01977,463.88704,1.6336394e+05,4.6718052e+01,4.4448931e+03,1.4618761e+01,1.6919711e+05,4.8401279e+01,0,nan,nan,nan,nan,471.01977,2.6300628e-04,463.88704,2.9876616e-04,2.2464085e-02,-1.5558378e-02
0.03868104225239222,0.996157428321825,0.0002814048065709755,1909.0208410424557,3.1416460e-03,490725,470.99737,463.87029,1.6318852e+05,4.6110878e+01,2.6020596e+03,1.3432093e+01,1.6911106e+05,4.7772232e+01,0,nan,nan,nan,nan,470.99737,2.5887470e-04,463.87029,2.9436243e-04,-2.8342512e-03,-3.2790352e-02
0.03875987954097582,0.9966486419814287,0.00028181354532307116,1902.8860398797442,3.0600934e-03,486308,470.98771,463.86402,1.6328552e+05,4.6185455e+01,2.7722700e+03,1.3591848e+01,1.6922231e+05,4.7849499e+01,0,nan,nan,nan,nan,470.98771,2.5880084e-04,463.86402,2.9455387e-04,-1.3222231e-02,-4.0425003e-02
0.038877813670296746,0.9964190383845334,0.0002844336629083574,1718.8397578138715,-3.0300627e-03,353799,1328.20296,1818.98519,1.5723795e+05,4.4981735e+01,4.7631567e+03,1.2056676e+01,1.6555981e+05,4.7260021e+01,0,nan,nan,nan,nan,1328.20296,2.6204457e-04,1818.98519,2.3208330e-04,2.0991531e-04,3.0149319e-03
0.03915933830512586,0.9956702671441648,0.0002825704602400484,1712.7051593385063,-2.9089858e-03,349382,1328.20726,1818.98970,1.5793369e+05,4.4736416e+01,3.5561602e+03,1.1376299e+01,1.6561805e+05,4.7002274e+01,0,nan,nan,nan,nan,1328.20726,2.5900389e-04,1818.98970,2.2903539e-04,4.3464322e-03,8.1453351e-03
0.039236371693504794,0.9957750126534932,0.00030063944024094657,1761.7842763718952,-2.9363353e-03,384719,1042.63082,1775.56589,1.5863445e+05,4.7885544e+01,1.1420438e+04,1.6896248e+01,1.6605278e+05,5.0133831e+01,0,nan,nan,nan,nan,1042.63082,2.8392815e-04,1775.56589,2.5338947e-04,7.2744335e-03,3.5354447e-02
0.039275733047816175,0.9963827032265264,0.00029104187445881625,1755.6494357332494,-3.0575125e-03,380302,1042.61233,1775.56452,1.5856261e+05,4.6304928e+01,5.6595518e+03,1.4277351e+01,1.6596800e+05,4.8479000e+01,0,nan,nan,nan,nan,1042.61233,2.7209718e-04,1775.56452,2.4283840e-04,-1.3205157e-02,3.3002369e-02
0.039466762713345815,0.9963710099709561,0.0002922162368733865,1743.3798667629148,-3.1875605e-03,371468,1042.61020,1775.52668,1.5857888e+05,4.6492687e+01,6.3490693e+03,1.4597838e+01,1.6596934e+05,4.8675579e+01,0,nan,nan,nan,nan,1042.61020,2.7341035e-04,1775.52668,2.4428853e-04,-1.5616983e-02,-7.9641491e-03
0.03979077719054692,0.9966674842871264,0.0002817467693003718,1921.291710777394,3.1832731e-03,499560,471.02202,463.88070,1.6364464e+05,4.6177521e+01,2.6040679e+03,1.3435109e+01,1.6923652e+05,4.7841270e+01,0,nan,nan,nan,nan,471.02202,2.5908669e-04,463.88070,2.9372249e-04,2.3546237e-02,-2.0689180e-02
0.03979770672117377,0.9970842215511955,0.0002837739328576229,1731.1104377069225,-3.1781627e-03,362634,1328.20509,1819.01885,1.5799956e+05,4.4897377e+01,4.1359219e+03,1.1684526e+01,1.6574408e+05,4.7171391e+01,0,nan,nan,nan,nan,1328.20509,2.6012969e-04,1819.01885,2.2965873e-04,2.0881377e-03,3.9978072e-02
0.039943310410308186,0.9963250794762721,0.0002851896097220317,1915.1569833106137,3.1754160e-03,495143,471.01209,463.90163,1.6367647e+05,4.6767612e+01,4.4489038e+03,1.4671040e+01,1.6927183e+05,4.8452625e+01,0,nan,nan,nan,nan,471.01209,2.6250759e-04,463.90163,2.9741338e-04,1.4065566e-02,9.5862406e-04
0.040069944985589245,0.9959995359558418,0.00028187140043716845,1909.0222299451889,3.1416605e-03,490726,470.99850,463.87611,1.6333642e+05,4.6187336e+01,2.6091526e+03,1.3639680e+01,1.6908425e+05,4.7851444e+01,0,nan,nan,nan,nan,470.99850,2.5862062e-04,463.87611,2.9371720e-04,-1.9299658e-03,-2.5919104e-02
0.04014878972475344,0.9962500387107288,0.0002818536037821602,1902.887428789928,3.0601153e-03,486309,470.98415,463.85874,1.6333975e+05,4.6192017e+01,2.7890457e+03,1.3561908e+01,1.6915459e+05,4.7856293e+01,0,nan,nan,nan,nan,470.98415,2.5873716e-04,463.85874,2.9432340e-04,-1.6765881e-02,-4.5768619e-02
0.04026667890389001,0.996267798250681,0.00028433792111766485,1718.8411466791051,-3.0300857e-03,353800,1328.20523,1818.98522,1.5724677e+05,4.4966423e+01,4.7710713e+03,1.1998105e+01,1.6553406e+05,4.7243935e+01,0,nan,nan,nan,nan,1328.20523,2.6201838e-04,1818.98522,2.3199765e-04,2.7483562e-03,3.0669917e-03
0.04054819445900648,0.9951349671339643,0.00028247822401154067,1712.7065481946602,-2.9090180e-03,349383,1328.20467,1818.98297,1.5787481e+05,4.4721806e+01,3.5481770e+03,1.1339066e+01,1.6552897e+05,4.6986923e+01,0,nan,nan,nan,nan,1328.20467,2.5913355e-04,1818.98297,2.2907347e-04,2.4139418e-03,3.9523208e-04
0.04062529115662983,0.9965257441350125,0.0003006411132061883,1761.7856652913583,-2.9363041e-03,384720,1042.63419,1775.57376,1.5874648e+05,4.7885723e+01,1.1400128e+04,1.6863356e+01,1.6617766e+05,5.0134014e+01,0,nan,nan,nan,nan,1042.63419,2.8381095e-04,1775.57376,2.5322425e-04,1.0860667e-02,4.3260757e-02
0.04066464436186868,0.9963693348973407,0.00029106330416393844,1755.6508246445635,-3.0574894e-03,380303,1042.61540,1775.56895,1.5855642e+05,4.6308308e+01,5.6723276e+03,1.4274605e+01,1.6596567e+05,4.8482540e+01,0,nan,nan,nan,nan,1042.61540,2.7218656e-04,1775.56895,2.4289315e-04,-9.3647214e-03,3.8006533e-02
0.04085565865989338,0.9960187350974603,0.0002921454198089378,1743.3812556588614,-3.1875528e-03,371469,1042.61690,1775.51965,1.5850217e+05,4.6481422e+01,6.3438330e+03,1.4599476e+01,1.6591067e+05,4.8663784e+01,0,nan,nan,nan,nan,1042.61690,2.7344484e-04,1775.51965,2.4417375e-04,-8.5557858e-03,-1.4686429e-02
0.04117966385774707,0.9960067245531442,0.0002814251630951839,1921.2930996640612,3.1832715e-03,499561,471.02589,463.89132,1.6344395e+05,4.6124828e+01,2.5917400e+03,1.3378598e+01,1.6912438e+05,4.7786678e+01,0,nan,nan,nan,nan,471.02589,2.5920072e-04,463.89132,2.9383140e-04,2.8559428e-02,-9.9890269e-03
0.04118658708966905,0.9964049827965211,0.0002836371655932565,1731.111826587291,-3.1781706e-03,362635,1328.19892,1819.02224,1.5786381e+05,4.4875816e+01,4.1327256e+03,1.1645729e+01,1.6563145e+05,4.7148739e+01,0,nan,nan,nan,nan,1328.19892,2.6037477e-04,1819.02224,2.2980828e-04,-4.2044604e-03,4.3261632e-02
0.041332202898956893,0.9961972060344977,0.0002851278320242316,1915.1583722031023,3.1754202e-03,495144,471.01869,463.90095,1.6356670e+05,4.6757420e+01,4.4501265e+03,1.4673414e+01,1.6924988e+05,4.8442066e+01,0,nan,nan,nan,nan,471.01869,2.6264664e-04,463.90095,2.9794284e-04,2.1312876e-02,8.6416444e-04
0.041458847718786274,0.9964836147537985,0.0002815915423973633,1909.023618847922,3.1416749e-03,490727,471.00340,463.87964,1.6335950e+05,4.6141479e+01,2.5932102e+03,1.3479584e+01,1.6916642e+05,4.7803932e+01,0,nan,nan,nan,nan,471.00340,2.5865078e-04,463.87964,2.9378079e-04,3.1953065e-03,-2.2487890e-02
0.04153770014136171,0.9958624055188969,0.00028178277001638524,1902.8888177003446,3.0601374e-03,486310,470.98533,463.84779,1.6317433e+05,4.6180397e+01,2.7848281e+03,1.3613437e+01,1.6908873e+05,4.7844254e+01,0,nan,nan,nan,nan,470.98533,2.5900410e-04,463.84779,2.9449415e-04,-1.5400900e-02,-5.8381662e-02
0.04165554390488035,0.9970600420470255,0.00028451696042306346,1718.842535544106,-3.0301090e-03,353801,1328.20666,1818.98520,1.5742939e+05,4.4994568e+01,4.7565049e+03,1.1990275e+01,1.6566506e+05,4.7273502e+01,0,nan,nan,nan,nan,1328.20666,2.6194070e-04,1818.98520,2.3193721e-04,3.7475666e-03,3.3440331e-03
0.04193705061311414,0.995243617675553,0.0002824523622263376,1712.7079370508143,-2.9090501e-03,349384,1328.21011,1818.99246,1.5790869e+05,4.4717693e+01,3.5524895e+03,1.1308692e+01,1.6554700e+05,4.6982609e+01,0,nan,nan,nan,nan,1328.21011,2.5919804e-04,1818.99246,2.2896967e-04,8.0504613e-03,1.0303384e-02
0.04201421085281254,0.9962370277085215,0.00030071203695367256,1761.7870542110545,-2.9362726e-03,384721,1042.63104,1775.57026,1.5872553e+05,4.7896923e+01,1.1469982e+04,1.6892025e+01,1.6612919e+05,5.0145744e+01,0,nan,nan,nan,nan,1042.63104,2.8415857e-04,1775.57026,2.5314893e-04,7.3300847e-03,4.0358800e-02
0.042053555675920506,0.996428559545141,0.00029113603919774656,1755.6522135558776,-3.0574664e-03,380304,1042.60906,1775.56663,1.5863570e+05,4.6319851e+01,5.6717124e+03,1.4285375e+01,1.6597542e+05,4.8494625e+01,0,nan,nan,nan,nan,1042.60906,2.7207387e-04,1775.56663,2.4267417e-04,-1.6847434e-02,3.5174880e-02
0.04224455460644094,0.9968417194060452,0.0002923498622706985,1743.382644554808,-3.1875451e-03,371470,1042.61375,1775.52434,1.5866600e+05,4.6513958e+01,6.3605142e+03,1.4607912e+01,1.6604777e+05,4.8697845e+01,0,nan,nan,nan,nan,1042.61375,2.7330092e-04,1775.52434,2.4421050e-04,-1.2120688e-02,-9.9133113e-03
0.042568550524720195,0.996631334242227,0.0002816609521361806,1921.2944885507281,3.1832699e-03,499562,471.02170,463.89213,1.6353388e+05,4.6163483e+01,2.6033906e+03,1.3460227e+01,1.6923048e+05,4.7826733e+01,0,nan,nan,nan,nan,471.02170,2.5909889e-04,463.89213,2.9384240e-04,2.4396753e-02,-8.5256230e-03
0.04257546722510597,0.9963063750755266,0.0002836238004617966,1731.1132154674265,-3.1781788e-03,362636,1328.19938,1819.01540,1.5776422e+05,4.4873775e+01,4.1337612e+03,1.1660034e+01,1.6561534e+05,4.7146595e+01,0,nan,nan,nan,nan,1328.19938,2.6037247e-04,1819.01540,2.3039767e-04,-4.0506572e-03,3.5333812e-02
0.0427210953876056,0.9963443332302526,0.0002853630168974608,1915.159761095591,3.1754244e-03,495145,471.01788,463.90070,1.6374509e+05,4.6795918e+01,4.4549268e+03,1.4641264e+01,1.6927464e+05,4.8481953e+01,0,nan,nan,nan,nan,471.01788,2.6267677e-04,463.90070,2.9809680e-04,1.8879574e-02,7.3638244e-04
0.0428477504519833,0.9963719280078687,0.0002815087337010814,1909.0250077506553,3.1416893e-03,490728,471.00063,463.87903,1.6333983e+05,4.6127907e+01,2.5906868e+03,1.3431448e+01,1.6914745e+05,4.7789871e+01,0,nan,nan,nan,nan,471.00063,2.5865351e-04,463.87903,2.9376641e-04,-8.0058038e-05,-2.2868378e-02
0.04292661032422984,0.996475185331468,0.0002820921162299396,1902.8902066105275,3.0601593e-03,486311,470.98834,463.86306,1.6339983e+05,4.6231079e+01,2.7701440e+03,1.3691759e+01,1.6919273e+05,4.7896763e+01,0,nan,nan,nan,nan,470.98834,2.5856597e-04,463.86306,2.9411490e-04,-1.2843376e-02,-4.0592462e-02
0.04304440890632611,0.9966742518028888,0.00028440504767030645,1718.8439244091076,-3.0301323e-03,353802,1328.20743,1818.98874,1.5726672e+05,4.4976700e+01,4.7461045e+03,1.1997400e+01,1.6560033e+05,4.7254726e+01,0,nan,nan,nan,nan,1328.20743,2.6216061e-04,1818.98874,2.3232090e-04,5.8985511e-03,6.8786764e-03
0.043325906766995444,0.9957698121072116,0.0002825549668448096,1712.7093259069682,-2.9090822e-03,349385,1328.20640,1818.98300,1.5784775e+05,4.4733929e+01,3.5575400e+03,1.1398052e+01,1.6563448e+05,4.6999664e+01,0,nan,nan,nan,nan,1328.20640,2.5911370e-04,1818.98300,2.2939849e-04,3.8246908e-03,3.1440516e-04
0.04340313031570986,0.9960475233556282,0.00030070486439361745,1761.7884431305174,-2.9362414e-03,384722,1042.63245,1775.57349,1.5866498e+05,4.7895683e+01,1.1460016e+04,1.6924002e+01,1.6609727e+05,5.0144451e+01,0,nan,nan,nan,nan,1042.63245,2.8398636e-04,1775.57349,2.5325309e-04,9.9201603e-03,4.3150634e-02
0.043442466990200046,0.996704843753251,0.0002912477408740257,1755.6536024671918,-3.0574433e-03,380305,1042.61282,1775.56366,1.5866000e+05,4.6337589e+01,5.6615498e+03,1.4286212e+01,1.6602134e+05,4.8513199e+01,0,nan,nan,nan,nan,1042.61282,2.7264762e-04,1775.56366,2.4286586e-04,-1.2801951e-02,3.2267865e-02
0.043633450553898,0.9965144826829889,0.0002924333073132464,1743.3840334507554,-3.1875374e-03,371471,1042.61851,1775.51752,1.5860953e+05,4.6527233e+01,6.3691938e+03,1.4633383e+01,1.6599327e+05,4.8711746e+01,0,nan,nan,nan,nan,1042.61851,2.7352013e-04,1775.51752,2.4444985e-04,-6.9753220e-03,-1.7590802e-02
0.043957437193512305,0.9964940132797313,0.000281942083455976,1921.295877437397,3.1832682e-03,499563,471.02419,463.88354,1.6355158e+05,4.6209579e+01,2.5973049e+03,1.3544934e+01,1.6920723e+05,4.7874485e+01,0,nan,nan,nan,nan,471.02419,2.5916426e-04,463.88354,2.9417334e-04,2.6412871e-02,-1.8179322e-02
0.04396434759337353,0.997282134315854,0.00028378381053449284,1731.1146043477947,-3.1781867e-03,362637,1328.20256,1819.02314,1.5796503e+05,4.4899166e+01,4.1379424e+03,1.1682632e+01,1.6577781e+05,4.7173271e+01,0,nan,nan,nan,nan,1328.20256,2.6007948e-04,1819.02314,2.2988583e-04,-7.0403930e-04,4.4007853e-02
0.04410998810817546,0.9963306331980466,0.0002849960296979204,1915.1611499883115,3.1754288e-03,495146,471.01273,463.89914,1.6352350e+05,4.6735676e+01,4.4376045e+03,1.4644160e+01,1.6927208e+05,4.8419540e+01,0,nan,nan,nan,nan,471.01273,2.6270922e-04,463.89914,2.9817328e-04,1.4856723e-02,-1.5253419e-03
0.04423665318449855,0.9965118314797626,0.00028153971826373476,1909.0263966533878,3.1417038e-03,490729,471.00073,463.87680,1.6336055e+05,4.6132980e+01,2.5953796e+03,1.3447230e+01,1.6917120e+05,4.7795132e+01,0,nan,nan,nan,nan,471.00073,2.5860989e-04,463.87680,2.9386347e-04,6.2711793e-04,-2.5347624e-02
0.04431552074083811,0.9959024720698453,0.00028170301234474356,1902.891595520944,3.0601814e-03,486312,470.98779,463.85880,1.6323247e+05,4.6167301e+01,2.7722212e+03,1.3536013e+01,1.6909545e+05,4.7830685e+01,0,nan,nan,nan,nan,470.98779,2.5891833e-04,463.85880,2.9445527e-04,-1.3200997e-02,-4.5273203e-02
0.04443327414060116,0.9969197628346007,0.00028439965126680325,1718.8453132743418,-3.0301553e-03,353803,1328.20159,1818.98463,1.5725545e+05,4.4975670e+01,4.7766597e+03,1.1976083e+01,1.6564048e+05,4.7253651e+01,0,nan,nan,nan,nan,1328.20159,2.6186687e-04,1818.98463,2.3272587e-04,-1.4890785e-03,1.4534971e-03
0.04471476292019361,0.9954100573554,0.000282374795179399,1712.7107147631214,-2.9091144e-03,349386,1328.20643,1818.98272,1.5778103e+05,4.4705391e+01,3.5566926e+03,1.1326974e+01,1.6557459e+05,4.6969681e+01,0,nan,nan,nan,nan,1328.20643,2.5933326e-04,1818.98272,2.2971573e-04,3.5107140e-03,4.7734837e-04
0.04479205001189257,0.9962561411936578,0.0003006797373039074,1761.7898320502136,-2.9362100e-03,384723,1042.63179,1775.56864,1.5870045e+05,4.7891590e+01,1.1510848e+04,1.6901636e+01,1.6613172e+05,5.0140160e+01,0,nan,nan,nan,nan,1042.63179,2.8400388e-04,1775.56864,2.5321104e-04,8.9288503e-03,3.8231183e-02
0.04483137853685548,0.9967814752599105,0.0002911785525510479,1755.6549913787385,-3.0574200e-03,380306,1042.61540,1775.56390,1.5856484e+05,4.6326553e+01,5.6707612e+03,1.4289596e+01,1.6603400e+05,4.8501644e+01,0,nan,nan,nan,nan,1042.61540,2.7221043e-04,1775.56390,2.4323993e-04,-9.4833439e-03,3.2488562e-02
0.045022346501127346,0.9968551545893471,0.0002923784694461177,1743.3854223467026,-3.1875297e-03,371472,1042.61575,1775.52004,1.5869178e+05,4.6518509e+01,6.3615176e+03,1.4633445e+01,1.6605002e+05,4.8702614e+01,0,nan,nan,nan,nan,1042.61575,2.7318779e-04,1775.52004,2.4405663e-04,-9.9501451e-03,-1.4755923e-02
0.04534632386184967,0.9963724236253234,0.0002816371501171008,1921.2972663240653,3.1832666e-03,499564,471.02645,463.89102,1.6351278e+05,4.6159618e+01,2.6133220e+03,1.3458179e+01,1.6918664e+05,4.7822723e+01,0,nan,nan,nan,nan,471.02645,2.5908006e-04,463.89102,2.9365724e-04,2.8840693e-02,-9.6518174e-03
0.04535322796186881,0.9965724958115728,0.0002838145616669463,1731.1159932281632,-3.1781946e-03,362638,1328.20177,1819.01853,1.5790092e+05,4.4904102e+01,4.1484058e+03,1.1707147e+01,1.6566012e+05,4.7178459e+01,0,nan,nan,nan,nan,1328.20177,2.6029654e-04,1819.01853,2.3024097e-04,-1.9821557e-03,3.9174434e-02
0.045498880596824165,0.9963781897629103,0.0002850381388802889,1915.1625388808002,3.1754330e-03,495147,471.00987,463.90223,1.6357805e+05,4.6742516e+01,4.4584512e+03,1.4616887e+01,1.6927992e+05,4.8426624e+01,0,nan,nan,nan,nan,471.00987,2.6248224e-04,463.90223,2.9847995e-04,1.2224866e-02,1.3206743e-03
0.045625555917467864,0.9965356587573208,0.0002815262221513252,1909.0277855561208,3.1417182e-03,490730,470.99600,463.87490,1.6333703e+05,4.6130768e+01,2.5963906e+03,1.3442672e+01,1.6917523e+05,4.7792835e+01,0,nan,nan,nan,nan,470.99600,2.5867994e-04,463.87490,2.9390681e-04,-4.4415826e-03,-2.6937731e-02
0.045704430924615735,0.9964994011741664,0.0002817685701598879,1902.8929844311278,3.0602033e-03,486313,470.98313,463.85884,1.6329386e+05,4.6178032e+01,2.7746340e+03,1.3552660e+01,1.6919677e+05,4.7841805e+01,0,nan,nan,nan,nan,470.98313,2.5868931e-04,463.85884,2.9437704e-04,-1.8044394e-02,-4.5055870e-02
0.0458221391427287,0.9964655206525047,0.00028444355798896927,1718.846702139344,-3.0301786e-03,353804,1328.21094,1818.98500,1.5726769e+05,4.4982437e+01,4.7673467e+03,1.2027692e+01,1.6556438e+05,4.7260761e+01,0,nan,nan,nan,nan,1328.21094,2.6218273e-04,1818.98500,2.3225244e-04,9.0625584e-03,2.6826668e-03
0.04610361907339177,0.9958036174425143,0.0002826273869918043,1712.7121036192746,-2.9091465e-03,349387,1328.20723,1818.98203,1.5797789e+05,4.4745365e+01,3.5709287e+03,1.1362858e+01,1.6564000e+05,4.7011681e+01,0,nan,nan,nan,nan,1328.20723,2.5911879e-04,1818.98203,2.2931653e-04,4.4878507e-03,-7.2382734e-04
0.04618096970784757,0.9968709197149206,0.0003010898321643606,1761.7912209699095,-2.9361786e-03,384724,1042.63218,1775.57348,1.5885392e+05,4.7956814e+01,1.1501229e+04,1.6970816e+01,1.6623391e+05,5.0208443e+01,0,nan,nan,nan,nan,1042.63218,2.8380862e-04,1775.57348,2.5344655e-04,8.7236902e-03,4.3612685e-02
0.04622028985113502,0.9966026693098315,0.000291098917424544,1755.6563802900528,-3.0573970e-03,380307,1042.61128,1775.57063,1.5856750e+05,4.6313850e+01,5.6582739e+03,1.4307880e+01,1.6600411e+05,4.8488346e+01,0,nan,nan,nan,nan,1042.61128,2.7224317e-04,1775.57063,2.4264492e-04,-1.4686287e-02,3.9724287e-02
0.04641124244835737,0.996264505757095,0.00029232380722641726,1743.3868112426499,-3.1875221e-03,371473,1042.61443,1775.52205,1.5850984e+05,4.6509815e+01,6.3652329e+03,1.4636063e+01,1.6595164e+05,4.8693512e+01,0,nan,nan,nan,nan,1042.61443,2.7376512e-04,1775.52205,2.4442389e-04,-1.1166521e-02,-1.2769013e-02
0.04673521052927754,0.9963392830044199,0.00028165913866815326,1921.2986552107327,3.1832650e-03,499565,471.02146,463.88882,1.6352781e+05,4.6163235e+01,2.6031956e+03,1.3479247e+01,1.6918108e+05,4.7826477e+01,0,nan,nan,nan,nan,471.02146,2.5901746e-04,463.88882,2.9372191e-04,2.3293041e-02,-1.2114377e-02
0.046742108330135694,0.996483400343153,0.00028357020671048133,1731.1173821085315,-3.1782025e-03,362639,1328.20129,1819.02322,1.5783136e+05,4.4865517e+01,4.1353169e+03,1.1653231e+01,1.6564558e+05,4.7137913e+01,0,nan,nan,nan,nan,1328.20129,2.6020079e-04,1819.02322,2.2977544e-04,-2.0506433e-03,4.4271126e-02
0.04688777308547287,0.9967028924805276,0.0002848956314804316,1915.1639277732888,3.1754372e-03,495148,471.02311,463.89311,1.6355988e+05,4.6719082e+01,4.4419438e+03,1.4537648e+01,1.6933484e+05,4.8402348e+01,0,nan,nan,nan,nan,471.02311,2.6308998e-04,463.89311,2.9829476e-04,2.6354399e-02,-8.2610361e-03
0.04701445865066489,0.996755392772694,0.00028146676072776037,1909.029174458854,3.1417327e-03,490731,470.99982,463.88462,1.6336742e+05,4.6121021e+01,2.5951304e+03,1.3404697e+01,1.6921253e+05,4.7782738e+01,0,nan,nan,nan,nan,470.99982,2.5867004e-04,463.88462,2.9372502e-04,2.7605848e-04,-1.6093571e-02
0.04709334110839336,0.996440399765774,0.0002816629285526377,1902.8943733413116,3.0602252e-03,486314,470.99088,463.85704,1.6321264e+05,4.6160709e+01,2.7676057e+03,1.3522403e+01,1.6918670e+05,4.7823856e+01,0,nan,nan,nan,nan,470.99088,2.5897668e-04,463.85704,2.9461979e-04,-9.7542992e-03,-4.7735017e-02
0.04721100414440082,0.9964089475155242,0.0002843615160627184,1718.8480910043456,-3.0302019e-03,353805,1328.19854,1818.98392,1.5729583e+05,4.4969296e+01,4.7749595e+03,1.1977560e+01,1.6555433e+05,4.7246948e+01,0,nan,nan,nan,nan,1328.19854,2.6174003e-04,1818.98392,2.3193011e-04,-5.4791351e-03,1.4379374e-03
0.047492475227273075,0.9957832123015996,0.0002825847898533197,1712.7134924754284,-2.9091786e-03,349388,1328.20754,1818.98930,1.5789120e+05,4.4738605e+01,3.5711646e+03,1.1348946e+01,1.6563655e+05,4.7004578e+01,0,nan,nan,nan,nan,1328.20754,2.5964962e-04,1818.98930,2.2945569e-04,5.4309433e-03,7.4595916e-03
0.0475698891709726,0.9965551231971447,0.00030068904343758435,1761.7926098893727,-2.9361474e-03,384725,1042.63183,1775.57410,1.5877470e+05,4.7892876e+01,1.1517949e+04,1.6876303e+01,1.6618091e+05,5.0141506e+01,0,nan,nan,nan,nan,1042.63183,2.8388473e-04,1775.57410,2.5303705e-04,8.8853752e-03,4.4159345e-02
0.04760920116518753,0.9963532403467752,0.0002912889602511934,1755.6577692013668,-3.0573739e-03,380308,1042.60980,1775.56553,1.5858389e+05,4.6344055e+01,5.6574409e+03,1.4338362e+01,1.6596245e+05,4.8519970e+01,0,nan,nan,nan,nan,1042.60980,2.7246587e-04,1775.56553,2.4306714e-04,-1.5389659e-02,3.4564525e-02
0.04780013839581443,0.996527768036399,0.00029224889232876215,1743.3882001385973,-3.1875144e-03,371474,1042.61805,1775.52201,1.5856506e+05,4.6497898e+01,6.3528579e+03,1.4613666e+01,1.6599550e+05,4.8681034e+01,0,nan,nan,nan,nan,1042.61805,2.7346166e-04,1775.52201,2.4432919e-04,-7.4098301e-03,-1.3236831e-02
0.04812409719625066,0.9967259331308956,0.0002817664583394517,1921.3000440973997,3.1832634e-03,499566,471.02690,463.89072,1.6360559e+05,4.6180843e+01,2.6105068e+03,1.3503241e+01,1.6924680e+05,4.7844715e+01,0,nan,nan,nan,nan,471.02690,2.5892642e-04,463.89072,2.9349184e-04,2.9134762e-02,-9.6490132e-03
0.04813098869840394,0.996762079645526,0.00028377088086979467,1731.1187709888998,-3.1782105e-03,362640,1328.20349,1819.02050,1.5794480e+05,4.4897339e+01,4.1535718e+03,1.1672780e+01,1.6569216e+05,4.7171349e+01,0,nan,nan,nan,nan,1328.20349,2.6023039e-04,1819.02050,2.2973341e-04,-1.5583762e-04,4.1765846e-02
0.04827666580604273,0.9957483576242212,0.00028500092905870544,1915.1653166660094,3.1754416e-03,495149,471.01176,463.89580,1.6350539e+05,4.6736282e+01,4.4498936e+03,1.4636003e+01,1.6917244e+05,4.8420166e+01,0,nan,nan,nan,nan,471.01176,2.6279647e-04,463.89580,2.9805294e-04,1.3755434e-02,-6.2127784e-03
0.04840336138340717,0.9967842891982615,0.0002817887348360186,1909.0305633615867,3.1417471e-03,490732,470.99970,463.86779,1.6334180e+05,4.6173779e+01,2.5920388e+03,1.3569536e+01,1.6921744e+05,4.7837399e+01,0,nan,nan,nan,nan,470.99970,2.5868361e-04,463.86779,2.9420457e-04,-1.1202723e-03,-3.5640962e-02
0.04848225152500163,0.9962805430812205,0.0002817940922646421,1902.8957622517282,3.0602473e-03,486315,470.98828,463.86509,1.6326255e+05,4.6182194e+01,2.7752544e+03,1.3572093e+01,1.6915952e+05,4.7846115e+01,0,nan,nan,nan,nan,470.98828,2.5884144e-04,463.86509,2.9449028e-04,-1.2736519e-02,-3.9431632e-02
0.048599869377994764,0.9967862253569393,0.00028441832390258914,1718.8494798695792,-3.0302249e-03,353806,1328.20906,1818.98968,1.5730794e+05,4.4978100e+01,4.7860005e+03,1.2018251e+01,1.6561638e+05,4.7256203e+01,0,nan,nan,nan,nan,1328.20906,2.6204812e-04,1818.98968,2.3191670e-04,6.7739999e-03,8.3329901e-03
0.04888133138138073,0.9961839831198376,0.0002825947012168017,1712.7148813315825,-2.9092107e-03,349389,1328.20189,1818.98115,1.5796173e+05,4.4740158e+01,3.5666155e+03,1.1362596e+01,1.6570314e+05,4.7006207e+01,0,nan,nan,nan,nan,1328.20189,2.5918201e-04,1818.98115,2.2946563e-04,-5.5684993e-04,-1.6474861e-03
0.04895880886715531,0.9965371959800114,0.00030075798081653944,1761.7939988090689,-2.9361160e-03,384726,1042.63804,1775.56684,1.5876883e+05,4.7903763e+01,1.1553743e+04,1.6893709e+01,1.6617756e+05,5.0152901e+01,0,nan,nan,nan,nan,1042.63804,2.8392355e-04,1775.56684,2.5331302e-04,1.4945290e-02,3.6768489e-02
0.04899811247923935,0.9965500270297739,0.0002911437325535379,1755.6591581126809,-3.0573509e-03,380309,1042.62055,1775.56647,1.5859370e+05,4.6320927e+01,5.6727241e+03,1.4279420e+01,1.6599512e+05,4.8495750e+01,0,nan,nan,nan,nan,1042.62055,2.7271116e-04,1775.56647,2.4286745e-04,-3.6908700e-03,3.4919959e-02
0.04918903434281674,0.9959318220704729,0.00029216303679019596,1743.3895890345443,-3.1875067e-03,371475,1042.61540,1775.52375,1.5846419e+05,4.6484238e+01,6.3733413e+03,1.4605105e+01,1.6589623e+05,4.8666733e+01,0,nan,nan,nan,nan,1042.61540,2.7358116e-04,1775.52375,2.4434304e-04,-9.9415835e-03,-1.0982993e-02
0.049512983863450814,0.9971553155466962,0.0002818428104300419,1921.3014329840669,3.1832617e-03,499567,471.02482,463.88347,1.6362405e+05,4.6193375e+01,2.5958833e+03,1.3528254e+01,1.6931977e+05,4.7857697e+01,0,nan,nan,nan,nan,471.02482,2.5896536e-04,463.88347,2.9391638e-04,2.6546003e-02,-1.7972197e-02
0.04951986883384018,0.9967145745526738,0.00028361837719046356,1731.1201598690352,-3.1782186e-03,362641,1328.19853,1819.02481,1.5789928e+05,4.4873272e+01,4.1406797e+03,1.1651605e+01,1.6568452e+05,4.7146069e+01,0,nan,nan,nan,nan,1328.19853,2.6015704e-04,1819.02481,2.2967323e-04,-5.1144869e-03,4.5872081e-02
0.049665558294691436,0.9965299524991155,0.0002850299334915431,1915.166705558498,3.1754458e-03,495150,471.01744,463.89824,1.6358586e+05,4.6740971e+01,4.4247251e+03,1.4607714e+01,1.6930498e+05,4.8425022e+01,0,nan,nan,nan,nan,471.01744,2.6277383e-04,463.89824,2.9843234e-04,2.0480372e-02,-3.3606049e-03
0.0497922641166042,0.9961580997558475,0.00028181902165190476,1909.03195226432,3.1417615e-03,490733,471.00060,463.87621,1.6330625e+05,4.6178738e+01,2.6213950e+03,1.3537861e+01,1.6911112e+05,4.7842537e+01,0,nan,nan,nan,nan,471.00060,2.5880482e-04,463.87621,2.9440358e-04,-1.3899720e-04,-2.5173781e-02
0.04987116170786976,0.9969509779324378,0.00028199455767247426,1902.897151161911,3.0602692e-03,486316,470.98886,463.85635,1.6332873e+05,4.6215034e+01,2.7743948e+03,1.3623747e+01,1.6927331e+05,4.7880138e+01,0,nan,nan,nan,nan,470.98886,2.5868410e-04,463.85635,2.9469223e-04,-1.2351272e-02,-4.8435558e-02
0.04998873437943985,0.9964795355352519,0.0002843687094818577,1718.8508687345807,-3.0302482e-03,353807,1328.20217,1818.98532,1.5724116e+05,4.4970078e+01,4.7667612e+03,1.2013875e+01,1.6556477e+05,4.7247772e+01,0,nan,nan,nan,nan,1328.20217,2.6195162e-04,1818.98532,2.3240660e-04,-5.7026948e-04,2.6254146e-03
0.050270187534578896,0.9961011337019247,0.0002825972383775025,1712.7162701877357,-2.9092429e-03,349390,1328.20745,1818.98971,1.5804914e+05,4.4740536e+01,3.5598596e+03,1.1330999e+01,1.6568928e+05,4.7006607e+01,0,nan,nan,nan,nan,1328.20745,2.5889094e-04,1818.98971,2.2870678e-04,5.3606145e-03,8.0997897e-03
0.05034772833005263,0.995815504583764,0.0003007482385951454,1761.7953877285318,-2.9360848e-03,384727,1042.62712,1775.57862,1.5872284e+05,4.7902107e+01,1.1560956e+04,1.6902477e+01,1.6605688e+05,5.0151169e+01,0,nan,nan,nan,nan,1042.62712,2.8395830e-04,1775.57862,2.5311857e-04,2.9457905e-03,4.9169093e-02
0.050387024026349536,0.9964330879676012,0.00029107472024674327,1755.660547024228,-3.0573276e-03,380310,1042.61211,1775.56653,1.5851530e+05,4.6309910e+01,5.6638257e+03,1.4285489e+01,1.6597553e+05,4.8484222e+01,0,nan,nan,nan,nan,1042.61211,2.7227509e-04,1775.56653,2.4292592e-04,-1.2455446e-02,3.4764424e-02
0.0505779302902738,0.9967939826355542,0.0002923591627598958,1743.3909779304918,-3.1874990e-03,371476,1042.61350,1775.52750,1.5863275e+05,4.6515442e+01,6.3734277e+03,1.4624527e+01,1.6603986e+05,4.8699402e+01,0,nan,nan,nan,nan,1042.61350,2.7350639e-04,1775.52750,2.4422270e-04,-1.2088099e-02,-6.6936994e-03
0.05090187053065165,0.996225473056561,0.00028176706518619107,1921.302821870734,3.1832601e-03,499568,471.02302,463.89348,1.6352592e+05,4.6180977e+01,2.5937776e+03,1.3477867e+01,1.6916194e+05,4.7844852e+01,0,nan,nan,nan,nan,471.02302,2.5913407e-04,463.89348,2.9411100e-04,2.5175445e-02,-7.1519143e-03
0.05090874920210842,0.996567797554249,0.00028379635266382247,1731.1215487494035,-3.1782265e-03,362642,1328.20192,1819.01709,1.5784084e+05,4.4901501e+01,4.1481479e+03,1.1701344e+01,1.6566036e+05,4.7175720e+01,0,nan,nan,nan,nan,1328.20192,2.6063531e-04,1819.01709,2.3019731e-04,-1.0939676e-03,3.7472945e-02
0.051054450783340144,0.9967868512919293,0.000284944568060617,1915.1680944509867,3.1754500e-03,495151,471.01667,463.91598,1.6368680e+05,4.6726902e+01,4.4343823e+03,1.4534108e+01,1.6934838e+05,4.8410450e+01,0,nan,nan,nan,nan,471.01667,2.6239522e-04,463.91598,2.9804159e-04,1.9596595e-02,1.6509533e-02
0.05118116684980123,0.9967291077130704,0.00028170037920945254,1909.033341167053,3.1417760e-03,490734,471.00546,463.88091,1.6342386e+05,4.6159294e+01,2.6151965e+03,1.3477799e+01,1.6920805e+05,4.7822392e+01,0,nan,nan,nan,nan,471.00546,2.5873288e-04,463.88091,2.9383777e-04,5.2017244e-03,-2.0516252e-02
0.05126007212447803,0.9968206329053472,0.000281963458220485,1902.8985400723277,3.0602913e-03,486317,470.98520,463.86203,1.6335173e+05,4.6209927e+01,2.7575549e+03,1.3578016e+01,1.6925114e+05,4.7874847e+01,0,nan,nan,nan,nan,470.98520,2.5885255e-04,463.86203,2.9458411e-04,-1.6129849e-02,-4.1788701e-02
0.051377599613715574,0.9971956797652866,0.0002845073907026741,1718.852257599815,-3.0302713e-03,353808,1328.20275,1818.98646,1.5738655e+05,4.4991833e+01,4.7724810e+03,1.2023469e+01,1.6568311e+05,4.7270630e+01,0,nan,nan,nan,nan,1328.20275,2.6186500e-04,1818.98646,2.3188780e-04,-2.9159329e-04,3.9597456e-03
0.0516590436884602,0.9960526683961728,0.0002825198733742596,1712.7176590438896,-2.9092750e-03,349391,1328.20595,1818.98211,1.5793941e+05,4.4728268e+01,3.5690410e+03,1.1321686e+01,1.6568114e+05,4.6993717e+01,0,nan,nan,nan,nan,1328.20595,2.5887284e-04,1818.98211,2.2974030e-04,3.1973592e-03,-5.6931021e-04
0.05173664802623534,0.9959271765465536,0.00030071463955753643,1761.796776648228,-2.9360533e-03,384728,1042.63263,1775.56945,1.5860219e+05,4.7896652e+01,1.1593572e+04,1.6923218e+01,1.6607514e+05,5.0145458e+01,0,nan,nan,nan,nan,1042.63263,2.8412582e-04,1775.56945,2.5355973e-04,9.7748889e-03,3.9387327e-02
0.05177593534017433,0.9961184609861609,0.00029097104895949504,1755.6619359355418,-3.0573045e-03,380311,1042.61516,1775.56658,1.5847516e+05,4.6293388e+01,5.6669565e+03,1.4270675e+01,1.6592302e+05,4.8466923e+01,0,nan,nan,nan,nan,1042.61516,2.7226331e-04,1775.56658,2.4285966e-04,-9.4569884e-03,3.5261042e-02
0.051966826237730857,0.9971297847711937,0.0002925600330268904,1743.3923668264392,-3.1874913e-03,371477,1042.61558,1775.52232,1.5871267e+05,4.6547405e+01,6.3563960e+03,1.4693050e+01,1.6609580e+05,4.8732864e+01,0,nan,nan,nan,nan,1042.61558,2.7325965e-04,1775.52232,2.4430724e-04,-1.0623150e-02,-1.1964220e-02
0.052290757198534266,0.9964539214669983,0.00028157929868746935,1921.304210757402,3.1832585e-03,499569,471.02333,463.88590,1.6351488e+05,4.6150219e+01,2.5950947e+03,1.3436887e+01,1.6920080e+05,4.7812988e+01,0,nan,nan,nan,nan,471.02333,2.5904056e-04,463.88590,2.9377808e-04,2.4933521e-02,-1.5128866e-02
0.05229762957060302,0.9964624588628783,0.00028368130555481695,1731.122937629772,-3.1782344e-03,362643,1328.20409,1819.01950,1.5786312e+05,4.4883362e+01,4.1375825e+03,1.1676013e+01,1.6564309e+05,4.7156666e+01,0,nan,nan,nan,nan,1328.20409,2.6046467e-04,1819.01950,2.2979148e-04,1.6360161e-03,4.0201977e-02
0.052443343504819495,0.9963307427647285,0.00028502372929049775,1915.1694833437082,3.1754544e-03,495152,471.01435,463.89444,1.6372088e+05,4.6739819e+01,4.4186890e+03,1.4554186e+01,1.6927064e+05,4.8423828e+01,0,nan,nan,nan,nan,471.01435,2.6247322e-04,463.89444,2.9760998e-04,1.5896032e-02,-6.6851783e-03
0.05257006958208876,0.9964478718542411,0.0002814860215556203,1909.0347300697854,3.1417904e-03,490735,470.99777,463.87000,1.6336245e+05,4.6124168e+01,2.5963352e+03,1.3427316e+01,1.6916030e+05,4.7785999e+01,0,nan,nan,nan,nan,470.99777,2.5864114e-04,463.87000,2.9375133e-04,-2.4935736e-03,-3.2932568e-02
0.052648982308255654,0.9969856515994006,0.00028187537036119327,1902.8999289825115,3.0603132e-03,486318,470.99045,463.85375,1.6344527e+05,4.6195480e+01,2.7831172e+03,1.3556335e+01,1.6927911e+05,4.7859879e+01,0,nan,nan,nan,nan,470.99045,2.5854522e-04,463.85375,2.9404540e-04,-1.0286580e-02,-5.1050380e-02
0.05276646461447888,0.9974409289888695,0.00028453903800106957,1718.8536464648157,-3.0302946e-03,353809,1328.20622,1818.98421,1.5746428e+05,4.4996662e+01,4.7702778e+03,1.2012135e+01,1.6572320e+05,4.7275703e+01,0,nan,nan,nan,nan,1328.20622,2.6165039e-04,1818.98421,2.3220868e-04,3.3346298e-03,1.2226970e-03
0.05304789984324964,0.9957728274876066,0.000282593678205242,1712.7190479000444,-2.9093071e-03,349392,1328.20888,1818.98772,1.5795339e+05,4.4739929e+01,3.5826240e+03,1.1361413e+01,1.6563452e+05,4.7005970e+01,0,nan,nan,nan,nan,1328.20888,2.5920858e-04,1818.98772,2.2878881e-04,6.3675921e-03,5.9325271e-03
0.053125567722418054,0.9964904327792166,0.00030097862539630715,1761.7981655679241,-2.9360219e-03,384729,1042.63588,1775.56980,1.5877255e+05,4.7938587e+01,1.1607092e+04,1.6960644e+01,1.6616870e+05,5.0189369e+01,0,nan,nan,nan,nan,1042.63588,2.8400010e-04,1775.56980,2.5332638e-04,1.2888762e-02,4.0021244e-02
0.05316484665445387,0.9966792798205276,0.0002910372981157696,1755.663324846856,-3.0572815e-03,380312,1042.61580,1775.56813,1.5862056e+05,4.6303894e+01,5.6606694e+03,1.4259834e+01,1.6601633e+05,4.8477924e+01,0,nan,nan,nan,nan,1042.61580,2.7209701e-04,1775.56813,2.4263715e-04,-9.2591159e-03,3.6833085e-02
0.053355721951447777,0.9969942962087519,0.0002926126680695658,1743.393755722153,-3.1874839e-03,371478,1042.61506,1775.51820,1.5873042e+05,4.6555779e+01,6.3672725e+03,1.4665560e+01,1.6607323e+05,4.8741634e+01,0,nan,nan,nan,nan,1042.61506,2.7353034e-04,1775.51820,2.4442570e-04,-1.0794641e-02,-1.6348319e-02
0.05367964386641688,0.9969799117926139,0.0002817593152932151,1921.3055996440698,3.1832568e-03,499570,471.02295,463.88539,1.6361800e+05,4.6179737e+01,2.5912754e+03,1.3497518e+01,1.6929017e+05,4.7843575e+01,0,nan,nan,nan,nan,471.02295,2.5882761e-04,463.88539,2.9379755e-04,2.4726735e-02,-1.6313111e-02
0.053686509938870586,0.9976515972776894,0.0002837987977285536,1731.1243265101402,-3.1782424e-03,362644,1328.19923,1819.02166,1.5803664e+05,4.4902020e+01,4.1344648e+03,1.1703191e+01,1.6584100e+05,4.7176266e+01,0,nan,nan,nan,nan,1328.19923,2.6007186e-04,1819.02166,2.2943386e-04,-4.4539450e-03,4.2990662e-02
0.0538322359934682,0.996443506748618,0.000284968973069408,1915.1708722361968,3.1754586e-03,495153,471.01403,463.89463,1.6361697e+05,4.6730766e+01,4.4431519e+03,1.4583966e+01,1.6928955e+05,4.8414452e+01,0,nan,nan,nan,nan,471.01403,2.6242566e-04,463.89463,2.9796251e-04,1.6022811e-02,-5.9684990e-03
0.05395897231528579,0.996412920383685,0.00028176255513089683,1909.0361189725186,3.1418048e-03,490736,470.99969,463.88432,1.6334573e+05,4.6169479e+01,2.5879810e+03,1.3567646e+01,1.6915436e+05,4.7832943e+01,0,nan,nan,nan,nan,470.99969,2.5867188e-04,463.88432,2.9386219e-04,-4.2546625e-04,-1.6540788e-02
0.05403789249157853,0.9966830428892495,0.0002819899761231162,1902.9013178926948,3.0603351e-03,486319,470.98732,463.86004,1.6346041e+05,4.6214249e+01,2.7675352e+03,1.3612807e+01,1.6922769e+05,4.7879326e+01,0,nan,nan,nan,nan,470.98732,2.5841326e-04,463.86004,2.9394630e-04,-1.3925307e-02,-4.3919642e-02
0.05415532961546921,0.9961114472303918,0.00028425908805441367,1718.8550353298167,-3.0303178e-03,353810,1328.20785,1818.98529,1.5722320e+05,4.4952213e+01,4.7553267e+03,1.1968828e+01,1.6550166e+05,4.7229004e+01,0,nan,nan,nan,nan,1328.20785,2.6199734e-04,1818.98529,2.3203401e-04,5.0827791e-03,3.1331643e-03
0.054436755997130944,0.9957980121460065,0.00028261978969248806,1712.7204367561983,-2.9093393e-03,349393,1328.21024,1818.99184,1.5792738e+05,4.4744041e+01,3.5763813e+03,1.1364384e+01,1.6563861e+05,4.7010288e+01,0,nan,nan,nan,nan,1328.21024,2.5923399e-04,1818.99184,2.2893252e-04,7.9114968e-03,1.0321800e-02
0.054514487185315375,0.9964122513821458,0.00030086751672701753,1761.799554487387,-2.9359907e-03,384730,1042.62992,1775.57174,1.5871169e+05,4.7920792e+01,1.1599897e+04,1.6946562e+01,1.6615530e+05,5.0170734e+01,0,nan,nan,nan,nan,1042.62992,2.8415190e-04,1775.57174,2.5337745e-04,6.5018865e-03,4.1320909e-02
0.05455375820133702,0.9963654288985834,0.0002911757179118147,1755.664713758403,-3.0572582e-03,380313,1042.60816,1775.56520,1.5857717e+05,4.6325890e+01,5.6545527e+03,1.4316827e+01,1.6596394e+05,4.8500950e+01,0,nan,nan,nan,nan,1042.60816,2.7246631e-04,1775.56520,2.4275614e-04,-1.7454283e-02,3.3827838e-02
0.05474461789799534,0.9970438003475779,0.0002923770961476978,1743.3951446180995,-3.1874762e-03,371479,1042.61731,1775.51971,1.5864047e+05,4.6518303e+01,6.3804521e+03,1.4642826e+01,1.6608148e+05,4.8702396e+01,0,nan,nan,nan,nan,1042.61731,2.7352426e-04,1775.51971,2.4424191e-04,-7.7290325e-03,-1.4849917e-02
0.0550685305342995,0.9967238884855719,0.0002816166287782985,1921.3069885307377,3.1832552e-03,499571,471.02424,463.88920,1.6355933e+05,4.6156372e+01,2.5905627e+03,1.3407394e+01,1.6924677e+05,4.7819366e+01,0,nan,nan,nan,nan,471.02424,2.5928151e-04,463.88920,2.9398405e-04,2.6305832e-02,-1.2037929e-02
0.05507539030645637,0.9973453331760302,0.0002838046605530859,1731.1257153905078,-3.1782503e-03,362645,1328.20055,1819.02286,1.5803219e+05,4.4903004e+01,4.1354424e+03,1.1673158e+01,1.6579031e+05,4.7177303e+01,0,nan,nan,nan,nan,1328.20055,2.6013565e-04,1819.02286,2.2967647e-04,-3.4129983e-03,4.3868743e-02
0.05522112848166216,0.9961046653422677,0.00028479516281219684,1915.172261128685,3.1754628e-03,495154,471.01305,463.89781,1.6342234e+05,4.6702194e+01,4.4364282e+03,1.4568874e+01,1.6923172e+05,4.8384850e+01,0,nan,nan,nan,nan,471.01305,2.6270837e-04,463.89781,2.9828082e-04,1.5908742e-02,-2.9961136e-03
0.05534787504848282,0.9973470666433809,0.00028168411507029805,1909.0375078752518,3.1418193e-03,490737,470.99869,463.86920,1.6345991e+05,4.6156631e+01,2.6039829e+03,1.3492270e+01,1.6931294e+05,4.7819626e+01,0,nan,nan,nan,nan,470.99869,2.5847848e-04,463.86920,2.9366321e-04,-1.8144081e-03,-3.4432407e-02
0.05542680290795909,0.9965596206734137,0.00028186317907706723,1902.9027068031112,3.0603572e-03,486320,470.98470,463.85076,1.6334628e+05,4.6193455e+01,2.7769531e+03,1.3590714e+01,1.6920669e+05,4.7857784e+01,0,nan,nan,nan,nan,470.98470,2.5856204e-04,463.85076,2.9430736e-04,-1.6373489e-02,-5.4584298e-02
0.05554419484974426,0.99686846411755,0.000284387449898633,1718.856424195051,-3.0303409e-03,353811,1328.19928,1818.98478,1.5726844e+05,4.4972336e+01,4.7748018e+03,1.1996522e+01,1.6562678e+05,4.7250145e+01,0,nan,nan,nan,nan,1328.19928,2.6194757e-04,1818.98478,2.3216486e-04,-3.4318517e-03,2.3765892e-03
0.05582561215032911,0.9954538210297885,0.0002825682953802684,1712.7218256123515,-2.9093714e-03,349394,1328.20287,1818.97912,1.5780456e+05,4.4735863e+01,3.5767683e+03,1.1373798e+01,1.6558127e+05,4.7001694e+01,0,nan,nan,nan,nan,1328.20287,2.5956330e-04,1818.97912,2.2958523e-04,2.3622782e-04,-4.2484542e-03
0.055903406881498086,0.9962915891888372,0.000300903184156413,1761.8009434070832,-2.9359593e-03,384731,1042.63176,1775.57436,1.5868928e+05,4.7926365e+01,1.1636730e+04,1.6966812e+01,1.6613481e+05,5.0176571e+01,0,nan,nan,nan,nan,1042.63176,2.8417254e-04,1775.57436,2.5330635e-04,8.5637476e-03,4.4643223e-02
0.05594266951538884,0.9957566237036274,0.0002910756556038521,1755.666102669717,-3.0572352e-03,380314,1042.61968,1775.57018,1.5850981e+05,4.6309937e+01,5.6705513e+03,1.4286038e+01,1.6586242e+05,4.8484249e+01,0,nan,nan,nan,nan,1042.61968,2.7263013e-04,1775.57018,2.4287551e-04,-4.6483059e-03,3.9625179e-02
0.05613351384499765,0.9964753452269929,0.0002925021633665425,1743.3965335140465,-3.1874685e-03,371480,1042.61642,1775.51982,1.5852911e+05,4.6538200e+01,6.3608105e+03,1.4726035e+01,1.6598680e+05,4.8723228e+01,0,nan,nan,nan,nan,1042.61642,2.7350077e-04,1775.51982,2.4453996e-04,-8.7491833e-03,-1.5238462e-02
0.056457417202182114,0.9966355295978513,0.00028164518778218386,1921.3083774174056,3.1832536e-03,499572,471.02681,463.89395,1.6355936e+05,4.6161072e+01,2.5921665e+03,1.3447819e+01,1.6923183e+05,4.7824234e+01,0,nan,nan,nan,nan,471.02681,2.5898445e-04,463.89395,2.9357965e-04,2.9104417e-02,-5.6150407e-03
0.05646427067404147,0.9970902189906582,0.0002836016830397501,1731.1271042708754,-3.1782582e-03,362646,1328.20558,1819.02026,1.5787678e+05,4.4870945e+01,4.1448091e+03,1.1644447e+01,1.6574812e+05,4.7143623e+01,0,nan,nan,nan,nan,1328.20558,2.6031275e-04,1819.02026,2.3031625e-04,2.9337250e-03,4.1413352e-02
0.05661002120223202,0.996562802182827,0.0002845160275692931,1915.1736500214056,3.1754673e-03,495155,471.01407,463.89900,1.6307361e+05,4.6656353e+01,4.4374814e+03,1.4547078e+01,1.6930930e+05,4.8337357e+01,0,nan,nan,nan,nan,471.01407,2.6415283e-04,463.89900,2.9978045e-04,1.6489126e-02,-1.6354639e-03
0.05673677778167985,0.9967487828862006,0.0002815899264589326,1909.038896777985,3.1418337e-03,490738,471.00102,463.88136,1.6344667e+05,4.6141190e+01,2.5881472e+03,1.3439841e+01,1.6921136e+05,4.7803635e+01,0,nan,nan,nan,nan,471.00102,2.5854449e-04,463.88136,2.9366373e-04,1.4431713e-03,-2.0193657e-02
0.05681571309241917,0.9966752919250698,0.0002820012167113438,1902.9040957132956,3.0603791e-03,486321,470.98776,463.85654,1.6338005e+05,4.6216068e+01,2.7669932e+03,1.3658442e+01,1.6922628e+05,4.7881207e+01,0,nan,nan,nan,nan,470.98776,2.5863512e-04,463.85654,2.9423650e-04,-1.3391257e-02,-4.8145529e-02
0.05693305985119002,0.9972174001344196,0.0002845265840918332,1718.8578130600524,-3.0303642e-03,353812,1328.20598,1818.98727,1.5742309e+05,4.4994156e+01,4.7942715e+03,1.1984334e+01,1.6568409e+05,4.7273071e+01,0,nan,nan,nan,nan,1328.20598,2.6197574e-04,1818.98727,2.3192029e-04,3.0558368e-03,5.2111661e-03
0.05721446830352727,0.995892178660147,0.000282413730346118,1712.7232144685047,-2.9094035e-03,349395,1328.20464,1818.98329,1.5780192e+05,4.4711365e+01,3.5613914e+03,1.1339183e+01,1.6565408e+05,4.6975956e+01,0,nan,nan,nan,nan,1328.20464,2.5923533e-04,1818.98329,2.2989389e-04,2.7775480e-03,4.8118140e-04
0.05729232657722605,0.996607925239489,0.0003011368478763195,1761.802332326779,-2.9359278e-03,384732,1042.63538,1775.57215,1.5882453e+05,4.7963474e+01,1.1644884e+04,1.7018177e+01,1.6618719e+05,5.0215420e+01,0,nan,nan,nan,nan,1042.63538,2.8404023e-04,1775.57215,2.5332268e-04,1.1863586e-02,4.2213798e-02
0.05733158082966838,0.9961611172380629,0.00029109706078888633,1755.6674915810313,-3.0572121e-03,380315,1042.60786,1775.55878,1.5856322e+05,4.6313316e+01,5.6555127e+03,1.4299297e+01,1.6592969e+05,4.8487785e+01,0,nan,nan,nan,nan,1042.60786,2.7226316e-04,1775.55878,2.4292096e-04,-1.7716367e-02,2.6568299e-02
0.05752240979245471,0.9971404342960456,0.00029257252322010906,1743.397922409994,-3.1874608e-03,371481,1042.61545,1775.52228,1.5874795e+05,4.6549397e+01,6.3718145e+03,1.4647812e+01,1.6609758e+05,4.8734947e+01,0,nan,nan,nan,nan,1042.61545,2.7323241e-04,1775.52228,2.4429214e-04,-1.0431734e-02,-1.1982996e-02
0.057846303869155236,0.9964993652804275,0.0002816768891770948,1921.3097663040726,3.1832519e-03,499573,471.02206,463.88702,1.6348277e+05,4.6166283e+01,2.5811277e+03,1.3449256e+01,1.6920877e+05,4.7829632e+01,0,nan,nan,nan,nan,471.02206,2.5930337e-04,463.88702,2.9420407e-04,2.4615806e-02,-1.4153342e-02
0.057853150810160854,0.9965279303804357,0.0002836353166856026,1731.1284931510115,-3.1782663e-03,362647,1328.20225,1819.01806,1.5783044e+05,4.4876331e+01,4.1611479e+03,1.1658031e+01,1.6565488e+05,4.7149277e+01,0,nan,nan,nan,nan,1328.20225,2.6042687e-04,1819.01806,2.3072821e-04,-9.0032781e-04,3.7555482e-02
0.05799891368997123,0.9967540087347619,0.00028491328620675646,1915.1750389138933,3.1754714e-03,495156,471.01786,463.89293,1.6364628e+05,4.6721424e+01,4.4064902e+03,1.4552319e+01,1.6934153e+05,4.8404774e+01,0,nan,nan,nan,nan,471.01786,2.6285244e-04,463.89293,2.9777881e-04,2.0514475e-02,-8.5073914e-03
0.058125680514876876,0.996534442436747,0.0002815533187543151,1909.0402856807182,3.1418481e-03,490739,470.99968,463.88367,1.6338628e+05,4.6135189e+01,2.6197717e+03,1.3423416e+01,1.6917497e+05,4.7797417e+01,0,nan,nan,nan,nan,470.99968,2.5845805e-04,463.88367,2.9383483e-04,-7.5442420e-04,-1.7705087e-02
0.0582046232761968,0.9969146543450754,0.00028190774743388195,1902.9054846234794,3.0604010e-03,486322,470.99354,463.85822,1.6341033e+05,4.6200729e+01,2.7670034e+03,1.3573300e+01,1.6926688e+05,4.7865322e+01,0,nan,nan,nan,nan,470.99354,2.5871996e-04,463.85822,2.9423856e-04,-6.9066947e-03,-4.6061266e-02
0.058321925086374564,0.9971387597667196,0.0002846199145535153,1718.8592019252876,-3.0303872e-03,353813,1328.20502,1818.98632,1.5735630e+05,4.5008736e+01,4.7913999e+03,1.2038596e+01,1.6567038e+05,4.7288391e+01,0,nan,nan,nan,nan,1328.20502,2.6199518e-04,1818.98632,2.3258361e-04,2.9359364e-03,4.4366191e-03
0.058603324457408575,0.9958268515367598,0.00028275364498906374,1712.7246033246586,-2.9094357e-03,349396,1328.20812,1818.98965,1.5780391e+05,4.4765152e+01,3.5771277e+03,1.1467410e+01,1.6564311e+05,4.7032467e+01,0,nan,nan,nan,nan,1328.20812,2.5943236e-04,1818.98965,2.2969546e-04,5.5370065e-03,7.6253493e-03
0.05868124604057812,0.9958717384252123,0.0003009962567366789,1761.8037212462423,-2.9358966e-03,384733,1042.63217,1775.56725,1.5862888e+05,4.7940979e+01,1.1635941e+04,1.6997662e+01,1.6606405e+05,5.0191864e+01,0,nan,nan,nan,nan,1042.63217,2.8440013e-04,1775.56725,2.5370508e-04,8.8797528e-03,3.6878437e-02
0.058720492143493175,0.9974539921138285,0.00029116750125207554,1755.6688804923451,-3.0571891e-03,380316,1042.61260,1775.57216,1.5879744e+05,4.6324493e+01,5.6502119e+03,1.4256112e+01,1.6614494e+05,4.8499485e+01,0,nan,nan,nan,nan,1042.61260,2.7184555e-04,1775.57216,2.4252803e-04,-1.2687851e-02,4.0929385e-02
0.05891130573991177,0.9970938773464704,0.00029254251755821977,1743.3993113059414,-3.1874531e-03,371482,1042.61676,1775.52393,1.5871911e+05,4.6544621e+01,6.3882793e+03,1.4642838e+01,1.6608983e+05,4.8729950e+01,0,nan,nan,nan,nan,1042.61676,2.7338980e-04,1775.52393,2.4453361e-04,-9.1500469e-03,-1.0296769e-02
0.05923519053703785,0.9967962837329936,0.00028184700696390255,1921.3111551907405,3.1832503e-03,499574,471.02432,463.88159,1.6356048e+05,4.6194187e+01,2.6005715e+03,1.3547580e+01,1.6925925e+05,4.7858540e+01,0,nan,nan,nan,nan,471.02432,2.5909484e-04,463.88159,2.9388221e-04,2.5998035e-02,-2.0510945e-02
0.05924203117933723,0.9971093385612395,0.0002837728622913996,1731.1298820313807,-3.1782743e-03,362648,1328.20268,1819.02282,1.5794203e+05,4.4898148e+01,4.1410845e+03,1.1691733e+01,1.6575173e+05,4.7172203e+01,0,nan,nan,nan,nan,1328.20268,2.6038880e-04,1819.02282,2.2985952e-04,-7.3098425e-05,4.3888133e-02
0.05938780617861994,0.9958278794586186,0.00028490101505542425,1915.176427806382,3.1754756e-03,495157,471.01159,463.90259,1.6338691e+05,4.6719341e+01,4.4383950e+03,1.4558036e+01,1.6918392e+05,4.8402615e+01,0,nan,nan,nan,nan,471.01159,2.6310619e-04,463.90259,2.9887783e-04,1.3724743e-02,2.3764218e-03
0.05951458324716441,0.9970220498724967,0.00028163926670194,1909.0416745834505,3.1418626e-03,490740,470.99809,463.87497,1.6344930e+05,4.6149269e+01,2.6159795e+03,1.3461458e+01,1.6925773e+05,4.7812004e+01,0,nan,nan,nan,nan,470.99809,2.5845147e-04,463.87497,2.9379933e-04,-2.9377916e-03,-2.7202623e-02
0.05959353369189557,0.9967038544711512,0.0002818733056039879,1902.9068735338951,3.0604231e-03,486323,470.98996,463.85989,1.6332325e+05,4.6195080e+01,2.7725730e+03,1.3606877e+01,1.6923103e+05,4.7859463e+01,0,nan,nan,nan,nan,470.98996,2.5900145e-04,463.85989,2.9424837e-04,-1.0379842e-02,-4.4911951e-02
0.05971079008782033,0.996710796065396,0.00028444704338050807,1718.860590790289,-3.0304105e-03,353814,1328.20384,1818.98183,1.5728711e+05,4.4981220e+01,4.7846504e+03,1.2021569e+01,1.6559861e+05,4.7259480e+01,0,nan,nan,nan,nan,1328.20384,2.6188535e-04,1818.98183,2.3234289e-04,9.1350928e-04,-9.0814161e-04
0.05999218061128852,0.996191691710377,0.0002825719768294933,1712.7259921808125,-2.9094678e-03,349397,1328.20432,1818.98045,1.5799192e+05,4.4736359e+01,3.5881523e+03,1.1333700e+01,1.6570369e+05,4.7002216e+01,0,nan,nan,nan,nan,1328.20432,2.5896315e-04,1818.98045,2.2918344e-04,1.4876161e-03,-2.2979495e-03
0.06007016573676083,0.9965560993538053,0.0003010451733322557,1761.8051101659385,-2.9358652e-03,384734,1042.63760,1775.57170,1.5877462e+05,4.7948654e+01,1.1687197e+04,1.6968494e+01,1.6617778e+05,5.0199905e+01,0,nan,nan,nan,nan,1042.63760,2.8428301e-04,1775.57170,2.5351412e-04,1.5047247e-02,4.2130299e-02
0.06010940369060336,0.9970454988962282,0.00029129186601375366,1755.6702694038922,-3.0571658e-03,380317,1042.62300,1775.57457,1.5861175e+05,4.6344250e+01,5.6607046e+03,1.4353620e+01,1.6607678e+05,4.8520168e+01,0,nan,nan,nan,nan,1042.62300,2.7228825e-04,1775.57457,2.4296589e-04,-2.1193842e-03,4.3308005e-02
0.06030020168691408,0.9973110406634274,0.00029238295891700883,1743.4007002018884,-3.1874455e-03,371483,1042.61291,1775.52604,1.5869116e+05,4.6519234e+01,6.3822075e+03,1.4617754e+01,1.6612600e+05,4.8703373e+01,0,nan,nan,nan,nan,1042.61291,2.7344836e-04,1775.52604,2.4407513e-04,-1.3076367e-02,-8.1710182e-03
0.06062407720492047,0.9960982839787067,0.0002817252140326141,1921.3125440774083,3.1832487e-03,499575,471.02309,463.88612,1.6342608e+05,4.6174240e+01,2.5923755e+03,1.3499320e+01,1.6914080e+05,4.7837875e+01,0,nan,nan,nan,nan,471.02309,2.5925250e-04,463.88612,2.9484325e-04,2.5707981e-02,-1.5382024e-02
0.06063091154760548,0.9976584353263248,0.0002838591365480132,1731.131270911749,-3.1782822e-03,362649,1328.20088,1819.02297,1.5808741e+05,4.4911858e+01,4.1461045e+03,1.1702661e+01,1.6584322e+05,4.7186604e+01,0,nan,nan,nan,nan,1328.20088,2.6018481e-04,1819.02297,2.2942126e-04,-2.0379256e-03,4.3689545e-02
0.060776698901008785,0.9959922459902425,0.00028472777258508166,1915.1778166991044,3.1754801e-03,495158,471.01654,463.88371,1.6339705e+05,4.6690857e+01,4.4363438e+03,1.4528985e+01,1.6921158e+05,4.8373104e+01,0,nan,nan,nan,nan,471.01654,2.6281309e-04,463.88371,2.9892012e-04,1.8251654e-02,-1.8422436e-02
0.06090348597990669,0.9967714037289096,0.0002817252440415079,1909.0430634861832,3.1418770e-03,490741,470.99944,463.87492,1.6340614e+05,4.6163353e+01,2.6029226e+03,1.3511491e+01,1.6921517e+05,4.7826599e+01,0,nan,nan,nan,nan,470.99944,2.5888314e-04,463.87492,2.9374985e-04,-9.1577915e-04,-2.7536614e-02
0.06098244387521845,0.996785379007168,0.000282112605155485,1902.9082624440784,3.0604450e-03,486324,470.98558,463.86088,1.6339089e+05,4.6234283e+01,2.7576848e+03,1.3636950e+01,1.6924483e+05,4.7900082e+01,0,nan,nan,nan,nan,470.98558,2.5873541e-04,463.86088,2.9457445e-04,-1.5193841e-02,-4.3802246e-02
0.06109965508858295,0.9965236358524199,0.0002843184977211857,1718.8619796552898,-3.0304338e-03,353815,1328.20759,1818.98652,1.5727862e+05,4.4960709e+01,4.7826387e+03,1.1966600e+01,1.6556684e+05,4.7237934e+01,0,nan,nan,nan,nan,1328.20759,2.6195860e-04,1818.98652,2.3218917e-04,5.4358975e-03,4.5233914e-03
0.061381036764714396,0.9963633768314497,0.000282626652328346,1712.7273810369659,-2.9094999e-03,349398,1328.20401,1818.98524,1.5795512e+05,4.4744980e+01,3.5733362e+03,1.1385316e+01,1.6573212e+05,4.7011276e+01,0,nan,nan,nan,nan,1328.20401,2.5900878e-04,1818.98524,2.2943175e-04,1.3418347e-03,3.3133670e-03
0.06145908519965815,0.996291997332681,0.0003011604328163925,1761.8064990854014,-2.9358340e-03,384735,1042.63157,1775.57461,1.5873455e+05,4.7966904e+01,1.1690121e+04,1.7036165e+01,1.6613336e+05,5.0219006e+01,0,nan,nan,nan,nan,1042.63157,2.8448054e-04,1775.57461,2.5341526e-04,8.1555452e-03,4.4512607e-02
0.0614983150048829,0.9969717722401444,0.00029090480913806404,1755.6716583152065,-3.0571427e-03,380318,1042.61198,1775.56040,1.5849091e+05,4.6282639e+01,5.6447241e+03,1.4242338e+01,1.6606439e+05,4.8455666e+01,0,nan,nan,nan,nan,1042.61198,2.7230725e-04,1775.56040,2.4289488e-04,-1.3340577e-02,2.8031046e-02
0.06168909763437114,0.99682579543652,0.00029230718049389143,1743.4020890978359,-3.1874378e-03,371484,1042.61562,1775.52009,1.5862011e+05,4.6507179e+01,6.3865820e+03,1.4623136e+01,1.6604517e+05,4.8690750e+01,0,nan,nan,nan,nan,1042.61562,2.7330717e-04,1775.52009,2.4408556e-04,-1.0608931e-02,-1.4618811e-02
0.0620129638721213,0.9964291721583185,0.00028160094675313695,1921.3139329640755,3.1832471e-03,499576,471.02324,463.88722,1.6342786e+05,4.6153896e+01,2.5770312e+03,1.3489739e+01,1.6919705e+05,4.7816795e+01,0,nan,nan,nan,nan,471.02324,2.5926376e-04,463.88722,2.9422960e-04,2.5302358e-02,-1.4598927e-02
0.06201979191587236,0.9965094206681933,0.0002838991137458759,1731.1326597921172,-3.1782901e-03,362650,1328.20010,1819.02073,1.5788503e+05,4.4918232e+01,4.1480718e+03,1.1713506e+01,1.6565241e+05,4.7193302e+01,0,nan,nan,nan,nan,1328.20010,2.6013082e-04,1819.02073,2.3023902e-04,-3.9965729e-03,4.1749038e-02
0.06216559138965749,0.9972375814886931,0.0002851263542725887,1915.179205591593,3.1754842e-03,495159,471.02026,463.90596,1.6378919e+05,4.6756142e+01,4.4256812e+03,1.4579659e+01,1.6942289e+05,4.8440742e+01,0,nan,nan,nan,nan,471.02026,2.6263445e-04,463.90596,2.9751984e-04,2.3298727e-02,5.9651188e-03
0.06229238871310372,0.996468353969478,0.00028183474298842096,1909.0444523889164,3.1418914e-03,490742,471.00124,463.89026,1.6334817e+05,4.6181301e+01,2.5928916e+03,1.3616885e+01,1.6916372e+05,4.7845188e+01,0,nan,nan,nan,nan,471.00124,2.5866940e-04,463.89026,2.9374511e-04,1.1767215e-03,-1.0888888e-02
0.06237135405808658,0.9968058672683762,0.00028206038141898054,1902.9096513542613,3.0604668e-03,486325,470.98844,463.85553,1.6340875e+05,4.6225712e+01,2.7746550e+03,1.3645290e+01,1.6924827e+05,4.7891201e+01,0,nan,nan,nan,nan,470.98844,2.5892211e-04,463.85553,2.9412107e-04,-1.2119212e-02,-4.8813116e-02
0.062488520322858676,0.9966492824350732,0.0002844388156289001,1718.863368520524,-3.0304568e-03,353816,1328.20074,1818.98324,1.5725311e+05,4.4979561e+01,4.7815054e+03,1.2043478e+01,1.6558706e+05,4.7257732e+01,0,nan,nan,nan,nan,1328.20074,2.6203686e-04,1818.98324,2.3202345e-04,-2.7417124e-03,1.3050074e-03
0.06284800489584086,0.9969951008896911,0.0003011505565973856,1761.8078880050975,-2.9358026e-03,384736,1042.63271,1775.56783,1.5883366e+05,4.7965218e+01,1.1710904e+04,1.6984787e+01,1.6625022e+05,5.0217243e+01,0,nan,nan,nan,nan,1042.63271,2.8435854e-04,1775.56783,2.5344192e-04,9.5474608e-03,3.7125424e-02
0.06288722655153833,0.996777834036989,0.00029093456619930594,1755.6730472267532,-3.0571194e-03,380319,1042.61218,1775.56811,1.5848105e+05,4.6287342e+01,5.6464312e+03,1.4255763e+01,1.6603198e+05,4.8460590e+01,0,nan,nan,nan,nan,1042.61218,2.7228741e-04,1775.56811,2.4300578e-04,-1.2652159e-02,3.7315857e-02
0.06307799358137345,0.996337811694213,0.0002923426528146243,1743.4034779937829,-3.1874301e-03,371485,1042.61291,1775.52431,1.5856473e+05,4.6512829e+01,6.3996138e+03,1.4653862e+01,1.6596389e+05,4.8696663e+01,0,nan,nan,nan,nan,1042.61291,2.7340514e-04,1775.52431,2.4416798e-04,-1.3083862e-02,-1.0592221e-02
0.06340185030649081,0.9962071686518715,0.0002817070053258512,1921.31532185051,3.1832452e-03,499577,471.02329,463.89032,1.6344506e+05,4.6171299e+01,2.5930681e+03,1.3501174e+01,1.6915942e+05,4.7834824e+01,0,nan,nan,nan,nan,471.02329,2.5931382e-04,463.89032,2.9396568e-04,2.5451757e-02,-9.9836839e-03
0.06340867228368519,0.9974179281926605,0.00028382618340829836,1731.134048672485,-3.1782980e-03,362651,1328.20424,1819.02280,1.5808334e+05,4.4906746e+01,4.1495688e+03,1.1671852e+01,1.6580362e+05,4.7181232e+01,0,nan,nan,nan,nan,1328.20424,2.5996336e-04,1819.02280,2.2938869e-04,1.0377119e-03,4.4551257e-02
0.06355448411022735,0.9966873370923353,0.00028490611231582225,1915.1805944843136,3.1754887e-03,495160,471.00784,463.90204,1.6371033e+05,4.6719955e+01,4.4249692e+03,1.4515034e+01,1.6932914e+05,4.8403252e+01,0,nan,nan,nan,nan,471.00784,2.6221742e-04,463.90204,2.9754543e-04,9.4066849e-03,1.3112526e-03
0.06368129144630075,0.9964236913282609,0.00028154635926199985,1909.0458412916496,3.1419059e-03,490743,470.99543,463.86750,1.6328123e+05,4.6134041e+01,2.5974260e+03,1.3483452e+01,1.6915612e+05,4.7796227e+01,0,nan,nan,nan,nan,470.99543,2.5860683e-04,463.86750,2.9419639e-04,-5.4821651e-03,-3.6256533e-02
0.06376026447560434,0.9970734372366997,0.0002819675849606641,1902.9110402646788,3.0604890e-03,486326,470.98751,463.85790,1.6337216e+05,4.6210491e+01,2.7782842e+03,1.3607860e+01,1.6929364e+05,4.7875431e+01,0,nan,nan,nan,nan,470.98751,2.5902790e-04,463.85790,2.9431307e-04,-1.2976767e-02,-4.6736125e-02
0.06387738532430376,0.9969445708998559,0.00028449429467427824,1718.8647573855255,-3.0304801e-03,353817,1328.20897,1818.98828,1.5728375e+05,4.4988152e+01,4.7717578e+03,1.2017953e+01,1.6563545e+05,4.7266762e+01,0,nan,nan,nan,nan,1328.20897,2.6222580e-04,1818.98828,2.3254222e-04,6.4621507e-03,5.9539732e-03
0.06415874907247565,0.9960675673211957,0.0002825737076056461,1712.7301587492736,-2.9095642e-03,349400,1328.20597,1818.98296,1.5779097e+05,4.4736530e+01,3.5784604e+03,1.1359842e+01,1.6568267e+05,4.7002399e+01,0,nan,nan,nan,nan,1328.20597,2.5975012e-04,1818.98296,2.2964161e-04,3.7260237e-03,-9.0526722e-05
0.06423692459179653,0.996292753618752,0.00030126193464758317,1761.8092769247935,-2.9357711e-03,384737,1042.63584,1775.57474,1.5873827e+05,4.7982838e+01,1.1750797e+04,1.7046125e+01,1.6613270e+05,5.0235695e+01,0,nan,nan,nan,nan,1042.63584,2.8467079e-04,1775.57474,2.5360112e-04,1.3211556e-02,4.4461325e-02
0.06427613786581787,0.9960417228423964,0.0002910036969250353,1755.6744361380674,-3.0570964e-03,380320,1042.61899,1775.57561,1.5851150e+05,4.6298306e+01,5.6434468e+03,1.4278881e+01,1.6590927e+05,4.8472073e+01,0,nan,nan,nan,nan,1042.61899,2.7212655e-04,1775.57561,2.4282114e-04,-5.6154737e-03,4.5266524e-02
0.06446688976166115,0.9965476534099604,0.00029233048903672636,1743.4048668899632,-3.1874222e-03,371486,1042.61771,1775.51427,1.5843916e+05,4.6510891e+01,6.3978154e+03,1.4646564e+01,1.6599884e+05,4.8694633e+01,0,nan,nan,nan,nan,1042.61771,2.7392028e-04,1775.51427,2.4482852e-04,-8.0180215e-03,-2.0958282e-02
0.06479073697346394,0.9972092562204186,0.00028186731247916693,1921.316710737177,3.1832436e-03,499578,471.02481,463.88790,1.6371492e+05,4.6197582e+01,2.5895732e+03,1.3515424e+01,1.6932964e+05,4.7862061e+01,0,nan,nan,nan,nan,471.02481,2.5882514e-04,463.88790,2.9345960e-04,2.6818300e-02,-1.3210145e-02
0.06479755265127096,0.9967211999624598,0.00028375151891980497,1731.1354375528526,-3.1783059e-03,362652,1328.20299,1819.02139,1.5799538e+05,4.4894985e+01,4.1404712e+03,1.1663454e+01,1.6568798e+05,4.7168877e+01,0,nan,nan,nan,nan,1328.20299,2.6009127e-04,1819.02139,2.2947081e-04,-4.6962386e-04,4.2704418e-02
0.06494337659842131,0.996275909958612,0.0002849242831310303,1915.1819833768018,3.1754929e-03,495161,471.01848,463.88447,1.6359377e+05,4.6722858e+01,4.4196172e+03,1.4556373e+01,1.6925897e+05,4.8406258e+01,0,nan,nan,nan,nan,471.01848,2.6262691e-04,463.88447,2.9791959e-04,2.0116605e-02,-1.7640082e-02
0.06507019417949778,0.9974364217206444,0.00028165093909522296,1909.0472301943828,3.1419203e-03,490744,470.99964,463.88342,1.6351284e+05,4.6151180e+01,2.6039226e+03,1.3446949e+01,1.6932805e+05,4.7813980e+01,0,nan,nan,nan,nan,470.99964,2.5858229e-04,463.88342,2.9350037e-04,2.6672482e-04,-1.7775092e-02
0.06514917465983672,0.9967080839241335,0.0002820041649743327,1902.912429174863,3.0605108e-03,486327,470.98277,463.84670,1.6340362e+05,4.6216473e+01,2.7662856e+03,1.3606419e+01,1.6923156e+05,4.7881626e+01,0,nan,nan,nan,nan,470.98277,2.5876606e-04,463.84670,2.9443661e-04,-1.8363548e-02,-5.9879050e-02
0.06526625055789703,0.9968302715545159,0.00028460184263718864,1718.8661462507591,-3.0305032e-03,353818,1328.20518,1818.98773,1.5727705e+05,4.5004978e+01,4.7828472e+03,1.2059038e+01,1.6561580e+05,4.7284439e+01,0,nan,nan,nan,nan,1328.20518,2.6246058e-04,1818.98773,2.3230373e-04,2.5775263e-03,5.8113574e-03
0.06554760522726644,0.9960072270941136,0.0002825410864533716,1712.7315476054284,-2.9095963e-03,349401,1328.20423,1818.98881,1.5787395e+05,4.4731335e+01,3.5837844e+03,1.1362599e+01,1.6567250e+05,4.6996937e+01,0,nan,nan,nan,nan,1328.20423,2.5934150e-04,1818.98881,2.2939261e-04,2.2496390e-03,6.1148116e-03
0.06562584405492089,0.9962574422922982,0.0003012083218234392,1761.8106658442566,-2.9357399e-03,384738,1042.63000,1775.56554,1.5861244e+05,4.7974186e+01,1.1755657e+04,1.7049318e+01,1.6612642e+05,5.0226635e+01,0,nan,nan,nan,nan,1042.63000,2.8470857e-04,1775.56554,2.5409079e-04,7.5344215e-03,3.4869231e-02
0.06566504917964266,0.9960506578450404,0.00029101250096962375,1755.6758250493813,-3.0570733e-03,380321,1042.61570,1775.56656,1.5849617e+05,4.6299683e+01,5.6448086e+03,1.4289268e+01,1.6591064e+05,4.8473511e+01,0,nan,nan,nan,nan,1042.61570,2.7223595e-04,1775.56656,2.4286237e-04,-9.4685601e-03,3.4977097e-02
0.06585578570911821,0.9969103645577365,0.0002924302743757482,1743.4062557859106,-3.1874145e-03,371487,1042.61411,1775.52740,1.5844038e+05,4.6526772e+01,6.4078887e+03,1.4654771e+01,1.6605927e+05,4.8711258e+01,0,nan,nan,nan,nan,1042.61411,2.7421585e-04,1775.52740,2.4508176e-04,-1.1367139e-02,-7.8169741e-03
0.06617962364134655,0.9964533738463267,0.00028163492370986474,1921.3180996238448,3.1832419e-03,499579,471.02343,463.89000,1.6346144e+05,4.6159515e+01,2.6001836e+03,1.3469136e+01,1.6920136e+05,4.7822620e+01,0,nan,nan,nan,nan,471.02343,2.5937811e-04,463.89000,2.9402316e-04,2.5192671e-02,-1.1303074e-02
0.06618643301953853,0.9969186190801912,0.00028389228835680995,1731.136826433221,-3.1783138e-03,362653,1328.20168,1819.02469,1.5799127e+05,4.4917301e+01,4.1521250e+03,1.1743972e+01,1.6572098e+05,4.7192326e+01,0,nan,nan,nan,nan,1328.20168,2.6007718e-04,1819.02469,2.2951067e-04,-1.8968831e-03,4.6498310e-02
0.06633226908616052,0.9963799833377276,0.00028507792326358457,1915.1833722692895,3.1754971e-03,495162,471.02349,463.90695,1.6365414e+05,4.6747978e+01,4.4276904e+03,1.4622878e+01,1.6927638e+05,4.8432281e+01,0,nan,nan,nan,nan,471.02349,2.6261318e-04,463.90695,2.9750276e-04,2.5976114e-02,7.3201670e-03
0.0664590969126948,0.9970074012832597,0.0002816146241629267,1909.048619097116,3.1419348e-03,490745,470.99953,463.87468,1.6343998e+05,4.6145226e+01,2.5881626e+03,1.3430527e+01,1.6925520e+05,4.7807812e+01,0,nan,nan,nan,nan,470.99953,2.5878506e-04,463.87468,2.9376493e-04,-2.8709660e-04,-2.7643118e-02
0.0665380848431596,0.9963544765776512,0.00028183010663054706,1902.9138180850464,3.0605327e-03,486328,470.98889,463.85988,1.6327322e+05,4.6187935e+01,2.7557769e+03,1.3603689e+01,1.6917147e+05,4.7852062e+01,0,nan,nan,nan,nan,470.98889,2.5886187e-04,463.85988,2.9442320e-04,-1.1269304e-02,-4.4597734e-02
0.06665511555888737,0.996999456392886,0.00028454766488069625,1718.8675351157601,-3.0305265e-03,353819,1328.20589,1818.99258,1.5735355e+05,4.4996227e+01,4.7844780e+03,1.2054126e+01,1.6564323e+05,4.7275249e+01,0,nan,nan,nan,nan,1328.20589,2.6182662e-04,1818.99258,2.3196040e-04,2.5232625e-03,1.1482240e-02
0.0669364613811464,0.9956936603010424,0.00028256562527698105,1712.7329364615823,-2.9096284e-03,349402,1328.21285,1818.98867,1.5785262e+05,4.4735184e+01,3.5817078e+03,1.1397365e+01,1.6562020e+05,4.7000980e+01,0,nan,nan,nan,nan,1328.21285,2.5935107e-04,1818.98867,2.2979181e-04,1.0926054e-02,6.4319782e-03
0.0670147637511036,0.9964220659322967,0.00030126003309074355,1761.8120547639528,-2.9357085e-03,384739,1042.63413,1775.57818,1.5875266e+05,4.7982311e+01,1.1764945e+04,1.7037842e+01,1.6615347e+05,5.0235138e+01,0,nan,nan,nan,nan,1042.63413,2.8464707e-04,1775.57818,2.5362251e-04,1.1227323e-02,4.8580628e-02
0.06705396072675285,0.996343581739424,0.00029123650757692537,1755.6772139609284,-3.0570501e-03,380322,1042.60857,1775.56035,1.5860333e+05,4.6335293e+01,5.6657256e+03,1.4327284e+01,1.6595933e+05,4.8510792e+01,0,nan,nan,nan,nan,1042.60857,2.7257000e-04,1775.56035,2.4288800e-04,-1.7601926e-02,2.8956756e-02
0.06724468165566577,0.9962229774114642,0.00029241296152439833,1743.4076446818572,-3.1874068e-03,371488,1042.61999,1775.52178,1.5855178e+05,4.6524014e+01,6.4130845e+03,1.4662966e+01,1.6594477e+05,4.8708370e+01,0,nan,nan,nan,nan,1042.61999,2.7350607e-04,1775.52178,2.4450509e-04,-6.0050702e-03,-1.3422553e-02
0.06756851031013866,0.9969335032064643,0.00028167380955521765,1921.3194885105136,3.1832403e-03,499580,471.02864,463.89065,1.6357270e+05,4.6165909e+01,2.5984026e+03,1.3458810e+01,1.6928295e+05,4.7829243e+01,0,nan,nan,nan,nan,471.02864,2.5934618e-04,463.89065,2.9375614e-04,3.1332530e-02,-9.9025602e-03
0.06757531338780609,0.9968257261419109,0.00028405924742438,1731.1382153135892,-3.1783218e-03,362654,1328.19961,1819.01872,1.5799894e+05,4.4943768e+01,4.1511865e+03,1.1765388e+01,1.6570572e+05,4.7220131e+01,0,nan,nan,nan,nan,1328.19961,2.6001179e-04,1819.01872,2.3006294e-04,-3.8268350e-03,3.9400212e-02
0.06772116180763987,0.9965532941342943,0.000285115183860014,1915.184761162011,3.1755015e-03,495163,471.01059,463.88601,1.6369688e+05,4.6754009e+01,4.4022427e+03,1.4577576e+01,1.6930555e+05,4.8438534e+01,0,nan,nan,nan,nan,471.01059,2.6225057e-04,463.88601,2.9813006e-04,1.1198320e-02,-1.5336080e-02
0.06784799964498234,0.9971779045799793,0.0002817316347988952,1909.0500079998483,3.1419492e-03,490746,471.00255,463.87975,1.6346286e+05,4.6164394e+01,2.5978220e+03,1.3489269e+01,1.6928414e+05,4.7827671e+01,0,nan,nan,nan,nan,471.00255,2.5867505e-04,463.87975,2.9373594e-04,2.4978174e-03,-2.1396693e-02
0.06792699525885837,0.9964321424846369,0.0002818738776234831,1902.915206995462,3.0605549e-03,486329,470.98948,463.85715,1.6333005e+05,4.6195095e+01,2.7720825e+03,1.3538860e+01,1.6918461e+05,4.7859478e+01,0,nan,nan,nan,nan,470.98948,2.5872834e-04,463.85715,2.9468190e-04,-1.1577666e-02,-4.7692049e-02
0.06804398079316376,0.9968015459236401,0.00028447797640230346,1718.8689239809944,-3.0305495e-03,353820,1328.20271,1818.97956,1.5730164e+05,4.4985027e+01,4.7826323e+03,1.2027275e+01,1.6560969e+05,4.7263477e+01,0,nan,nan,nan,nan,1328.20271,2.6202097e-04,1818.97956,2.3219895e-04,-3.0918774e-04,-2.8972619e-03
0.06832531753434523,0.9960640576400981,0.00028260892333010156,1712.7343253177355,-2.9096606e-03,349403,1328.19960,1818.97606,1.5792714e+05,4.4742001e+01,3.5862795e+03,1.1378475e+01,1.6568167e+05,4.7008141e+01,0,nan,nan,nan,nan,1328.19960,2.5914315e-04,1818.97606,2.2989103e-04,-3.4113468e-03,-7.7564819e-03
0.06840368344683156,0.9965265793599027,0.0003012806458985895,1761.8134436836485,-2.9356771e-03,384740,1042.62981,1775.57075,1.5880672e+05,4.7985481e+01,1.1804312e+04,1.7019272e+01,1.6617050e+05,5.0238457e+01,0,nan,nan,nan,nan,1042.62981,2.8456270e-04,1775.57075,2.5370263e-04,6.0150791e-03,4.0859576e-02
0.06844287204103239,0.9963374961861964,0.0002910812972409649,1755.6786028722427,-3.0570270e-03,380323,1042.61489,1775.57083,1.5846988e+05,4.6310562e+01,5.6478105e+03,1.4330643e+01,1.6595820e+05,4.8484905e+01,0,nan,nan,nan,nan,1042.61489,2.7248854e-04,1775.57083,2.4302778e-04,-1.0152595e-02,4.0162601e-02
0.06863357760221334,0.9960662456712842,0.00029259754633069603,1743.4090335778037,-3.1873991e-03,371489,1042.61565,1775.52438,1.5862669e+05,4.6553375e+01,6.4038252e+03,1.4737009e+01,1.6591866e+05,4.8739117e+01,0,nan,nan,nan,nan,1042.61565,2.7369728e-04,1775.52438,2.4420407e-04,-9.9807968e-03,-1.0232441e-02
0.06895739697802128,0.996733666238657,0.00028177940046980056,1921.3208773971814,3.1832387e-03,499581,471.02199,463.88653,1.6366861e+05,4.6183231e+01,2.5900923e+03,1.3459318e+01,1.6924909e+05,4.7847191e+01,0,nan,nan,nan,nan,471.02199,2.5885485e-04,463.88653,2.9352235e-04,2.3458835e-02,-1.4547033e-02
0.06896419375630136,0.9971142480319365,0.0002837594205735962,1731.1396041939577,-3.1783297e-03,362655,1328.20262,1819.01896,1.5804705e+05,4.4896378e+01,4.1407451e+03,1.1662451e+01,1.6575384e+05,4.7170338e+01,0,nan,nan,nan,nan,1328.20262,2.6002078e-04,1819.01896,2.2966888e-04,-6.5913133e-04,4.0407516e-02
0.06911005429674333,0.9970397964684244,0.00028499714361931896,1915.1861500545,3.1755057e-03,495164,471.01589,463.90102,1.6374767e+05,4.6734577e+01,4.4058628e+03,1.4530871e+01,1.6938792e+05,4.8418404e+01,0,nan,nan,nan,nan,471.01589,2.6254586e-04,463.90102,2.9761175e-04,1.8167561e-02,4.0738808e-04
0.06923690237726987,0.9968665132992709,0.0002816257753426906,1909.0513969025806,3.1419636e-03,490747,470.99732,463.87496,1.6339588e+05,4.6147049e+01,2.6007522e+03,1.3471241e+01,1.6923127e+05,4.7809700e+01,0,nan,nan,nan,nan,470.99732,2.5835962e-04,463.87496,2.9392954e-04,-3.1015249e-03,-2.8099593e-02
0.0693159054417265,0.9966903670851296,0.00028187506764662426,1902.916595905645,3.0605767e-03,486330,470.98578,463.85814,1.6337270e+05,4.6195274e+01,2.7881265e+03,1.3556290e+01,1.6922841e+05,4.7859665e+01,0,nan,nan,nan,nan,470.98578,2.5870319e-04,463.85814,2.9430291e-04,-1.5058524e-02,-4.6195082e-02
0.06943284579529063,0.9967096770047102,0.00028451443091574745,1718.8703128459965,-3.0305728e-03,353821,1328.20595,1818.99075,1.5729572e+05,4.4990612e+01,4.7902256e+03,1.2036681e+01,1.6559375e+05,4.7269344e+01,0,nan,nan,nan,nan,1328.20595,2.6237572e-04,1818.99075,2.3225127e-04,3.4103822e-03,8.8714473e-03
0.06971417368754407,0.9957147758020437,0.00028271051529421456,1712.7357141738887,-2.9096927e-03,349404,1328.21177,1818.98774,1.5797827e+05,4.4758041e+01,3.5960400e+03,1.1404037e+01,1.6562342e+05,4.7024998e+01,0,nan,nan,nan,nan,1328.21177,2.5933297e-04,1818.98774,2.2919278e-04,9.9216048e-03,5.7756654e-03
0.06979260314301428,0.9967282117149154,0.0003012471948180395,1761.8148326033447,-2.9356456e-03,384741,1042.63207,1775.57542,1.5877006e+05,4.7980034e+01,1.1800247e+04,1.7022655e+01,1.6620372e+05,5.0232754e+01,0,nan,nan,nan,nan,1042.63207,2.8465627e-04,1775.57542,2.5356049e-04,9.3198391e-03,4.5080081e-02
0.06983178335485718,0.9965221864367859,0.00029104703078480006,1755.6799917835565,-3.0570040e-03,380324,1042.61201,1775.56448,1.5860444e+05,4.6305080e+01,5.6482759e+03,1.4262615e+01,1.6598886e+05,4.8479168e+01,0,nan,nan,nan,nan,1042.61201,2.7209849e-04,1775.56448,2.4284371e-04,-1.3739111e-02,3.3259153e-02
0.07002247354921565,0.9970171289372104,0.00029254135726968167,1743.4104224737507,-3.1873914e-03,371490,1042.61704,1775.52373,1.5857342e+05,4.6544437e+01,6.4086577e+03,1.4695187e+01,1.6607705e+05,4.8729759e+01,0,nan,nan,nan,nan,1042.61704,2.7365258e-04,1775.52373,2.4458393e-04,-8.1068929e-03,-1.0976846e-02
0.0703462836449944,0.9968494323687026,0.00028183504920520624,1921.3222662838484,3.1832370e-03,499582,471.02332,463.88571,1.6360353e+05,4.6192379e+01,2.5886213e+03,1.3525634e+01,1.6926881e+05,4.7856663e+01,0,nan,nan,nan,nan,471.02332,2.5925387e-04,463.88571,2.9383425e-04,2.5213270e-02,-1.5513988e-02
0.07035307389242007,0.9971434954796893,0.0002837452740119208,1731.1409930740938,-3.1783378e-03,362656,1328.19947,1819.02305,1.5798455e+05,4.4894176e+01,4.1414570e+03,1.1677049e+01,1.6575886e+05,4.7168030e+01,0,nan,nan,nan,nan,1328.19947,2.6005335e-04,1819.02305,2.2958555e-04,-4.4654589e-03,4.4655148e-02
0.07049894678539204,0.9963641482156225,0.0002849405127833015,1915.1875389469888,3.1755099e-03,495165,471.01744,463.90521,1.6365888e+05,4.6725216e+01,4.4201562e+03,1.4558787e+01,1.6927286e+05,4.8408703e+01,0,nan,nan,nan,nan,471.01744,2.6236707e-04,463.90521,2.9739336e-04,1.9084884e-02,4.7013815e-03
0.0706258051104669,0.9969656554695212,0.000281575051566429,1909.0527858053138,3.1419781e-03,490748,470.99844,463.88670,1.6344280e+05,4.6138729e+01,2.5903027e+03,1.3433579e+01,1.6924809e+05,4.7801086e+01,0,nan,nan,nan,nan,470.99844,2.5848119e-04,463.88670,2.9362086e-04,-1.6106679e-03,-1.4636183e-02
0.07070481562550412,0.9967023508141367,0.0002820330812744092,1902.9179848158287,3.0605986e-03,486331,470.98350,463.85809,1.6340380e+05,4.6221157e+01,2.7696821e+03,1.3611238e+01,1.6923039e+05,4.7886482e+01,0,nan,nan,nan,nan,470.98350,2.5888105e-04,463.85809,2.9427322e-04,-1.7734157e-02,-4.5914091e-02
0.07082171103024815,0.9968419872921366,0.0002846178847201872,1718.8717017112315,-3.0305958e-03,353822,1328.20467,1818.98600,1.5732950e+05,4.5006786e+01,4.7911069e+03,1.2053399e+01,1.6561506e+05,4.7286339e+01,0,nan,nan,nan,nan,1328.20467,2.6200182e-04,1818.98600,2.3233655e-04,1.3868161e-03,3.7009562e-03
0.07110302984142403,0.996239493532216,0.00028275987866786405,1712.7371030300426,-2.9097248e-03,349405,1328.20371,1818.98399,1.5806309e+05,4.4765816e+01,3.6006184e+03,1.1395645e+01,1.6571055e+05,4.7033161e+01,0,nan,nan,nan,nan,1328.20371,2.5880523e-04,1818.98399,2.2887508e-04,3.1128179e-04,2.4393119e-03
0.0711815226061393,0.9963054632835651,0.0003011555803719031,1761.8162215228078,-2.9356144e-03,384742,1042.63569,1775.57492,1.5870383e+05,4.7965321e+01,1.1809507e+04,1.7008562e+01,1.6613281e+05,5.0217354e+01,0,nan,nan,nan,nan,1042.63569,2.8469518e-04,1775.57492,2.5365414e-04,1.3162434e-02,4.4525914e-02
0.07122069490105787,0.9964692535655086,0.0002910111924390987,1755.6813806951027,-3.0569807e-03,380325,1042.61566,1775.56557,1.5854094e+05,4.6299355e+01,5.6617266e+03,1.4270044e+01,1.6597994e+05,4.8473164e+01,0,nan,nan,nan,nan,1042.61566,2.7208729e-04,1775.56557,2.4283638e-04,-9.7227236e-03,3.4212548e-02
0.0714113694966727,0.9968940152950494,0.00029245947354571735,1743.4118113696982,-3.1873838e-03,371491,1042.61730,1775.51820,1.5864670e+05,4.6531410e+01,6.4297788e+03,1.4643698e+01,1.6605653e+05,4.8716118e+01,0,nan,nan,nan,nan,1042.61730,2.7357199e-04,1775.51820,2.4443760e-04,-8.3979312e-03,-1.6608018e-02
0.07173517031219456,0.9969548263351753,0.0002817651447576675,1921.3236551705156,3.1832354e-03,499583,471.02917,463.89093,1.6363528e+05,4.6180935e+01,2.5999111e+03,1.3488234e+01,1.6928678e+05,4.7844810e+01,0,nan,nan,nan,nan,471.02917,2.5898215e-04,463.89093,2.9351789e-04,3.1295486e-02,-1.0374505e-02
0.07174195426068763,0.9970089025140418,0.0002837410576653735,1731.142381954462,-3.1783457e-03,362657,1328.20529,1819.02508,1.5796531e+05,4.4893551e+01,4.1578784e+03,1.1669274e+01,1.6573664e+05,4.7167374e+01,0,nan,nan,nan,nan,1328.20529,2.6026592e-04,1819.02508,2.2954229e-04,1.9251998e-03,4.7058512e-02
0.07188783950641664,0.996114760366125,0.00028469163738748475,1915.1889278397098,3.1755143e-03,495166,471.01412,463.89294,1.6345431e+05,4.6684326e+01,4.4034614e+03,1.4493993e+01,1.6923020e+05,4.8366337e+01,0,nan,nan,nan,nan,471.01412,2.6271024e-04,463.89294,2.9839523e-04,1.7000459e-02,-8.0279494e-03
0.07201470784457342,0.9968799816154373,0.0002816288349875173,1909.0541747080479,3.1419925e-03,490749,471.00026,463.87393,1.6343777e+05,4.6147537e+01,2.5978147e+03,1.3438174e+01,1.6923353e+05,4.7810211e+01,0,nan,nan,nan,nan,471.00026,2.5858611e-04,463.87393,2.9388079e-04,-2.6823697e-04,-2.8182980e-02
0.07209372604302189,0.9967169607544053,0.00028180896433403893,1902.9193737262462,3.0606207e-03,486332,470.98842,463.85108,1.6332247e+05,4.6184414e+01,2.7548784e+03,1.3562523e+01,1.6923281e+05,4.7848412e+01,0,nan,nan,nan,nan,470.98842,2.5886539e-04,463.85108,2.9431397e-04,-1.2945122e-02,-5.4358251e-02
0.07221057603123848,0.9965487231466958,0.00028442919412574125,1718.8730905762325,-3.0306191e-03,353823,1328.20410,1818.98799,1.5724202e+05,4.4976765e+01,4.7839126e+03,1.2041713e+01,1.6556567e+05,4.7254799e+01,0,nan,nan,nan,nan,1328.20410,2.6205924e-04,1818.98799,2.3228652e-04,1.2220779e-03,5.5626906e-03
0.072491886228363,0.9964819914190468,0.0002825413456456088,1712.7384918864295,-2.9097567e-03,349406,1328.20347,1818.98626,1.5792055e+05,4.4731171e+01,3.5818779e+03,1.1353605e+01,1.6575072e+05,4.6996769e+01,0,nan,nan,nan,nan,1328.20347,2.5901324e-04,1818.98626,2.2933075e-04,6.9132989e-04,3.7542114e-03
0.0725704423020943,0.996301376970341,0.0003013406556268357,1761.8176104425038,-2.9355830e-03,384743,1042.62016,1775.55681,1.5871744e+05,4.7994682e+01,1.1831322e+04,1.7057640e+01,1.6613172e+05,5.0248093e+01,0,nan,nan,nan,nan,1042.62016,2.8469379e-04,1775.55681,2.5411759e-04,-4.0503615e-03,2.5646852e-02
0.07260960621442791,0.9968763061654269,0.00029110785136384127,1755.682769606416,-3.0569576e-03,380326,1042.61068,1775.56076,1.5857669e+05,4.6314705e+01,5.6445122e+03,1.4311070e+01,1.6604762e+05,4.8489235e+01,0,nan,nan,nan,nan,1042.61068,2.7217864e-04,1775.56076,2.4279201e-04,-1.4417267e-02,2.9789979e-02
0.07280026544412976,0.996939802451701,0.0002925858894731931,1743.4132002656456,-3.1873761e-03,371492,1042.61553,1775.53008,1.5868730e+05,4.6551517e+01,6.4156309e+03,1.4707829e+01,1.6606416e+05,4.8737175e+01,0,nan,nan,nan,nan,1042.61553,2.7351099e-04,1775.53008,2.4426097e-04,-1.0227202e-02,-4.4675115e-03
0.07312405697939539,0.9967737620520375,0.00028169061268241806,1921.3250440571828,3.1832338e-03,499584,471.02201,463.89046,1.6362102e+05,4.6168739e+01,2.5987021e+03,1.3453494e+01,1.6925611e+05,4.7832172e+01,0,nan,nan,nan,nan,471.02201,2.5912817e-04,463.89046,2.9334589e-04,2.3752160e-02,-1.0318831e-02
0.07313083462827275,0.9969157518867425,0.00028365840388942863,1731.1437708348296,-3.1783537e-03,362658,1328.20249,1819.02122,1.5796000e+05,4.4880516e+01,4.1383477e+03,1.1646829e+01,1.6572130e+05,4.7153675e+01,0,nan,nan,nan,nan,1328.20249,2.6008984e-04,1819.02122,2.2964462e-04,-1.2781481e-03,4.2334210e-02
0.07327673199415585,0.995991858777205,0.0002848365400155115,1915.1903167321975,3.1755185e-03,495167,471.01258,463.89256,1.6347578e+05,4.6708012e+01,4.3955386e+03,1.4536267e+01,1.6920905e+05,4.8390877e+01,0,nan,nan,nan,nan,471.01258,2.6291262e-04,463.89256,2.9820719e-04,1.5057146e-02,-8.8316510e-03
0.07340361034493981,0.997061816704328,0.0002817481465884757,1909.0555636105482,3.1420067e-03,490750,471.00094,463.88133,1.6345820e+05,4.6167084e+01,2.5964771e+03,1.3503936e+01,1.6926439e+05,4.7830463e+01,0,nan,nan,nan,nan,471.00094,2.5861143e-04,463.88133,2.9374190e-04,2.8176760e-04,-2.0730216e-02
0.07348263622679951,0.9968401816522102,0.00028189770786782173,1902.92076263643,3.0606426e-03,486333,470.98403,463.85661,1.6339750e+05,4.6198944e+01,2.7493928e+03,1.3571967e+01,1.6925369e+05,4.7863468e+01,0,nan,nan,nan,nan,470.98403,2.5867575e-04,463.85661,2.9429104e-04,-1.6543597e-02,-4.8157141e-02
0.07359944126483242,0.997469921325417,0.000284627705599346,1718.874479441466,-3.0306422e-03,353824,1328.21232,1818.98349,1.5736412e+05,4.5007973e+01,4.7815415e+03,1.2081439e+01,1.6571805e+05,4.7287590e+01,0,nan,nan,nan,nan,1328.21232,2.6220412e-04,1818.98349,2.3242168e-04,1.0645161e-02,7.6076540e-04
0.07388074238156184,0.9961025042124877,0.00028281151169078995,1712.7398807425827,-2.9097889e-03,349407,1328.20913,1818.98577,1.5802672e+05,4.4773899e+01,3.5927002e+03,1.1386137e+01,1.6568744e+05,4.7041660e+01,0,nan,nan,nan,nan,1328.20913,2.5918198e-04,1818.98577,2.2907420e-04,6.2673129e-03,4.0957937e-03
0.07395936199827702,0.9961579346208372,0.00030128341083154945,1761.8189993622,-2.9355516e-03,384744,1042.63530,1775.57450,1.5874302e+05,4.7985439e+01,1.1846665e+04,1.7031647e+01,1.6610739e+05,5.0238419e+01,0,nan,nan,nan,nan,1042.63530,2.8470703e-04,1775.57450,2.5376698e-04,1.1634164e-02,4.4306166e-02
0.0739985177615381,0.9966625118659131,0.00029109200463786026,1755.6841585179632,-3.0569343e-03,380327,1042.61123,1775.56711,1.5861062e+05,4.6312153e+01,5.6566221e+03,1.4283741e+01,1.6601191e+05,4.8486565e+01,0,nan,nan,nan,nan,1042.61123,2.7192090e-04,1775.56711,2.4281316e-04,-1.4123876e-02,3.6110576e-02
0.07418916139113207,0.997411711510595,0.00029245770890269515,1743.4145891615926,-3.1873684e-03,371493,1042.61951,1775.52574,1.5864714e+05,4.6531128e+01,6.4398203e+03,1.4661881e+01,1.6614277e+05,4.8715820e+01,0,nan,nan,nan,nan,1042.61951,2.7340380e-04,1775.52574,2.4451024e-04,-5.7560401e-03,-9.1054430e-03
0.07451294341353787,0.9965357158207636,0.0002817607834156215,1921.326432943617,3.1832319e-03,499585,471.02373,463.88826,1.6356091e+05,4.6180256e+01,2.5866831e+03,1.3514072e+01,1.6921575e+05,4.7844109e+01,0,nan,nan,nan,nan,471.02373,2.5914353e-04,463.88826,2.9375291e-04,2.6517855e-02,-1.3098266e-02
0.07451971499654098,0.9972315376127171,0.0002837682914727039,1731.145159715198,-3.1783616e-03,362659,1328.19904,1819.02153,1.5799702e+05,4.4897938e+01,4.1451367e+03,1.1683158e+01,1.6577394e+05,4.7171982e+01,0,nan,nan,nan,nan,1328.19904,2.6003009e-04,1819.02153,2.2959479e-04,-4.1814041e-03,4.2548858e-02
0.07466562448234981,0.9971359290558741,0.000285138235460519,1915.1917056246857,3.1755227e-03,495168,471.01715,463.90583,1.6382841e+05,4.6757404e+01,4.4185522e+03,1.4542335e+01,1.6940312e+05,4.8442051e+01,0,nan,nan,nan,nan,471.01715,2.6271559e-04,463.90583,2.9728992e-04,1.9698080e-02,5.0627450e-03
0.07479251307722734,0.9970747538969905,0.0002818744741567278,1909.0569525132805,3.1420211e-03,490751,471.00198,463.87573,1.6346734e+05,4.6187786e+01,2.5972678e+03,1.3544782e+01,1.6926658e+05,4.7851906e+01,0,nan,nan,nan,nan,471.00198,2.5865517e-04,463.87573,2.9396985e-04,1.8953338e-03,-2.6706340e-02
0.07487154640966764,0.996590850109868,0.00028185422416676165,1902.922151546613,3.0606645e-03,486334,470.98874,463.85708,1.6332741e+05,4.6191803e+01,2.7711091e+03,1.3593173e+01,1.6921130e+05,4.7856068e+01,0,nan,nan,nan,nan,470.98874,2.5875308e-04,463.85708,2.9433300e-04,-1.2509313e-02,-4.7637884e-02
0.0749883062662775,0.9984387560690662,0.00028471943613961673,1718.8758683064675,-3.0306655e-03,353825,1328.20111,1818.98537,1.5756797e+05,4.5022297e+01,4.7945830e+03,1.2029907e+01,1.6587833e+05,4.7302635e+01,0,nan,nan,nan,nan,1328.20111,2.6175840e-04,1818.98537,2.3223701e-04,-1.8387816e-03,2.4856310e-03
0.0752695985354418,0.9964608035205682,0.0002827581418348839,1712.7412695987366,-2.9098210e-03,349408,1328.20438,1818.97766,1.5800775e+05,4.4765404e+01,3.5860288e+03,1.1402933e+01,1.6574686e+05,4.7032730e+01,0,nan,nan,nan,nan,1328.20438,2.5900072e-04,1818.97766,2.2953795e-04,8.5980189e-04,-5.0395583e-03
0.07534828146117434,0.9972938539005688,0.00030175056081795885,1761.8203882816629,-2.9355204e-03,384745,1042.62438,1775.56333,1.5889212e+05,4.8059723e+01,1.1893535e+04,1.7138075e+01,1.6629639e+05,5.0316193e+01,0,nan,nan,nan,nan,1042.62438,2.8451355e-04,1775.56333,2.5398683e-04,9.6895546e-04,3.2316253e-02
0.07538742907581764,0.9961857632575214,0.000291226668946298,1755.6855474292774,-3.0569113e-03,380328,1042.61848,1775.57882,1.5845788e+05,4.6333538e+01,5.6688867e+03,1.4321959e+01,1.6593239e+05,4.8508961e+01,0,nan,nan,nan,nan,1042.61848,2.7277268e-04,1775.57882,2.4320875e-04,-6.0479874e-03,4.8068605e-02
0.07557805733858913,0.9968685649848886,0.00029249595283621416,1743.41597805754,-3.1873607e-03,371494,1042.61950,1775.51256,1.5860252e+05,4.6537212e+01,6.4413779e+03,1.4698762e+01,1.6605228e+05,4.8722191e+01,0,nan,nan,nan,nan,1042.61950,2.7344062e-04,1775.51256,2.4448131e-04,-6.5231309e-03,-2.2900214e-02
0.07590183008142048,0.996956115564298,0.0002817863964443168,1921.3278218302848,3.1832303e-03,499586,471.02261,463.88717,1.6370709e+05,4.6184471e+01,2.5810911e+03,1.3477371e+01,1.6928720e+05,4.7848476e+01,0,nan,nan,nan,nan,471.02261,2.5886088e-04,463.88717,2.9326399e-04,2.4184123e-02,-1.3484854e-02
0.07590859536503558,0.9969777454821502,0.0002837172789089504,1731.1465485955664,-3.1783695e-03,362660,1328.20149,1819.02465,1.5799298e+05,4.4889900e+01,4.1391304e+03,1.1668027e+01,1.6573188e+05,4.7163536e+01,0,nan,nan,nan,nan,1328.20149,2.5994357e-04,1819.02465,2.2949770e-04,-1.5552773e-03,4.6449564e-02
0.07605451720291967,0.9968555373237489,0.00028491234917526033,1915.1930945174063,3.1755271e-03,495169,471.00904,463.90561,1.6363420e+05,4.6720284e+01,4.3897144e+03,1.4531368e+01,1.6935520e+05,4.8403591e+01,0,nan,nan,nan,nan,471.00904,2.6261271e-04,463.90561,2.9773198e-04,1.0613365e-02,5.3121895e-03
0.07618141580996962,0.9971464759638559,0.0002819225528587075,1909.0583414160133,3.1420356e-03,490752,471.00047,463.87267,1.6343611e+05,4.6195660e+01,2.5997205e+03,1.3591718e+01,1.6927875e+05,4.7860065e+01,0,nan,nan,nan,nan,471.00047,2.5868815e-04,463.87267,2.9393096e-04,-2.1357422e-05,-3.0096212e-02
0.07626045682627591,0.9966691925144161,0.00028188935660304295,1902.9235404570295,3.0606866e-03,486335,470.98448,463.85216,1.6336023e+05,4.6197544e+01,2.7712788e+03,1.3591775e+01,1.6922455e+05,4.7862019e+01,0,nan,nan,nan,nan,470.98448,2.5862094e-04,463.85216,2.9417637e-04,-1.6284987e-02,-5.3345293e-02
0.07637717150078027,0.9974257663107458,0.00028462682096369704,1718.877257171702,-3.0306885e-03,353826,1328.20377,1818.99184,1.5738642e+05,4.5007462e+01,4.7815620e+03,1.2085091e+01,1.6570936e+05,4.7287056e+01,0,nan,nan,nan,nan,1328.20377,2.6191826e-04,1818.99184,2.3188535e-04,7.8161835e-04,1.0204753e-02
0.07665845469000487,0.996308387207718,0.00028267524630995683,1712.7426584548912,-2.9098531e-03,349409,1328.20924,1818.99759,1.5796636e+05,4.4752235e+01,3.5964153e+03,1.1369905e+01,1.6572133e+05,4.7018894e+01,0,nan,nan,nan,nan,1328.20924,2.5910171e-04,1818.99759,2.2902121e-04,6.4406432e-03,1.6446166e-02
0.07673720115735705,0.9963429653609119,0.0003015836152736699,1761.821777201359,-2.9354889e-03,384746,1042.63555,1775.57515,1.5867598e+05,4.8033012e+01,1.1894398e+04,1.7097420e+01,1.6613741e+05,5.0288227e+01,0,nan,nan,nan,nan,1042.63555,2.8555148e-04,1775.57515,2.5429329e-04,1.2853736e-02,4.5406487e-02
0.07677634062247307,0.9969675122640479,0.0002910473303382635,1755.686936340824,-3.0568880e-03,380329,1042.61379,1775.56550,1.5862880e+05,4.6304977e+01,5.6490024e+03,1.4260317e+01,1.6606250e+05,4.8479057e+01,0,nan,nan,nan,nan,1042.61379,2.7205853e-04,1775.56550,2.4283396e-04,-1.1499503e-02,3.4077689e-02
0.07696695328581915,0.9967389652561658,0.00029245062183716697,1743.4173669534873,-3.1873530e-03,371495,1042.61270,1775.53093,1.5859028e+05,4.6529999e+01,6.4337700e+03,1.4664962e+01,1.6603069e+05,4.8714642e+01,0,nan,nan,nan,nan,1042.61270,2.7386635e-04,1775.53093,2.4441155e-04,-1.3048481e-02,-3.4188570e-03
0.0772907167502126,0.9969770484314284,0.00028187446558658035,1921.3292107169536,3.1832287e-03,499587,471.02286,463.88315,1.6367717e+05,4.6198929e+01,2.5960347e+03,1.3491599e+01,1.6929083e+05,4.7863449e+01,0,nan,nan,nan,nan,471.02286,2.5886032e-04,463.88315,2.9383111e-04,2.4446663e-02,-1.8909805e-02
0.07729747573330314,0.9973680164111864,0.0002837622082726349,1731.1479374759347,-3.1783774e-03,362661,1328.20586,1819.01995,1.5800339e+05,4.4897045e+01,4.1314326e+03,1.1664142e+01,1.6579688e+05,4.7171040e+01,0,nan,nan,nan,nan,1328.20586,2.6033161e-04,1819.01995,2.2980435e-04,3.5143071e-03,4.1085143e-02
0.07744340969247787,0.9963887477718915,0.0002848207399734498,1915.1944834098958,3.1755313e-03,495170,471.01849,463.88915,1.6345336e+05,4.6705181e+01,4.3965562e+03,1.4530579e+01,1.6927561e+05,4.8387943e+01,0,nan,nan,nan,nan,471.01849,2.6319997e-04,463.88915,2.9874101e-04,2.0627310e-02,-1.2852732e-02
0.07757031854316665,0.9973566927724369,0.00028170272735583354,1909.0597303187465,3.1420500e-03,490753,471.00077,463.87658,1.6347705e+05,4.6159634e+01,2.6025193e+03,1.3489470e+01,1.6931442e+05,4.7822746e+01,0,nan,nan,nan,nan,471.00077,2.5848544e-04,463.87658,2.9369161e-04,1.0118457e-03,-2.5330635e-02
0.07764936701005354,0.9971876317902271,0.00028179782094849015,1902.9249293672133,3.0607085e-03,486336,470.98629,463.85621,1.6344755e+05,4.6182529e+01,2.7583274e+03,1.3527149e+01,1.6931252e+05,4.7846462e+01,0,nan,nan,nan,nan,470.98629,2.5854885e-04,463.85621,2.9407625e-04,-1.4158507e-02,-4.8559275e-02
0.07776603650154357,0.9972719340245038,0.00028462332404100623,1718.8786460367028,-3.0307118e-03,353827,1328.21113,1818.98308,1.5731123e+05,4.5006733e+01,4.7731333e+03,1.2042350e+01,1.6568312e+05,4.7286282e+01,0,nan,nan,nan,nan,1328.21113,2.6260331e-04,1818.98308,2.3268136e-04,9.4230222e-03,6.1110291e-04
0.07804731084411254,0.9959291158701531,0.0002825967494185049,1712.7440473110453,-2.9098853e-03,349410,1328.20462,1818.98595,1.5788983e+05,4.4739758e+01,3.6155178e+03,1.1353555e+01,1.6565806e+05,4.7005783e+01,0,nan,nan,nan,nan,1328.20462,2.5917389e-04,1818.98595,2.2989950e-04,2.2324915e-03,3.5587242e-03
0.07812612085331272,0.9961589589738309,0.00030141510287671423,1761.823166121055,-2.9354575e-03,384747,1042.62858,1775.56875,1.5869231e+05,4.8006058e+01,1.1933199e+04,1.7085249e+01,1.6610631e+05,5.0260002e+01,0,nan,nan,nan,nan,1042.62858,2.8481084e-04,1775.56875,2.5406919e-04,5.7846429e-03,3.8173728e-02
0.07816525193675261,0.9969854341866489,0.00029118016021309175,1755.6883252521384,-3.0568650e-03,380330,1042.61164,1775.56267,1.5863366e+05,4.6326084e+01,5.6902305e+03,1.4300544e+01,1.6606538e+05,4.8501152e+01,0,nan,nan,nan,nan,1042.61164,2.7217629e-04,1775.56267,2.4286300e-04,-1.4188778e-02,3.1173529e-02
0.0783558492330485,0.997188115514174,0.0002925520436168606,1743.4187558494345,-3.1873453e-03,371496,1042.61718,1775.52126,1.5864836e+05,4.6546135e+01,6.4453433e+03,1.4699748e+01,1.6610550e+05,4.8731533e+01,0,nan,nan,nan,nan,1042.61718,2.7345566e-04,1775.52126,2.4466868e-04,-8.1433943e-03,-1.3452704e-02
0.07867960341809521,0.9970642013248314,0.0002817988855185751,1921.3305996036215,3.1832270e-03,499588,471.02681,463.88915,1.6361088e+05,4.6186562e+01,2.5896084e+03,1.3518732e+01,1.6930570e+05,4.7850639e+01,0,nan,nan,nan,nan,471.02681,2.5893928e-04,463.88915,2.9383722e-04,2.8657753e-02,-1.2513595e-02
0.07868635610157071,0.9977899005280814,0.0002839324285704383,1731.149326356303,-3.1783853e-03,362662,1328.19615,1819.02145,1.5810459e+05,4.4924007e+01,4.1518296e+03,1.1697798e+01,1.6586712e+05,4.7199371e+01,0,nan,nan,nan,nan,1328.19615,2.6026048e-04,1819.02145,2.2943641e-04,-7.7159503e-03,4.3150023e-02
0.07883230218158133,0.9967059059487029,0.00028483274863116547,1915.195872302385,3.1755355e-03,495171,471.01499,463.90401,1.6352462e+05,4.6707069e+01,4.3938657e+03,1.4565306e+01,1.6932920e+05,4.8389904e+01,0,nan,nan,nan,nan,471.01499,2.6269845e-04,463.90401,2.9803716e-04,1.7617228e-02,4.1133496e-03
0.07895922127681843,0.997661942513995,0.00028161011531432136,1909.06111922148,3.1420644e-03,490754,471.00106,463.87460,1.6354367e+05,4.6144459e+01,2.5880500e+03,1.3416198e+01,1.6936623e+05,4.7807018e+01,0,nan,nan,nan,nan,471.00106,2.5848794e-04,463.87460,2.9352549e-04,1.0153836e-03,-2.7867481e-02
0.07903827719383116,0.9974191768073507,0.0002820623395433953,1902.926318277397,3.0607304e-03,486337,470.98980,463.85819,1.6351780e+05,4.6225864e+01,2.7600669e+03,1.3619589e+01,1.6935178e+05,4.7891357e+01,0,nan,nan,nan,nan,470.98980,2.5866739e-04,463.85819,2.9406825e-04,-1.0788545e-02,-4.6177559e-02
0.0791549017351375,0.9971645363104025,0.0002845148763455792,1718.8800349019364,-3.0307348e-03,353828,1328.20836,1818.98954,1.5729955e+05,4.4989399e+01,4.7946084e+03,1.2044210e+01,1.6566461e+05,4.7268070e+01,0,nan,nan,nan,nan,1328.20836,2.6202609e-04,1818.98954,2.3233599e-04,5.7718358e-03,7.6449667e-03
0.07943616723014202,0.9958115919498666,0.0002825122151039675,1712.7454361674313,-2.9099172e-03,349411,1328.21108,1818.98722,1.5773598e+05,4.4726322e+01,3.6128337e+03,1.1381968e+01,1.6563833e+05,4.6991673e+01,0,nan,nan,nan,nan,1328.21108,2.5982756e-04,1818.98722,2.3019660e-04,9.9308789e-03,4.8448811e-03
0.07951504054926772,0.9963989748479541,0.00030156717769508096,1761.824555040751,-2.9354261e-03,384748,1042.63119,1775.57175,1.5869495e+05,4.8030159e+01,1.1912837e+04,1.7125349e+01,1.6614591e+05,5.0285233e+01,0,nan,nan,nan,nan,1042.63119,2.8526268e-04,1775.57175,2.5392868e-04,8.4808748e-03,4.1827880e-02
0.07955416348363575,0.996831767042702,0.0002910855921087425,1755.6897141636853,-3.0568417e-03,380331,1042.61006,1775.56178,1.5862820e+05,4.6311012e+01,5.6682075e+03,1.4269787e+01,1.6603967e+05,4.8485371e+01,0,nan,nan,nan,nan,1042.61006,2.7214151e-04,1775.56178,2.4270146e-04,-1.5035354e-02,3.0502288e-02
0.07974474541242671,0.9968703127659415,0.0002925814431941823,1743.420144745614,-3.1873374e-03,371497,1042.61733,1775.52050,1.5857366e+05,4.6550808e+01,6.4470347e+03,1.4724064e+01,1.6605256e+05,4.8736427e+01,0,nan,nan,nan,nan,1042.61733,2.7386975e-04,1775.52050,2.4465332e-04,-7.7739004e-03,-1.4944377e-02
0.08006849008506833,0.9971766264010535,0.0002818237999939758,1921.3319884902885,3.1832254e-03,499589,471.02132,463.88934,1.6364300e+05,4.6190662e+01,2.5826445e+03,1.3487000e+01,1.6932486e+05,4.7854885e+01,0,nan,nan,nan,nan,471.02132,2.5880313e-04,463.88934,2.9389019e-04,2.3079401e-02,-1.1862441e-02
0.08007523646915582,0.9971733857825891,0.000283709050439633,1731.1507152366705,-3.1783932e-03,362663,1328.20071,1819.01868,1.5802658e+05,4.4888695e+01,4.1413926e+03,1.1641523e+01,1.6576475e+05,4.7162270e+01,0,nan,nan,nan,nan,1328.20071,2.5999921e-04,1819.01868,2.2963017e-04,-2.6991938e-03,3.8899008e-02
0.08022119490215118,0.9971550925863681,0.0002852189913325096,1915.1972611951055,3.1755399e-03,495172,471.02144,463.89922,1.6377314e+05,4.6770325e+01,4.3989946e+03,1.4645167e+01,1.6940522e+05,4.8455437e+01,0,nan,nan,nan,nan,471.02144,2.6269307e-04,463.89922,2.9749935e-04,2.4240391e-02,-1.5040778e-03
0.08034812401001545,0.9966226186621765,0.00028159543256808464,1909.0625081242133,3.1420789e-03,490755,470.99934,463.88169,1.6336712e+05,4.6142048e+01,2.6135303e+03,1.3453145e+01,1.6918978e+05,4.7804523e+01,0,nan,nan,nan,nan,470.99934,2.5866670e-04,463.88169,2.9389086e-04,-6.6366978e-04,-2.0636214e-02
0.08042718737760879,0.9967129562381728,0.00028185639035093775,1902.9277071875808,3.0607523e-03,486338,470.98372,463.86067,1.6335011e+05,4.6192101e+01,2.7512083e+03,1.3533135e+01,1.6923181e+05,4.7856377e+01,0,nan,nan,nan,nan,470.98372,2.5857688e-04,463.86067,2.9458216e-04,-1.7428273e-02,-4.4437245e-02
0.08054376673658192,0.9970301974291593,0.0002844442354302958,1718.8814237669378,-3.0307581e-03,353829,1328.19921,1818.98039,1.5724356e+05,4.4978046e+01,4.7853252e+03,1.2021962e+01,1.6564161e+05,4.7256145e+01,0,nan,nan,nan,nan,1328.19921,2.6205526e-04,1818.98039,2.3266365e-04,-3.2351266e-03,-2.8759856e-03
0.08082502338334085,0.9959584358407486,0.0002826155390888978,1712.7468250235845,-2.9099493e-03,349412,1328.20278,1818.97863,1.5795705e+05,4.4742622e+01,3.6049370e+03,1.1361506e+01,1.6566256e+05,4.7008801e+01,0,nan,nan,nan,nan,1328.20278,2.5908425e-04,1818.97863,2.2941112e-04,5.3128204e-04,-4.1150372e-03
0.08090396001261979,0.9967364028696556,0.00030155986498566097,1761.8259439602143,-2.9353949e-03,384749,1042.64339,1775.58781,1.5875095e+05,4.8028862e+01,1.1942479e+04,1.7092047e+01,1.6620175e+05,5.0283882e+01,0,nan,nan,nan,nan,1042.64339,2.8505168e-04,1775.58781,2.5420170e-04,2.0273363e-02,5.8767483e-02
0.08094307479768759,0.9967851975051815,0.00029118128751804643,1755.6911030749993,-3.0568186e-03,380332,1042.60781,1775.56594,1.5856883e+05,4.6326202e+01,5.6701494e+03,1.4327479e+01,1.6603181e+05,4.8501278e+01,0,nan,nan,nan,nan,1042.60781,2.7227655e-04,1775.56594,2.4290227e-04,-1.8189549e-02,3.4343995e-02
0.08113364135897427,0.997502490396922,0.0002923378257590803,1743.4215336415605,-3.1873297e-03,371498,1042.61442,1775.52221,1.5858423e+05,4.6512047e+01,6.4422173e+03,1.4637938e+01,1.6615786e+05,4.8695847e+01,0,nan,nan,nan,nan,1042.61442,2.7349516e-04,1775.52221,2.4454857e-04,-1.1127646e-02,-1.2990831e-02
0.0814573767524962,0.9971161405985104,0.00028186736989146277,1921.333377376956,3.1832238e-03,499590,471.02408,463.89180,1.6369158e+05,4.6197823e+01,2.6047471e+03,1.3472726e+01,1.6931466e+05,4.7862305e+01,0,nan,nan,nan,nan,471.02408,2.5904059e-04,463.89180,2.9373736e-04,2.6341178e-02,-8.5258856e-03
0.08146411683696864,0.9967338984286241,0.00028360052120737507,1731.1521041170383,-3.1784012e-03,362664,1328.20368,1819.02524,1.5789677e+05,4.4871552e+01,4.1458560e+03,1.1645144e+01,1.6569180e+05,4.7144260e+01,0,nan,nan,nan,nan,1328.20368,2.6009092e-04,1819.02524,2.2942183e-04,7.9152192e-04,4.7343846e-02
0.08161008739034514,0.9966817196052586,0.0002850869281369711,1915.1986500875937,3.1755441e-03,495173,471.00923,463.88748,1.6371902e+05,4.6748589e+01,4.3864937e+03,1.4549764e+01,1.6932450e+05,4.8432919e+01,0,nan,nan,nan,nan,471.00923,2.6246416e-04,463.88748,2.9775981e-04,1.0494163e-02,-1.4598704e-02
0.08173702674230299,0.9966541623509322,0.0002815897744146627,1909.0638970269456,3.1420933e-03,490756,470.99897,463.87349,1.6336220e+05,4.6141121e+01,2.6031584e+03,1.3471382e+01,1.6919512e+05,4.7803562e+01,0,nan,nan,nan,nan,470.99897,2.5865246e-04,463.87349,2.9385980e-04,-1.4623377e-03,-2.9297482e-02
0.08181609779330756,0.9966058695404806,0.00028166019257240245,1902.9290960979965,3.0607744e-03,486339,470.98764,463.85149,1.6328778e+05,4.6159924e+01,2.7535769e+03,1.3503685e+01,1.6921358e+05,4.7823044e+01,0,nan,nan,nan,nan,470.98764,2.5880401e-04,463.85149,2.9428193e-04,-1.3790100e-02,-5.3812537e-02
0.0819326319715401,0.9965193222823213,0.0002843161703322412,1718.8828126321728,-3.0307812e-03,353830,1328.21144,1818.99750,1.5716383e+05,4.4957611e+01,4.7881099e+03,1.2005615e+01,1.6555606e+05,4.7234676e+01,0,nan,nan,nan,nan,1328.21144,2.6239551e-04,1818.99750,2.3247322e-04,9.7857900e-03,1.6509350e-02
0.08221387953722081,0.9963214845771341,0.0002827139306975558,1712.7482138797384,-2.9099814e-03,349413,1328.20615,1818.98989,1.5795733e+05,4.4758148e+01,3.5953501e+03,1.1409204e+01,1.6572275e+05,4.7025112e+01,0,nan,nan,nan,nan,1328.20615,2.5913093e-04,1818.98989,2.2908610e-04,3.8084555e-03,7.6517682e-03
0.08229287970834775,0.9967538375427587,0.00030170209231582853,1761.82733287991,-2.9353634e-03,384750,1042.63243,1775.57269,1.5876409e+05,4.8051395e+01,1.1977742e+04,1.7169773e+01,1.6620423e+05,5.0307472e+01,0,nan,nan,nan,nan,1042.63243,2.8489711e-04,1775.57269,2.5398473e-04,8.9040212e-03,4.3228298e-02
0.08233198634479777,0.9969792285326018,0.0002911347349972126,1755.6924919865464,-3.0567953e-03,380333,1042.61527,1775.56982,1.5858852e+05,4.6318768e+01,5.6803647e+03,1.4284119e+01,1.6606403e+05,4.8493496e+01,0,nan,nan,nan,nan,1042.61527,2.7245827e-04,1775.56982,2.4285467e-04,-9.6546682e-03,3.8468845e-02
0.08252253730643133,0.9964208953617071,0.0002924707359072679,1743.422922537508,-3.1873221e-03,371499,1042.61750,1775.51717,1.5852520e+05,4.6533192e+01,6.4882817e+03,1.4662582e+01,1.6597769e+05,4.8717983e+01,0,nan,nan,nan,nan,1042.61750,2.7363267e-04,1775.51717,2.4490923e-04,-8.2998965e-03,-1.8015673e-02
0.08284626318663868,0.9967204427552632,0.00028173532943562307,1921.33476626339,3.1832219e-03,499591,471.02355,463.89054,1.6357273e+05,4.6176193e+01,2.6043093e+03,1.3487535e+01,1.6924753e+05,4.7839901e+01,0,nan,nan,nan,nan,471.02355,2.5895893e-04,463.89054,2.9379001e-04,2.5184728e-02,-1.0503502e-02
0.08285299720591865,0.997039207702812,0.00028377493627246975,1731.1534929974073,-3.1784091e-03,362665,1328.19948,1819.01759,1.5804047e+05,4.4899178e+01,4.1345166e+03,1.1657793e+01,1.6574266e+05,4.7173283e+01,0,nan,nan,nan,nan,1328.19948,2.6001965e-04,1819.01759,2.2950250e-04,-4.2170817e-03,3.8368825e-02
0.08299897987808436,0.9970587829590628,0.0002847293970657015,1915.2000389800814,3.1755483e-03,495174,471.01535,463.88790,1.6347186e+05,4.6689880e+01,4.3912407e+03,1.4523760e+01,1.6938827e+05,4.8372093e+01,0,nan,nan,nan,nan,471.01535,2.6269114e-04,463.88790,2.9877023e-04,1.8071976e-02,-1.4694690e-02
0.08312592924221462,0.9973312557644517,0.0002817843973145525,1909.0652859294455,3.1421075e-03,490757,471.00533,463.87605,1.6339489e+05,4.6173008e+01,2.6016660e+03,1.3544494e+01,1.6931006e+05,4.7836597e+01,0,nan,nan,nan,nan,471.00533,2.5903393e-04,463.87605,2.9396964e-04,5.7753250e-03,-2.6437338e-02
0.08320500797708519,0.9965003959446695,0.000281875583594299,1902.9304850081803,3.0607963e-03,486340,470.98734,463.85861,1.6337653e+05,4.6195213e+01,2.7573359e+03,1.3587426e+01,1.6919561e+05,4.7859604e+01,0,nan,nan,nan,nan,470.98734,2.5860479e-04,463.85861,2.9416301e-04,-1.3387496e-02,-4.6211582e-02
0.08332149697366764,0.9969522625261568,0.00028448855561627353,1718.884201497175,-3.0308045e-03,353831,1328.20214,1818.98211,1.5724175e+05,4.4984688e+01,4.7919214e+03,1.2020007e+01,1.6562731e+05,4.7263123e+01,0,nan,nan,nan,nan,1328.20214,2.6225319e-04,1818.98211,2.3272731e-04,-8.1671495e-04,-1.0543223e-03
0.0836027356911021,0.9962794300773002,0.00028265424968386746,1712.7496027358923,-2.9100135e-03,349414,1328.20813,1818.98412,1.5794412e+05,4.4748646e+01,3.6194561e+03,1.1388031e+01,1.6571555e+05,4.7015125e+01,0,nan,nan,nan,nan,1328.20813,2.5930264e-04,1818.98412,2.2934380e-04,5.9896386e-03,2.0125408e-03
0.08368179940453047,0.9965095016384808,0.0003015398409438774,1761.8287217996062,-2.9353320e-03,384751,1042.63075,1775.57188,1.5876466e+05,4.8025429e+01,1.1976798e+04,1.7099087e+01,1.6616306e+05,5.0280285e+01,0,nan,nan,nan,nan,1042.63075,2.8495854e-04,1775.57188,2.5405135e-04,7.4478616e-03,4.1828513e-02
0.08372089765862256,0.9970696729893311,0.00029119542005895036,1755.6938808978603,-3.0567723e-03,380334,1042.61226,1775.56409,1.5863372e+05,4.6328392e+01,5.6829448e+03,1.4307342e+01,1.6607898e+05,4.8503571e+01,0,nan,nan,nan,nan,1042.61226,2.7216287e-04,1775.56409,2.4283133e-04,-1.3003767e-02,3.2441378e-02
0.08391143325366068,0.9976779532580569,0.00029263190295171314,1743.4243114334552,-3.1873144e-03,371500,1042.61411,1775.52616,1.5871225e+05,4.6558834e+01,6.4829985e+03,1.4689777e+01,1.6618708e+05,4.8744827e+01,0,nan,nan,nan,nan,1042.61411,2.7344932e-04,1775.52616,2.4472279e-04,-1.0849419e-02,-8.0618206e-03
0.0842351498545213,0.9968680953336903,0.0002818088471637226,1921.336155150058,3.1832203e-03,499592,471.02725,463.88827,1.6364912e+05,4.6188267e+01,2.5975479e+03,1.3498835e+01,1.6927267e+05,4.7852406e+01,0,nan,nan,nan,nan,471.02725,2.5882342e-04,463.88827,2.9355878e-04,2.9017383e-02,-1.2951716e-02
0.08424187757486867,0.9968796682438485,0.00028358786618302707,1731.1548818777762,-3.1784170e-03,362666,1328.20170,1819.02300,1.5786419e+05,4.4869606e+01,4.1418657e+03,1.1634097e+01,1.6571622e+05,4.7142208e+01,0,nan,nan,nan,nan,1328.20170,2.6021388e-04,1819.02300,2.2982982e-04,-1.5380034e-03,4.3986518e-02
0.0843878725995637,0.9964527547845682,0.0002847271052246057,1915.201427872803,3.1755527e-03,495175,471.02106,463.91563,1.6341120e+05,4.6689419e+01,4.3903350e+03,1.4534688e+01,1.6928502e+05,4.8371616e+01,0,nan,nan,nan,nan,471.02106,2.6319490e-04,463.91563,2.9854412e-04,2.5470667e-02,1.6306777e-02
0.08451483197450216,0.9969805878545548,0.00028151234895200486,1909.0666748321778,3.1421219e-03,490758,471.00302,463.88009,1.6335055e+05,4.6128426e+01,2.5983599e+03,1.3434556e+01,1.6925052e+05,4.7790409e+01,0,nan,nan,nan,nan,471.00302,2.5861376e-04,463.88009,2.9394944e-04,3.0067200e-03,-2.1384897e-02
0.08459391816086281,0.9976913643166707,0.00028204874301209013,1902.931873918364,3.0608182e-03,486341,470.98663,463.86712,1.6351570e+05,4.6223572e+01,2.7712698e+03,1.3619756e+01,1.6939777e+05,4.7888985e+01,0,nan,nan,nan,nan,470.98663,2.5851923e-04,463.86712,2.9403242e-04,-1.3909541e-02,-3.5978463e-02
0.08471036220748862,0.9975427487133942,0.0002844009460860436,1718.8855903624087,-3.0308275e-03,353832,1328.20886,1818.98367,1.5719634e+05,4.4970646e+01,4.7860566e+03,1.2025492e+01,1.6572473e+05,4.7248371e+01,0,nan,nan,nan,nan,1328.20886,2.6222275e-04,1818.98367,2.3333568e-04,6.4813974e-03,-4.2831677e-04
0.08499159207735862,0.9958802562097989,0.00028271617730795957,1712.7509915922785,-2.9100454e-03,349415,1328.20277,1818.98691,1.5798767e+05,4.4758396e+01,3.6192363e+03,1.1396271e+01,1.6564894e+05,4.7025368e+01,0,nan,nan,nan,nan,1328.20277,2.5921752e-04,1818.98691,2.2885219e-04,5.7549776e-05,5.3780833e-03
0.08507071910071318,0.9967053821923636,0.0003018881537540977,1761.8301107193024,-2.9353006e-03,384752,1042.63355,1775.56684,1.5882070e+05,4.8080784e+01,1.1989367e+04,1.7164030e+01,1.6619530e+05,5.0338238e+01,0,nan,nan,nan,nan,1042.63355,2.8501533e-04,1775.56684,2.5426815e-04,1.0384162e-02,3.6458585e-02
0.08510980920573274,0.9974812372069272,0.0002911752316461517,1755.6952698094074,-3.0567490e-03,380335,1042.61220,1775.56223,1.5871317e+05,4.6325153e+01,5.6925894e+03,1.4282711e+01,1.6614744e+05,4.8500179e+01,0,nan,nan,nan,nan,1042.61220,2.7195577e-04,1775.56223,2.4264844e-04,-1.3190891e-02,3.0924570e-02
0.0853003292008907,0.9974778039468916,0.00029258215266016137,1743.4257003294024,-3.1873067e-03,371501,1042.61321,1775.53548,1.5873280e+05,4.6550911e+01,6.4919194e+03,1.4669081e+01,1.6615373e+05,4.8736538e+01,0,nan,nan,nan,nan,1042.61321,2.7357528e-04,1775.53548,2.4441103e-04,-1.3369385e-02,1.2106854e-03
0.08562403652240391,0.9972095209721292,0.0002818259916678686,1921.3375440367258,3.1832187e-03,499593,471.02556,463.88635,1.6359155e+05,4.6191097e+01,2.5904497e+03,1.3538865e+01,1.6933072e+05,4.7855339e+01,0,nan,nan,nan,nan,471.02556,2.5910937e-04,463.88635,2.9381111e-04,2.7818492e-02,-1.5065842e-02
0.08563075794313557,0.9969219968217217,0.0002837335376892164,1731.1562707581445,-3.1784249e-03,362667,1328.19922,1819.02369,1.5802605e+05,4.4892673e+01,4.1341519e+03,1.1660205e+01,1.6572334e+05,4.7166447e+01,0,nan,nan,nan,nan,1328.19922,2.5983082e-04,1819.02369,2.2941464e-04,-4.5469627e-03,4.4774655e-02
0.08577676508912191,0.9968120252863653,0.0002849253866892022,1915.2028167652925,3.1755569e-03,495176,471.01789,463.89993,1.6383812e+05,4.6721851e+01,4.3695415e+03,1.4484101e+01,1.6934575e+05,4.8405216e+01,0,nan,nan,nan,nan,471.01789,2.6215758e-04,463.89993,2.9714993e-04,2.0300370e-02,-7.8083377e-04
0.08590373470769919,0.9970475483438997,0.00028160540571645635,1909.068063734911,3.1421364e-03,490759,470.99705,463.87788,1.6345911e+05,4.6143669e+01,2.5884446e+03,1.3444212e+01,1.6926188e+05,4.7806202e+01,0,nan,nan,nan,nan,470.99705,2.5836646e-04,463.87788,2.9372377e-04,-3.0837620e-03,-2.4351602e-02
0.08598282834418569,0.9964058168638893,0.00028174476872059315,1902.9332628285474,3.0608401e-03,486342,470.99120,463.86061,1.6326858e+05,4.6173744e+01,2.7575532e+03,1.3551457e+01,1.6917944e+05,4.7837357e+01,0,nan,nan,nan,nan,470.99120,2.5903672e-04,463.86061,2.9422049e-04,-8.8898456e-03,-4.4255901e-02
0.08609922720825125,0.9974248032175287,0.0002844420974354222,1718.8869792274095,-3.0308508e-03,353833,1328.19626,1818.98094,1.5720503e+05,4.4976971e+01,4.7938003e+03,1.2039444e+01,1.6570447e+05,4.7255016e+01,0,nan,nan,nan,nan,1328.19626,2.6195496e-04,1818.98094,2.3307643e-04,-7.0551913e-03,-2.6070157e-03
0.0863804482305568,0.9959456678596804,0.0002827588409358509,1712.7523804484317,-2.9100776e-03,349416,1328.21066,1818.99066,1.5799398e+05,4.4765095e+01,3.6183132e+03,1.1415837e+01,1.6565961e+05,4.7032406e+01,0,nan,nan,nan,nan,1328.21066,2.5921097e-04,1818.99066,2.2891664e-04,8.1584100e-03,8.6495373e-03
0.0864596385636105,0.9960042977736783,0.0003015517746641563,1761.8314996387653,-2.9352694e-03,384753,1042.62977,1775.57149,1.5868294e+05,4.8027084e+01,1.2026960e+04,1.7112389e+01,1.6607797e+05,5.0282017e+01,0,nan,nan,nan,nan,1042.62977,2.8499687e-04,1775.57149,2.5418517e-04,6.3839755e-03,4.1197177e-02
0.08649872051978524,0.9968098139636853,0.0002911193349031349,1755.6966587207214,-3.0567260e-03,380336,1042.61227,1775.57080,1.5859516e+05,4.6316235e+01,5.7064067e+03,1.4292104e+01,1.6603550e+05,4.8490837e+01,0,nan,nan,nan,nan,1042.61227,2.7219224e-04,1775.57080,2.4275649e-04,-1.3000286e-02,3.9294127e-02
0.08668922514834776,0.9967766235845068,0.0002926781947760549,1743.4270892253498,-3.1872990e-03,371502,1042.61450,1775.52160,1.5867566e+05,4.6566193e+01,6.4925371e+03,1.4683009e+01,1.6603692e+05,4.8752537e+01,0,nan,nan,nan,nan,1042.61450,2.7386713e-04,1775.52160,2.4460262e-04,-1.1036339e-02,-1.2753216e-02
0.08701292318937703,0.9970994480361192,0.0002817035562872789,1921.3389329233928,3.1832170e-03,499594,471.02380,463.89010,1.6360506e+05,4.6171047e+01,2.5786584e+03,1.3476381e+01,1.6931209e+05,4.7834568e+01,0,nan,nan,nan,nan,471.02380,2.5907860e-04,463.89010,2.9372185e-04,2.5657242e-02,-1.0870666e-02
0.0870196383114038,0.9976219093444048,0.00028385874366913653,1731.1576596385128,-3.1784328e-03,362668,1328.20363,1819.01895,1.5815295e+05,4.4912502e+01,4.1309829e+03,1.1665463e+01,1.6583977e+05,4.7187283e+01,0,nan,nan,nan,nan,1328.20363,2.5996391e-04,1819.01895,2.2949417e-04,1.0205609e-03,3.9623849e-02
0.08716565757777062,0.9964446108673612,0.00028484438476101246,1915.2042056577811,3.1755611e-03,495177,471.01636,463.90240,1.6358016e+05,4.6708485e+01,4.3868926e+03,1.4548023e+01,1.6928303e+05,4.8391369e+01,0,nan,nan,nan,nan,471.01636,2.6213596e-04,463.90240,2.9834468e-04,1.8262032e-02,1.5850596e-03
0.08729263744180571,0.9967954319681032,0.00028143015062001163,1909.069452637645,3.1421508e-03,490760,471.00092,463.87638,1.6334614e+05,4.6114952e+01,2.6031433e+03,1.3387069e+01,1.6921906e+05,4.7776451e+01,0,nan,nan,nan,nan,471.00092,2.5864385e-04,463.87638,2.9377453e-04,9.8186615e-04,-2.5262700e-02
0.08737173876079396,0.996405505007904,0.0002818157682231529,1902.934651738964,3.0608622e-03,486343,470.98283,463.85354,1.6319606e+05,4.6185360e+01,2.7662053e+03,1.3601152e+01,1.6917933e+05,4.7849396e+01,0,nan,nan,nan,nan,470.98283,2.5916440e-04,463.85354,2.9461039e-04,-1.7684953e-02,-5.1286753e-02
0.08748809244252698,0.9975522016613059,0.0002845911425202637,1718.8883680926438,-3.0308738e-03,353834,1328.20848,1818.98546,1.5737411e+05,4.5000359e+01,4.7795620e+03,1.2058854e+01,1.6572495e+05,4.7279583e+01,0,nan,nan,nan,nan,1328.20848,2.6203008e-04,1818.98546,2.3210171e-04,6.3259457e-03,3.2992435e-03
0.08776930438511987,0.9964445893451557,0.0002826838384966194,1712.7537693045863,-2.9101097e-03,349417,1328.20733,1818.98767,1.5798152e+05,4.4753159e+01,3.6083896e+03,1.1369779e+01,1.6574238e+05,4.7019867e+01,0,nan,nan,nan,nan,1328.20733,2.5936152e-04,1818.98767,2.2930563e-04,5.4364689e-03,5.0948649e-03
0.08784855825979321,0.996843481802095,0.00030171026286225096,1761.8328885584615,-2.9352379e-03,384754,1042.63123,1775.57452,1.5886042e+05,4.8052204e+01,1.2014798e+04,1.7126968e+01,1.6621747e+05,5.0308315e+01,0,nan,nan,nan,nan,1042.63123,2.8480645e-04,1775.57452,2.5385944e-04,8.2118306e-03,4.4284157e-02
0.08788763206666772,0.9972688134713014,0.00029128722689459886,1755.6980476322683,-3.0567027e-03,380337,1042.61247,1775.56660,1.5866206e+05,4.6342915e+01,5.6899863e+03,1.4350286e+01,1.6611184e+05,4.8518772e+01,0,nan,nan,nan,nan,1042.61247,2.7210836e-04,1775.56660,2.4277547e-04,-1.3355939e-02,3.5170715e-02
0.08807812109535007,0.9973219788088356,0.0002925278464043637,1743.4284781212968,-3.1872913e-03,371503,1042.61537,1775.51966,1.5853178e+05,4.6542271e+01,6.4938330e+03,1.4721910e+01,1.6612777e+05,4.8727489e+01,0,nan,nan,nan,nan,1042.61537,2.7377089e-04,1775.51966,2.4465346e-04,-1.0649331e-02,-1.5714472e-02
0.08840180985725965,0.9971631812875159,0.00028174570133930095,1921.3403218100607,3.1832154e-03,499595,471.02491,463.89068,1.6360995e+05,4.6177971e+01,2.5917085e+03,1.3498921e+01,1.6932298e+05,4.7841740e+01,0,nan,nan,nan,nan,471.02491,2.5901661e-04,463.89068,2.9343780e-04,2.6718671e-02,-9.9853380e-03
0.08840851867921662,0.9972391067711958,0.0002837555976018255,1731.1590485188806,-3.1784407e-03,362669,1328.20100,1819.02579,1.5798800e+05,4.4896202e+01,4.1412036e+03,1.1675485e+01,1.6577620e+05,4.7170158e+01,0,nan,nan,nan,nan,1328.20100,2.6010390e-04,1819.02579,2.2976325e-04,-2.1646293e-03,4.7110558e-02
0.08855455029834047,0.9971223294951765,0.0002849035959527707,1915.2055945505017,3.1755655e-03,495178,471.00883,463.89169,1.6372344e+05,4.6718113e+01,4.3842617e+03,1.4501578e+01,1.6939786e+05,4.8401340e+01,0,nan,nan,nan,nan,471.00883,2.6279438e-04,463.89169,2.9772348e-04,1.1121954e-02,-9.9721253e-03
0.08868154017500274,0.9969951650683643,0.00028173341553540794,1909.0708415403783,3.1421653e-03,490761,470.99882,463.88727,1.6348800e+05,4.6164639e+01,2.6106387e+03,1.3496963e+01,1.6925295e+05,4.7827930e+01,0,nan,nan,nan,nan,470.99882,2.5841573e-04,463.88727,2.9340331e-04,-1.0121082e-03,-1.3774543e-02
0.08876064894457159,0.9972496203754285,0.00028174478962913373,1902.9360406491478,3.0608841e-03,486344,470.98363,463.85524,1.6339336e+05,4.6173717e+01,2.7583115e+03,1.3513434e+01,1.6932259e+05,4.7837330e+01,0,nan,nan,nan,nan,470.98363,2.5853710e-04,463.85524,2.9417273e-04,-1.7618228e-02,-4.9732614e-02
0.08887695744419977,0.9976899714696408,0.0002844610375152432,1718.8897569576454,-3.0308971e-03,353835,1328.20164,1818.98785,1.5733909e+05,4.4979603e+01,4.7746558e+03,1.2000114e+01,1.6574717e+05,4.7257778e+01,0,nan,nan,nan,nan,1328.20164,2.6191157e-04,1818.98785,2.3242460e-04,-8.9017203e-04,5.5373874e-03
0.08915816053990933,0.9965924044980721,0.0002825962868154237,1712.755158160741,-2.9101418e-03,349418,1328.20548,1818.98448,1.5790095e+05,4.4739239e+01,3.6212249e+03,1.1369047e+01,1.6576673e+05,4.7005238e+01,0,nan,nan,nan,nan,1328.20548,2.5940183e-04,1818.98448,2.2924079e-04,3.4753613e-03,2.0546697e-03
0.08923747795552117,0.9970714731264794,0.00030188971332497527,1761.8342774781572,-2.9352065e-03,384755,1042.62732,1775.57272,1.5888559e+05,4.8080662e+01,1.2058585e+04,1.7181467e+01,1.6625505e+05,5.0338108e+01,0,nan,nan,nan,nan,1042.62732,2.8474550e-04,1775.57272,2.5392501e-04,3.7915164e-03,4.2485934e-02
0.08927654338094726,0.9968033591168152,0.0002912838562476218,1755.6994365435826,-3.0566796e-03,380338,1042.61208,1775.56550,1.5862650e+05,4.6342350e+01,5.7039385e+03,1.4308655e+01,1.6603422e+05,4.8518181e+01,0,nan,nan,nan,nan,1042.61208,2.7269605e-04,1775.56550,2.4296154e-04,-1.3375141e-02,3.4109179e-02
0.08946701727563777,0.9975654765219388,0.0002925876017745743,1743.4298670174771,-3.1872834e-03,371504,1042.61545,1775.52224,1.5868634e+05,4.6551777e+01,6.5079478e+03,1.4686488e+01,1.6616831e+05,4.8737442e+01,0,nan,nan,nan,nan,1042.61545,2.7357577e-04,1775.52224,2.4442244e-04,-9.8946067e-03,-1.2590037e-02
0.08979069629231162,0.9971558085612472,0.00028175976195262754,1921.3417106964957,3.1832135e-03,499596,471.02518,463.88770,1.6366408e+05,4.6180298e+01,2.5920439e+03,1.3480463e+01,1.6932180e+05,4.7844151e+01,0,nan,nan,nan,nan,471.02518,2.5905637e-04,463.88770,2.9343090e-04,2.7924363e-02,-1.3274131e-02
0.08979739927963237,0.9971871431395356,0.00028369952691988223,1731.160437399481,-3.1784484e-03,362670,1328.19792,1819.01843,1.5799055e+05,4.4887348e+01,4.1382798e+03,1.1638394e+01,1.6576762e+05,4.7160854e+01,0,nan,nan,nan,nan,1328.19792,2.6008606e-04,1819.01843,2.2979955e-04,-5.8785737e-03,3.8866151e-02
0.08994344278630673,0.9972551847012421,0.00028493834562283004,1915.2069834429897,3.1755697e-03,495179,471.01908,463.89789,1.6378072e+05,4.6723728e+01,4.3816626e+03,1.4510363e+01,1.6942012e+05,4.8407158e+01,0,nan,nan,nan,nan,471.01908,2.6218515e-04,463.89789,2.9783513e-04,2.1307269e-02,-2.9670084e-03
0.09007044267445963,0.9969088499144925,0.0002816628718338572,1909.0722304428778,3.1421795e-03,490762,471.00117,463.86954,1.6345152e+05,4.6153076e+01,2.5932246e+03,1.3478651e+01,1.6923830e+05,4.7815948e+01,0,nan,nan,nan,nan,471.00117,2.5859787e-04,463.86954,2.9364444e-04,7.7890005e-04,-3.3426110e-02
0.09014955912834921,0.9967666014335015,0.00028180863128952286,1902.9374295593316,3.0609060e-03,486345,470.99070,463.86019,1.6334158e+05,4.6184158e+01,2.7613083e+03,1.3564423e+01,1.6924052e+05,4.7848152e+01,0,nan,nan,nan,nan,470.99070,2.5873663e-04,463.86019,2.9440824e-04,-9.7314678e-03,-4.4661742e-02
0.09026582267779304,0.9970917565098637,0.00028453656208881386,1718.891145822879,-3.0309202e-03,353836,1328.20293,1818.98358,1.5734942e+05,4.4991356e+01,4.7945630e+03,1.2001327e+01,1.6564711e+05,4.7270130e+01,0,nan,nan,nan,nan,1328.20293,2.6195520e-04,1818.98358,2.3236081e-04,3.9925650e-04,1.4217835e-03
0.0905470169259388,0.9966236819404208,0.00028269627527463526,1712.756547017127,-2.9101737e-03,349419,1328.20221,1818.98088,1.5786892e+05,4.4755001e+01,3.6219443e+03,1.1436588e+01,1.6577170e+05,4.7021805e+01,0,nan,nan,nan,nan,1328.20221,2.5942578e-04,1818.98088,2.3011645e-04,-4.8314745e-04,-2.2731049e-03
0.09062639765170388,0.9971315763470404,0.0003018355251390793,1761.8356663978534,-2.9351751e-03,384756,1042.63093,1775.56819,1.5889892e+05,4.8071907e+01,1.2072788e+04,1.7154844e+01,1.6626464e+05,5.0328941e+01,0,nan,nan,nan,nan,1042.63093,2.8477929e-04,1775.56819,2.5402062e-04,7.7729016e-03,3.7507743e-02
0.0906654549276027,0.9969781805878792,0.0002912770796763716,1755.7008254551292,-3.0566563e-03,380339,1042.61360,1775.56327,1.5874908e+05,4.6341240e+01,5.6944814e+03,1.4318481e+01,1.6606323e+05,4.8517021e+01,0,nan,nan,nan,nan,1042.61360,2.7196400e-04,1775.56327,2.4265492e-04,-1.1617652e-02,3.1889450e-02
0.09085591322286712,0.9978327553994988,0.0002925815622283309,1743.4312559134244,-3.1872757e-03,371505,1042.61994,1775.51213,1.5872816e+05,4.6550816e+01,6.5100425e+03,1.4669498e+01,1.6621283e+05,4.8736435e+01,0,nan,nan,nan,nan,1042.61994,2.7350811e-04,1775.51213,2.4454936e-04,-5.7065934e-03,-2.2364283e-02
0.09117958296019424,0.9967960597617506,0.00028182059221166914,1921.3430995831636,3.1832119e-03,499597,471.02808,463.88892,1.6364339e+05,4.6190285e+01,2.6039617e+03,1.3501755e+01,1.6926078e+05,4.7854496e+01,0,nan,nan,nan,nan,471.02808,2.5904429e-04,463.88892,2.9354298e-04,3.0102557e-02,-1.1739464e-02
0.09118627964789994,0.9972024180605,0.00028396848921631763,1731.1618262798493,-3.1784563e-03,362671,1328.20723,1819.02036,1.5804684e+05,4.4929920e+01,4.1386509e+03,1.1691787e+01,1.6577022e+05,4.7205582e+01,0,nan,nan,nan,nan,1328.20723,2.6015457e-04,1819.02036,2.2999603e-04,4.6694004e-03,4.1922055e-02
0.09133233527427365,0.9971861482125005,0.00028504934139685247,1915.2083723354776,3.1755739e-03,495180,471.01774,463.89388,1.6378434e+05,4.6741844e+01,4.3841558e+03,1.4564054e+01,1.6940809e+05,4.8425926e+01,0,nan,nan,nan,nan,471.01774,2.6225849e-04,463.89388,2.9743562e-04,1.9773481e-02,-7.0034694e-03
0.09145934540674716,0.9970705487571607,0.0002815452566314728,1909.07361934561,3.1421939e-03,490763,470.99863,463.87815,1.6337727e+05,4.6133804e+01,2.6005718e+03,1.3428182e+01,1.6926573e+05,4.7795979e+01,0,nan,nan,nan,nan,470.99863,2.5871187e-04,463.87815,2.9410250e-04,-1.6009705e-03,-2.4396978e-02
0.0915384693118998,0.9970145141162924,0.0002819248067947574,1902.9388184695151,3.0609278e-03,486346,470.98380,463.85973,1.6340839e+05,4.6203182e+01,2.7553894e+03,1.3551775e+01,1.6928255e+05,4.7867859e+01,0,nan,nan,nan,nan,470.98380,2.5863244e-04,463.85973,2.9457622e-04,-1.6824346e-02,-4.4819366e-02
0.09165468791138631,0.9978653654117318,0.0002846033548157311,1718.8925346881126,-3.0309432e-03,353837,1328.20226,1818.98153,1.5744142e+05,4.5001740e+01,4.7839043e+03,1.2028603e+01,1.6577495e+05,4.7281036e+01,0,nan,nan,nan,nan,1328.20226,2.6191119e-04,1818.98153,2.3210388e-04,-1.5396881e-05,-1.3454537e-03
0.09193587307913764,0.9963485620210678,0.0002826372305195764,1712.7579358732803,-2.9102059e-03,349420,1328.20970,1818.99146,1.5803002e+05,4.4745594e+01,3.6290164e+03,1.1324566e+01,1.6572570e+05,4.7011917e+01,0,nan,nan,nan,nan,1328.20970,2.5903180e-04,1818.99146,2.2876874e-04,6.8614474e-03,1.0642344e-02
0.0920153173478866,0.9968255314925655,0.0003017165390056029,1761.8370553175496,-2.9351437e-03,384757,1042.63224,1775.57452,1.5881461e+05,4.8052826e+01,1.2080451e+04,1.7120626e+01,1.6621317e+05,5.0308968e+01,0,nan,nan,nan,nan,1042.63224,2.8500293e-04,1775.57452,2.5401640e-04,9.2625367e-03,4.4407807e-02
0.09205436624188224,0.9970083498549906,0.0002913910439258393,1755.7022143664435,-3.0566333e-03,380340,1042.61365,1775.57225,1.5867198e+05,4.6359352e+01,5.6919312e+03,1.4340431e+01,1.6606816e+05,4.8535976e+01,0,nan,nan,nan,nan,1042.61365,2.7218982e-04,1775.57225,2.4304795e-04,-1.1661246e-02,4.1566346e-02
0.09224480917009714,0.9973622831113399,0.0002925239868223927,1743.4326448093716,-3.1872680e-03,371506,1042.61427,1775.53074,1.5865266e+05,4.6541653e+01,6.4994233e+03,1.4665736e+01,1.6613445e+05,4.8726841e+01,0,nan,nan,nan,nan,1042.61427,2.7362330e-04,1775.53074,2.4450576e-04,-1.1131509e-02,-3.0620482e-03
0.09256846962807685,0.9970943388173206,0.00028172330410860646,1921.3444884698315,3.1832103e-03,499598,471.02208,463.88964,1.6370255e+05,4.6174358e+01,2.5903694e+03,1.3449114e+01,1.6931150e+05,4.7837997e+01,0,nan,nan,nan,nan,471.02208,2.5877618e-04,463.88964,2.9341108e-04,2.3867588e-02,-1.1574608e-02
0.09257516001639521,0.9978080809532955,0.0002839255321643641,1731.1632151602178,-3.1784642e-03,362672,1328.19964,1819.02330,1.5812050e+05,4.4923134e+01,4.1264595e+03,1.1690135e+01,1.6587095e+05,4.7198452e+01,0,nan,nan,nan,nan,1328.19964,2.6011039e-04,1819.02330,2.2947749e-04,-4.0333308e-03,4.4986472e-02
0.09272122776292235,0.9966424825557251,0.0002848778804287287,1915.2097612279663,3.1755781e-03,495181,471.01337,463.89964,1.6371614e+05,4.6713642e+01,4.3760479e+03,1.4504930e+01,1.6931542e+05,4.8396713e+01,0,nan,nan,nan,nan,471.01337,2.6234725e-04,463.89964,2.9734991e-04,1.5042100e-02,-1.3640148e-03
0.09284824813948944,0.9972035722819116,0.00028174957571039865,1909.0750082483428,3.1422083e-03,490764,470.99883,463.87181,1.6342192e+05,4.6167278e+01,2.5986045e+03,1.3518810e+01,1.6928830e+05,4.7830662e+01,0,nan,nan,nan,nan,470.99883,2.5865829e-04,463.87181,2.9404205e-04,-1.0417085e-03,-3.1521890e-02
0.09292737972782561,0.9974403644720602,0.0002818141599296388,1902.940207379931,3.0609500e-03,486347,470.99043,463.85787,1.6343911e+05,4.6185032e+01,2.7708005e+03,1.3523901e+01,1.6935480e+05,4.7849056e+01,0,nan,nan,nan,nan,470.99043,2.5867904e-04,463.85787,2.9430320e-04,-9.9027753e-03,-4.7303841e-02
0.09304355291283206,0.998158888190378,0.00028466674180221133,1718.893923553114,-3.0309665e-03,353838,1328.20825,1818.99023,1.5742466e+05,4.5011578e+01,4.7794038e+03,1.2066287e+01,1.6582305e+05,4.7291374e+01,0,nan,nan,nan,nan,1328.20825,2.6204073e-04,1818.99023,2.3203227e-04,6.3694650e-03,8.6643724e-03
0.0933247292330176,0.9959140966096315,0.0002827182258356263,1712.7593247294342,-2.9102380e-03,349421,1328.20573,1818.98198,1.5784408e+05,4.4758343e+01,3.6193672e+03,1.1418857e+01,1.6565320e+05,4.7025318e+01,0,nan,nan,nan,nan,1328.20573,2.5911201e-04,1818.98198,2.3024429e-04,3.3837156e-03,-1.1770568e-03
0.09340423681078391,0.9966539815014098,0.0003019486701639306,1761.8384442370125,-2.9351125e-03,384758,1042.63166,1775.57002,1.5878445e+05,4.8089676e+01,1.2093197e+04,1.7172873e+01,1.6618414e+05,5.0347546e+01,0,nan,nan,nan,nan,1042.63166,2.8554673e-04,1775.57002,2.5446495e-04,8.4606260e-03,3.9260551e-02
0.09344327778899242,0.9975861183062594,0.00029127629871028663,1755.7036032779906,-3.0566100e-03,380341,1042.61215,1775.56626,1.5870233e+05,4.6341064e+01,5.6969014e+03,1.4294892e+01,1.6616430e+05,4.8516834e+01,0,nan,nan,nan,nan,1042.61215,2.7231761e-04,1775.56626,2.4285329e-04,-1.3340898e-02,3.4946214e-02
0.0936337051166447,0.997391415417772,0.00029266307086937523,1743.4340337053181,-3.1872604e-03,371507,1042.61580,1775.51879,1.5864020e+05,4.6563778e+01,6.5397871e+03,1.4722072e+01,1.6613930e+05,4.8750008e+01,0,nan,nan,nan,nan,1042.61580,2.7380727e-04,1775.51879,2.4458783e-04,-1.0417332e-02,-1.6398445e-02
0.09395735629527702,0.9974932307704517,0.0002817604452401029,1921.3458773564987,3.1832086e-03,499599,471.02478,463.88778,1.6372334e+05,4.6180462e+01,2.5830271e+03,1.3449080e+01,1.6937930e+05,4.7844322e+01,0,nan,nan,nan,nan,471.02478,2.5899743e-04,463.88778,2.9347365e-04,2.6892971e-02,-1.3606723e-02
0.09396404038534456,0.9971150278755246,0.00028383412809346087,1731.1646040405867,-3.1784722e-03,362673,1328.20429,1819.02167,1.5802992e+05,4.4908680e+01,4.1280601e+03,1.1679108e+01,1.6575578e+05,4.7183270e+01,0,nan,nan,nan,nan,1328.20429,2.6021048e-04,1819.02167,2.2965462e-04,1.6423822e-03,4.2785481e-02
0.0941101204844017,0.9968301717162623,0.00028500659668773576,1915.2111501206878,3.1755825e-03,495182,471.02042,463.89615,1.6379756e+05,4.6734665e+01,4.3777305e+03,1.4547026e+01,1.6934700e+05,4.8418491e+01,0,nan,nan,nan,nan,471.02042,2.6197545e-04,463.89615,2.9730657e-04,2.1413013e-02,-5.2560121e-03
0.09423715087314122,0.9974343712898377,0.0002818826615338822,1909.0763971510764,3.1422228e-03,490765,471.00365,463.88615,1.6355138e+05,4.6189083e+01,2.6034971e+03,1.3523893e+01,1.6932747e+05,4.7853252e+01,0,nan,nan,nan,nan,471.00365,2.5872872e-04,463.88615,2.9357901e-04,3.8705312e-03,-1.5151694e-02
0.09431628991069374,0.9967196949046068,0.0002817439424533801,1902.941596290114,3.0609719e-03,486348,470.98676,463.85778,1.6336405e+05,4.6173508e+01,2.7646399e+03,1.3526916e+01,1.6923238e+05,4.7837116e+01,0,nan,nan,nan,nan,470.98676,2.5853800e-04,463.85778,2.9408996e-04,-1.4126254e-02,-4.6299618e-02
0.09443241814801662,0.9969926438188917,0.00028437491889692627,1718.8953124183492,-3.0309896e-03,353839,1328.20601,1818.99226,1.5713436e+05,4.4965252e+01,4.8046313e+03,1.2042165e+01,1.6562862e+05,4.7242702e+01,0,nan,nan,nan,nan,1328.20601,2.6210534e-04,1818.99226,2.3284009e-04,3.5459034e-03,1.0200622e-02
0.09471358561972953,0.9967438457195829,0.0002828123703258774,1712.760713585821,-2.9102699e-03,349422,1328.20577,1818.98628,1.5812219e+05,4.4773186e+01,3.6167915e+03,1.1383283e+01,1.6579097e+05,4.7040909e+01,0,nan,nan,nan,nan,1328.20577,2.5887799e-04,1818.98628,2.2908553e-04,2.6899220e-03,3.9283191e-03
0.09479315650696662,0.9966578285236833,0.00030197538810597103,1761.8398331567087,-2.9350810e-03,384759,1042.63360,1775.56470,1.5875897e+05,4.8093803e+01,1.2121895e+04,1.7214220e+01,1.6618434e+05,5.0351868e+01,0,nan,nan,nan,nan,1042.63360,2.8534274e-04,1775.56470,2.5444379e-04,1.1158220e-02,3.4308396e-02
0.09483218910281721,0.9970749345557091,0.0002911789548534479,1755.7049921893044,-3.0565870e-03,380342,1042.61671,1775.56154,1.5867044e+05,4.6325546e+01,5.6895728e+03,1.4294716e+01,1.6607905e+05,4.8500591e+01,0,nan,nan,nan,nan,1042.61671,2.7193650e-04,1775.56154,2.4285354e-04,-8.0440780e-03,2.9889544e-02
0.09502260129602291,0.9975520803518599,0.0002926284856208667,1743.4354226014975,-3.1872524e-03,371508,1042.61256,1775.52159,1.5868358e+05,4.6558273e+01,6.5418838e+03,1.4697274e+01,1.6616605e+05,4.8744244e+01,0,nan,nan,nan,nan,1042.61256,2.7359711e-04,1775.52159,2.4461118e-04,-1.3299814e-02,-1.3311389e-02
0.0953462427296472,0.9972693251423111,0.00028176196440988567,1921.347266242933,3.1832068e-03,499600,471.02614,463.89097,1.6366230e+05,4.6180729e+01,2.5975110e+03,1.3444076e+01,1.6934134e+05,4.7844597e+01,0,nan,nan,nan,nan,471.02614,2.5901757e-04,463.89097,2.9374196e-04,2.8319944e-02,-1.0070663e-02
0.09535292075429391,0.9969494564942336,0.0002836863653383268,1731.1659929209557,-3.1784801e-03,362674,1328.19597,1819.02069,1.5793342e+05,4.4885315e+01,4.1374341e+03,1.1669599e+01,1.6572830e+05,4.7158714e+01,0,nan,nan,nan,nan,1328.19597,2.5998458e-04,1819.02069,2.2960419e-04,-8.2360217e-03,4.1656781e-02
0.09549901297305041,0.9967857031484115,0.0002849770679186641,1915.2125390131764,3.1755867e-03,495183,471.01694,463.90006,1.6376336e+05,4.6729740e+01,4.3892441e+03,1.4536131e+01,1.6933914e+05,4.8413387e+01,0,nan,nan,nan,nan,471.01694,2.6203907e-04,463.90006,2.9765847e-04,1.8234264e-02,-8.8042585e-04
0.0956260533744171,0.997332202212594,0.0002818453343029702,1909.0777860535777,3.1422370e-03,490766,470.99757,463.87096,1.6343636e+05,4.6182961e+01,2.5926179e+03,1.3563148e+01,1.6931011e+05,4.7846909e+01,0,nan,nan,nan,nan,470.99757,2.5873876e-04,463.87096,2.9437389e-04,-3.1780363e-03,-3.2986149e-02
0.09570520009538086,0.9969569497550924,0.0002818395143367955,1902.9429852002986,3.0609937e-03,486349,470.98691,463.84978,1.6342602e+05,4.6189152e+01,2.7639685e+03,1.3534554e+01,1.6927259e+05,4.7853325e+01,0,nan,nan,nan,nan,470.98691,2.5852356e-04,463.84978,2.9437905e-04,-1.4244291e-02,-5.6006722e-02
0.09582128315014415,0.9976256323486922,0.0002845545529461762,1718.8967012833514,-3.0310128e-03,353840,1328.20092,1818.98206,1.5736855e+05,4.4993469e+01,4.7827295e+03,1.2033896e+01,1.6573311e+05,4.7272350e+01,0,nan,nan,nan,nan,1328.20092,2.6190036e-04,1818.98206,2.3220187e-04,-2.4010334e-03,-1.2324858e-03
0.09610244177315541,0.9961594734503114,0.00028280690049486984,1712.7621024419743,-2.9103020e-03,349423,1328.21003,1818.98889,1.5790530e+05,4.4772251e+01,3.6334275e+03,1.1441899e+01,1.6569352e+05,4.7039928e+01,0,nan,nan,nan,nan,1328.21003,2.5976342e-04,1818.98889,2.2932180e-04,8.0807665e-03,7.1436428e-03
0.09618207620292163,0.9967680097009887,0.0003017977084264264,1761.8412220764046,-2.9350496e-03,384760,1042.62872,1775.57563,1.5875122e+05,4.8065380e+01,1.2113774e+04,1.7150799e+01,1.6620228e+05,5.0322109e+01,0,nan,nan,nan,nan,1042.62872,2.8534236e-04,1775.57563,2.5421139e-04,5.4104384e-03,4.5598902e-02
0.0962211006499274,0.9970617625747787,0.00029143868511319874,1755.7063811008516,-3.0565637e-03,380343,1042.61303,1775.57088,1.5871136e+05,4.6366840e+01,5.7106147e+03,1.4382672e+01,1.6607675e+05,4.8543823e+01,0,nan,nan,nan,nan,1042.61303,2.7205088e-04,1775.57088,2.4289802e-04,-1.3173595e-02,3.9740182e-02
0.09641149724347997,0.9974235815900862,0.00029276952039148946,1743.436811497445,-3.1872448e-03,371509,1042.62278,1775.51241,1.5869709e+05,4.6580711e+01,6.5520249e+03,1.4737906e+01,1.6614464e+05,4.8767731e+01,0,nan,nan,nan,nan,1042.62278,2.7396562e-04,1775.51241,2.4463207e-04,-2.5937215e-03,-2.2501335e-02
0.09673512939662032,0.9968989161128552,0.0002818321100012162,1921.3486551296,3.1832051e-03,499601,471.02323,463.88382,1.6362420e+05,4.6192245e+01,2.6104980e+03,1.3512899e+01,1.6927852e+05,4.7856525e+01,0,nan,nan,nan,nan,471.02323,2.5905762e-04,463.88382,2.9383646e-04,2.5194056e-02,-1.8056532e-02
0.09674180112187969,0.9976057644862169,0.00028375217323583336,1731.1673818013232,-3.1784880e-03,362675,1328.20527,1819.02003,1.5800439e+05,4.4895733e+01,4.1286592e+03,1.1647138e+01,1.6583742e+05,4.7169662e+01,0,nan,nan,nan,nan,1328.20527,2.6014470e-04,1819.02003,2.3008992e-04,2.1510243e-03,4.0898342e-02
0.09688790546169912,0.996659146569216,0.0002847592144292032,1915.213927905665,3.1755909e-03,495184,471.01439,463.89950,1.6345648e+05,4.6693928e+01,4.3818638e+03,1.4539511e+01,1.6931733e+05,4.8376286e+01,0,nan,nan,nan,nan,471.01439,2.6369863e-04,463.89950,2.9806522e-04,1.7068245e-02,-1.4086241e-03
0.09701495610670463,0.9976452770788339,0.0002816804156601481,1909.07917495631,3.1422514e-03,490767,471.00132,463.88341,1.6345803e+05,4.6155930e+01,2.6158049e+03,1.3479833e+01,1.6936325e+05,4.7818909e+01,0,nan,nan,nan,nan,471.00132,2.5852898e-04,463.88341,2.9413038e-04,1.0363946e-03,-1.8134460e-02
0.09709411027961323,0.99701335424551,0.00028198820606530756,1902.9443741104828,3.0610156e-03,486350,470.98733,463.86322,1.6342516e+05,4.6213505e+01,2.7573945e+03,1.3608974e+01,1.6928211e+05,4.7878551e+01,0,nan,nan,nan,nan,470.98733,2.5877458e-04,463.86322,2.9419316e-04,-1.3883893e-02,-4.0836051e-02
0.09721014838373743,0.9972426960560687,0.00028441396051679464,1718.898090148585,-3.0310359e-03,353841,1328.20816,1818.97910,1.5722759e+05,4.4971058e+01,4.7934463e+03,1.2002653e+01,1.6566881e+05,4.7248806e+01,0,nan,nan,nan,nan,1328.20816,2.6222525e-04,1818.97910,2.3269704e-04,6.2742881e-03,-3.8323780e-03
0.09749129792635358,0.9965138952936052,0.00028269501342677533,1712.7634912981275,-2.9103342e-03,349424,1328.20728,1818.98449,1.5804127e+05,4.4754471e+01,3.6332751e+03,1.1349374e+01,1.6575220e+05,4.7021244e+01,0,nan,nan,nan,nan,1328.20728,2.5892144e-04,1818.98449,2.2917305e-04,4.0827370e-03,2.6123868e-03
0.0975709958988773,0.9974636230061814,0.0003019426580144738,1761.8426109961006,-2.9350182e-03,384761,1042.63375,1775.57459,1.5892588e+05,4.8088341e+01,1.2123630e+04,1.7153008e+01,1.6631784e+05,5.0346149e+01,0,nan,nan,nan,nan,1042.63375,2.8510048e-04,1775.57459,2.5410147e-04,1.1109346e-02,4.5336105e-02
0.09761001219658283,0.997133158463047,0.00029128150598187186,1755.7077700123982,-3.0565404e-03,380344,1042.61558,1775.56928,1.5879161e+05,4.6341805e+01,5.7113647e+03,1.4289541e+01,1.6608855e+05,4.8517612e+01,0,nan,nan,nan,nan,1042.61558,2.7184209e-04,1775.56928,2.4263433e-04,-9.8898252e-03,3.8344711e-02
0.09780039319070999,0.9973008653475842,0.00029265083660555657,1743.4382003933922,-3.1872371e-03,371510,1042.61348,1775.52677,1.5869045e+05,4.6561821e+01,6.5566875e+03,1.4687758e+01,1.6612419e+05,4.8747959e+01,0,nan,nan,nan,nan,1042.61348,2.7361768e-04,1775.52677,2.4453408e-04,-1.2627979e-02,-8.0151781e-03
0.09812401606404819,0.9970869964706561,0.00028175409102628184,1921.3500440162675,3.1832035e-03,499602,471.02954,463.89283,1.6357553e+05,4.6179478e+01,2.5841880e+03,1.3468508e+01,1.6931052e+05,4.7843300e+01,0,nan,nan,nan,nan,471.02954,2.5962107e-04,463.89283,2.9395512e-04,3.2304611e-02,-7.9626869e-03
0.09813068148946547,0.9974045374097211,0.0002837247689695733,1731.1687706816908,-3.1784959e-03,362676,1328.19933,1819.02293,1.5802638e+05,4.4891403e+01,4.1275195e+03,1.1642935e+01,1.6580398e+05,4.7165112e+01,0,nan,nan,nan,nan,1328.19933,2.5997474e-04,1819.02293,2.2974759e-04,-3.9187428e-03,4.3901473e-02
0.09827679818226898,0.9973104187663102,0.00028481308964954796,1915.2153167983856,3.1755953e-03,495185,471.01044,463.89076,1.6357359e+05,4.6702675e+01,4.3770469e+03,1.4513091e+01,1.6942766e+05,4.8385349e+01,0,nan,nan,nan,nan,471.01044,2.6277837e-04,463.89076,2.9798926e-04,1.2642870e-02,-1.1016056e-02
0.09840385883944691,0.9978249269346366,0.0002819645864688426,1909.0805638590427,3.1422658e-03,490768,470.99917,463.87328,1.6346177e+05,4.6202492e+01,2.5860002e+03,1.3610135e+01,1.6939373e+05,4.7867146e+01,0,nan,nan,nan,nan,470.99917,2.5876722e-04,463.87328,2.9419153e-04,-5.1467482e-04,-2.9705016e-02
0.09848302046293611,0.9977086554609923,0.0002819478257713386,1902.9457630206662,3.0610375e-03,486351,470.98691,463.85824,1.6354975e+05,4.6206871e+01,2.7686431e+03,1.3547538e+01,1.6940009e+05,4.7871681e+01,0,nan,nan,nan,nan,470.98691,2.5847409e-04,463.85824,2.9393221e-04,-1.4078517e-02,-4.5739368e-02
0.09859901361733137,0.9984416157123974,0.00028468391023221093,1718.8994790138186,-3.0310589e-03,353842,1328.20187,1818.99311,1.5748156e+05,4.5013557e+01,4.7746685e+03,1.2008186e+01,1.6586731e+05,4.7293457e+01,0,nan,nan,nan,nan,1328.20187,2.6164844e-04,1818.99311,2.3242726e-04,-6.4707984e-04,1.1810551e-02
0.09888015431306485,0.9960906901920068,0.00028262845586545253,1712.7648801545142,-2.9103660e-03,349425,1328.20243,1818.98596,1.5792928e+05,4.4743862e+01,3.6339705e+03,1.1369335e+01,1.6568155e+05,4.7010098e+01,0,nan,nan,nan,nan,1328.20243,2.5930765e-04,1818.98596,2.2894437e-04,1.0204982e-04,4.1526319e-03
0.09895991559506001,0.9966878850354264,0.0003021079867824986,1761.8439999157968,-2.9349867e-03,384762,1042.63058,1775.57263,1.5875583e+05,4.8114544e+01,1.2172699e+04,1.7243395e+01,1.6618806e+05,5.0373585e+01,0,nan,nan,nan,nan,1042.63058,2.8539283e-04,1775.57263,2.5460814e-04,7.4717188e-03,4.2501271e-02
0.09899892351086237,0.9973879389353644,0.00029120851608828495,1755.7091589237125,-3.0565173e-03,380345,1042.61322,1775.56698,1.5870308e+05,4.6330170e+01,5.6956333e+03,1.4296815e+01,1.6613089e+05,4.8505428e+01,0,nan,nan,nan,nan,1042.61322,2.7206793e-04,1775.56698,2.4271841e-04,-1.1851614e-02,3.5240784e-02
0.09918928913793934,0.9976109452034124,0.000292922328403475,1743.4395892893394,-3.1872294e-03,371511,1042.61382,1775.52060,1.5877020e+05,4.6605019e+01,6.5554268e+03,1.4735626e+01,1.6617583e+05,4.8793182e+01,0,nan,nan,nan,nan,1042.61382,2.7411277e-04,1775.52060,2.4465317e-04,-1.1652950e-02,-1.3610076e-02
0.09951290273238556,0.9976433108428009,0.00028173643323045036,1921.3514329029358,3.1832019e-03,499603,471.02164,463.88042,1.6365381e+05,4.6176601e+01,2.5965916e+03,1.3420474e+01,1.6940505e+05,4.7840321e+01,0,nan,nan,nan,nan,471.02164,2.5910276e-04,463.88042,2.9393710e-04,2.3475286e-02,-2.2125265e-02
0.09951956185796007,0.997440087380137,0.00028371314234078255,1731.1701595620593,-3.1785038e-03,362677,1328.20155,1819.02085,1.5808064e+05,4.4889568e+01,4.1290854e+03,1.1630638e+01,1.6580991e+05,4.7163185e+01,0,nan,nan,nan,nan,1328.20155,2.5972302e-04,1819.02085,2.2941970e-04,-1.9784553e-03,4.2241029e-02
0.09966569067046294,0.9969327048019544,0.0002848667052637211,1915.2167056908738,3.1755995e-03,495186,471.01249,463.89823,1.6361956e+05,4.6711380e+01,4.3600396e+03,1.4548073e+01,1.6936317e+05,4.8394371e+01,0,nan,nan,nan,nan,471.01249,2.6257886e-04,463.89823,2.9744557e-04,1.4317630e-02,-2.5598814e-03
0.09979276157173445,0.9974526298466063,0.00028168500180915287,1909.081952761775,3.1422803e-03,490769,471.00029,463.88286,1.6352795e+05,4.6156681e+01,2.5912937e+03,1.3440711e+01,1.6933052e+05,4.7819683e+01,0,nan,nan,nan,nan,471.00029,2.5847481e-04,463.88286,2.9383379e-04,-1.0894211e-04,-1.8629368e-02
0.09987193087863488,0.9974750094348636,0.00028178776223923536,1902.9471519310819,3.0610596e-03,486352,470.98612,463.85266,1.6346262e+05,4.6180622e+01,2.7571511e+03,1.3509003e+01,1.6936036e+05,4.7844486e+01,0,nan,nan,nan,nan,470.98612,2.5830753e-04,463.85266,2.9421234e-04,-1.5271825e-02,-5.2608795e-02
0.09998787861877645,0.9971943232270535,0.00028461447924516627,1718.90086787882,-3.0310822e-03,353843,1328.20730,1818.98704,1.5737341e+05,4.5002396e+01,4.7872832e+03,1.2062359e+01,1.6565944e+05,4.7281731e+01,0,nan,nan,nan,nan,1328.20730,2.6195851e-04,1818.98704,2.3206594e-04,4.8811194e-03,5.4128752e-03
0.10026901046762726,0.9965192407068415,0.0002827933367356576,1712.7662690106688,-2.9103982e-03,349426,1328.20788,1818.98558,1.5796902e+05,4.4769894e+01,3.6461260e+03,1.1445525e+01,1.6575256e+05,4.7037449e+01,0,nan,nan,nan,nan,1328.20788,2.5919772e-04,1818.98558,2.2907363e-04,5.0104880e-03,3.4712732e-03
0.10034883505795733,0.9970088862670131,0.00030193856100752534,1761.8453888352597,-2.9349555e-03,384763,1042.63408,1775.57118,1.5885522e+05,4.8087437e+01,1.2177867e+04,1.7171474e+01,1.6624116e+05,5.0345203e+01,0,nan,nan,nan,nan,1042.63408,2.8504778e-04,1775.57118,2.5418165e-04,1.1385882e-02,4.1675724e-02
0.10038783505797255,0.9972534674671717,0.0002911237968050585,1755.7105478352596,-3.0564941e-03,380346,1042.61227,1775.56715,1.5865123e+05,4.6316666e+01,5.6976328e+03,1.4273828e+01,1.6610839e+05,4.8491291e+01,0,nan,nan,nan,nan,1042.61227,2.7214410e-04,1775.56715,2.4276823e-04,-1.3068857e-02,3.5220973e-02
0.10057818531822704,0.9979117294355744,0.000292888705323903,1743.4409781855197,-3.1872215e-03,371512,1042.61726,1775.52667,1.5884070e+05,4.6599659e+01,6.5517944e+03,1.4761111e+01,1.6622592e+05,4.8787575e+01,0,nan,nan,nan,nan,1042.61726,2.7353666e-04,1775.52667,2.4430337e-04,-9.1698812e-03,-7.6727839e-03
0.10090178916834702,0.9975845776746898,0.0002818404864386112,1921.3528217893718,3.1832000e-03,499604,471.02519,463.89100,1.6375455e+05,4.6193672e+01,2.5930220e+03,1.3480537e+01,1.6939514e+05,4.7858006e+01,0,nan,nan,nan,nan,471.02519,2.5880188e-04,463.89100,2.9340887e-04,2.7272793e-02,-1.0153105e-02
0.10090844222622763,0.9972107704911075,0.00028379940653592135,1731.1715484424276,-3.1785117e-03,362678,1328.20775,1819.02269,1.5799686e+05,4.4903221e+01,4.1227427e+03,1.1710751e+01,1.6577180e+05,4.7177528e+01,0,nan,nan,nan,nan,1328.20775,2.6013737e-04,1819.02269,2.2992685e-04,5.7132286e-03,4.4469453e-02
0.1010545831588846,0.9967646443233201,0.0002848673503647623,1915.2180945833622,3.1756037e-03,495187,471.01743,463.90533,1.6374836e+05,4.6711403e+01,4.3811274e+03,1.4498386e+01,1.6933431e+05,4.8394390e+01,0,nan,nan,nan,nan,471.01743,2.6226958e-04,463.90533,2.9722825e-04,1.9381449e-02,5.2718744e-03
0.10118166407210083,0.9975748693647832,0.0002816843551946844,1909.0833416642754,3.1422945e-03,490770,471.00011,463.87500,1.6352044e+05,4.6156567e+01,2.6038679e+03,1.3436411e+01,1.6935125e+05,4.7819565e+01,0,nan,nan,nan,nan,471.00011,2.5856154e-04,463.87500,2.9389572e-04,3.2679626e-04,-2.7652249e-02
0.10126084106173006,0.9967507823441595,0.00028184442400767625,1902.948540841265,3.0610815e-03,486353,470.98875,463.86337,1.6325655e+05,4.6189884e+01,2.7441594e+03,1.3623248e+01,1.6923733e+05,4.7854084e+01,0,nan,nan,nan,nan,470.98875,2.5892007e-04,463.86337,2.9458068e-04,-1.2139146e-02,-4.0659085e-02
0.10137674385327922,0.9977505223217054,0.00028462325520355015,1718.9022567440545,-3.0311053e-03,353844,1328.20073,1818.98576,1.5734973e+05,4.5003605e+01,4.7852500e+03,1.2077614e+01,1.6575117e+05,4.7282997e+01,0,nan,nan,nan,nan,1328.20073,2.6191244e-04,1818.98576,2.3253901e-04,-2.0710984e-03,3.2624442e-03
0.1016578668543392,0.9972619383541826,0.00028266630183664205,1712.7676578670555,-2.9104301e-03,349427,1328.20350,1818.98191,1.5773814e+05,4.4749706e+01,3.6467280e+03,1.1440828e+01,1.6587583e+05,4.7016239e+01,0,nan,nan,nan,nan,1328.20350,2.6001650e-04,1818.98191,2.3139262e-04,1.6196189e-03,-3.0041880e-03
0.10173775475459479,0.9974203835666744,0.00030207496302207316,1761.8467777549563,-2.9349241e-03,384764,1042.63171,1775.57083,1.5890772e+05,4.8109035e+01,1.2190575e+04,1.7192570e+01,1.6630933e+05,5.0367813e+01,0,nan,nan,nan,nan,1042.63171,2.8496701e-04,1775.57083,2.5426177e-04,8.5366722e-03,4.0768735e-02
0.10177674637270684,0.9980472613276842,0.0002914960580125413,1755.7119367465743,-3.0564710e-03,380347,1042.61399,1775.56577,1.5888178e+05,4.6375862e+01,5.7059585e+03,1.4330814e+01,1.6624052e+05,4.8553265e+01,0,nan,nan,nan,nan,1042.61399,2.7188318e-04,1775.56577,2.4270962e-04,-1.1188062e-02,3.4889977e-02
0.10196708126613885,0.9978042149721169,0.00029306687375928967,1743.4423670814676,-3.1872138e-03,371513,1042.61647,1775.51700,1.5881838e+05,4.6628010e+01,6.5718140e+03,1.4786190e+01,1.6620800e+05,4.8817253e+01,0,nan,nan,nan,nan,1042.61647,2.7352234e-04,1775.51700,2.4482561e-04,-9.9413842e-03,-1.7892709e-02
0.10229067583532014,0.9975249535616459,0.0002817758284254162,1921.3542106760387,3.1831984e-03,499605,471.02598,463.88575,1.6376962e+05,4.6183090e+01,2.5756309e+03,1.3456700e+01,1.6938508e+05,4.7847042e+01,0,nan,nan,nan,nan,471.02598,2.5876955e-04,463.88575,2.9330445e-04,2.7815839e-02,-1.6090393e-02
0.1022973225944952,0.9972531986744485,0.0002836378020030109,1731.1729373227959,-3.1785197e-03,362679,1328.19543,1819.01754,1.5779483e+05,4.4877644e+01,4.1263994e+03,1.1668254e+01,1.6577884e+05,4.7150661e+01,0,nan,nan,nan,nan,1328.19543,2.6025507e-04,1819.01754,2.3136013e-04,-8.1618903e-03,3.6392435e-02
0.10244347588013625,0.9969985500970753,0.00028484015828196644,1915.2194834760835,3.1756081e-03,495188,471.01085,463.89042,1.6375645e+05,4.6706856e+01,4.3757061e+03,1.4482527e+01,1.6937373e+05,4.8389679e+01,0,nan,nan,nan,nan,471.01085,2.6190392e-04,463.89042,2.9809066e-04,1.1866926e-02,-1.1544145e-02
0.1025705668057526,0.9977012833287535,0.0002817144496953589,1909.084730567009,3.1423089e-03,490771,471.00037,463.87761,1.6350858e+05,4.6161495e+01,2.5793440e+03,1.3475102e+01,1.6937270e+05,4.7824673e+01,0,nan,nan,nan,nan,471.00037,2.5851416e-04,463.87761,2.9386545e-04,4.8003040e-04,-2.4760408e-02
0.10264975124619014,0.9973603783512811,0.00028198054676404786,1902.9499297514494,3.0611034e-03,486354,470.98647,463.84661,1.6340456e+05,4.6212181e+01,2.7653413e+03,1.3582023e+01,1.6934077e+05,4.7877182e+01,0,nan,nan,nan,nan,470.98647,2.5874074e-04,463.84661,2.9452669e-04,-1.4642362e-02,-5.9240814e-02
0.10276560908687316,0.9976732382331684,0.0002846170101887646,1718.903645609288,-3.0311283e-03,353845,1328.20755,1818.98141,1.5736862e+05,4.5002434e+01,4.7922021e+03,1.2020892e+01,1.6573766e+05,4.7281769e+01,0,nan,nan,nan,nan,1328.20755,2.6219260e-04,1818.98141,2.3245417e-04,5.5779042e-03,-1.2640471e-03
0.10304672300776507,0.9970922756748981,0.0002829150990957055,1712.769046723209,-2.9104622e-03,349428,1328.20597,1818.98287,1.5815453e+05,4.4789021e+01,3.6424055e+03,1.1411143e+01,1.6584733e+05,4.7057545e+01,0,nan,nan,nan,nan,1328.20597,2.5911987e-04,1818.98287,2.2910342e-04,3.2562925e-03,7.9278863e-05
0.10312667445145995,0.997537105675444,0.0003021087135813257,1761.8481666746532,-2.9348927e-03,384765,1042.63152,1775.56818,1.5889045e+05,4.8114285e+01,1.2220128e+04,1.7202122e+01,1.6632836e+05,5.0373310e+01,0,nan,nan,nan,nan,1042.63152,2.8528261e-04,1775.56818,2.5433008e-04,8.4552551e-03,3.7487835e-02
0.10316565792027177,0.9979618906318799,0.00029131358366476004,1755.713325658122,-3.0564477e-03,380348,1042.61635,1775.56364,1.5882562e+05,4.6346806e+01,5.6927300e+03,1.4274379e+01,1.6622620e+05,4.8522846e+01,0,nan,nan,nan,nan,1042.61635,2.7203138e-04,1775.56364,2.4271956e-04,-8.1019225e-03,3.1794619e-02
0.10335597721405065,0.9977161901574401,0.00029293288499561236,1743.4437559774155,-3.1872061e-03,371514,1042.62105,1775.52124,1.5882177e+05,4.6606686e+01,6.5928662e+03,1.4724728e+01,1.6619333e+05,4.8794930e+01,0,nan,nan,nan,nan,1042.62105,2.7342973e-04,1775.52124,2.4481694e-04,-4.3977057e-03,-1.3737261e-02
0.10367956250274801,0.9975604004752863,0.0002817827946465808,1921.3555995627062,3.1831968e-03,499606,471.02486,463.89040,1.6368919e+05,4.6184250e+01,2.5853276e+03,1.3477506e+01,1.6939116e+05,4.7848244e+01,0,nan,nan,nan,nan,471.02486,2.5889333e-04,463.89040,2.9368181e-04,2.7480355e-02,-1.1088016e-02
0.10368620319582045,0.9975456287328061,0.00028392880676887823,1731.1743262033972,-3.1785273e-03,362680,1328.20133,1819.02278,1.5808812e+05,4.4923687e+01,4.1228896e+03,1.1672843e+01,1.6582745e+05,4.7199036e+01,0,nan,nan,nan,nan,1328.20133,2.6022899e-04,1819.02278,2.2977931e-04,-1.9746036e-03,4.4231117e-02
0.10383236836878496,0.9970636834737506,0.00028507265410891117,1915.2208723685721,3.1756123e-03,495189,471.00644,463.89534,1.6380527e+05,4.6744888e+01,4.3798667e+03,1.4574913e+01,1.6938448e+05,4.8429085e+01,0,nan,nan,nan,nan,471.00644,2.6191532e-04,463.89534,2.9742924e-04,7.9203034e-03,-5.8198120e-03
0.10395946953894963,0.9978722930903401,0.00028168911792675946,1909.0861194697422,3.1423233e-03,490772,471.00031,463.87759,1.6354038e+05,4.6157345e+01,2.6003936e+03,1.3424245e+01,1.6940172e+05,4.7820366e+01,0,nan,nan,nan,nan,471.00031,2.5850296e-04,463.87759,2.9394100e-04,4.4109492e-04,-2.4713781e-02
0.10403866143042251,0.9973613073828803,0.00028203179726108373,1902.9513186616336,3.0611253e-03,486355,470.98899,463.87005,1.6351616e+05,4.6220558e+01,2.7684421e+03,1.3607780e+01,1.6934086e+05,4.7885860e+01,0,nan,nan,nan,nan,470.98899,2.5853311e-04,463.87005,2.9400704e-04,-1.2314701e-02,-3.3254322e-02
0.10415447408763645,0.9981602211627245,0.00028476470885015903,1718.9050344742889,-3.0311516e-03,353846,1328.20095,1818.98473,1.5747720e+05,4.5025616e+01,4.7798501e+03,1.2076150e+01,1.6581789e+05,4.7306118e+01,0,nan,nan,nan,nan,1328.20095,2.6185947e-04,1818.98473,2.3216988e-04,-1.9080730e-03,1.7481174e-03
0.10443557916164503,0.9974934209841608,0.00028295224367855644,1712.7704355793628,-2.9104943e-03,349429,1328.20904,1818.98601,1.5818606e+05,4.4794823e+01,3.6550452e+03,1.1419725e+01,1.6591377e+05,4.7063641e+01,0,nan,nan,nan,nan,1328.20904,2.5920026e-04,1818.98601,2.2909876e-04,7.5480812e-03,4.2437688e-03
0.10451559414741496,0.9976525133950159,0.0003019490506555923,1761.849555594349,-2.9348612e-03,384766,1042.63367,1775.57583,1.5889159e+05,4.8088730e+01,1.2201723e+04,1.7169392e+01,1.6634717e+05,5.0346558e+01,0,nan,nan,nan,nan,1042.63367,2.8506521e-04,1775.57583,2.5411524e-04,1.0795373e-02,4.5531895e-02
0.10455456946715491,0.997908043102731,0.00029128397833633586,1755.7147145696688,-3.0564244e-03,380349,1042.61002,1775.56434,1.5874334e+05,4.6342068e+01,5.6895039e+03,1.4292792e+01,1.6621714e+05,4.8517887e+01,0,nan,nan,nan,nan,1042.61002,2.7226238e-04,1775.56434,2.4286991e-04,-1.4866490e-02,3.2715861e-02
0.10474487316150771,0.997949812599413,0.00029289053307819944,1743.445144873363,-3.1871984e-03,371515,1042.61327,1775.53169,1.5884927e+05,4.6599945e+01,6.5904375e+03,1.4727301e+01,1.6623223e+05,4.8787872e+01,0,nan,nan,nan,nan,1042.61327,2.7371992e-04,1775.53169,2.4462739e-04,-1.2879424e-02,-2.5858528e-03
0.10506844893689049,0.9974722925658697,0.0002816240766903328,1921.3569884491403,3.1831949e-03,499607,471.02212,463.88029,1.6359227e+05,4.6158253e+01,2.5998362e+03,1.3439992e+01,1.6937627e+05,4.7821312e+01,0,nan,nan,nan,nan,471.02212,2.5888835e-04,463.88029,2.9386376e-04,2.3800004e-02,-2.2514576e-02
0.10507508356340622,0.998735533636445,0.0002838994575279738,1731.1757150837648,-3.1785353e-03,362681,1328.19675,1819.01772,1.5811081e+05,4.4919041e+01,4.1311357e+03,1.1695396e+01,1.6602523e+05,4.7194149e+01,0,nan,nan,nan,nan,1328.19675,2.6037265e-04,1819.01772,2.3031417e-04,-5.8795675e-03,3.6906436e-02
0.10522126085743366,0.9976563124432521,0.00028491316438725324,1915.2222612610608,3.1756165e-03,495190,471.02352,463.90520,1.6374592e+05,4.6718651e+01,4.3721162e+03,1.4499993e+01,1.6948484e+05,4.8401901e+01,0,nan,nan,nan,nan,471.02352,2.6333428e-04,463.90520,2.9755896e-04,2.8070861e-02,3.6721376e-03
0.10534837203886127,0.9979322346891221,0.0002817681188865492,1909.0875083722422,3.1423375e-03,490773,470.99852,463.87357,1.6357492e+05,4.6170284e+01,2.6020515e+03,1.3471692e+01,1.6941188e+05,4.7833775e+01,0,nan,nan,nan,nan,470.99852,2.5871873e-04,463.87357,2.9360026e-04,-1.8635340e-03,-2.9117554e-02
0.10542757161374539,0.9976044933293858,0.00028198769718572103,1902.952707571817,3.0611472e-03,486356,470.99015,463.85471,1.6357058e+05,4.6213314e+01,2.7611316e+03,1.3556256e+01,1.6938208e+05,4.7878357e+01,0,nan,nan,nan,nan,470.99015,2.5845459e-04,463.85471,2.9398149e-04,-1.1086127e-02,-5.0272573e-02
0.10554333932191151,0.9985190959609664,0.0002846886032965822,1718.9064233395231,-3.0311747e-03,353847,1328.20053,1818.98118,1.5742920e+05,4.5013393e+01,4.8004414e+03,1.2027660e+01,1.6587684e+05,4.7293282e+01,0,nan,nan,nan,nan,1328.20053,2.6211870e-04,1818.98118,2.3247914e-04,-1.9145110e-03,-2.0732863e-03
0.10582443554835697,0.9986995941954213,0.0002830796908272411,1712.7718244357495,-2.9105262e-03,349430,1328.20763,1818.98544,1.5842617e+05,4.4814919e+01,3.6588137e+03,1.1375724e+01,1.6611409e+05,4.7084755e+01,0,nan,nan,nan,nan,1328.20763,2.5873777e-04,1818.98544,2.2881660e-04,4.7239107e-03,4.1995421e-03
0.10590451384359767,0.9984471297342743,0.00030213013195241775,1761.8509445140453,-2.9348298e-03,384767,1042.63164,1775.56889,1.5899988e+05,4.8117447e+01,1.2228970e+04,1.7196901e+01,1.6647923e+05,5.0376621e+01,0,nan,nan,nan,nan,1042.63164,2.8511579e-04,1775.56889,2.5412062e-04,9.0259295e-03,3.8074236e-02
0.10594348078120674,0.9983410039920939,0.000291356780028802,1755.7161034809828,-3.0564014e-03,380350,1042.61181,1775.56594,1.5886847e+05,4.6353626e+01,5.6905415e+03,1.4299632e+01,1.6628916e+05,4.8529987e+01,0,nan,nan,nan,nan,1042.61181,2.7195088e-04,1775.56594,2.4256371e-04,-1.3259009e-02,3.4996718e-02
0.10613376934088592,0.9985724271104428,0.0002931236729654852,1743.4465337695424,-3.1871905e-03,371516,1042.61591,1775.51919,1.5890738e+05,4.6637039e+01,6.6092124e+03,1.4745912e+01,1.6633594e+05,4.8826706e+01,0,nan,nan,nan,nan,1042.61591,2.7364364e-04,1775.51919,2.4489255e-04,-9.6392352e-03,-1.5466295e-02
0.10645733560386361,0.9977192198954228,0.0002818517934593788,1921.3583773358073,3.1831933e-03,499608,471.01944,463.89292,1.6370656e+05,4.6195595e+01,2.5915244e+03,1.3504519e+01,1.6941825e+05,4.7859997e+01,0,nan,nan,nan,nan,471.01944,2.5910744e-04,463.89292,2.9335814e-04,2.1627203e-02,-7.1349172e-03
0.10646396393167379,0.99861028274491,0.00028397300219572366,1731.177103964133,-3.1785432e-03,362682,1328.20209,1819.02216,1.5820314e+05,4.4930672e+01,4.1320415e+03,1.1676585e+01,1.6600439e+05,4.7206367e+01,0,nan,nan,nan,nan,1328.20209,2.6023708e-04,1819.02216,2.2955786e-04,-6.5786031e-04,4.3481585e-02
0.10661015357845827,0.9979670930861816,0.0002850174937119291,1915.2236501537818,3.1756209e-03,495191,471.01797,463.89576,1.6383461e+05,4.6735672e+01,4.3701147e+03,1.4494810e+01,1.6953731e+05,4.8419533e+01,0,nan,nan,nan,nan,471.01797,2.6237950e-04,463.89576,2.9791569e-04,1.9326450e-02,-5.5709910e-03
0.1067372747711488,0.9985612958884028,0.0002818384743225897,1909.0888972749744,3.1423520e-03,490774,471.00096,463.88006,1.6364238e+05,4.6181808e+01,2.5886045e+03,1.3474726e+01,1.6951866e+05,4.7845715e+01,0,nan,nan,nan,nan,471.00096,2.5861143e-04,463.88006,2.9376886e-04,1.1064620e-03,-2.1788003e-02
0.10681648179661352,0.9983582982577268,0.00028199721184756757,1902.9540964819998,3.0611691e-03,486357,470.99061,463.85889,1.6359694e+05,4.6214855e+01,2.7550818e+03,1.3557357e+01,1.6951000e+05,4.7879951e+01,0,nan,nan,nan,nan,470.99061,2.5870572e-04,463.85889,2.9394863e-04,-1.0697178e-02,-4.5324739e-02
0.1069322045570974,0.9991153964708928,0.0002847872242108291,1718.9078122047583,-3.0311977e-03,353848,1328.20678,1818.98676,1.5756128e+05,4.5028805e+01,4.7893521e+03,1.2087892e+01,1.6597523e+05,4.7309475e+01,0,nan,nan,nan,nan,1328.20678,2.6170272e-04,1818.98676,2.3195091e-04,4.3086307e-03,4.7322414e-03
0.10721329170155514,0.9980412336339742,0.00028304100878941835,1712.7732132919027,-2.9105584e-03,349431,1328.20835,1818.98693,1.5834789e+05,4.4808720e+01,3.6564331e+03,1.1405747e+01,1.6600430e+05,4.7078239e+01,0,nan,nan,nan,nan,1328.20835,2.5876556e-04,1818.98693,2.2877178e-04,5.0871889e-03,4.8955744e-03
0.10729343353932563,0.9986500489537273,0.0003023381032489257,1761.852333433741,-2.9347984e-03,384768,1042.63147,1775.57157,1.5907572e+05,4.8150444e+01,1.2242555e+04,1.7225056e+01,1.6651264e+05,5.0411171e+01,0,nan,nan,nan,nan,1042.63147,2.8517138e-04,1775.57157,2.5434975e-04,8.4926691e-03,4.0895090e-02
0.10733239232740743,0.999028392947821,0.0002914179686458458,1755.717492392529,-3.0563781e-03,380351,1042.61728,1775.56696,1.5894253e+05,4.6363331e+01,5.6689116e+03,1.4286981e+01,1.6640356e+05,4.8540150e+01,0,nan,nan,nan,nan,1042.61728,2.7228185e-04,1775.56696,2.4258746e-04,-7.0825457e-03,3.5325333e-02
0.10752266528743348,0.9987581360002371,0.00029293165953535875,1743.447922665489,-3.1871828e-03,371517,1042.61372,1775.52705,1.5892192e+05,4.6606480e+01,6.6224170e+03,1.4727606e+01,1.6636686e+05,4.8794716e+01,0,nan,nan,nan,nan,1042.61372,2.7360884e-04,1775.52705,2.4441170e-04,-1.1900711e-02,-7.3787593e-03
0.10784622227174623,0.9978881297875473,0.0002818712188968096,1921.3597662224752,3.1831916e-03,499609,471.02709,463.88227,1.6368845e+05,4.6198795e+01,2.6047385e+03,1.3480655e+01,1.6944700e+05,4.7863312e+01,0,nan,nan,nan,nan,471.02709,2.5925291e-04,463.88227,2.9395585e-04,2.9593270e-02,-1.9802311e-02
0.1078528443006238,0.9991856856822083,0.0002839797460111566,1731.178492844502,-3.1785511e-03,362683,1328.20190,1819.01880,1.5838239e+05,4.4931728e+01,4.1130952e+03,1.1597509e+01,1.6610002e+05,4.7207481e+01,0,nan,nan,nan,nan,1328.20190,2.5984331e-04,1819.01880,2.2929891e-04,-1.1986425e-03,3.9535385e-02
0.10799904606619748,0.998137994635858,0.0002849999664361585,1915.2250390462696,3.1756251e-03,495192,471.01532,463.89891,1.6376522e+05,4.6732712e+01,4.3787305e+03,1.4490047e+01,1.6956603e+05,4.8416466e+01,0,nan,nan,nan,nan,471.01532,2.6270002e-04,463.89891,2.9805047e-04,1.7747320e-02,-2.6107642e-03
0.10812617750389109,0.9984518635174828,0.00028187104450770823,1909.0902861777072,3.1423664e-03,490775,470.99934,463.88143,1.6365336e+05,4.6187141e+01,2.6015596e+03,1.3489134e+01,1.6950006e+05,4.7851238e+01,0,nan,nan,nan,nan,470.99934,2.5845401e-04,463.88143,2.9369642e-04,-1.2878450e-03,-2.0430671e-02
0.10820539221322178,0.9981956123409038,0.0002822033109205729,1902.9554853924164,3.0611912e-03,486358,470.98960,463.86182,1.6367386e+05,4.6248615e+01,2.7562410e+03,1.3646939e+01,1.6948231e+05,4.7914928e+01,0,nan,nan,nan,nan,470.98960,2.5839332e-04,463.86182,2.9379898e-04,-1.1334850e-02,-4.1967105e-02
0.10832106955922427,0.9995205186903703,0.0002847118116433486,1718.9092010697605,-3.0312210e-03,353849,1328.20379,1818.98956,1.5749820e+05,4.5016701e+01,4.7714673e+03,1.2040224e+01,1.6604188e+05,4.7296761e+01,0,nan,nan,nan,nan,1328.20379,2.6184003e-04,1818.98956,2.3238888e-04,1.3817829e-03,6.9212024e-03
0.10860214808758395,0.9982697631910209,0.000282989689994081,1712.7746021482887,-2.9105903e-03,349432,1328.19919,1818.98228,1.5825959e+05,4.4800514e+01,3.6560408e+03,1.1394669e+01,1.6604200e+05,4.7069618e+01,0,nan,nan,nan,nan,1328.19919,2.5877703e-04,1818.98228,2.2899715e-04,-4.3012192e-03,-4.8633158e-04
0.1086823530026777,0.9987556749904043,0.00030232620441858634,1761.8537223532044,-2.9347672e-03,384769,1042.63283,1775.57038,1.5907467e+05,4.8148426e+01,1.2239978e+04,1.7243509e+01,1.6652983e+05,5.0409054e+01,0,nan,nan,nan,nan,1042.63283,2.8514792e-04,1775.57038,2.5418252e-04,1.0032441e-02,4.0045440e-02
0.10872130387360812,0.9992187114285227,0.0002914169945469408,1755.7188813040752,-3.0563548e-03,380352,1042.61810,1775.56565,1.5895875e+05,4.6363152e+01,5.6990518e+03,1.4296244e+01,1.6643517e+05,4.8539959e+01,0,nan,nan,nan,nan,1042.61810,2.7175463e-04,1775.56565,2.4236272e-04,-7.1658888e-03,3.4282971e-02
0.1089115612344358,0.9996064475606612,0.0002931017691499668,1743.449311561436,-3.1871751e-03,371518,1042.61832,1775.52634,1.5905255e+05,4.6633545e+01,6.6206426e+03,1.4749939e+01,1.6650816e+05,4.8823048e+01,0,nan,nan,nan,nan,1042.61832,2.7354452e-04,1775.52634,2.4456336e-04,-6.8181143e-03,-8.2074935e-03
0.1092351087067982,0.99882324663897,0.00028186724639909426,1921.3611551089102,3.1831898e-03,499610,471.02317,463.88941,1.6391548e+05,4.6198158e+01,2.5974438e+03,1.3424083e+01,1.6960584e+05,4.7862656e+01,0,nan,nan,nan,nan,471.02317,2.5849577e-04,463.88941,2.9335386e-04,2.5330221e-02,-1.1742662e-02
0.1092417246688907,0.9990954308842042,0.0002839803648879388,1731.1798817248703,-3.1785590e-03,362684,1328.19888,1819.02237,1.5820869e+05,4.4931816e+01,4.1348281e+03,1.1723235e+01,1.6608497e+05,4.7207573e+01,0,nan,nan,nan,nan,1328.19888,2.6001365e-04,1819.02237,2.2973264e-04,-4.4774669e-03,4.2728566e-02
0.10938793855484619,0.9980843575549869,0.00028515098921677833,1915.2264279387582,3.1756293e-03,495193,471.01741,463.89391,1.6381306e+05,4.6757385e+01,4.3653350e+03,1.4576562e+01,1.6955659e+05,4.8442028e+01,0,nan,nan,nan,nan,471.01741,2.6304382e-04,463.89391,2.9785401e-04,2.0167544e-02,-7.8220824e-03
0.10951508000471222,0.9987760378617536,0.00028197802174000693,1909.091675080208,3.1423806e-03,490776,471.00445,463.87810,1.6382459e+05,4.6204666e+01,2.6086958e+03,1.3450266e+01,1.6955508e+05,4.7869396e+01,0,nan,nan,nan,nan,471.00445,2.5833893e-04,463.87810,2.9344595e-04,4.5444006e-03,-2.3574296e-02
0.10959430239699941,0.9984098414274947,0.0002820426732273319,1902.9568743026002,3.0612131e-03,486359,470.98443,463.85520,1.6360923e+05,4.6222263e+01,2.7686057e+03,1.3569775e+01,1.6951861e+05,4.7887630e+01,0,nan,nan,nan,nan,470.98443,2.5841486e-04,463.85520,2.9413903e-04,-1.6325004e-02,-5.0455708e-02
0.10970993479281821,1.000075319399554,0.0002850108898261226,1718.910589934994,-3.0312440e-03,353850,1328.20367,1818.98191,1.5781620e+05,4.5063812e+01,4.7968950e+03,1.2091475e+01,1.6613338e+05,4.7346256e+01,0,nan,nan,nan,nan,1328.20367,2.6153342e-04,1818.98191,2.3179379e-04,4.2011237e-04,-4.0786012e-04
0.10999100424169228,0.9989669408638114,0.00028311658389963554,1712.7759910044429,-2.9106224e-03,349433,1328.21005,1818.98978,1.5839586e+05,4.4820515e+01,3.6578713e+03,1.1365866e+01,1.6615766e+05,4.7090637e+01,0,nan,nan,nan,nan,1328.21005,2.5878125e-04,1818.98978,2.2917605e-04,7.3373225e-03,8.4261009e-03
0.11007127269886041,0.9995665304885087,0.0003024809709456314,1761.8551112729006,-2.9347357e-03,384770,1042.63301,1775.57098,1.5924142e+05,4.8172955e+01,1.2267938e+04,1.7215456e+01,1.6666461e+05,5.0434731e+01,0,nan,nan,nan,nan,1042.63301,2.8485720e-04,1775.57098,2.5423281e-04,9.8587191e-03,4.0577069e-02
0.11011021518788766,0.999486147006845,0.0002916185372871482,1755.7202702153895,-3.0563318e-03,380353,1042.61588,1775.57052,1.5911320e+05,4.6395191e+01,5.6900859e+03,1.4334737e+01,1.6647962e+05,4.8573505e+01,0,nan,nan,nan,nan,1042.61588,2.7172716e-04,1775.57052,2.4234313e-04,-9.4744768e-03,3.9326042e-02
0.1103004574147235,0.9992290249965985,0.0002931844621446241,1743.4507004576162,-3.1871672e-03,371519,1042.61728,1775.51427,1.5898633e+05,4.6646706e+01,6.6414385e+03,1.4780616e+01,1.6644528e+05,4.8836823e+01,0,nan,nan,nan,nan,1042.61728,2.7371183e-04,1775.51427,2.4478967e-04,-8.1435088e-03,-2.0613924e-02
0.11062399537422607,0.9987647171543537,0.0002819250904051094,1921.3625439955777,3.1831881e-03,499611,471.02796,463.89016,1.6378892e+05,4.6207657e+01,2.6009878e+03,1.3480515e+01,1.6959597e+05,4.7872494e+01,0,nan,nan,nan,nan,471.02796,2.5901798e-04,463.89016,2.9382313e-04,3.0289512e-02,-1.1348505e-02
0.11063060503738598,0.9995116299801537,0.0002840707885108014,1731.1812706052388,-3.1785669e-03,362685,1328.19776,1819.02091,1.5840048e+05,4.4946110e+01,4.1133359e+03,1.1688977e+01,1.6615411e+05,4.7222591e+01,0,nan,nan,nan,nan,1328.19776,2.5951632e-04,1819.02091,2.2938715e-04,-5.9854882e-03,4.2469501e-02
0.11077683127632554,0.9989993851213054,0.000285166831648867,1915.2278168314797,3.1756337e-03,495194,471.00669,463.88740,1.6406283e+05,4.6759895e+01,4.3749219e+03,1.4512828e+01,1.6971172e+05,4.8444630e+01,0,nan,nan,nan,nan,471.00669,2.6173040e-04,463.88740,2.9698593e-04,7.7671572e-03,-1.3567642e-02
0.11090398273881874,0.9990824470250561,0.00028181715250595634,1909.093063982942,3.1423951e-03,490777,470.99993,463.87855,1.6372112e+05,4.6178307e+01,2.5872131e+03,1.3453278e+01,1.6960708e+05,4.7842083e+01,0,nan,nan,nan,nan,470.99993,2.5814353e-04,463.87855,2.9353742e-04,-3.3809472e-04,-2.3064367e-02
0.11098321258077704,0.999066079604844,0.00028221672896180185,1902.958263212784,3.0612350e-03,486360,470.98475,463.85156,1.6373312e+05,4.6250771e+01,2.7589836e+03,1.3639477e+01,1.6962997e+05,4.7917164e+01,0,nan,nan,nan,nan,470.98475,2.5810409e-04,463.85156,2.9387244e-04,-1.6064731e-02,-5.4139800e-02
0.11109880002641148,1.0002961683153013,0.00028510318862224427,1718.9119788002276,-3.0312671e-03,353851,1328.20187,1818.98001,1.5779677e+05,4.5078228e+01,4.7855762e+03,1.2105954e+01,1.6616941e+05,4.7361401e+01,0,nan,nan,nan,nan,1328.20187,2.6149981e-04,1818.98001,2.3214974e-04,-1.3019691e-03,-2.8143220e-03
0.11137986062840355,0.9995296592024416,0.0002832331672685214,1712.7773798608296,-2.9106543e-03,349434,1328.20364,1818.98516,1.5834000e+05,4.4838882e+01,3.6547566e+03,1.1495569e+01,1.6625094e+05,4.7109936e+01,0,nan,nan,nan,nan,1328.20364,2.5889871e-04,1818.98516,2.2943833e-04,1.1460426e-03,2.6629139e-03
0.11146019239458838,0.999256141554722,0.00030233414459007155,1761.8565001925963,-2.9347043e-03,384771,1042.62943,1775.57101,1.5915755e+05,4.8149445e+01,1.2265800e+04,1.7200884e+01,1.6661242e+05,5.0410122e+01,0,nan,nan,nan,nan,1042.62943,2.8540034e-04,1775.57101,2.5413168e-04,6.5720794e-03,4.1040923e-02
0.11149912673477014,0.9997426104771562,0.0002917221513324311,1755.7216591269364,-3.0563085e-03,380354,1042.61276,1775.55874,1.5908856e+05,4.6411652e+01,5.6988057e+03,1.4343407e+01,1.6652225e+05,4.8590736e+01,0,nan,nan,nan,nan,1042.61276,2.7196688e-04,1775.55874,2.4260306e-04,-1.2326197e-02,2.7131651e-02
0.11168935336218055,0.9994378014064459,0.00029320878047632104,1743.4520893535637,-3.1871595e-03,371520,1042.61684,1775.53196,1.5909284e+05,4.6650566e+01,6.6415615e+03,1.4761674e+01,1.6648005e+05,4.8840870e+01,0,nan,nan,nan,nan,1042.61684,2.7396789e-04,1775.53196,2.4445006e-04,-8.8557508e-03,-2.2820327e-03
0.11201288204210869,0.9992538882802017,0.00028200208552409345,1921.3639328822455,3.1831865e-03,499612,471.02616,463.88188,1.6405700e+05,4.6220291e+01,2.5836833e+03,1.3463838e+01,1.6967909e+05,4.7885586e+01,0,nan,nan,nan,nan,471.02616,2.5857807e-04,463.88188,2.9314728e-04,2.8289033e-02,-1.9724648e-02
0.11201948563848418,0.9991914009957306,0.00028389589084088136,1731.1826594858398,-3.1785746e-03,362686,1328.20520,1819.02024,1.5831172e+05,4.4918423e+01,4.1100249e+03,1.1613109e+01,1.6610083e+05,4.7193504e+01,0,nan,nan,nan,nan,1328.20520,2.5989956e-04,1819.02024,2.2942488e-04,2.1492750e-03,4.1294899e-02
0.11216572376429179,0.9985573774328627,0.00028492604087372423,1915.2292057239677,3.1756379e-03,495195,471.01704,463.90710,1.6376006e+05,4.6720322e+01,4.3797422e+03,1.4510437e+01,1.6963631e+05,4.8403633e+01,0,nan,nan,nan,nan,471.01704,2.6278678e-04,463.90710,2.9774892e-04,2.0124745e-02,7.5690192e-03
0.11229288547110627,1.0004531676802524,0.0002820379528889714,1909.0944528856744,3.1424095e-03,490778,470.99842,463.87923,1.6405097e+05,4.6214478e+01,2.5986914e+03,1.3423134e+01,1.6983977e+05,4.7879562e+01,0,nan,nan,nan,nan,470.99842,2.5791040e-04,463.87923,2.9310331e-04,-2.6218425e-03,-2.3177532e-02
0.11237212276455466,0.9992746549074537,0.0002821325265148953,1902.9596521229678,3.0612568e-03,486361,470.98651,463.85700,1.6379577e+05,4.6236950e+01,2.7452822e+03,1.3556560e+01,1.6966531e+05,4.7902847e+01,0,nan,nan,nan,nan,470.98651,2.5821786e-04,463.85700,2.9398259e-04,-1.4462685e-02,-4.8212223e-02
0.1124876650280836,1.0001982024034444,0.0002850337638186281,1718.9133676652293,-3.0312904e-03,353852,1328.21006,1818.98897,1.5780859e+05,4.5067070e+01,4.7706348e+03,1.2058317e+01,1.6615247e+05,4.7349678e+01,0,nan,nan,nan,nan,1328.21006,2.6169381e-04,1818.98897,2.3202311e-04,7.4710627e-03,6.8384274e-03
0.11276871678228417,0.9995477661079518,0.00028325246000395057,1712.7787687169834,-2.9106864e-03,349435,1328.20585,1818.98211,1.5848062e+05,4.4841858e+01,3.6623843e+03,1.1461326e+01,1.6625362e+05,4.7113056e+01,0,nan,nan,nan,nan,1328.20585,2.5877348e-04,1818.98211,2.2883715e-04,2.8580823e-03,-4.7086764e-05
0.11284911209077109,0.9997542821303611,0.00030246291544164694,1761.8578891122925,-2.9346729e-03,384772,1042.63358,1775.57227,1.5924252e+05,4.8169830e+01,1.2307744e+04,1.7232002e+01,1.6669506e+05,5.0431465e+01,0,nan,nan,nan,nan,1042.63358,2.8499682e-04,1775.57227,2.5401806e-04,1.0433245e-02,4.2252295e-02
0.11288803828165328,1.0003282405070302,0.0002916581379006441,1755.7230480384833,-3.0562852e-03,380355,1042.61473,1775.56985,1.5916384e+05,4.6401443e+01,5.7029424e+03,1.4343987e+01,1.6661972e+05,4.8580048e+01,0,nan,nan,nan,nan,1042.61473,2.7161781e-04,1775.56985,2.4232101e-04,-1.0660654e-02,3.8868055e-02
0.11307824930918287,0.9994303006206996,0.00029304557746071843,1743.4534782495107,-3.1871519e-03,371521,1042.61530,1775.52155,1.5903462e+05,4.6624596e+01,6.6597446e+03,1.4740856e+01,1.6647878e+05,4.8813679e+01,0,nan,nan,nan,nan,1042.61530,2.7343229e-04,1775.52155,2.4416167e-04,-9.8705050e-03,-1.3058793e-02
0.11340176847716066,0.9994789606480573,0.0002819452942259442,1921.3653217686806,3.1831847e-03,499613,471.02516,463.89330,1.6400511e+05,4.6211002e+01,2.5777266e+03,1.3406082e+01,1.6971738e+05,4.7875961e+01,0,nan,nan,nan,nan,471.02516,2.5883180e-04,463.89330,2.9338992e-04,2.7342698e-02,-7.4111773e-03
0.1134083660060693,0.9992644417368077,0.000284003762670446,1731.1840483662074,-3.1785825e-03,362687,1328.20098,1819.02048,1.5836234e+05,4.4935474e+01,4.1274761e+03,1.1660737e+01,1.6611291e+05,4.7211418e+01,0,nan,nan,nan,nan,1328.20098,2.5964685e-04,1819.02048,2.2927682e-04,-2.1540243e-03,4.1557170e-02
0.11355461625271346,0.9988327996896528,0.0002851588997710396,1915.230594616456,3.1756421e-03,495196,471.01467,463.89412,1.6407255e+05,4.6758411e+01,4.3674614e+03,1.4512741e+01,1.6968278e+05,4.8443096e+01,0,nan,nan,nan,nan,471.01467,2.6169844e-04,463.89412,2.9724560e-04,1.5909450e-02,-7.3753032e-03
0.11368178797079087,0.9992490834724228,0.0002819447955458902,1909.095841788174,3.1424237e-03,490779,470.99863,463.87362,1.6375875e+05,4.6199211e+01,2.5922175e+03,1.3472451e+01,1.6963534e+05,4.7863743e+01,0,nan,nan,nan,nan,470.99863,2.5846605e-04,463.87362,2.9368809e-04,-1.6781418e-03,-2.9328939e-02
0.11376103294764983,0.9995370025428587,0.0002821614611644,1902.9610410331509,3.0612787e-03,486362,470.98991,463.85913,1.6379836e+05,4.6241676e+01,2.7552112e+03,1.3549930e+01,1.6970978e+05,4.7907742e+01,0,nan,nan,nan,nan,470.98991,2.5842627e-04,463.85913,2.9379237e-04,-1.0845610e-02,-4.5433883e-02
0.11387653026236,0.9999043977185668,0.00028490440267163523,1718.9147565304636,-3.0313134e-03,353853,1328.20341,1818.98327,1.5774692e+05,4.5046436e+01,4.7776113e+03,1.2045834e+01,1.6610300e+05,4.7328003e+01,0,nan,nan,nan,nan,1328.20341,2.6193963e-04,1818.98327,2.3187317e-04,1.0927306e-03,1.2373462e-03
0.11415757316922315,0.9987917423054964,0.00028295922040161715,1712.7801575733704,-2.9107183e-03,349436,1328.21192,1818.98813,1.5823641e+05,4.4795345e+01,3.6678987e+03,1.1385122e+01,1.6612756e+05,4.7064190e+01,0,nan,nan,nan,nan,1328.21192,2.5933376e-04,1818.98813,2.2970188e-04,9.5244646e-03,5.7239062e-03
0.11423803178649905,0.9998780302922414,0.00030265968264884207,1761.8592780319882,-2.9346414e-03,384773,1042.63125,1775.57412,1.5931047e+05,4.8201046e+01,1.2321766e+04,1.7268311e+01,1.6671527e+05,5.0464146e+01,0,nan,nan,nan,nan,1042.63125,2.8523267e-04,1775.57412,2.5397408e-04,8.2737356e-03,4.4479594e-02
0.11427694959593282,0.9994319029811193,0.00029152279426638276,1755.7244369497976,-3.0562622e-03,380356,1042.60932,1775.57033,1.5901473e+05,4.6379887e+01,5.6974082e+03,1.4321259e+01,1.6647033e+05,4.8557480e+01,0,nan,nan,nan,nan,1042.60932,2.7179808e-04,1775.57033,2.4247312e-04,-1.5423495e-02,3.8971197e-02
0.11446714548947057,0.9999786638515528,0.0002932492990563161,1743.454867145691,-3.1871439e-03,371522,1042.61666,1775.52145,1.5909988e+05,4.6657005e+01,6.6652915e+03,1.4765835e+01,1.6657011e+05,4.8847610e+01,0,nan,nan,nan,nan,1042.61666,2.7342539e-04,1775.52145,2.4445381e-04,-8.8688377e-03,-1.3213088e-02
0.11479065514504327,0.9999086560637841,0.00028219673665014347,1921.3667106553485,3.1831830e-03,499614,471.02427,463.88496,1.6410520e+05,4.6252224e+01,2.5830586e+03,1.3514131e+01,1.6979039e+05,4.7918671e+01,0,nan,nan,nan,nan,471.02427,2.5871009e-04,463.88496,2.9327159e-04,2.6437249e-02,-1.5733225e-02
0.11479724637365507,0.9996381797189309,0.00028402557781592264,1731.185437246575,-3.1785904e-03,362688,1328.20030,1819.01913,1.5839966e+05,4.4938908e+01,4.1249595e+03,1.1645363e+01,1.6617497e+05,4.7215023e+01,0,nan,nan,nan,nan,1328.20030,2.5965660e-04,1819.01913,2.2939316e-04,-2.6586978e-03,3.9785657e-02
0.11494350874136217,0.9994570518068545,0.0002851458595438905,1915.2319835089447,3.1756463e-03,495197,471.01356,463.88993,1.6411123e+05,4.6756187e+01,4.3817974e+03,1.4491646e+01,1.6978850e+05,4.8440788e+01,0,nan,nan,nan,nan,471.01356,2.6173508e-04,463.88993,2.9740491e-04,1.5574724e-02,-1.1157469e-02
0.11507069070330544,0.9995783298752522,0.0002820846690416982,1909.0972306909066,3.1424381e-03,490780,470.99937,463.87722,1.6390459e+05,4.6222126e+01,2.5986509e+03,1.3519828e+01,1.6969122e+05,4.7887486e+01,0,nan,nan,nan,nan,470.99937,2.5808258e-04,463.87722,2.9311204e-04,-8.6856360e-04,-2.4144093e-02
0.11514994313120042,0.9992969054088559,0.0002819998093336044,1902.9624299433344,3.0613006e-03,486363,470.98470,463.86042,1.6372142e+05,4.6215164e+01,2.7598792e+03,1.3520592e+01,1.6966894e+05,4.7880272e+01,0,nan,nan,nan,nan,470.98470,2.5859705e-04,463.86042,2.9371458e-04,-1.5906593e-02,-4.4055924e-02
0.11526539549595327,0.9999415482383904,0.0002849844963637449,1718.9161453956972,-3.0313365e-03,353854,1328.20030,1818.97772,1.5778242e+05,4.5058926e+01,4.7759648e+03,1.2044618e+01,1.6610852e+05,4.7341122e+01,0,nan,nan,nan,nan,1328.20030,2.6128904e-04,1818.97772,2.3231022e-04,-2.3363573e-03,-5.6159385e-03
0.1155464293231031,0.9962112843349968,0.0002828687879412799,1712.7815464295243,-2.9107505e-03,349437,1328.21649,1818.98891,1.5800392e+05,4.4780945e+01,3.6758752e+03,1.1414903e+01,1.6569803e+05,4.7049057e+01,1000000000,nan,nan,nan,nan,1328.21649,2.6044747e-04,1818.98891,2.3206776e-04,1.7474432e-02,4.1699773e-03
0.11562695148268176,0.9998506552673513,0.0003023876318706605,1761.8606669516844,-2.9346100e-03,384774,1042.63594,1775.56890,1.5923320e+05,4.8157600e+01,1.2304479e+04,1.7209490e+01,1.6671028e+05,5.0418659e+01,0,nan,nan,nan,nan,1042.63594,2.8493445e-04,1775.56890,2.5403852e-04,1.2601369e-02,3.8463242e-02
0.11566586114258826,1.0003764937227517,0.00029167930990778117,1755.7258258613442,-3.0562389e-03,380357,1042.61579,1775.56336,1.5919319e+05,4.6404762e+01,5.7077119e+03,1.4322792e+01,1.6662758e+05,4.8583523e+01,0,nan,nan,nan,nan,1042.61579,2.7156950e-04,1775.56336,2.4239089e-04,-9.2930757e-03,3.1396970e-02
0.11585604143669992,1.0004183227443617,0.00029337191869074984,1743.4562560416382,-3.1871363e-03,371523,1042.61568,1775.52715,1.5905317e+05,4.6676514e+01,6.6824180e+03,1.4820959e+01,1.6664334e+05,4.8868034e+01,0,nan,nan,nan,nan,1042.61568,2.7374784e-04,1775.52715,2.4499287e-04,-9.4669107e-03,-7.7856686e-03
0.11617954157986754,0.9999784110141108,0.00028209096725834214,1921.3680995417833,3.1831812e-03,499615,471.02716,463.88671,1.6408259e+05,4.6234905e+01,2.5825037e+03,1.3495749e+01,1.6980230e+05,4.7900726e+01,0,nan,nan,nan,nan,471.02716,2.5878425e-04,463.88671,2.9309653e-04,2.9547550e-02,-1.4136025e-02
0.11618612674215034,0.9999806871409916,0.0002840665739281352,1731.1868261269435,-3.1785984e-03,362689,1328.20288,1819.02564,1.5849962e+05,4.4945374e+01,4.1137520e+03,1.1655873e+01,1.6623183e+05,4.7221817e+01,0,nan,nan,nan,nan,1328.20288,2.5947712e-04,1819.02564,2.2886477e-04,-6.2016561e-04,4.7407724e-02
0.11633240146284152,0.999478388415681,0.00028537878041719336,1915.2333724016662,3.1756507e-03,495198,471.01153,463.88787,1.6409752e+05,4.6794292e+01,4.3706240e+03,1.4559839e+01,1.6979180e+05,4.8480267e+01,0,nan,nan,nan,nan,471.01153,2.6245188e-04,463.88787,2.9759269e-04,1.3287833e-02,-1.3730768e-02
0.11645959320367183,0.999416916580933,0.000282101579564764,1909.098619593407,3.1424523e-03,490781,471.00184,463.88147,1.6385095e+05,4.6224892e+01,2.6047229e+03,1.3508066e+01,1.6966380e+05,4.7890350e+01,0,nan,nan,nan,nan,471.00184,2.5832868e-04,463.88147,2.9355648e-04,1.9542812e-03,-2.0636214e-02
0.11653885331497804,1.0001076705328742,0.0002822825530177323,1902.9638188535182,3.0613225e-03,486364,470.98673,463.85027,1.6390250e+05,4.6261482e+01,2.7509673e+03,1.3594330e+01,1.6980653e+05,4.7928261e+01,0,nan,nan,nan,nan,470.98673,2.5805098e-04,463.85027,2.9363064e-04,-1.3798937e-02,-5.4975551e-02
0.11665426072954654,1.0003823254435915,0.00028510190343320683,1718.9175342609308,-3.0313595e-03,353855,1328.20493,1818.98659,1.5787192e+05,4.5077309e+01,4.7778496e+03,1.2049284e+01,1.6618109e+05,4.7360435e+01,0,nan,nan,nan,nan,1328.20493,2.6157551e-04,1818.98659,2.3196914e-04,1.9841937e-03,4.3902863e-03
0.11693528570981504,0.9991421745358584,0.0002831073612087744,1712.782935285911,-2.9107824e-03,349438,1328.20024,1818.98022,1.5841577e+05,4.4818619e+01,3.6697937e+03,1.1393341e+01,1.6618519e+05,4.7088642e+01,0,nan,nan,nan,nan,1328.20024,2.5874490e-04,1818.98022,2.2949024e-04,-2.8842459e-03,-3.0878766e-03
0.11701587117886447,0.9999072173913074,0.00030270966352746726,1761.8620558713806,-2.9345786e-03,384775,1042.62838,1775.57325,1.5929134e+05,4.8208763e+01,1.2352636e+04,1.7255089e+01,1.6671930e+05,5.0472225e+01,0,nan,nan,nan,nan,1042.62838,2.8528165e-04,1775.57325,2.5433808e-04,5.3184307e-03,4.3151632e-02
0.11705477268969844,1.0002550664917413,0.000291545970389776,1755.7272147728913,-3.0562156e-03,380358,1042.61037,1775.56444,1.5911345e+05,4.6383530e+01,5.7112754e+03,1.4304952e+01,1.6660727e+05,4.8561291e+01,0,nan,nan,nan,nan,1042.61037,2.7163804e-04,1775.56444,2.4232462e-04,-1.4840040e-02,3.3463813e-02
0.11724493738392994,1.0000462685602487,0.0002932461974869981,1743.4576449375854,-3.1871286e-03,371524,1042.61949,1775.52121,1.5907477e+05,4.6656506e+01,6.6850156e+03,1.4799671e+01,1.6658136e+05,4.8847088e+01,0,nan,nan,nan,nan,1042.61949,2.7350162e-04,1775.52121,2.4454040e-04,-5.4045394e-03,-1.3586432e-02
0.11756842824706837,0.9999942894301844,0.0002820806578919625,1921.3694884284505,3.1831795e-03,499616,471.02436,463.88452,1.6413919e+05,4.6233231e+01,2.5975134e+03,1.3465181e+01,1.6980505e+05,4.7898994e+01,0,nan,nan,nan,nan,471.02436,2.5841457e-04,463.88452,2.9299589e-04,2.6192114e-02,-1.7439697e-02
0.11757500711041724,0.9993113099084039,0.0002840059224167831,1731.1882150073118,-3.1786063e-03,362690,1328.19726,1819.01737,1.5828819e+05,4.4935753e+01,4.1056577e+03,1.1677669e+01,1.6612047e+05,4.7211712e+01,0,nan,nan,nan,nan,1328.19726,2.6002081e-04,1819.01737,2.3002771e-04,-6.0087088e-03,3.7500139e-02
0.11772129395149022,0.9996754228787526,0.00028500193677846096,1915.2347612941549,3.1756549e-03,495199,471.01679,463.90479,1.6370559e+05,4.6732410e+01,4.3819370e+03,1.4545174e+01,1.6982494e+05,4.8416153e+01,0,nan,nan,nan,nan,471.01679,2.6315200e-04,463.90479,2.9839930e-04,2.0172032e-02,4.5154039e-03
0.1178484959373236,1.0002254984619772,0.0002819698515005887,1909.1000084961406,3.1424668e-03,490782,470.99744,463.88156,1.6391652e+05,4.6203300e+01,2.6040308e+03,1.3440015e+01,1.6980105e+05,4.7867981e+01,0,nan,nan,nan,nan,470.99744,2.5817662e-04,463.88156,2.9335954e-04,-2.6001038e-03,-2.0069417e-02
0.11792776349830092,0.9999855496577384,0.0002822675409775206,1902.9652077637015,3.0613444e-03,486365,470.98833,463.86024,1.6390588e+05,4.6259003e+01,2.7573904e+03,1.3559305e+01,1.6978572e+05,4.7925690e+01,0,nan,nan,nan,nan,470.98833,2.5815459e-04,463.86024,2.9373204e-04,-1.2966255e-02,-4.4200785e-02
0.11804312573190179,0.9999393290833877,0.0002849357089274853,1718.9189231259331,-3.0313828e-03,353856,1328.20735,1818.98608,1.5778717e+05,4.5050854e+01,4.7848232e+03,1.2006856e+01,1.6610684e+05,4.7332642e+01,0,nan,nan,nan,nan,1328.20735,2.6141462e-04,1818.98608,2.3211728e-04,4.6763374e-03,4.4856439e-03
0.11832414186301321,0.9996108710369255,0.00028344653055634714,1712.7843241420642,-2.9108145e-03,349439,1328.20580,1818.98883,1.5852786e+05,4.4872227e+01,3.6762437e+03,1.1456778e+01,1.6626281e+05,4.7144962e+01,0,nan,nan,nan,nan,1328.20580,2.5904205e-04,1818.98883,2.2905153e-04,2.8262697e-03,8.0396160e-03
0.11840479087459244,1.0001854913810764,0.00030253269802418717,1761.8634447910763,-2.9345471e-03,384776,1042.63457,1775.57175,1.5934512e+05,4.8180458e+01,1.2329284e+04,1.7230402e+01,1.6676528e+05,5.0442593e+01,0,nan,nan,nan,nan,1042.63457,2.8489257e-04,1775.57175,2.5377597e-04,1.1334700e-02,4.1664299e-02
0.11844368400375027,1.0003056392308631,0.00029179162104536787,1755.7286036842054,-3.0561925e-03,380359,1042.61332,1775.56559,1.5910852e+05,4.6422585e+01,5.6826816e+03,1.4326511e+01,1.6661559e+05,4.8602180e+01,0,nan,nan,nan,nan,1042.61332,2.7227230e-04,1775.56559,2.4284452e-04,-1.2351054e-02,3.3618759e-02
0.11863383356421764,1.0007491104075226,0.0002934433141225447,1743.4590338337657,-3.1871207e-03,371525,1042.62062,1775.51725,1.5924477e+05,4.6687862e+01,6.6977036e+03,1.4785721e+01,1.6669841e+05,4.8879917e+01,0,nan,nan,nan,nan,1042.62062,2.7363395e-04,1775.51725,2.4455262e-04,-4.5956266e-03,-1.7490108e-02
0.11895731491404149,0.9996501090306367,0.0002820201178474565,1921.3708773151175,3.1831779e-03,499617,471.02309,463.89146,1.6396880e+05,4.6223328e+01,2.5957229e+03,1.3475904e+01,1.6974666e+05,4.7888729e+01,0,nan,nan,nan,nan,471.02309,2.5871981e-04,463.89146,2.9349246e-04,2.5477018e-02,-9.3579702e-03
0.1189638877121979,1.0000517782466434,0.00028412853327128615,1731.1896038879136,-3.1786140e-03,362691,1328.20216,1819.01814,1.5848970e+05,4.4955132e+01,4.0973848e+03,1.1637822e+01,1.6624347e+05,4.7232071e+01,0,nan,nan,nan,nan,1328.20216,2.5956306e-04,1819.01814,2.2969220e-04,-3.7210144e-04,3.8778845e-02
0.11911018643968418,0.9995788043210092,0.0002851789483969053,1915.236150186643,3.1756591e-03,495200,471.02099,463.90523,1.6400005e+05,4.6761345e+01,4.3785601e+03,1.4534715e+01,1.6980820e+05,4.8446133e+01,0,nan,nan,nan,nan,471.02099,2.6324205e-04,463.90523,2.9722232e-04,2.4634523e-02,5.3935368e-03
0.11923739867052063,0.9999373977741667,0.0002822634009486534,1909.1013973988738,3.1424812e-03,490783,470.99990,463.87053,1.6394650e+05,4.6251400e+01,2.5852258e+03,1.3534449e+01,1.6975212e+05,4.7917812e+01,0,nan,nan,nan,nan,470.99990,2.5829763e-04,463.87053,2.9362488e-04,-4.4891369e-04,-3.1906091e-02
0.11931667391490919,0.9996366778339552,0.0002822341640919179,1902.9665966741181,3.0613665e-03,486366,470.98750,463.85451,1.6380636e+05,4.6253510e+01,2.7689319e+03,1.3616322e+01,1.6972641e+05,4.7920002e+01,0,nan,nan,nan,nan,470.98750,2.5819003e-04,463.85451,2.9419712e-04,-1.3300129e-02,-5.0758105e-02
0.1194319909668593,1.0007189853447334,0.0002849995213041057,1718.920311991168,-3.0314059e-03,353857,1328.20644,1818.98207,1.5794381e+05,4.5060772e+01,4.7718062e+03,1.2009933e+01,1.6623572e+05,4.7343060e+01,0,nan,nan,nan,nan,1328.20644,2.6129003e-04,1818.98207,2.3170497e-04,3.1003309e-03,-2.0519174e-05
0.11971299824904202,0.9999025363393237,0.00028314849959698904,1712.7857129984502,-2.9108464e-03,349440,1328.20321,1818.98065,1.5848697e+05,4.4824947e+01,3.6616458e+03,1.1400434e+01,1.6631097e+05,4.7095291e+01,0,nan,nan,nan,nan,1328.20321,2.5869106e-04,1818.98065,2.2904722e-04,2.9583977e-04,-2.4575782e-03
0.11979371057077515,1.000716557792945,0.0003027428526839356,1761.8648337107725,-2.9345157e-03,384777,1042.63605,1775.57410,1.5941322e+05,4.8213814e+01,1.2333261e+04,1.7288340e+01,1.6685342e+05,5.0477512e+01,0,nan,nan,nan,nan,1042.63605,2.8480665e-04,1775.57410,2.5389556e-04,1.3135836e-02,4.4300802e-02
0.11983259555063341,1.0002318786672122,0.0002917553610352179,1755.7299925957523,-3.0561693e-03,380360,1042.61470,1775.57186,1.5923806e+05,4.6416794e+01,5.7186367e+03,1.4335413e+01,1.6660323e+05,4.8596119e+01,0,nan,nan,nan,nan,1042.61470,2.7148766e-04,1775.57186,2.4238597e-04,-1.0514863e-02,4.0641364e-02
0.1200227295107652,1.000131159566836,0.00029329844540818895,1743.4604227297123,-3.1871130e-03,371526,1042.61637,1775.52499,1.5916064e+05,4.6664814e+01,6.7085957e+03,1.4773512e+01,1.6659547e+05,4.8855785e+01,0,nan,nan,nan,nan,1042.61637,2.7358826e-04,1775.52499,2.4439857e-04,-9.0612005e-03,-9.6927583e-03
0.12034620134863871,0.9998791395689499,0.0002820922899211598,1921.372266201552,3.1831760e-03,499618,471.02785,463.88682,1.6405491e+05,4.6235172e+01,2.6002629e+03,1.3502032e+01,1.6978561e+05,4.7901001e+01,0,nan,nan,nan,nan,471.02785,2.5868721e-04,463.88682,2.9327691e-04,3.0090054e-02,-1.4515376e-02
0.12035276808114792,0.9998018066623787,0.00028414120656173155,1731.1909927682825,-3.1786219e-03,362692,1328.19562,1819.01913,1.5845106e+05,4.4957108e+01,4.0998535e+03,1.1662579e+01,1.6620181e+05,4.7234146e+01,0,nan,nan,nan,nan,1328.19562,2.5977037e-04,1819.01913,2.2926625e-04,-7.8442823e-03,3.9890558e-02
0.12049907916025404,0.9997707830063015,0.0002853586380554434,1915.2375390793636,3.1756635e-03,495201,471.01500,463.89697,1.6412994e+05,4.6790718e+01,4.3816313e+03,1.4565770e+01,1.6984048e+05,4.8476562e+01,0,nan,nan,nan,nan,471.01500,2.6211137e-04,463.89697,2.9765812e-04,1.7090224e-02,-4.2178677e-03
0.12062630117043227,0.9999567510745582,0.0002819891768804923,1909.1027863013737,3.1424954e-03,490784,470.99870,463.87191,1.6388648e+05,4.6206459e+01,2.6147048e+03,1.3457258e+01,1.6975539e+05,4.7871254e+01,0,nan,nan,nan,nan,470.99870,2.5821271e-04,463.87191,2.9341178e-04,-1.3067592e-03,-3.1345613e-02
0.12070558409868681,0.9997588459851808,0.0002822638617715132,1902.967985584302,3.0613884e-03,486367,470.98778,463.85898,1.6378630e+05,4.6258354e+01,2.7691353e+03,1.3590041e+01,1.6974708e+05,4.7925022e+01,0,nan,nan,nan,nan,470.98778,2.5839391e-04,463.85898,2.9417870e-04,-1.2756080e-02,-4.5123935e-02
0.12082085620113503,1.0000043006168928,0.0002847750427604761,1718.9217008564024,-3.0314289e-03,353858,1328.20450,1818.98777,1.5767627e+05,4.5025105e+01,4.7653169e+03,1.1990843e+01,1.6611634e+05,4.7305584e+01,0,nan,nan,nan,nan,1328.20450,2.6172734e-04,1818.98777,2.3210807e-04,1.6676425e-03,5.2561453e-03
0.121101854635981,0.9995875441091618,0.0002833446872844634,1712.7871018548371,-2.9108783e-03,349441,1328.20888,1818.98934,1.5846975e+05,4.4855911e+01,3.6684785e+03,1.1483021e+01,1.6625823e+05,4.7127823e+01,0,nan,nan,nan,nan,1328.20888,2.5893727e-04,1818.98934,2.2896451e-04,6.9318549e-03,7.4140308e-03
0.12118263003389951,0.9998641377436275,0.00030261463101884117,1761.8662226302356,-2.9344845e-03,384778,1042.63159,1775.57311,1.5928791e+05,4.8193272e+01,1.2370038e+04,1.7244848e+01,1.6671088e+05,5.0456005e+01,0,nan,nan,nan,nan,1042.63159,2.8513407e-04,1775.57311,2.5405208e-04,8.9451084e-03,4.2953946e-02
0.1212215070977436,1.0002882784802145,0.000291623150345628,1755.7313815072994,-3.0561460e-03,380361,1042.61490,1775.56506,1.5919255e+05,4.6395729e+01,5.7209839e+03,1.4290107e+01,1.6661255e+05,4.8574070e+01,0,nan,nan,nan,nan,1042.61490,2.7157288e-04,1775.56506,2.4243773e-04,-1.0337720e-02,3.3853151e-02
0.12141162569014341,0.999959950059343,0.00029337179930547674,1743.4618116258916,-3.1871051e-03,371527,1042.61052,1775.52725,1.5914148e+05,4.6676476e+01,6.7063521e+03,1.4804128e+01,1.6656694e+05,4.8868000e+01,0,nan,nan,nan,nan,1042.61052,2.7386195e-04,1775.52725,2.4448137e-04,-1.5424907e-02,-7.0996447e-03
0.12173508801561184,0.9994085515448891,0.00028186676697741916,1921.373655088219,3.1831744e-03,499619,471.01979,463.89438,1.6380889e+05,4.6198223e+01,2.5958540e+03,1.3488022e+01,1.6970575e+05,4.7862720e+01,0,nan,nan,nan,nan,471.01979,2.5906236e-04,463.89438,2.9401371e-04,2.2864863e-02,-7.0256870e-03
0.12174164844896074,1.0004954809278879,0.0002842733248492159,1731.1923816486503,-3.1786298e-03,362693,1328.20484,1819.02121,1.5858531e+05,4.4977982e+01,4.1126680e+03,1.1681340e+01,1.6631703e+05,4.7256081e+01,0,nan,nan,nan,nan,1328.20484,2.5954505e-04,1819.02121,2.2939596e-04,1.8050497e-03,4.3514531e-02
0.12188797164890275,0.9990288250522693,0.00028523092798078036,1915.2389279718523,3.1756677e-03,495202,471.01312,463.90094,1.6408723e+05,4.6769688e+01,4.3754268e+03,1.4533245e+01,1.6971412e+05,4.8454777e+01,0,nan,nan,nan,nan,471.01312,2.6195304e-04,463.90094,2.9731941e-04,1.5025800e-02,3.1370934e-04
0.1220152039027198,0.9997634458618152,0.0002820089122762896,1909.104175204106,3.1425098e-03,490785,471.00312,463.88702,1.6385031e+05,4.6209686e+01,2.5974844e+03,1.3440393e+01,1.6972256e+05,4.7874599e+01,0,nan,nan,nan,nan,471.00312,2.5856082e-04,463.88702,2.9388737e-04,3.9040823e-03,-1.4238367e-02
0.12209449428246444,1.0002739660029352,0.00028229920734484346,1902.9693744944857,3.0614103e-03,486368,470.98320,463.86058,1.6397833e+05,4.6264130e+01,2.7590476e+03,1.3567378e+01,1.6983447e+05,4.7931000e+01,0,nan,nan,nan,nan,470.98320,2.5793604e-04,463.86058,2.9352010e-04,-1.7999057e-02,-4.3347821e-02
0.1222097214347283,0.9999625761047826,0.00028478883891275796,1718.923089721636,-3.0314520e-03,353859,1328.20396,1818.98434,1.5763472e+05,4.5027111e+01,4.7845444e+03,1.2014071e+01,1.6610877e+05,4.7307693e+01,0,nan,nan,nan,nan,1328.20396,2.6179422e-04,1818.98434,2.3250778e-04,2.1768485e-03,1.0778286e-03
0.12249071078986162,0.9995058524744018,0.000283143102492699,1712.788490710991,-2.9109104e-03,349442,1328.20262,1818.98477,1.5834564e+05,4.4823898e+01,3.6787803e+03,1.1407575e+01,1.6624428e+05,4.7094193e+01,0,nan,nan,nan,nan,1328.20262,2.5889481e-04,1818.98477,2.2991288e-04,-2.1478946e-04,1.3308905e-03
0.12257154972985518,0.9998091777466525,0.0003026848514667677,1761.8676115499316,-2.9344531e-03,384779,1042.63208,1775.56983,1.5924091e+05,4.8204338e+01,1.2381492e+04,1.7286707e+01,1.6670131e+05,5.0467590e+01,0,nan,nan,nan,nan,1042.63208,2.8529792e-04,1775.56983,2.5429192e-04,9.3117822e-03,3.9139252e-02
0.12261041864439903,1.0006071518287694,0.0002915951801209309,1755.732770418846,-3.0561227e-03,380362,1042.61345,1775.56412,1.5918220e+05,4.6391262e+01,5.7204390e+03,1.4290583e+01,1.6666558e+05,4.8569389e+01,0,nan,nan,nan,nan,1042.61345,2.7151685e-04,1775.56412,2.4231030e-04,-1.1863647e-02,3.2577794e-02
0.12280052163737343,0.9999007839106383,0.00029333646411500006,1743.4632005218389,-3.1870974e-03,371528,1042.61918,1775.51008,1.5906352e+05,4.6670856e+01,6.7203916e+03,1.4830469e+01,1.6655708e+05,4.8862110e+01,0,nan,nan,nan,nan,1042.61918,2.7364492e-04,1775.51008,2.4464607e-04,-6.5322658e-03,-2.5539843e-02
0.1231239744515733,1.0003174880932926,0.00028205713019818524,1921.375043974655,3.1831726e-03,499620,471.02367,463.88532,1.6419055e+05,4.6229435e+01,2.5873230e+03,1.3440056e+01,1.6986016e+05,4.7895058e+01,0,nan,nan,nan,nan,471.02367,2.5824978e-04,463.88532,2.9279882e-04,2.5166107e-02,-1.6196478e-02
0.12313052881654585,1.0001114424949789,0.0002840378204838424,1731.193770529018,-3.1786377e-03,362694,1328.19916,1819.01715,1.5850541e+05,4.4940693e+01,4.0989858e+03,1.1610266e+01,1.6625308e+05,4.7216900e+01,0,nan,nan,nan,nan,1328.19916,2.5948739e-04,1819.01715,2.2928942e-04,-4.1618417e-03,3.7801240e-02
0.12327686413755146,0.9993542643127964,0.00028508826566088627,1915.240316864341,3.1756719e-03,495203,471.01524,463.89191,1.6399120e+05,4.6746204e+01,4.3653979e+03,1.4496826e+01,1.6976908e+05,4.8430447e+01,0,nan,nan,nan,nan,471.01524,2.6263352e-04,463.89191,2.9761033e-04,1.8618731e-02,-9.8107494e-03
0.12340410640240373,1.0004110022589403,0.0002822419707385157,1909.1055641066057,3.1425240e-03,490786,471.00128,463.87766,1.6401806e+05,4.6247875e+01,2.6155576e+03,1.3563819e+01,1.6983248e+05,4.7914158e+01,0,nan,nan,nan,nan,471.00128,2.5790732e-04,463.87766,2.9305593e-04,8.8531978e-04,-2.3841077e-02
0.12348340446624206,0.9998188228378984,0.00028229657043696337,1902.9707634046695,3.0614322e-03,486369,470.98826,463.85301,1.6390980e+05,4.6263676e+01,2.7506260e+03,1.3607088e+01,1.6975711e+05,4.7930534e+01,0,nan,nan,nan,nan,470.98826,2.5803596e-04,463.85301,2.9367485e-04,-1.2118443e-02,-5.1897407e-02
0.1235985864354916,1.0003201311475953,0.0002848930416625958,1718.9244785866367,-3.0314752e-03,353860,1328.20385,1818.98674,1.5779564e+05,4.5043411e+01,4.7728247e+03,1.2000875e+01,1.6616752e+05,4.7324821e+01,0,nan,nan,nan,nan,1328.20385,2.6143863e-04,1818.98674,2.3183317e-04,1.3291703e-03,4.3630251e-03
0.12387956717657289,0.9987618904667169,0.0002829609165026542,1712.7898795673777,-2.9109423e-03,349443,1328.20715,1818.98199,1.5827492e+05,4.4794960e+01,3.6807617e+03,1.1382106e+01,1.6612019e+05,4.7063789e+01,0,nan,nan,nan,nan,1328.20715,2.5891789e-04,1818.98199,2.2938052e-04,4.8877150e-03,-9.3459652e-04
0.12396046942603789,0.9999112667788608,0.0003026043843396683,1761.8690004696277,-2.9344216e-03,384780,1042.63269,1775.57080,1.5928373e+05,4.8191406e+01,1.2371959e+04,1.7270977e+01,1.6671792e+05,5.0454056e+01,0,nan,nan,nan,nan,1042.63269,2.8508386e-04,1775.57080,2.5395217e-04,9.5684314e-03,4.0246826e-02
0.12399932995867857,1.0000067396855494,0.00029180345632973174,1755.7341593301603,-3.0560996e-03,380363,1042.61473,1775.57138,1.5916403e+05,4.6424374e+01,5.7179219e+03,1.4368456e+01,1.6656548e+05,4.8604057e+01,0,nan,nan,nan,nan,1042.61473,2.7198219e-04,1775.57138,2.4242634e-04,-1.0181463e-02,4.0453903e-02
0.12418941758460278,0.9995552536106659,0.0002932764230009924,1743.464589417786,-3.1870897e-03,371529,1042.61281,1775.53159,1.5914075e+05,4.6661293e+01,6.6979272e+03,1.4775434e+01,1.6649950e+05,4.8852104e+01,0,nan,nan,nan,nan,1042.61281,2.7367935e-04,1775.53159,2.4433128e-04,-1.2912775e-02,-2.5657017e-03
0.12451286111991067,0.9996514724615512,0.0002819659508654607,1921.3764328613233,3.1831709e-03,499621,471.02858,463.88970,1.6409177e+05,4.6214504e+01,2.5961953e+03,1.3431157e+01,1.6974711e+05,4.7879589e+01,0,nan,nan,nan,nan,471.02858,2.5861125e-04,463.88970,2.9297962e-04,3.0653844e-02,-1.0753097e-02
0.12451940941764406,1.0002005593645769,0.00028410559312973537,1731.195159409619,-3.1786454e-03,362695,1328.20103,1819.02283,1.5847050e+05,4.4951382e+01,4.0913379e+03,1.1648144e+01,1.6626777e+05,4.7228130e+01,0,nan,nan,nan,nan,1328.20103,2.5959191e-04,1819.02283,2.2950713e-04,-2.5244597e-03,4.3448359e-02
0.12466575685903081,0.9993956399629174,0.0002851666355844209,1915.2417057570624,3.1756763e-03,495204,471.01085,463.89745,1.6404811e+05,4.6758961e+01,4.3476152e+03,1.4555656e+01,1.6977578e+05,4.8443665e+01,0,nan,nan,nan,nan,471.01085,2.6231646e-04,463.89745,2.9690357e-04,1.3356231e-02,-3.9026167e-03
0.12479300913537372,1.00008725349142,0.0002820648896375584,1909.1069530093387,3.1425385e-03,490787,470.99843,463.88097,1.6395467e+05,4.6218853e+01,2.5982876e+03,1.3440233e+01,1.6977750e+05,4.7884094e+01,0,nan,nan,nan,nan,470.99843,2.5810400e-04,463.88097,2.9348725e-04,-1.1502593e-03,-2.1140683e-02
0.1248723146491102,1.0004160348558808,0.0002823884430642514,1902.9721523148523,3.0614540e-03,486370,470.98486,463.85390,1.6393498e+05,4.6278709e+01,2.7499065e+03,1.3570077e+01,1.6985842e+05,4.7946110e+01,0,nan,nan,nan,nan,470.98486,2.5812746e-04,463.85390,2.9400716e-04,-1.5943768e-02,-5.1031783e-02
0.12498745166999503,1.0000594737532311,0.00028485321186709104,1718.9258674518712,-3.0314983e-03,353861,1328.20386,1818.98301,1.5779786e+05,4.5036938e+01,4.7661963e+03,1.1979309e+01,1.6612358e+05,4.7318020e+01,0,nan,nan,nan,nan,1328.20386,2.6164539e-04,1818.98301,2.3172994e-04,1.1908071e-03,4.6721339e-04
0.12526842333068122,0.9998754316606062,0.00028333467141611774,1712.7912684235318,-2.9109744e-03,349444,1328.20475,1818.98443,1.5852714e+05,4.4854031e+01,3.6876851e+03,1.1484784e+01,1.6630503e+05,4.7125851e+01,0,nan,nan,nan,nan,1328.20475,2.5858285e-04,1818.98443,2.2902315e-04,1.9167651e-03,2.2080874e-03
0.12534938912176585,0.9997852971993131,0.0003027005846703957,1761.8703893893235,-2.9343902e-03,384781,1042.63381,1775.57020,1.5923733e+05,4.8206615e+01,1.2394739e+04,1.7294680e+01,1.6669653e+05,5.0469975e+01,0,nan,nan,nan,nan,1042.63381,2.8518823e-04,1775.57020,2.5428875e-04,1.0464733e-02,3.9999619e-02
0.12538824150578876,1.0000093580009763,0.0002915915291989803,1755.7355482417074,-3.0560764e-03,380364,1042.61125,1775.56591,1.5914902e+05,4.6390640e+01,5.7232705e+03,1.4299397e+01,1.6656584e+05,4.8568737e+01,0,nan,nan,nan,nan,1042.61125,2.7158068e-04,1775.56591,2.4235222e-04,-1.3852580e-02,3.4205221e-02
0.12557831376489048,0.9995410843659555,0.0002934822997562274,1743.4659783139664,-3.1870818e-03,371530,1042.61483,1775.53469,1.5903461e+05,4.6694054e+01,6.7047432e+03,1.4864568e+01,1.6649712e+05,4.8886395e+01,0,nan,nan,nan,nan,1042.61483,2.7394772e-04,1775.53469,2.4506307e-04,-1.0364980e-02,8.1330253e-04
0.12590174778733854,0.9999840564651555,0.00028215771420698164,1921.3778217479908,3.1831693e-03,499622,471.02408,463.88916,1.6417633e+05,4.6245949e+01,2.5941140e+03,1.3486521e+01,1.6980364e+05,4.7912167e+01,0,nan,nan,nan,nan,471.02408,2.5843276e-04,463.88916,2.9293695e-04,2.6640423e-02,-1.2499494e-02
0.12590828978591162,0.9996042955663665,0.0002839571423752452,1731.1965482899873,-3.1786533e-03,362696,1328.20063,1819.02423,1.5836825e+05,4.4927860e+01,4.0880559e+03,1.1642255e+01,1.6616853e+05,4.7203419e+01,0,nan,nan,nan,nan,1328.20063,2.5962308e-04,1819.02423,2.2913904e-04,-2.9744310e-03,4.5669030e-02
0.1261819116366496,1.0004703438133378,0.0002821757712991473,1909.10834191184,3.1425527e-03,490788,471.00127,463.87441,1.6399334e+05,4.6237019e+01,2.6008630e+03,1.3535805e+01,1.6984252e+05,4.7902912e+01,0,nan,nan,nan,nan,471.00127,2.5807571e-04,463.87441,2.9325503e-04,7.8918179e-04,-2.7518928e-02
0.12626122483197832,1.0001531418355025,0.00028226906310259057,1902.9735412250352,3.0614759e-03,486371,470.98757,463.86412,1.6391034e+05,4.6259125e+01,2.7560820e+03,1.3597274e+01,1.6981370e+05,4.7925816e+01,0,nan,nan,nan,nan,470.98757,2.5808747e-04,463.86412,2.9355707e-04,-1.3325082e-02,-3.9396845e-02
0.1263763169042701,0.9995660635485346,0.00028492882209206916,1718.9272563171055,-3.0315213e-03,353862,1328.20500,1818.98609,1.5775880e+05,4.5048725e+01,4.7766602e+03,1.2035512e+01,1.6604098e+05,4.7330399e+01,0,nan,nan,nan,nan,1328.20500,2.6159178e-04,1818.98609,2.3172094e-04,1.6620953e-03,4.0949276e-03
0.12665727971739182,1.0001165343091432,0.00028324245034554445,1712.7926572799186,-2.9110063e-03,349445,1328.20557,1818.98280,1.5849455e+05,4.4839333e+01,3.6858057e+03,1.1424922e+01,1.6634477e+05,4.7110405e+01,0,nan,nan,nan,nan,1328.20557,2.5900512e-04,1818.98280,2.2899282e-04,2.6978604e-03,5.9896999e-04
0.12673830881794856,1.0002645971333357,0.0003027113351359186,1761.8717783090196,-2.9343588e-03,384782,1042.63381,1775.57713,1.5932861e+05,4.8208206e+01,1.2390620e+04,1.7275406e+01,1.6677605e+05,5.0471645e+01,0,nan,nan,nan,nan,1042.63381,2.8491201e-04,1775.57713,2.5411992e-04,1.0963210e-02,4.7672357e-02
0.1267771530524442,1.0002378549995274,0.00029177794576178373,1755.736937153254,-3.0560531e-03,380365,1042.61257,1775.56542,1.5926373e+05,4.6420273e+01,5.7541284e+03,1.4340202e+01,1.6660383e+05,4.8599762e+01,0,nan,nan,nan,nan,1042.61257,2.7146956e-04,1775.56542,2.4232805e-04,-1.3105531e-02,3.4384269e-02
0.1269672097118928,1.0003502513948457,0.0002932665436684191,1743.4673672099134,-3.1870741e-03,371531,1042.61700,1775.52089,1.5914003e+05,4.6659721e+01,6.6925591e+03,1.4768307e+01,1.6663191e+05,4.8850452e+01,0,nan,nan,nan,nan,1042.61700,2.7362289e-04,1775.52089,2.4464665e-04,-7.8172088e-03,-1.4307691e-02
0.127290634221481,1.0001271676339805,0.0002821475032780142,1921.379210634425,3.1831674e-03,499623,471.02344,463.88843,1.6421183e+05,4.6244293e+01,2.5901980e+03,1.3469022e+01,1.6982798e+05,4.7910450e+01,0,nan,nan,nan,nan,471.02344,2.5837854e-04,463.88843,2.9286710e-04,2.5226664e-02,-1.2641918e-02
0.12729717015440623,0.9999234426174037,0.0002841391076929253,1731.1979371703558,-3.1786612e-03,362697,1328.19751,1819.01547,1.5843955e+05,4.4956619e+01,4.0889343e+03,1.1641697e+01,1.6622145e+05,4.7233631e+01,0,nan,nan,nan,nan,1328.19751,2.5991394e-04,1819.01547,2.2955550e-04,-6.0993023e-03,3.5143510e-02
0.12757081436984663,0.9999603483108516,0.0002819647767755861,1909.1097308145731,3.1425671e-03,490789,471.00076,463.87354,1.6391742e+05,4.6202438e+01,2.5949082e+03,1.3447478e+01,1.6975592e+05,4.7867088e+01,0,nan,nan,nan,nan,471.00076,2.5808293e-04,463.87354,2.9335744e-04,7.8221963e-04,-2.9015766e-02
0.12765013501666544,0.9999007443351637,0.00028224439640363996,1902.97493013522,3.0614978e-03,486372,470.98894,463.86162,1.6391131e+05,4.6255062e+01,2.7687971e+03,1.3565655e+01,1.6977078e+05,4.7921608e+01,0,nan,nan,nan,nan,470.98894,2.5824737e-04,463.86162,2.9356353e-04,-1.1979104e-02,-4.2631492e-02
0.12776518213786403,1.0002474603357479,0.0002849009466443682,1718.928645182339,-3.0315444e-03,353863,1328.20514,1818.98382,1.5780766e+05,4.5044140e+01,4.7882993e+03,1.2016300e+01,1.6615353e+05,4.7325588e+01,0,nan,nan,nan,nan,1328.20514,2.6153226e-04,1818.98382,2.3167553e-04,1.9952592e-03,1.8499381e-03
0.12804613610410376,0.9992935976064967,0.00028328829869146867,1712.7940461363053,-2.9110382e-03,349446,1328.20457,1818.98283,1.5844925e+05,4.4846489e+01,3.6943140e+03,1.1430304e+01,1.6620752e+05,4.7117928e+01,0,nan,nan,nan,nan,1328.20457,2.5888425e-04,1818.98283,2.2913012e-04,2.1339227e-03,9.1857405e-04
0.12812722851390357,0.9995696154476464,0.00030288052524790214,1761.8731672287156,-2.9343273e-03,384783,1042.63300,1775.57250,1.5913466e+05,4.8235043e+01,1.2414410e+04,1.7400200e+01,1.6665978e+05,5.0499737e+01,0,nan,nan,nan,nan,1042.63300,2.8533390e-04,1775.57250,2.5450726e-04,1.0013003e-02,4.2928822e-02
0.12816606459955437,0.9997077479642965,0.0002915669161465823,1755.7383260648012,-3.0560298e-03,380366,1042.61592,1775.56400,1.5908420e+05,4.6386677e+01,5.7339297e+03,1.4301289e+01,1.6651545e+05,4.8564590e+01,0,nan,nan,nan,nan,1042.61592,2.7175903e-04,1775.56400,2.4255365e-04,-9.0353722e-03,3.2399371e-02
0.1283561058921805,0.999628484948662,0.00029312583711510557,1743.4687561060937,-3.1870662e-03,371532,1042.61317,1775.52346,1.5898180e+05,4.6637329e+01,6.6951929e+03,1.4772881e+01,1.6651166e+05,4.8827011e+01,0,nan,nan,nan,nan,1042.61317,2.7384155e-04,1775.52346,2.4468137e-04,-1.2612973e-02,-1.1597491e-02
0.12867952088845414,0.9994993170813276,0.00028213068771232585,1921.3805995210919,3.1831658e-03,499624,471.02501,463.88731,1.6407323e+05,4.6241550e+01,2.5859155e+03,1.3517958e+01,1.6972142e+05,4.7907608e+01,0,nan,nan,nan,nan,471.02501,2.5860377e-04,463.88731,2.9327656e-04,2.7211061e-02,-1.4542921e-02
0.12868605052267446,0.9992701348439597,0.0002838951288503438,1731.199326050724,-3.1786691e-03,362698,1328.20505,1819.01838,1.5835822e+05,4.4917976e+01,4.0899131e+03,1.1630718e+01,1.6611270e+05,4.7193031e+01,0,nan,nan,nan,nan,1328.20505,2.5972171e-04,1819.01838,2.2951479e-04,1.9363500e-03,3.9142858e-02
0.1288324343236127,0.999961020303273,0.0002854367189202283,1915.245872434527,3.1756889e-03,495207,471.01531,463.89389,1.6419631e+05,4.6802975e+01,4.3771470e+03,1.4605913e+01,1.6987084e+05,4.8489262e+01,0,nan,nan,nan,nan,471.01531,2.6155860e-04,463.89389,2.9754094e-04,1.6802091e-02,-7.3588677e-03
0.12895971710213416,1.0002315363858167,0.0002819499009419993,1909.1111197173054,3.1425816e-03,490790,471.00194,463.87750,1.6395902e+05,4.6199997e+01,2.6058413e+03,1.3419175e+01,1.6980194e+05,4.7864559e+01,0,nan,nan,nan,nan,471.00194,2.5803378e-04,463.87750,2.9316565e-04,1.8276721e-03,-2.4920527e-02
0.12903904520089782,0.999631064171684,0.0002822250865081132,1902.9763190454041,3.0615197e-03,486373,470.98444,463.84987,1.6384398e+05,4.6251877e+01,2.7546182e+03,1.3561107e+01,1.6972491e+05,4.7918304e+01,0,nan,nan,nan,nan,470.98444,2.5800292e-04,463.84987,2.9396001e-04,-1.6301516e-02,-5.5951782e-02
0.12915404737145797,1.0004758911671927,0.00028493684368954044,1718.9300340475727,-3.0315674e-03,353864,1328.20204,1818.98475,1.5784391e+05,4.5049648e+01,4.7510859e+03,1.2035421e+01,1.6619086e+05,4.7331371e+01,0,nan,nan,nan,nan,1328.20204,2.6122545e-04,1818.98475,2.3153314e-04,-1.4955434e-03,2.3432339e-03
0.12943499225730193,0.9994649847299346,0.00028324708683961344,1712.7954349924585,-2.9110704e-03,349447,1328.20676,1818.98871,1.5848558e+05,4.4839863e+01,3.6918015e+03,1.1444465e+01,1.6623562e+05,4.7110962e+01,0,nan,nan,nan,nan,1328.20676,2.5870572e-04,1818.98871,2.2875302e-04,4.3766014e-03,7.0881164e-03
0.12951614820985924,1.0001614069410814,0.0003027144721679,1761.8745561484116,-2.9342959e-03,384784,1042.63310,1775.56955,1.5929544e+05,4.8208485e+01,1.2427770e+04,1.7267403e+01,1.6675806e+05,5.0471931e+01,0,nan,nan,nan,nan,1042.63310,2.8537319e-04,1775.56955,2.5424594e-04,9.8512545e-03,3.9104093e-02
0.1295549761462098,0.9999808108429109,0.0002916873835107348,1755.7397149763478,-3.0560065e-03,380367,1042.61498,1775.56581,1.5919112e+05,4.6405819e+01,5.7527471e+03,1.4320550e+01,1.6656086e+05,4.8584633e+01,0,nan,nan,nan,nan,1042.61498,2.7166237e-04,1775.56581,2.4238357e-04,-1.0017362e-02,3.4847144e-02
0.1297450018394105,0.9995065650024952,0.0002931959326149777,1743.470145002041,-3.1870585e-03,371533,1042.61845,1775.51552,1.5906473e+05,4.6648476e+01,6.6877769e+03,1.4764394e+01,1.6649134e+05,4.8838684e+01,0,nan,nan,nan,nan,1042.61845,2.7354120e-04,1775.51552,2.4472055e-04,-7.8450171e-03,-1.9604806e-02
0.13006840732305136,0.9994126705894733,0.0002819748482880471,1921.3819884075265,3.1831639e-03,499625,471.02273,463.88962,1.6403812e+05,4.6216015e+01,2.5924470e+03,1.3420222e+01,1.6970675e+05,4.7881157e+01,0,nan,nan,nan,nan,471.02273,2.5857188e-04,463.88962,2.9332945e-04,2.5177773e-02,-1.0979562e-02
0.1300749311230902,0.9988285845184756,0.00028387827674047195,1731.2007149313245,-3.1786768e-03,362699,1328.19650,1819.01914,1.5827808e+05,4.4915268e+01,4.0790374e+03,1.1621820e+01,1.6603916e+05,4.7190189e+01,0,nan,nan,nan,nan,1328.19650,2.5969496e-04,1819.01914,2.2940626e-04,-7.1013491e-03,4.0243529e-02
0.13022132704418254,0.9998044874224101,0.0002849097666060009,1915.2472613272475,3.1756933e-03,495208,471.01813,463.91062,1.6361130e+05,4.6716476e+01,4.3655176e+03,1.4542584e+01,1.6984391e+05,4.8399651e+01,0,nan,nan,nan,nan,471.01813,2.6359569e-04,463.91062,2.9830213e-04,2.2398336e-02,1.0745310e-02
0.1303486196020458,0.9996093999201042,0.00028202241554905317,1909.1125086198053,3.1425958e-03,490791,471.00062,463.88074,1.6385152e+05,4.6211868e+01,2.5985723e+03,1.3487721e+01,1.6969631e+05,4.7876862e+01,0,nan,nan,nan,nan,471.00062,2.5849693e-04,463.88074,2.9353006e-04,5.1361148e-04,-2.1150412e-02
0.1304279553842207,0.999714338404137,0.00028212093270323703,1902.9777079555874,3.0615416e-03,486374,470.98717,463.86039,1.6383808e+05,4.6234783e+01,2.7656816e+03,1.3526399e+01,1.6973897e+05,4.7900600e+01,0,nan,nan,nan,nan,470.98717,2.5822589e-04,463.86039,2.9368664e-04,-1.3355707e-02,-4.3804578e-02
0.13054291237381188,1.0004249497356998,0.00028497876162469665,1718.931422912575,-3.0315907e-03,353865,1328.20421,1818.98570,1.5784838e+05,4.5056103e+01,4.7564702e+03,1.2020043e+01,1.6618175e+05,4.7338154e+01,0,nan,nan,nan,nan,1328.20421,2.6150068e-04,1818.98570,2.3156451e-04,1.5386096e-03,3.5405506e-03
0.13082384864333074,0.9995684113149422,0.00028318501039343116,1712.7968238488445,-2.9111023e-03,349448,1328.20668,1818.98172,1.5844055e+05,4.4829933e+01,3.6992437e+03,1.1402311e+01,1.6625245e+05,4.7100529e+01,0,nan,nan,nan,nan,1328.20668,2.5906516e-04,1818.98172,2.2903405e-04,4.2932280e-03,-3.6513159e-04
0.13090506790604195,0.9992371444693054,0.0003026259485783983,1761.8759450681077,-2.9342645e-03,384785,1042.63225,1775.57357,1.5914394e+05,4.8194275e+01,1.2433313e+04,1.7296476e+01,1.6660356e+05,5.0457054e+01,0,nan,nan,nan,nan,1042.63225,2.8535145e-04,1775.57357,2.5427531e-04,9.5108170e-03,4.3646116e-02
0.13094388746048935,1.0004486410007727,0.00029186229829799784,1755.7411038876621,-3.0559835e-03,380368,1042.61349,1775.56365,1.5922322e+05,4.6433632e+01,5.7479023e+03,1.4358227e+01,1.6663870e+05,4.8613747e+01,0,nan,nan,nan,nan,1042.61349,2.7172492e-04,1775.56365,2.4249950e-04,-1.1308172e-02,3.2396011e-02
0.1311338980194705,0.999973346949174,0.00029316670914862587,1743.471533898221,-3.1870506e-03,371534,1042.61466,1775.52619,1.5904936e+05,4.6643822e+01,6.6863071e+03,1.4767422e+01,1.6656908e+05,4.8833809e+01,0,nan,nan,nan,nan,1042.61466,2.7378189e-04,1775.52619,2.4447197e-04,-1.0480525e-02,-8.8162012e-03
0.13145729399093398,1.0007901835212785,0.00028219380089887394,1921.3833772941944,3.1831623e-03,499626,471.02627,463.88837,1.6424853e+05,4.6251919e+01,2.5900161e+03,1.3487648e+01,1.6994072e+05,4.7918350e+01,0,nan,nan,nan,nan,471.02627,2.5861335e-04,463.88837,2.9277138e-04,2.8673373e-02,-1.2948545e-02
0.13146381149135777,0.9999046524574526,0.0002840330820461274,1731.2021038116927,-3.1786847e-03,362700,1328.20560,1819.02274,1.5848316e+05,4.4939724e+01,4.0735620e+03,1.1633315e+01,1.6621789e+05,4.7215881e+01,0,nan,nan,nan,nan,1328.20560,2.5960364e-04,1819.02274,2.2931388e-04,2.2924440e-03,4.3498363e-02
0.13161021953283125,0.9998647025749876,0.00028516792313911405,1915.2486502197362,3.1756975e-03,495209,471.01327,463.89109,1.6409467e+05,4.6758720e+01,4.3677227e+03,1.4520419e+01,1.6985381e+05,4.8443413e+01,0,nan,nan,nan,nan,471.01327,2.6218386e-04,463.89109,2.9719071e-04,1.5934668e-02,-1.0768807e-02
0.13173752233524283,0.9992731951552893,0.0002820619771496796,1909.1138975225385,3.1426102e-03,490792,470.99864,463.87232,1.6381306e+05,4.6218353e+01,2.5973704e+03,1.3507943e+01,1.6963922e+05,4.7883575e+01,0,nan,nan,nan,nan,470.99864,2.5853276e-04,463.87232,2.9365654e-04,-1.2794537e-03,-3.0389495e-02
0.13181686556708883,1.0002538715457152,0.00028222026296484274,1902.9790968657703,3.0615635e-03,486375,470.98615,463.85879,1.6389778e+05,4.6251038e+01,2.7697778e+03,1.3549519e+01,1.6983050e+05,4.7917442e+01,0,nan,nan,nan,nan,470.98615,2.5812050e-04,463.85879,2.9369802e-04,-1.5234940e-02,-4.5517650e-02
0.13193177760877006,0.9999852381551257,0.0002848277980617081,1718.93281177781,-3.0316138e-03,353866,1328.20728,1818.98127,1.5775088e+05,4.5032066e+01,4.7580356e+03,1.2012292e+01,1.6610809e+05,4.7312901e+01,0,nan,nan,nan,nan,1328.20728,2.6148139e-04,1818.98127,2.3175865e-04,4.4032722e-03,-1.1789729e-03
0.13221270479721203,0.9991475704590069,0.00028324077050243776,1712.7982127049984,-2.9111344e-03,349449,1328.20920,1818.99364,1.5829409e+05,4.4838657e+01,3.7032556e+03,1.1478325e+01,1.6618205e+05,4.7109692e+01,0,nan,nan,nan,nan,1328.20920,2.5926175e-04,1818.99364,2.2898473e-04,7.2553735e-03,1.2320649e-02
0.1322939876017699,0.9997213605569559,0.00030273563613494745,1761.8773339878035,-2.9342331e-03,384786,1042.63456,1775.57248,1.5926686e+05,4.8211628e+01,1.2446174e+04,1.7303423e+01,1.6668392e+05,5.0475227e+01,0,nan,nan,nan,nan,1042.63456,2.8496992e-04,1775.57248,2.5416777e-04,1.2052449e-02,4.2235043e-02
0.13233279900759953,1.000172527687522,0.0002917529144294157,1755.7424927992092,-3.0559602e-03,380369,1042.61430,1775.57282,1.5922981e+05,4.6416210e+01,5.7617095e+03,1.4335515e+01,1.6659264e+05,4.8595509e+01,0,nan,nan,nan,nan,1042.61430,2.7158475e-04,1775.57282,2.4220042e-04,-1.1356353e-02,4.1889872e-02
0.13252279396601807,0.9999129914370554,0.00029333228262827407,1743.4729227941675,-3.1870429e-03,371535,1042.61743,1775.52082,1.5921667e+05,4.6670162e+01,6.7002163e+03,1.4778966e+01,1.6655902e+05,4.8861385e+01,0,nan,nan,nan,nan,1042.61743,2.7352496e-04,1775.52082,2.4427145e-04,-8.1703560e-03,-1.3391804e-02
0.13284618042598595,1.0002861489084678,0.00028212090919858287,1921.3847661806294,3.1831604e-03,499627,471.02244,463.88242,1.6412662e+05,4.6239983e+01,2.5894556e+03,1.3467684e+01,1.6985517e+05,4.7905987e+01,0,nan,nan,nan,nan,471.02244,2.5863142e-04,463.88242,2.9323058e-04,2.4518088e-02,-1.8699622e-02
0.13285269186030713,0.9997470438797493,0.00028404580708683705,1731.2034926920617,-3.1786927e-03,362701,1328.20084,1819.01915,1.5848161e+05,4.4941692e+01,4.0894241e+03,1.1643171e+01,1.6619152e+05,4.7217949e+01,0,nan,nan,nan,nan,1328.20084,2.5952829e-04,1819.01915,2.2903697e-04,-2.9440571e-03,4.0395502e-02
0.13299911202238945,0.9996902988110359,0.00028531521478561254,1915.2500391122257,3.1757017e-03,495210,471.01541,463.90092,1.6415295e+05,4.6782780e+01,4.3536250e+03,1.4575111e+01,1.6982384e+05,4.8468342e+01,0,nan,nan,nan,nan,471.01541,2.6271326e-04,463.90092,2.9672057e-04,1.8268071e-02,5.0352135e-04
0.13312642483560921,0.9999688705601167,0.000281786940062053,1909.115286425039,3.1426244e-03,490793,471.00157,463.88334,1.6380227e+05,4.6173279e+01,2.5963984e+03,1.3404838e+01,1.6975730e+05,4.7836880e+01,0,nan,nan,nan,nan,471.00157,2.5833797e-04,463.88334,2.9345450e-04,1.5103841e-03,-1.8159620e-02
0.1332057757504117,1.0003364993380979,0.00028244160870712483,1902.9804857759536,3.0615854e-03,486376,470.98810,463.86148,1.6398773e+05,4.6287296e+01,2.7611497e+03,1.3626851e+01,1.6984444e+05,4.7955002e+01,0,nan,nan,nan,nan,470.98810,2.5811634e-04,463.86148,2.9362628e-04,-1.2979058e-02,-4.2288367e-02
0.1333206428430458,1.0007088440192222,0.00028489014026388774,1718.9342006430443,-3.0316368e-03,353867,1328.20321,1818.98820,1.5789614e+05,4.5041752e+01,4.7576973e+03,1.1986187e+01,1.6622767e+05,4.7323078e+01,0,nan,nan,nan,nan,1328.20321,2.6135746e-04,1818.98820,2.3158327e-04,3.6574242e-04,5.7933824e-03
0.13360156118415034,0.9991690158293074,0.0002831163818816787,1712.7996015613853,-2.9111663e-03,349450,1328.20452,1818.98310,1.5828014e+05,4.4818855e+01,3.7148374e+03,1.1409653e+01,1.6618523e+05,4.7088890e+01,0,nan,nan,nan,nan,1328.20452,2.5918553e-04,1818.98310,2.2986167e-04,1.9826260e-03,6.7638932e-05
0.13368290729795262,0.9998791490508334,0.00030283720549345995,1761.8787229074997,-2.9342016e-03,384787,1042.63111,1775.56824,1.5930706e+05,4.8227695e+01,1.2429043e+04,1.7304874e+01,1.6670986e+05,5.0492046e+01,0,nan,nan,nan,nan,1042.63111,2.8566006e-04,1775.56824,2.5421105e-04,8.2302149e-03,3.7876569e-02
0.13372171055425497,1.0002084752848197,0.0002918838225609646,1755.7438817107559,-3.0559369e-03,380370,1042.61517,1775.56232,1.5923053e+05,4.6437016e+01,5.7539619e+03,1.4350909e+01,1.6659856e+05,4.8617290e+01,0,nan,nan,nan,nan,1042.61517,2.7156013e-04,1775.56232,2.4260036e-04,-1.0471758e-02,3.0841723e-02
0.13391169014539628,0.9991502823418468,0.0002931240637854651,1743.474311690347,-3.1870350e-03,371536,1042.61525,1775.52442,1.5898781e+05,4.6637032e+01,6.6850200e+03,1.4758624e+01,1.6643195e+05,4.8826698e+01,0,nan,nan,nan,nan,1042.61525,2.7380240e-04,1775.52442,2.4455244e-04,-1.1032037e-02,-9.6420003e-03
0.13423506709386857,0.9998799302727752,0.0002820181014822387,1921.3861550672973,3.1831588e-03,499628,471.02011,463.88940,1.6396961e+05,4.6223148e+01,2.5975889e+03,1.3508243e+01,1.6978623e+05,4.7888542e+01,0,nan,nan,nan,nan,471.02011,2.5880267e-04,463.88940,2.9318419e-04,2.2461716e-02,-1.2070578e-02
0.13424157246163304,1.0004501637118426,0.00028408934786675294,1731.204881572663,-3.1787003e-03,362702,1328.19998,1819.01792,1.5852958e+05,4.4948536e+01,4.0876213e+03,1.1619745e+01,1.6630823e+05,4.7225140e+01,0,nan,nan,nan,nan,1328.19998,2.5952814e-04,1819.01792,2.2918338e-04,-3.4996606e-03,3.8941018e-02
0.13438800474364176,0.9996352917064062,0.00028523062142825687,1915.251428004947,3.1757061e-03,495211,471.01555,463.89840,1.6421320e+05,4.6768814e+01,4.3588594e+03,1.4506707e+01,1.6981417e+05,4.8453873e+01,0,nan,nan,nan,nan,471.01555,2.6159539e-04,463.89840,2.9712517e-04,1.7281599e-02,-2.3213045e-03
0.13451532756880624,1.0003702096947378,0.00028196998859448386,1909.116675327772,3.1426388e-03,490794,471.00230,463.87585,1.6393534e+05,4.6203270e+01,2.5977959e+03,1.3449609e+01,1.6982542e+05,4.7867950e+01,0,nan,nan,nan,nan,471.00230,2.5817371e-04,463.87585,2.9367732e-04,2.0103124e-03,-2.7404120e-02
0.13459468593464408,0.9994573841485324,0.00028229018976482325,1902.9818746861379,3.0616072e-03,486377,470.99090,463.85823,1.6382200e+05,4.6262455e+01,2.7658337e+03,1.3574244e+01,1.6969509e+05,4.7929268e+01,0,nan,nan,nan,nan,470.99090,2.5866961e-04,463.85823,2.9396356e-04,-9.2568183e-03,-4.6585463e-02
0.13470950807663973,1.000535516297057,0.0002848865450355347,1718.9355895082779,-3.0316599e-03,353868,1328.20484,1818.98955,1.5773344e+05,4.5041016e+01,4.7634448e+03,1.2044662e+01,1.6619825e+05,4.7322304e+01,0,nan,nan,nan,nan,1328.20484,2.6158130e-04,1818.98955,2.3187498e-04,2.4450659e-03,6.8464680e-03
0.13499041757017916,0.9988754116468114,0.0002833253690388068,1712.8009904177713,-2.9111982e-03,349451,1328.20453,1818.98112,1.5833822e+05,4.4851830e+01,3.7278879e+03,1.1501486e+01,1.6613598e+05,4.7123535e+01,0,nan,nan,nan,nan,1328.20453,2.5908044e-04,1818.98112,2.2933703e-04,1.4358248e-03,-1.4418253e-03
0.13507182699390763,1.0002141084691478,0.0003029049267506902,1761.8801118271956,-2.9341702e-03,384788,1042.63570,1775.57150,1.5933358e+05,4.8238377e+01,1.2459237e+04,1.7303366e+01,1.6676533e+05,5.0503227e+01,0,nan,nan,nan,nan,1042.63570,2.8523820e-04,1775.57150,2.5446655e-04,1.2863157e-02,4.0619861e-02
0.13511062210136515,0.9998648770732009,0.0002917363684710976,1755.745270622303,-3.0559136e-03,380371,1042.61210,1775.57603,1.5904994e+05,4.6413532e+01,5.7619634e+03,1.4339987e+01,1.6654127e+05,4.8592709e+01,0,nan,nan,nan,nan,1042.61210,2.7238499e-04,1775.57603,2.4282611e-04,-1.2635020e-02,4.4809118e-02
0.13530058609285334,0.9999545045179581,0.00029325815090926,1743.4757005862944,-3.1870273e-03,371537,1042.61702,1775.51305,1.5912108e+05,4.6658367e+01,6.7233179e+03,1.4780233e+01,1.6656591e+05,4.8849033e+01,0,nan,nan,nan,nan,1042.61702,2.7346067e-04,1775.51305,2.4456755e-04,-8.7031052e-03,-2.2406317e-02
0.13562395352892054,0.9994578644528602,0.0002821900582283156,1921.3875439537323,3.1831570e-03,499629,471.02578,463.89019,1.6405042e+05,4.6251343e+01,2.5997747e+03,1.3545891e+01,1.6971461e+05,4.7917755e+01,0,nan,nan,nan,nan,471.02578,2.5875907e-04,463.89019,2.9327793e-04,2.7920896e-02,-1.0458599e-02
0.1356304528299006,0.9999518912169612,0.00028406233416724424,1731.2062704530313,-3.1787083e-03,362703,1328.20829,1819.02804,1.5839995e+05,4.4944214e+01,4.0702385e+03,1.1700194e+01,1.6622523e+05,4.7220600e+01,0,nan,nan,nan,nan,1328.20829,2.5988597e-04,1819.02804,2.2939249e-04,6.0395524e-03,4.9176414e-02
0.13577689723160802,0.9999723148182362,0.00028503309581960113,1915.252816897435,3.1757103e-03,495212,471.01135,463.89607,1.6391966e+05,4.6736340e+01,4.3575864e+03,1.4516161e+01,1.6987109e+05,4.8420227e+01,0,nan,nan,nan,nan,471.01135,2.6268171e-04,463.89607,2.9796961e-04,1.3716955e-02,-5.3998139e-03
0.13590423006894492,1.00003031103925,0.00028204113598114894,1909.1180642302722,3.1426530e-03,490795,471.00179,463.88518,1.6395880e+05,4.6214920e+01,2.5969844e+03,1.3480467e+01,1.6976769e+05,4.7880020e+01,0,nan,nan,nan,nan,471.00179,2.5813913e-04,463.88518,2.9309705e-04,1.4436172e-03,-1.6291402e-02
0.1359835961193312,0.9998870104237387,0.00028213458059970673,1902.9832635963226,3.0616291e-03,486378,470.98609,463.85527,1.6392195e+05,4.6236931e+01,2.7635469e+03,1.3505836e+01,1.6976795e+05,4.7902824e+01,0,nan,nan,nan,nan,470.98609,2.5797327e-04,463.85527,2.9354569e-04,-1.5261378e-02,-4.9884085e-02
0.136098373310233,0.9997103857120307,0.0002847361746966117,1718.9369783735115,-3.0316829e-03,353869,1328.19999,1818.97982,1.5770227e+05,4.5017082e+01,4.7564287e+03,1.1995081e+01,1.6606058e+05,4.7297153e+01,0,nan,nan,nan,nan,1328.19999,2.6145455e-04,1818.97982,2.3219084e-04,-2.7829732e-03,-3.4735808e-03
0.13637927372406045,0.9992028335774921,0.0002832246626884233,1712.8023792739252,-2.9112303e-03,349452,1328.20517,1818.98441,1.5816883e+05,4.4835777e+01,3.7114602e+03,1.1482517e+01,1.6619003e+05,4.7106670e+01,0,nan,nan,nan,nan,1328.20517,2.5952165e-04,1818.98441,2.3014579e-04,3.6622889e-03,1.4882645e-03
0.1364607466898633,1.0001569025076862,0.0003029663025132484,1761.8815007468916,-2.9341388e-03,384789,1042.63122,1775.57393,1.5933416e+05,4.8248039e+01,1.2460517e+04,1.7331234e+01,1.6675542e+05,5.0513348e+01,0,nan,nan,nan,nan,1042.63122,2.8553122e-04,1775.57393,2.5432714e-04,7.7980608e-03,4.3738559e-02
0.1364995336480206,1.000281179874682,0.0002918541468365821,1755.7466595338497,-3.0558903e-03,380372,1042.61608,1775.56410,1.5919825e+05,4.6432255e+01,5.7769082e+03,1.4348208e+01,1.6661053e+05,4.8612309e+01,0,nan,nan,nan,nan,1042.61608,2.7169808e-04,1775.56410,2.4280751e-04,-9.3395524e-03,3.2744814e-02
0.13668948227291333,1.000288206401086,0.00029341004740275975,1743.4770894824744,-3.1870194e-03,371538,1042.61073,1775.52503,1.5912536e+05,4.6682522e+01,6.6924604e+03,1.4800355e+01,1.6662147e+05,4.8874329e+01,0,nan,nan,nan,nan,1042.61073,2.7377895e-04,1775.52503,2.4478359e-04,-1.5230392e-02,-1.0194410e-02
0.13701284019589366,0.9999180518041528,0.0002822044818464892,1921.3889328403993,3.1831553e-03,499630,471.02368,463.88483,1.6406306e+05,4.6253719e+01,2.5936794e+03,1.3541901e+01,1.6979280e+05,4.7920216e+01,0,nan,nan,nan,nan,471.02368,2.5876093e-04,463.88483,2.9331390e-04,2.5958138e-02,-1.6602723e-02
0.13701933319816817,1.0000466337018843,0.00028408862080801404,1731.2076593333995,-3.1787162e-03,362704,1328.19614,1819.01614,1.5851305e+05,4.4948322e+01,4.0680823e+03,1.1631328e+01,1.6624080e+05,4.7224918e+01,0,nan,nan,nan,nan,1328.19614,2.5927110e-04,1819.01614,2.2920611e-04,-8.0169244e-03,3.6754411e-02
0.13716578971934723,0.9993600081917082,0.0002852301061959796,1915.2542057899227,3.1757145e-03,495213,471.01060,463.90040,1.6412495e+05,4.6768547e+01,4.3758564e+03,1.4513624e+01,1.6976675e+05,4.8453598e+01,0,nan,nan,nan,nan,471.01060,2.6180618e-04,463.90040,2.9713073e-04,1.2287731e-02,-2.3150812e-04
0.13729313256862952,0.9996966730579225,0.0002821096054233406,1909.119453132772,3.1426672e-03,490796,470.99830,463.87716,1.6394281e+05,4.6226135e+01,2.5983489e+03,1.3516653e+01,1.6971103e+05,4.7891640e+01,0,nan,nan,nan,nan,470.99830,2.5808296e-04,463.87716,2.9314536e-04,-2.1916202e-03,-2.5390845e-02
0.13737250630219933,0.9997873639812935,0.0002822556003993943,1902.9846525065054,3.0616510e-03,486379,470.98675,463.86071,1.6386738e+05,4.6256737e+01,2.7626536e+03,1.3598269e+01,1.6975095e+05,4.7923347e+01,0,nan,nan,nan,nan,470.98675,2.5806681e-04,463.86071,2.9360518e-04,-1.3801062e-02,-4.3220460e-02
0.13748723831190512,1.0000481043780607,0.00028479366863938847,1718.9383672385131,-3.0317062e-03,353870,1328.20539,1818.98718,1.5769583e+05,4.5026001e+01,4.7553325e+03,1.2023041e+01,1.6611606e+05,4.7306526e+01,0,nan,nan,nan,nan,1328.20539,2.6155837e-04,1818.98718,2.3196384e-04,3.0604845e-03,4.3813433e-03
0.13776813011168054,0.9997336760294611,0.00028360894450665325,1712.8037681303128,-2.9112622e-03,349453,1328.20141,1818.98514,1.5850100e+05,4.4896496e+01,3.7281626e+03,1.1531357e+01,1.6627792e+05,4.7170467e+01,0,nan,nan,nan,nan,1328.20141,2.5896233e-04,1818.98514,2.2934799e-04,-1.7802872e-03,2.7512459e-03
0.137849666386046,1.0001376570735554,0.0003030398811206762,1761.8828896665877,-2.9341073e-03,384790,1042.63176,1775.57144,1.5933059e+05,4.8259651e+01,1.2472121e+04,1.7346090e+01,1.6675184e+05,5.0525505e+01,0,nan,nan,nan,nan,1042.63176,2.8529798e-04,1775.57144,2.5443270e-04,8.0865845e-03,4.1723464e-02
0.13788844519513077,0.9997022604701882,0.00029164921129915547,1755.7480484453968,-3.0558670e-03,380373,1042.61539,1775.56484,1.5912072e+05,4.6399632e+01,5.7835518e+03,1.4323767e+01,1.6651405e+05,4.8578152e+01,0,nan,nan,nan,nan,1042.61539,2.7165114e-04,1775.56484,2.4241912e-04,-9.8006306e-03,3.3844199e-02
0.13807837822014335,1.0002336916621084,0.00029336979508176863,1743.4784783784216,-3.1870117e-03,371539,1042.61643,1775.53022,1.5919344e+05,4.6676121e+01,6.6812427e+03,1.4816557e+01,1.6661238e+05,4.8867622e+01,0,nan,nan,nan,nan,1042.61643,2.7345124e-04,1775.53022,2.4433271e-04,-9.0032388e-03,-4.2410698e-03
0.13840172663026384,1.0000762968113908,0.0002820301739813946,1921.3903217268337,3.1831535e-03,499631,471.02365,463.88595,1.6413247e+05,4.6225155e+01,2.5852971e+03,1.3454415e+01,1.6981970e+05,4.7890625e+01,0,nan,nan,nan,nan,471.02365,2.5850785e-04,463.88595,2.9300211e-04,2.5925396e-02,-1.5446614e-02
0.1384082137985846,1.0003500374393821,0.0002840974085455867,1731.209048214,-3.1787239e-03,362705,1328.20437,1819.02123,1.5848308e+05,4.4949661e+01,4.0718037e+03,1.1645300e+01,1.6629105e+05,4.7226322e+01,0,nan,nan,nan,nan,1328.20437,2.5954816e-04,1819.02123,2.3000407e-04,1.0166941e-03,4.1752081e-02
0.1385546822075412,1.0010114688786147,0.0002855215481874243,1915.255594682411,3.1757187e-03,495214,471.02959,463.90483,1.6441434e+05,4.6816250e+01,4.3594067e+03,1.4526519e+01,1.7004695e+05,4.8503014e+01,0,nan,nan,nan,nan,471.02959,2.6231940e-04,463.90483,2.9679769e-04,3.3049565e-02,4.3413942e-03
0.13868203530182655,1.0000659398138563,0.00028217411604426984,1909.1208420355051,3.1426817e-03,490797,471.00080,463.87997,1.6392784e+05,4.6236698e+01,2.6019663e+03,1.3508162e+01,1.6977370e+05,4.7902584e+01,0,nan,nan,nan,nan,471.00080,2.5822836e-04,463.87997,2.9344959e-04,6.8527367e-04,-2.2107080e-02
0.13876141648506746,0.9998904557465197,0.00028224555508643063,1902.9860414166883,3.0616729e-03,486380,470.98495,463.85868,1.6388517e+05,4.6255074e+01,2.7374604e+03,1.3586614e+01,1.6976838e+05,4.7921619e+01,0,nan,nan,nan,nan,470.98495,2.5808736e-04,463.85868,2.9371941e-04,-1.6184974e-02,-4.5995586e-02
0.13887610354618152,1.0000950557242694,0.00028485133191997303,1718.9397561037474,-3.0317293e-03,353871,1328.20506,1818.98645,1.5778178e+05,4.5034950e+01,4.7522324e+03,1.1972813e+01,1.6612325e+05,4.7315933e+01,0,nan,nan,nan,nan,1328.20506,2.6167912e-04,1818.98645,2.3182988e-04,2.4281265e-03,4.0521976e-03
0.13915698649839248,1.0002097765517848,0.0002833371089747492,1712.8051569866996,-2.9112941e-03,349454,1328.20846,1818.98018,1.5849853e+05,4.4853355e+01,3.7126907e+03,1.1449933e+01,1.6635667e+05,4.7125137e+01,0,nan,nan,nan,nan,1328.20846,2.5893989e-04,1818.98018,2.2911867e-04,6.2669963e-03,-2.2844782e-03
0.13923858608177397,1.0003459528198981,0.0003030820526484911,1761.8842785862835,-2.9340759e-03,384791,1042.63214,1775.57135,1.5933159e+05,4.8266262e+01,1.2472686e+04,1.7392958e+01,1.6678620e+05,5.0532425e+01,0,nan,nan,nan,nan,1042.63214,2.8534341e-04,1775.57135,2.5437519e-04,8.9772101e-03,4.1210946e-02
0.1392773565094103,0.9997977150932513,0.00029175604234677025,1755.749437356711,-3.0558440e-03,380374,1042.61405,1775.57019,1.5920192e+05,4.6416611e+01,5.7912505e+03,1.4334009e+01,1.6652988e+05,4.8595928e+01,0,nan,nan,nan,nan,1042.61405,2.7162881e-04,1775.57019,2.4242589e-04,-1.1676618e-02,3.9026167e-02
0.13946727440043105,1.0000667763619673,0.0002932751834929095,1743.479867274602,-3.1870038e-03,371540,1042.61853,1775.51442,1.5915881e+05,4.6661057e+01,6.7219658e+03,1.4776560e+01,1.6658456e+05,4.8851856e+01,0,nan,nan,nan,nan,1042.61853,2.7348311e-04,1775.51442,2.4454985e-04,-6.7982436e-03,-2.0770852e-02
0.13979061329791875,0.9999571563260836,0.00028212562480509453,1921.3917106135013,3.1831518e-03,499632,471.02356,463.88645,1.6416445e+05,4.6240810e+01,2.6026541e+03,1.3446959e+01,1.6979952e+05,4.7906845e+01,0,nan,nan,nan,nan,471.02356,2.5848625e-04,463.88645,2.9319717e-04,2.5476428e-02,-1.5076715e-02
0.1397970941663974,0.9993504737626993,0.0002840086479263756,1731.2104370943678,-3.1787318e-03,362706,1328.20291,1819.02446,1.5842438e+05,4.4935566e+01,4.0519988e+03,1.1627891e+01,1.6612469e+05,4.7211514e+01,0,nan,nan,nan,nan,1328.20291,2.5977127e-04,1819.02446,2.2927567e-04,6.4517953e-04,4.5890536e-02
0.1399435749294753,0.999044807817476,0.000284862952610506,1915.2569835751328,3.1757231e-03,495215,470.99796,463.89087,1.6362819e+05,4.6708172e+01,4.3557119e+03,1.4541164e+01,1.6971255e+05,4.8391041e+01,0,nan,nan,nan,nan,470.99796,2.6420475e-04,463.89087,2.9786411e-04,1.9129167e-03,-1.0190853e-02
0.14007093780219293,1.0003642015557763,0.00028204390555831003,1909.1222309380055,3.1426959e-03,490798,471.00497,463.87728,1.6404342e+05,4.6215363e+01,2.6116709e+03,1.3453394e+01,1.6982433e+05,4.7880478e+01,0,nan,nan,nan,nan,471.00497,2.5803651e-04,463.87728,2.9293270e-04,5.1981141e-03,-2.4662342e-02
0.14015032690122098,1.0000944719637528,0.0002822044252781035,1902.9874303271044,3.0616950e-03,486381,470.99095,463.85777,1.6392381e+05,4.6248310e+01,2.7426091e+03,1.3545273e+01,1.6980292e+05,4.7914612e+01,0,nan,nan,nan,nan,470.99095,2.5814486e-04,463.85777,2.9357307e-04,-9.9431993e-03,-4.6743177e-02
0.1402649687797748,1.000216149975972,0.000284868731001826,1718.941144968981,-3.0317523e-03,353872,1328.20142,1818.98789,1.5778241e+05,4.5037540e+01,4.7594214e+03,1.1996212e+01,1.6614277e+05,4.7318649e+01,0,nan,nan,nan,nan,1328.20142,2.6146509e-04,1818.98789,2.3193115e-04,-1.2445535e-03,6.0049486e-03
0.1405458428844213,1.0003702312636005,0.00028340420456273905,1712.8065458430856,-2.9113260e-03,349455,1328.20543,1818.98916,1.5863722e+05,4.4863857e+01,3.7184431e+03,1.1441535e+01,1.6638294e+05,4.7136173e+01,0,nan,nan,nan,nan,1328.20543,2.5854164e-04,1818.98916,2.2866235e-04,1.9860032e-03,7.6929103e-03
0.14062750577795669,0.9999164073947192,0.00030269521118169243,1761.8856675059797,-2.9340445e-03,384792,1042.63327,1775.56994,1.5924131e+05,4.8204556e+01,1.2458552e+04,1.7285185e+01,1.6671423e+05,5.0467819e+01,0,nan,nan,nan,nan,1042.63327,2.8529856e-04,1775.56994,2.5431573e-04,1.0230820e-02,3.9088503e-02
0.14066626805606575,1.0005703456504005,0.00029176046107072263,1755.7508262682577,-3.0558207e-03,380375,1042.61705,1775.56917,1.5919773e+05,4.6417294e+01,5.8025991e+03,1.4342352e+01,1.6665852e+05,4.8596645e+01,0,nan,nan,nan,nan,1042.61705,2.7182949e-04,1775.56917,2.4247068e-04,-8.1710545e-03,3.8124502e-02
0.14085617034743336,1.0004646047530306,0.0002934155562544586,1743.481256170549,-3.1869961e-03,371541,1042.61408,1775.52053,1.5920900e+05,4.6683392e+01,6.7131411e+03,1.4819646e+01,1.6665081e+05,4.8875237e+01,0,nan,nan,nan,nan,1042.61408,2.7346902e-04,1775.52053,2.4446135e-04,-1.1417408e-02,-1.4818511e-02
0.14117949973297073,0.999820679028184,0.00028205070831916574,1921.3930994999364,3.1831500e-03,499633,471.02481,463.88571,1.6403478e+05,4.6228542e+01,2.5869795e+03,1.3471344e+01,1.6977638e+05,4.7894135e+01,0,nan,nan,nan,nan,471.02481,2.5870852e-04,463.88571,2.9352235e-04,2.7245684e-02,-1.5447917e-02
0.14118597476749495,0.9994287789040099,0.0002839461068060658,1731.2118259749689,-3.1787395e-03,362707,1328.20004,1819.01762,1.5843798e+05,4.4925613e+01,4.0634897e+03,1.1622152e+01,1.6613750e+05,4.7201061e+01,0,nan,nan,nan,nan,1328.20004,2.5938341e-04,1819.01762,2.2914518e-04,-3.7485329e-03,3.8611680e-02
0.14145984053538996,1.0001224977269532,0.00028207141692128775,1909.1236198407387,3.1427103e-03,490799,470.99555,463.88039,1.6394506e+05,4.6219864e+01,2.6138650e+03,1.3498214e+01,1.6978327e+05,4.7885143e+01,0,nan,nan,nan,nan,470.99555,2.5801465e-04,463.88039,2.9324510e-04,-4.4209878e-03,-2.1174952e-02
0.1415392370849986,1.0002576002718935,0.00028224625023760846,1902.9888192372882,3.0617169e-03,486382,470.98752,463.84967,1.6390519e+05,4.6255138e+01,2.7475774e+03,1.3570611e+01,1.6983053e+05,4.7921684e+01,0,nan,nan,nan,nan,470.98752,2.5809652e-04,463.84967,2.9383422e-04,-1.3498010e-02,-5.6096606e-02
0.14165383401336806,1.0005034360186011,0.00028493013826514366,1718.9425338342146,-3.0317754e-03,353873,1328.20527,1818.98321,1.5780397e+05,4.5047085e+01,4.7549834e+03,1.1996889e+01,1.6618988e+05,4.7328678e+01,0,nan,nan,nan,nan,1328.20527,2.6152568e-04,1818.98321,2.3207869e-04,2.8841600e-03,5.9163425e-04
0.14193469903761946,1.000027010505272,0.0002833701090177752,1712.8079346992388,-2.9113581e-03,349456,1328.20491,1818.98780,1.5856239e+05,4.4858349e+01,3.7147107e+03,1.1419948e+01,1.6632544e+05,4.7130383e+01,0,nan,nan,nan,nan,1328.20491,2.5882514e-04,1818.98780,2.2892457e-04,2.1224746e-03,6.1649196e-03
0.1420164254741394,1.0001478672152224,0.0003029155257752789,1761.8870564256758,-2.9340130e-03,384793,1042.62936,1775.57684,1.5935484e+05,4.8239540e+01,1.2485262e+04,1.7298523e+01,1.6675247e+05,5.0504448e+01,0,nan,nan,nan,nan,1042.62936,2.8535374e-04,1775.57684,2.5444431e-04,5.6460067e-03,4.6635918e-02
0.14205517960317593,1.0002363587364125,0.0002917697663214705,1755.7522151798048,-3.0557974e-03,380376,1042.61554,1775.56955,1.5920033e+05,4.6418762e+01,5.8081201e+03,1.4345407e+01,1.6660281e+05,4.8598179e+01,0,nan,nan,nan,nan,1042.61554,2.7168737e-04,1775.56955,2.4244894e-04,-9.9286605e-03,3.8564622e-02
0.14224506652772106,1.00034596290677,0.0002935295641629202,1743.4826450667292,-3.1869882e-03,371542,1042.61563,1775.51685,1.5921684e+05,4.6701527e+01,6.7057549e+03,1.4817480e+01,1.6663105e+05,4.8894222e+01,0,nan,nan,nan,nan,1042.61563,2.7335604e-04,1775.51685,2.4488728e-04,-1.0141370e-02,-1.8863911e-02
0.1425683864003986,1.0002456110876303,0.00028225177849252583,1921.3944883866038,3.1831483e-03,499634,471.02252,463.88902,1.6404544e+05,4.6261509e+01,2.5769216e+03,1.3581220e+01,1.6984856e+05,4.7928288e+01,0,nan,nan,nan,nan,471.02252,2.5894446e-04,463.88902,2.9341961e-04,2.4669942e-02,-1.1980496e-02
0.14257485513644497,1.0003205771750987,0.0002838349132950704,1731.2132148553378,-3.1787474e-03,362708,1328.20455,1819.02463,1.5842144e+05,4.4907967e+01,4.0390894e+03,1.1582812e+01,1.6628555e+05,4.7182518e+01,0,nan,nan,nan,nan,1328.20455,2.5966170e-04,1819.02463,2.2939168e-04,1.8487179e-03,4.5669507e-02
0.1427213599067727,0.9987172142683783,0.0002848238911265394,1915.2597613601101,3.1757315e-03,495217,471.00153,463.87905,1.6353394e+05,4.6701580e+01,4.3678188e+03,1.4533125e+01,1.6965623e+05,4.8384212e+01,0,nan,nan,nan,nan,471.00153,2.6338940e-04,463.87905,2.9879829e-04,4.0640458e-03,-2.4527725e-02
0.14284874303575634,1.0004048427640972,0.000282129087155786,1909.125008743239,3.1427245e-03,490800,471.00205,463.87354,1.6400370e+05,4.6229313e+01,2.6042427e+03,1.3496413e+01,1.6983117e+05,4.7894928e+01,0,nan,nan,nan,nan,471.00205,2.5813183e-04,463.87354,2.9334880e-04,1.4054305e-03,-2.8998215e-02
0.14292814726923098,0.999606637135505,0.00028220247419579456,1902.9902081474725,3.0617388e-03,486383,470.98676,463.86406,1.6382536e+05,4.6247940e+01,2.7739163e+03,1.3570093e+01,1.6971992e+05,4.7914230e+01,0,nan,nan,nan,nan,470.98676,2.5817315e-04,463.86406,2.9382922e-04,-1.3960201e-02,-3.9866667e-02
0.14304269924855395,1.0009900623234358,0.00028500338758102704,1718.9439226994498,-3.0317984e-03,353874,1328.20341,1818.98743,1.5792884e+05,4.5058498e+01,4.7441392e+03,1.1979627e+01,1.6627011e+05,4.7340675e+01,0,nan,nan,nan,nan,1328.20341,2.6139492e-04,1818.98743,2.3199004e-04,1.1410707e-03,5.1542348e-03
0.1433235554243314,0.9997416928527988,0.0002833970742233282,1712.8093235556255,-2.9113900e-03,349457,1328.20952,1818.98495,1.5851456e+05,4.4862499e+01,3.7303870e+03,1.1497578e+01,1.6627755e+05,4.7134743e+01,0,nan,nan,nan,nan,1328.20952,2.5892118e-04,1818.98495,2.2892904e-04,7.0726369e-03,2.8959597e-03
0.14340534516986736,1.000213413300898,0.0003028625426979266,1761.8884453453716,-2.9339816e-03,384794,1042.63439,1775.57963,1.5933364e+05,4.8231003e+01,1.2491532e+04,1.7322128e+01,1.6676306e+05,5.0495510e+01,0,nan,nan,nan,nan,1042.63439,2.8526245e-04,1775.57963,2.5404323e-04,1.0335138e-02,5.0299477e-02
0.14344409115005907,0.9996197351457489,0.0002918797036213883,1755.7536040913517,-3.0557741e-03,380377,1042.61521,1775.55852,1.5907189e+05,4.6436230e+01,5.8319863e+03,1.4381945e+01,1.6650005e+05,4.8616470e+01,0,nan,nan,nan,nan,1042.61521,2.7191782e-04,1775.55852,2.4296390e-04,-9.9862767e-03,2.6683923e-02
0.14363396247517812,1.0003158823622613,0.0002933965691718128,1743.4840339626767,-3.1869805e-03,371543,1042.61490,1775.53030,1.5920903e+05,4.6680367e+01,6.7182271e+03,1.4813651e+01,1.6662602e+05,4.8872066e+01,0,nan,nan,nan,nan,1042.61490,2.7341966e-04,1775.53030,2.4441420e-04,-1.0665517e-02,-4.2702584e-03
0.14395727283454107,0.9995481653080132,0.00028215911357157644,1921.395877273038,3.1831465e-03,499635,471.02738,463.89581,1.6400961e+05,4.6246326e+01,2.5994570e+03,1.3522301e+01,1.6973017e+05,4.7912563e+01,0,nan,nan,nan,nan,471.02738,2.5902395e-04,463.89581,2.9365087e-04,2.9213609e-02,-5.0594169e-03
0.14396373550539499,0.9995494709891835,0.0002839497723235642,1731.2146037357068,-3.1787553e-03,362709,1328.19959,1819.01650,1.5831958e+05,4.4926083e+01,4.0576411e+03,1.1665077e+01,1.6615714e+05,4.7201550e+01,0,nan,nan,nan,nan,1328.19959,2.5950259e-04,1819.01650,2.3025379e-04,-3.0664091e-03,3.6308877e-02
0.1441102526277973,1.0000247945904936,0.000285114636815521,1915.2611502528312,3.1757359e-03,495218,471.02917,463.89591,1.6397952e+05,4.6749157e+01,4.3657417e+03,1.4521937e+01,1.6987803e+05,4.8433510e+01,0,nan,nan,nan,nan,471.02917,2.6314304e-04,463.89591,2.9759033e-04,3.3311442e-02,-6.4224415e-03
0.14423764576804388,1.0004685071782455,0.00028220591242460484,1909.1263976459713,3.1427389e-03,490801,470.99941,463.87869,1.6402367e+05,4.6241894e+01,2.5897573e+03,1.3500563e+01,1.6984197e+05,4.7907963e+01,0,nan,nan,nan,nan,470.99941,2.5797947e-04,463.87869,2.9347854e-04,-8.0013921e-04,-2.2923237e-02
0.1443170574530086,1.0002034384004506,0.0002821993029827031,1902.9915970576562,3.0617607e-03,486384,470.98951,463.86026,1.6392150e+05,4.6247395e+01,2.7468879e+03,1.3491895e+01,1.6982116e+05,4.7913666e+01,0,nan,nan,nan,nan,470.98951,2.5822970e-04,463.86026,2.9389249e-04,-1.1435205e-02,-4.4309426e-02
0.14443156448351147,1.0005218385569268,0.0002849190585297888,1718.9453115646847,-3.0318215e-03,353875,1328.20927,1818.98891,1.5789111e+05,4.5045002e+01,4.7585278e+03,1.2001419e+01,1.6619173e+05,4.7326496e+01,0,nan,nan,nan,nan,1328.20927,2.6150979e-04,1818.98891,2.3131765e-04,6.9315601e-03,7.1919141e-03
0.1447124118112697,0.9996175215864783,0.0002831049207899553,1712.8107124120124,-2.9114219e-03,349458,1328.20658,1818.98653,1.5825816e+05,4.4816128e+01,3.7406753e+03,1.1449896e+01,1.6625645e+05,4.7086025e+01,0,nan,nan,nan,nan,1328.20658,2.5912019e-04,1818.98653,2.2952395e-04,4.1722846e-03,3.9449488e-03
0.14479426486605007,1.0007003694743632,0.00030293729861237905,1761.8898342650677,-2.9339502e-03,384795,1042.63378,1775.56893,1.5941852e+05,4.8242809e+01,1.2482396e+04,1.7330774e+01,1.6684391e+05,5.0507870e+01,0,nan,nan,nan,nan,1042.63378,2.8505057e-04,1775.56893,2.5418709e-04,1.0791938e-02,3.8761526e-02
0.1448330026964868,1.0007624012910197,0.0002920149861647263,1755.7549930028981,-3.0557509e-03,380378,1042.61055,1775.56313,1.5924847e+05,4.6457737e+01,5.8252256e+03,1.4406611e+01,1.6669031e+05,4.8638988e+01,0,nan,nan,nan,nan,1042.61055,2.7205792e-04,1775.56313,2.4277235e-04,-1.5407470e-02,3.1806491e-02
0.14502285865501108,0.9989160172233135,0.0002932612460489736,1743.4854228588565,-3.1869726e-03,371544,1042.61895,1775.52019,1.5899212e+05,4.6658833e+01,6.7282476e+03,1.4812329e+01,1.6639283e+05,4.8849522e+01,0,nan,nan,nan,nan,1042.61895,2.7371806e-04,1775.52019,2.4463804e-04,-6.5261386e-03,-1.4527095e-02
0.1453461595024237,0.9999713847384781,0.00028200748816332056,1921.3972661597059,3.1831448e-03,499636,471.02143,463.88141,1.6407233e+05,4.6221493e+01,2.6016016e+03,1.3440615e+01,1.6980208e+05,4.7886826e+01,0,nan,nan,nan,nan,471.02143,2.5860206e-04,463.88141,2.9317554e-04,2.3410466e-02,-1.9884413e-02
0.14535261610649253,0.9994101034492002,0.0002838427028674527,1731.2159926163079,-3.1787630e-03,362710,1328.20160,1819.02075,1.5830359e+05,4.4909077e+01,4.0413806e+03,1.1601349e+01,1.6613375e+05,4.7183685e+01,0,nan,nan,nan,nan,1328.20160,2.5952529e-04,1819.02075,2.2959584e-04,-1.1085233e-03,4.1489977e-02
0.14549914511553652,0.9992688959340429,0.00028495809934350915,1915.262539145319,3.1757401e-03,495219,471.01749,463.91001,1.6393866e+05,4.6723404e+01,4.3656787e+03,1.4457491e+01,1.6974928e+05,4.8406822e+01,0,nan,nan,nan,nan,471.01749,2.6255896e-04,463.91001,2.9750876e-04,2.0628056e-02,1.0698283e-02
0.1456265482679555,0.9996787306098391,0.00028183486990118165,1909.1277865484712,3.1427532e-03,490802,470.99707,463.87354,1.6378655e+05,4.6181091e+01,2.5997966e+03,1.3437455e+01,1.6970788e+05,4.7844971e+01,0,nan,nan,nan,nan,470.99707,2.5826014e-04,463.87354,2.9340343e-04,-2.7811253e-03,-2.9325821e-02
0.14570596763633148,0.9997534890883467,0.00028210267185782545,1902.9929859678396,3.0617826e-03,486385,470.98830,463.85461,1.6385356e+05,4.6231537e+01,2.7571406e+03,1.3526995e+01,1.6974467e+05,4.7897236e+01,0,nan,nan,nan,nan,470.98830,2.5819955e-04,463.85461,2.9357796e-04,-1.2138650e-02,-5.0830852e-02
0.1458204297177872,1.0008507951403671,0.0002848489282377401,1718.946700429919,-3.0318445e-03,353876,1328.20211,1818.98380,1.5786527e+05,4.5033756e+01,4.7458438e+03,1.1985576e+01,1.6624580e+05,4.7314678e+01,0,nan,nan,nan,nan,1328.20211,2.6153968e-04,1818.98380,2.3133388e-04,-4.1569266e-04,1.6944939e-03
0.14610126819729852,0.9991736492954989,0.0002832544440142423,1712.8121012683985,-2.9114538e-03,349459,1328.20676,1818.98637,1.5829095e+05,4.4839684e+01,3.7308545e+03,1.1520513e+01,1.6618217e+05,4.7110771e+01,0,nan,nan,nan,nan,1328.20676,2.5913760e-04,1818.98637,2.2984941e-04,4.3827435e-03,3.5500878e-03
0.14618318456177803,1.0007572803164695,0.0003030563532098382,1761.8912231847635,-2.9339187e-03,384796,1042.62757,1775.56822,1.5936408e+05,4.8261673e+01,1.2506163e+04,1.7351864e+01,1.6685306e+05,5.0527618e+01,0,nan,nan,nan,nan,1042.62757,2.8567170e-04,1775.56822,2.5449679e-04,5.0543677e-03,3.8316101e-02
0.1462219142426875,0.9998434035025395,0.00029194829812644746,1755.7563819144443,-3.0557276e-03,380379,1042.61346,1775.56845,1.5911869e+05,4.6447113e+01,5.8400586e+03,1.4421052e+01,1.6653719e+05,4.8627861e+01,0,nan,nan,nan,nan,1042.61346,2.7214971e-04,1775.56845,2.4262632e-04,-1.2002735e-02,3.7367813e-02
0.14641175460155864,0.999922452148633,0.00029334539684364153,1743.486811754803,-3.1869649e-03,371545,1042.61044,1775.51898,1.5918462e+05,4.6672211e+01,6.7413018e+03,1.4782666e+01,1.6656047e+05,4.8863533e+01,0,nan,nan,nan,nan,1042.61044,2.7362403e-04,1775.51898,2.4440576e-04,-1.5633643e-02,-1.5217090e-02
0.14673504593838516,1.0000389011654494,0.00028214410177852676,1921.3986550461418,3.1831430e-03,499637,471.02084,463.87915,1.6404673e+05,4.6243893e+01,2.5988293e+03,1.3467180e+01,1.6981356e+05,4.7910034e+01,0,nan,nan,nan,nan,471.02084,2.5880500e-04,463.87915,2.9385640e-04,2.2997461e-02,-2.2996021e-02
0.14674149647430534,0.9995542189910206,0.00028392875891759193,1731.2173814966757,-3.1787709e-03,362711,1328.20190,1819.02219,1.5843422e+05,4.4922634e+01,4.0469441e+03,1.1626278e+01,1.6615747e+05,4.7197926e+01,0,nan,nan,nan,nan,1328.20190,2.5930200e-04,1819.02219,2.2926219e-04,-1.6331582e-03,4.2791236e-02
0.14688803760327573,0.9997570209753938,0.0002847836697673048,1915.2639280378066,3.1757443e-03,495220,471.01677,463.89079,1.6354073e+05,4.6694710e+01,4.3582202e+03,1.4521016e+01,1.6983188e+05,4.8377098e+01,0,nan,nan,nan,nan,471.01677,2.6417724e-04,463.89079,2.9842826e-04,2.2415899e-02,-1.1396592e-02
0.1470154510009255,0.9999274526710774,0.00028195361491009706,1909.1291754512042,3.1427676e-03,490803,470.99957,463.87949,1.6389917e+05,4.6200542e+01,2.5987944e+03,1.3461203e+01,1.6975008e+05,4.7865120e+01,0,nan,nan,nan,nan,470.99957,2.5797664e-04,463.87949,2.9320974e-04,-3.8555911e-04,-2.2503575e-02
0.14720929495138046,1.0006611757420274,0.00028503012878315355,1718.9480892951526,-3.0318676e-03,353877,1328.20345,1818.99104,1.5787658e+05,4.5062244e+01,4.7548228e+03,1.2042952e+01,1.6621370e+05,4.7344612e+01,0,nan,nan,nan,nan,1328.20345,2.6143849e-04,1818.99104,2.3146422e-04,5.3558889e-04,9.4598569e-03
0.14749012435049735,0.9999263345611011,0.0002833611241090585,1712.8134901245517,-2.9114860e-03,349460,1328.20320,1818.97976,1.5848191e+05,4.4856441e+01,3.7451768e+03,1.1477438e+01,1.6630691e+05,4.7128384e+01,0,nan,nan,nan,nan,1328.20320,2.5882127e-04,1818.97976,2.2915911e-04,7.8985805e-04,-3.0059139e-03
0.14757210425796075,0.9992001978419764,0.00030282581840591975,1761.8926121044597,-2.9338873e-03,384797,1042.63330,1775.57897,1.5920311e+05,4.8224865e+01,1.2516854e+04,1.7320023e+01,1.6659312e+05,5.0489082e+01,0,nan,nan,nan,nan,1042.63330,2.8541719e-04,1775.57897,2.5445176e-04,9.9407537e-03,4.9440648e-02
0.14761082578934293,0.9994577644945887,0.00029179674580066177,1755.757770825991,-3.0557043e-03,380380,1042.61361,1775.56379,1.5912494e+05,4.6422985e+01,5.8484419e+03,1.4355708e+01,1.6647289e+05,4.8602604e+01,0,nan,nan,nan,nan,1042.61361,2.7188507e-04,1775.56379,2.4270556e-04,-1.1286709e-02,3.2539602e-02
0.14780065078093685,1.000046608277637,0.0002933520826672885,1743.4882006509824,-3.1869570e-03,371546,1042.61678,1775.52138,1.5910833e+05,4.6673275e+01,6.7511318e+03,1.4803732e+01,1.6658114e+05,4.8864643e+01,0,nan,nan,nan,nan,1042.61678,2.7376207e-04,1775.52138,2.4459732e-04,-9.0893405e-03,-1.3614877e-02
0.14812393260626777,0.9999237425707653,0.00028204399349240607,1921.4000439328097,3.1831414e-03,499638,471.02678,463.89803,1.6411294e+05,4.6227493e+01,2.5918472e+03,1.3447211e+01,1.6979405e+05,4.7893044e+01,0,nan,nan,nan,nan,471.02678,2.5861230e-04,463.89803,2.9304784e-04,2.9060645e-02,-2.1852998e-03
0.14813037684189112,0.999820616497504,0.0002839687512112201,1731.2187703770433,-3.1787788e-03,362712,1328.20000,1819.01784,1.5847814e+05,4.4928898e+01,4.0567566e+03,1.1623118e+01,1.6620152e+05,4.7204506e+01,0,nan,nan,nan,nan,1328.20000,2.5935288e-04,1819.01784,2.2905077e-04,-3.4904908e-03,3.8840827e-02
0.14827693009283394,0.9995735622231425,0.0002850522779845307,1915.2653169302962,3.1757485e-03,495221,471.01756,463.89824,1.6391753e+05,4.6738663e+01,4.3584038e+03,1.4483064e+01,1.6980038e+05,4.8422630e+01,0,nan,nan,nan,nan,471.01756,2.6382829e-04,463.89824,2.9736166e-04,2.2145351e-02,-3.2710314e-03
0.14840435350106418,1.0000308249629593,0.00028205963873679076,1909.1305643537044,3.1427818e-03,490804,471.00085,463.88277,1.6390819e+05,4.6217907e+01,2.6172063e+03,1.3471026e+01,1.6976761e+05,4.7883114e+01,0,nan,nan,nan,nan,471.00085,2.5826006e-04,463.88277,2.9331088e-04,1.0063160e-03,-1.8826483e-02
0.1484837880036597,1.0002868124986382,0.0002824671534672199,1902.995763788207,3.0618263e-03,486387,470.98739,463.85552,1.6393989e+05,4.6291222e+01,2.7524387e+03,1.3680371e+01,1.6983505e+05,4.7959068e+01,0,nan,nan,nan,nan,470.98739,2.5803826e-04,463.85552,2.9369319e-04,-1.3556375e-02,-4.9891010e-02
0.14859816018520144,1.0000471112410978,0.00028479367783312934,1718.9494781603864,-3.0318906e-03,353878,1328.20758,1818.98243,1.5771248e+05,4.5024704e+01,4.7376235e+03,1.1960546e+01,1.6611112e+05,4.7305168e+01,0,nan,nan,nan,nan,1328.20758,2.6169632e-04,1818.98243,2.3237670e-04,5.3562485e-03,1.6245195e-04
0.1488789807378904,0.9994858586570465,0.0002833870209334639,1712.814878980939,-2.9115179e-03,349461,1328.20760,1818.99214,1.5838516e+05,4.4860420e+01,3.7444319e+03,1.1469736e+01,1.6623320e+05,4.7132561e+01,0,nan,nan,nan,nan,1328.20760,2.5928643e-04,1818.99214,2.2942928e-04,5.8671487e-03,1.0400538e-02
0.14896102395414346,0.9993963702984323,0.00030280428263263973,1761.8940010241558,-2.9338559e-03,384798,1042.62828,1775.56747,1.5914753e+05,4.8221340e+01,1.2529918e+04,1.7311558e+01,1.6662550e+05,5.0485394e+01,0,nan,nan,nan,nan,1042.62828,2.8591746e-04,1775.56747,2.5466777e-04,5.0670379e-03,3.6465138e-02
0.1489997373364531,0.9995737173933946,0.0002919883617478608,1755.759159737538,-3.0556810e-03,380381,1042.61495,1775.57266,1.5904767e+05,4.6453457e+01,5.8562305e+03,1.4447880e+01,1.6649216e+05,4.8634502e+01,0,nan,nan,nan,nan,1042.61495,2.7252891e-04,1775.57266,2.4273021e-04,-1.0111698e-02,4.1600063e-02
0.14918954696122455,0.99991103885955,0.00029333467334275267,1743.4895895471627,-3.1869491e-03,371547,1042.61575,1775.52371,1.5911842e+05,4.6670502e+01,6.7548613e+03,1.4801828e+01,1.6655855e+05,4.8861740e+01,0,nan,nan,nan,nan,1042.61575,2.7371437e-04,1775.52371,2.4440282e-04,-9.9923909e-03,-1.0952828e-02
0.14951281904041025,1.0005609019832047,0.000282123395206566,1921.4014328192438,3.1831395e-03,499639,471.03040,463.89426,1.6417766e+05,4.6240513e+01,2.5947458e+03,1.3466105e+01,1.6990228e+05,4.7906536e+01,0,nan,nan,nan,nan,471.03040,2.5870511e-04,463.89426,2.9294242e-04,3.2688733e-02,-6.3462937e-03
0.14951925744298933,1.0000628678594015,0.0002839263776877669,1731.2201592576444,-3.1787865e-03,362713,1328.20015,1819.02544,1.5842177e+05,4.4922131e+01,4.0384797e+03,1.1611973e+01,1.6624155e+05,4.7197395e+01,0,nan,nan,nan,nan,1328.20015,2.5963772e-04,1819.02544,2.2893610e-04,-3.1021407e-03,4.7216300e-02
0.14966582281476803,0.9998555415749756,0.0002853597537455251,1915.2667058230181,3.1757529e-03,495222,471.01488,463.90546,1.6416544e+05,4.6788986e+01,4.3475513e+03,1.4532198e+01,1.6984794e+05,4.8474770e+01,0,nan,nan,nan,nan,471.01488,2.6197257e-04,463.90546,2.9748055e-04,1.7082276e-02,4.8820013e-03
0.14979325600143056,1.000080421757664,0.0002821607721480636,1909.1319532562047,3.1427960e-03,490805,470.99777,463.87399,1.6395361e+05,4.6234474e+01,2.6125889e+03,1.3517205e+01,1.6977602e+05,4.7900276e+01,0,nan,nan,nan,nan,470.99777,2.5830264e-04,463.87399,2.9332587e-04,-1.9990143e-03,-2.8289519e-02
0.14987269795392422,0.9996560179803506,0.00028224132184055147,1902.9971526981572,3.0618480e-03,486388,470.98974,463.86113,1.6391658e+05,4.6254185e+01,2.7431719e+03,1.3572374e+01,1.6972786e+05,4.7920700e+01,0,nan,nan,nan,nan,470.98974,2.5808910e-04,463.86113,2.9353696e-04,-1.1169235e-02,-4.2278662e-02
0.1499870251866472,1.0001793789317213,0.00028477717701621077,1718.9508670253879,-3.0319139e-03,353879,1328.20684,1818.99434,1.5771641e+05,4.5021942e+01,4.7291924e+03,1.1984156e+01,1.6613252e+05,4.7302261e+01,0,nan,nan,nan,nan,1328.20684,2.6169716e-04,1818.99434,2.3148290e-04,4.6532438e-03,1.2945021e-02
0.15026783712551184,0.9993308514105959,0.00028337225418222057,1712.8162678373267,-2.9115498e-03,349462,1328.20629,1818.98081,1.5830148e+05,4.4857956e+01,3.7489780e+03,1.1513820e+01,1.6620695e+05,4.7129974e+01,0,nan,nan,nan,nan,1328.20629,2.5910616e-04,1818.98081,2.2966135e-04,3.3392264e-03,-2.0658129e-03
0.15034994364987142,1.0006697581221822,0.00030290484578866534,1761.8953899438516,-2.9338244e-03,384799,1042.63451,1775.57122,1.5940730e+05,4.8237267e+01,1.2495024e+04,1.7299763e+01,1.6683750e+05,5.0502064e+01,0,nan,nan,nan,nan,1042.63451,2.8522129e-04,1775.57122,2.5426084e-04,1.1160617e-02,4.1297544e-02
0.15038864888333559,1.0001459062330675,0.0002919401159894506,1755.760548649085,-3.0556577e-03,380382,1042.61195,1775.56564,1.5909280e+05,4.6445766e+01,5.8746338e+03,1.4393192e+01,1.6658741e+05,4.8626453e+01,0,nan,nan,nan,nan,1042.61195,2.7279113e-04,1775.56564,2.4272890e-04,-1.2617341e-02,3.4294289e-02
0.1505784429086816,1.000345576790018,0.0002933461604055271,1743.4909784431102,-3.1869414e-03,371548,1042.62017,1775.52076,1.5921259e+05,4.6672325e+01,6.7455044e+03,1.4779304e+01,1.6663091e+05,4.8863651e+01,0,nan,nan,nan,nan,1042.62017,2.7346975e-04,1775.52076,2.4430832e-04,-4.5871935e-03,-1.3806749e-02
0.15090170570738337,0.9999853270516834,0.0002820730579718975,1921.4028217059108,3.1831379e-03,499640,471.02130,463.88441,1.6403381e+05,4.6232269e+01,2.5852395e+03,1.3511303e+01,1.6980456e+05,4.7897995e+01,0,nan,nan,nan,nan,471.02130,2.5866696e-04,463.88441,2.9351687e-04,2.3255128e-02,-1.7344670e-02
0.15090813781148393,1.0000177825109207,0.00028384695700739643,1731.2215481380128,-3.1787944e-03,362714,1328.20628,1819.02568,1.5849273e+05,4.4909492e+01,4.0215972e+03,1.1563548e+01,1.6623381e+05,4.7184120e+01,0,nan,nan,nan,nan,1328.20628,2.5951504e-04,1819.02568,2.2873304e-04,2.9970247e-03,4.7293056e-02
0.151054715302962,0.9998554685850671,0.00028533558295455274,1915.2680947155063,3.1757571e-03,495223,471.01701,463.89304,1.6432661e+05,4.6784931e+01,4.3502534e+03,1.4510179e+01,1.6984759e+05,4.8470570e+01,0,nan,nan,nan,nan,471.01701,2.6156398e-04,463.89304,2.9664836e-04,1.8255331e-02,-7.9836305e-03
0.1511821587346276,1.000067956006266,0.00028204246924022055,1909.133342158938,3.1428104e-03,490806,471.00080,463.88724,1.6397414e+05,4.6215084e+01,2.6041067e+03,1.3476195e+01,1.6977388e+05,4.7880188e+01,0,nan,nan,nan,nan,471.00080,2.5800601e-04,463.88724,2.9305730e-04,5.6516129e-04,-1.4162450e-02
0.15126160813770184,1.0001174081074427,0.0002823771991643461,1902.998541608341,3.0618699e-03,486389,470.98493,463.84781,1.6389920e+05,4.6276424e+01,2.7598630e+03,1.3606402e+01,1.6980611e+05,4.7943741e+01,0,nan,nan,nan,nan,470.98493,2.5802382e-04,463.84781,2.9412104e-04,-1.5766766e-02,-5.8378160e-02
0.15137589042092225,1.0007503552368142,0.0002851047850082873,1718.9522558906222,-3.0319369e-03,353880,1328.20225,1818.97636,1.5798462e+05,4.5073578e+01,4.7389077e+03,1.1991181e+01,1.6622678e+05,4.7356514e+01,0,nan,nan,nan,nan,1328.20225,2.6122024e-04,1818.97636,2.3210477e-04,-1.7536203e-03,-6.2856087e-03
0.15165669351222244,1.0000898311079867,0.0002834529423922876,1712.8176566937134,-2.9115817e-03,349463,1328.20628,1818.98812,1.5858012e+05,4.4870605e+01,3.7482034e+03,1.1488172e+01,1.6633272e+05,4.7143261e+01,0,nan,nan,nan,nan,1328.20628,2.5869138e-04,1818.98812,2.2864366e-04,3.6267857e-03,6.8389690e-03
0.15173886334605413,1.0001426573344043,0.00030290204186919444,1761.8967788635478,-2.9337930e-03,384800,1042.62779,1775.57428,1.5932716e+05,4.8236725e+01,1.2525688e+04,1.7314215e+01,1.6674930e+05,5.0501499e+01,0,nan,nan,nan,nan,1042.62779,2.8542770e-04,1775.57428,2.5440095e-04,4.7175488e-03,4.4157434e-02
0.15177756043021873,0.9999106709822438,0.0002919264405923742,1755.7619375606318,-3.0556344e-03,380383,1042.61664,1775.55995,1.5911748e+05,4.6443577e+01,5.8793579e+03,1.4391788e+01,1.6654817e+05,4.8624161e+01,0,nan,nan,nan,nan,1042.61664,2.7202006e-04,1775.55995,2.4278794e-04,-7.9928795e-03,2.8646626e-02
0.15196733908851456,1.000091288367729,0.0002933823534085867,1743.49236733929,-3.1869335e-03,371549,1042.61388,1775.52881,1.5906838e+05,4.6678085e+01,6.7547236e+03,1.4817978e+01,1.6658855e+05,4.8869678e+01,0,nan,nan,nan,nan,1042.61388,2.7379210e-04,1775.52881,2.4487180e-04,-1.2010125e-02,-5.4951776e-03
0.1522905921419806,1.0000148508457791,0.00028206224513785015,1921.4042105923454,3.1831360e-03,499641,471.02077,463.88329,1.6398970e+05,4.6230503e+01,2.6004734e+03,1.3485321e+01,1.6980959e+05,4.7896168e+01,0,nan,nan,nan,nan,471.02077,2.5877770e-04,463.88329,2.9339798e-04,2.3021426e-02,-1.8145025e-02
0.1522970184125828,0.9995092630022175,0.0002840493812313432,1731.222937018614,-3.1788021e-03,362715,1328.20224,1819.01597,1.5835189e+05,4.4941448e+01,4.0430181e+03,1.1695874e+01,1.6614902e+05,4.7217697e+01,0,nan,nan,nan,nan,1328.20224,2.6019110e-04,1819.01597,2.2984788e-04,-2.2869112e-04,3.6257766e-02
0.1524436077907012,1.000127319058622,0.00028540075313473345,1915.269483607994,3.1757613e-03,495224,471.02202,463.90565,1.6431156e+05,4.6795525e+01,4.3505308e+03,1.4530183e+01,1.6989344e+05,4.8481544e+01,0,nan,nan,nan,nan,471.02202,2.6177944e-04,463.90565,2.9713899e-04,2.4579234e-02,5.0463001e-03
0.15257106123453923,1.0001044377343684,0.00028194696013222165,1909.1347310614378,3.1428246e-03,490807,470.99773,463.86709,1.6393720e+05,4.6199425e+01,2.6002075e+03,1.3430325e+01,1.6978005e+05,4.7863972e+01,0,nan,nan,nan,nan,470.99773,2.5809254e-04,463.86709,2.9333043e-04,-2.6771892e-03,-3.6609843e-02
0.15265051832147947,0.9999534305053651,0.0002822290262130728,1902.9999305185247,3.0618918e-03,486390,470.98694,463.86398,1.6390656e+05,4.6252117e+01,2.7568318e+03,1.3536045e+01,1.6977817e+05,4.7918556e+01,0,nan,nan,nan,nan,470.98694,2.5821134e-04,463.86398,2.9378908e-04,-1.3840827e-02,-4.0006269e-02
0.1527647556545162,1.000480151956579,0.000284899284947864,1718.9536447558557,-3.0319600e-03,353881,1328.20834,1818.99556,1.5788381e+05,4.5040936e+01,4.7260674e+03,1.1992641e+01,1.6618133e+05,4.7322220e+01,0,nan,nan,nan,nan,1328.20834,2.6147458e-04,1818.99556,2.3149501e-04,5.8240411e-03,1.4039306e-02
0.15304554989825192,0.9998801103543802,0.0002836776671714403,1712.8190455500994,-2.9116136e-03,349464,1328.20749,1818.98754,1.5856864e+05,4.4906052e+01,3.7645959e+03,1.1552821e+01,1.6629736e+05,4.7180504e+01,0,nan,nan,nan,nan,1328.20749,2.5889507e-04,1818.98754,2.2897866e-04,4.6556322e-03,5.8616488e-03
0.1531277830420098,1.000022317231751,0.0003027591499372355,1761.8981677832437,-2.9337616e-03,384801,1042.63114,1775.57035,1.5923306e+05,4.8213882e+01,1.2498319e+04,1.7294031e+01,1.6672892e+05,5.0477585e+01,0,nan,nan,nan,nan,1042.63114,2.8553145e-04,1775.57035,2.5446728e-04,8.4533896e-03,3.9830200e-02
0.1531664719773289,0.9999622258282211,0.00029190397349140244,1755.763326472179,-3.0556112e-03,380384,1042.61463,1775.57461,1.5913692e+05,4.6439991e+01,5.8631108e+03,1.4401568e+01,1.6655672e+05,4.8620403e+01,0,nan,nan,nan,nan,1042.61463,2.7194805e-04,1775.57461,2.4261350e-04,-1.0255219e-02,4.3774541e-02
0.15335623503597162,1.000188861846284,0.00029339724483631147,1743.4937562352375,-3.1869258e-03,371550,1042.61808,1775.52115,1.5915794e+05,4.6680447e+01,6.7480000e+03,1.4798792e+01,1.6660478e+05,4.8872154e+01,0,nan,nan,nan,nan,1042.61808,2.7381655e-04,1775.52115,2.4466668e-04,-7.4939262e-03,-1.3616614e-02
0.15367947857612307,1.0002059076384031,0.00028224514457551473,1921.4055994787795,3.1831341e-03,499642,471.02592,463.88891,1.6409909e+05,4.6260487e+01,2.5987925e+03,1.3542683e+01,1.6984206e+05,4.7927231e+01,0,nan,nan,nan,nan,471.02592,2.5868861e-04,463.88891,2.9324618e-04,2.8580876e-02,-1.2197657e-02
0.1536858987808497,0.9995113159839836,0.00028389929831246013,1731.2243258989822,-3.1788100e-03,362716,1328.20060,1819.02389,1.5835914e+05,4.4917637e+01,4.0247117e+03,1.1609550e+01,1.6614911e+05,4.7192677e+01,0,nan,nan,nan,nan,1328.20060,2.5961659e-04,1819.02389,2.2934042e-04,-3.0007015e-03,4.4830974e-02
0.15383250027889517,0.9994833588013906,0.00028515594796114956,1915.2708725004823,3.1757655e-03,495225,471.01583,463.89512,1.6384552e+05,4.6755295e+01,4.3651680e+03,1.4543625e+01,1.6978372e+05,4.8439865e+01,0,nan,nan,nan,nan,471.01583,2.6249007e-04,463.89512,2.9906305e-04,1.7808264e-02,-5.7634199e-03
0.1539599637349056,1.0004497450042351,0.00028200271039309055,1909.1361199639382,3.1428388e-03,490808,471.00138,463.88910,1.6393939e+05,4.6208557e+01,2.6027803e+03,1.3462233e+01,1.6983866e+05,4.7873428e+01,0,nan,nan,nan,nan,471.00138,2.5805540e-04,463.88910,2.9330995e-04,1.2778479e-03,-1.1662655e-02
0.1540394285052571,1.000037496036257,0.00028225083717016886,1903.0013194287085,3.0619137e-03,486391,470.98485,463.85661,1.6393547e+05,4.6255669e+01,2.7519800e+03,1.3547438e+01,1.6979234e+05,4.7922237e+01,0,nan,nan,nan,nan,470.98485,2.5804309e-04,463.85661,2.9355122e-04,-1.6556628e-02,-4.7754344e-02
0.15415362088901963,1.0003764968045084,0.0002848584849788729,1718.9550336210903,-3.0319830e-03,353882,1328.20502,1818.98344,1.5784833e+05,4.5034332e+01,4.7290991e+03,1.1993674e+01,1.6616355e+05,4.7315281e+01,0,nan,nan,nan,nan,1328.20502,2.6146419e-04,1818.98344,2.3163730e-04,2.6736530e-03,1.1281696e-03
0.1544344062842814,0.9996023048028678,0.0002835655337295529,1712.8204344064854,-2.9116455e-03,349465,1328.20890,1818.98485,1.5855320e+05,4.4888172e+01,3.7617983e+03,1.1546185e+01,1.6625069e+05,4.7161720e+01,0,nan,nan,nan,nan,1328.20890,2.5899126e-04,1818.98485,2.2883128e-04,6.8608122e-03,3.5810871e-03
0.1545167027379648,0.9999937561831428,0.0003028171174427842,1761.8995567029397,-2.9337301e-03,384802,1042.63806,1775.57925,1.5924819e+05,4.8223022e+01,1.2529112e+04,1.7311445e+01,1.6672386e+05,5.0487156e+01,0,nan,nan,nan,nan,1042.63806,2.8543020e-04,1775.57925,2.5440386e-04,1.5362951e-02,4.8840355e-02
0.15455538352398435,1.0001375024976324,0.00029200597301104583,1755.7647153837256,-3.0555879e-03,380385,1042.61518,1775.56836,1.5912131e+05,4.6456200e+01,5.8900278e+03,1.4450821e+01,1.6658586e+05,4.8637379e+01,0,nan,nan,nan,nan,1042.61518,2.7225120e-04,1775.56836,2.4271350e-04,-1.0131828e-02,3.6978897e-02
0.15474513121580458,1.000071765047313,0.0002935394787832544,1743.4951451314173,-3.1869179e-03,371551,1042.61878,1775.52188,1.5910969e+05,4.6703068e+01,6.7792744e+03,1.4858857e+01,1.6658527e+05,4.8895840e+01,0,nan,nan,nan,nan,1042.61878,2.7371536e-04,1775.52188,2.4479176e-04,-6.3015013e-03,-1.2089017e-02
0.1550683652440057,0.9998668047042967,0.0002820041318193223,1921.4069883654474,3.1831325e-03,499643,471.02322,463.88364,1.6411238e+05,4.6220993e+01,2.5902380e+03,1.3432239e+01,1.6978452e+05,4.7886314e+01,0,nan,nan,nan,nan,471.02322,2.5850820e-04,463.88364,2.9313844e-04,2.5370857e-02,-1.8035602e-02
0.15507477938194858,0.999572145495408,0.00028388980872390003,1731.2257147795833,-3.1788177e-03,362717,1328.19817,1819.01792,1.5835750e+05,4.4916065e+01,4.0274309e+03,1.1628108e+01,1.6615894e+05,4.7191021e+01,0,nan,nan,nan,nan,1328.19817,2.5946699e-04,1819.01792,2.2964686e-04,-5.0319675e-03,3.8414858e-02
0.15522139299946502,0.9995644897428675,0.0002853706504824768,1915.2722613932028,3.1757699e-03,495226,471.01765,463.89781,1.6415520e+05,4.6790409e+01,4.3452256e+03,1.4551607e+01,1.6979717e+05,4.8476242e+01,0,nan,nan,nan,nan,471.01765,2.6180732e-04,463.89781,2.9774423e-04,1.9448007e-02,-3.4468863e-03
0.15534886646810264,0.9999007120216298,0.0002819658887193238,1909.1375088666714,3.1428533e-03,490809,470.99762,463.86723,1.6385003e+05,4.6202518e+01,2.6021914e+03,1.3489655e+01,1.6974542e+05,4.7867172e+01,0,nan,nan,nan,nan,470.99762,2.5796480e-04,463.86723,2.9396554e-04,-2.1851556e-03,-3.5886362e-02
0.15542833868903472,0.9997779713278864,0.0002822553891200945,1903.0027083388923,3.0619355e-03,486392,470.99220,463.86483,1.6387469e+05,4.6256386e+01,2.7661746e+03,1.3586599e+01,1.6974819e+05,4.7922981e+01,0,nan,nan,nan,nan,470.99220,2.5834356e-04,463.86483,2.9358661e-04,-8.1123346e-03,-3.8902249e-02
0.15554248612397714,0.9997980097202617,0.0002848618386581518,1718.9564224863252,-3.0320061e-03,353883,1328.20199,1818.97739,1.5769195e+05,4.5034706e+01,4.7349194e+03,1.1977801e+01,1.6606689e+05,4.7315678e+01,0,nan,nan,nan,nan,1328.20199,2.6201323e-04,1818.97739,2.3241025e-04,-5.0516002e-04,-5.7570953e-03
0.15582326243816136,0.9997431070404078,0.0002833652010064458,1712.8218232626393,-2.9116776e-03,349466,1328.20415,1818.98344,1.5847116e+05,4.4856331e+01,3.7662471e+03,1.1431996e+01,1.6627362e+05,4.7128265e+01,0,nan,nan,nan,nan,1328.20415,2.5919892e-04,1818.98344,2.2944283e-04,1.6112644e-03,7.5032021e-04
0.15590562243414752,1.000165342705713,0.00030296828479895675,1761.9009456226358,-2.9336987e-03,384803,1042.62663,1775.56521,1.5932350e+05,4.8247013e+01,1.2531884e+04,1.7351334e+01,1.6675219e+05,5.0512268e+01,0,nan,nan,nan,nan,1042.62663,2.8538471e-04,1775.56521,2.5434844e-04,3.0095414e-03,3.4404013e-02
0.15594429507109453,1.000591463715974,0.00029202168200213196,1755.7661042952727,-3.0555646e-03,380386,1042.61720,1775.56937,1.5918038e+05,4.6458687e+01,5.8986543e+03,1.4395134e+01,1.6666142e+05,4.8639980e+01,0,nan,nan,nan,nan,1042.61720,2.7235469e-04,1775.56937,2.4276115e-04,-8.2715787e-03,3.8879365e-02
0.15613402739609228,1.0001050911225573,0.0002935289652597908,1743.4965340275976,-3.1869099e-03,371552,1042.61758,1775.52480,1.5917259e+05,4.6701401e+01,6.7601543e+03,1.4863078e+01,1.6659080e+05,4.8894089e+01,0,nan,nan,nan,nan,1042.61758,2.7394074e-04,1775.52480,2.4459025e-04,-7.7305073e-03,-1.0142618e-02
0.15645725167996716,0.9999492233172471,0.00028225397327205724,1921.4083772518834,3.1831306e-03,499644,471.02250,463.88871,1.6413803e+05,4.6261948e+01,2.5971128e+03,1.3559443e+01,1.6979853e+05,4.7928741e+01,0,nan,nan,nan,nan,471.02250,2.5842836e-04,463.88871,2.9309897e-04,2.4465324e-02,-1.2496489e-02
0.15646365975021548,0.9999182465717074,0.00028392902343498674,1731.2271036599516,-3.1788256e-03,362718,1328.20395,1819.02141,1.5837541e+05,4.4922188e+01,4.0190015e+03,1.1618872e+01,1.6621620e+05,4.7197460e+01,0,nan,nan,nan,nan,1328.20395,2.6001915e-04,1819.02141,2.2940451e-04,1.3070604e-03,4.2782854e-02
0.15661028548811373,0.9996820232290382,0.0002851349492927599,1915.2736502856915,3.1757741e-03,495227,471.00951,463.88998,1.6407556e+05,4.6751671e+01,4.3233389e+03,1.4501575e+01,1.6981681e+05,4.8436108e+01,0,nan,nan,nan,nan,471.00951,2.6254269e-04,463.88998,2.9708861e-04,1.1435398e-02,-1.1045716e-02
0.15673776896755953,1.000018992004968,0.00028214466113280894,1909.1388977691709,3.1428675e-03,490810,471.00240,463.88493,1.6397994e+05,4.6231808e+01,2.6121716e+03,1.3501173e+01,1.6976548e+05,4.7897518e+01,0,nan,nan,nan,nan,471.00240,2.5815831e-04,463.88493,2.9325657e-04,3.1697305e-03,-1.6557410e-02
0.15681724887190285,1.0001354788117176,0.0002824899724158646,1903.0040972490751,3.0619574e-03,486393,470.98132,463.84747,1.6389795e+05,4.6294807e+01,2.7458882e+03,1.3674593e+01,1.6980880e+05,4.7962784e+01,0,nan,nan,nan,nan,470.98132,2.5807921e-04,463.84747,2.9400573e-04,-1.9936070e-02,-5.9368469e-02
0.15693135135825287,0.9999551344555279,0.0002847474312416768,1718.9578113515595,-3.0320291e-03,353884,1328.20408,1818.98982,1.5769120e+05,4.5016468e+01,4.7122974e+03,1.1979798e+01,1.6609242e+05,4.7296513e+01,0,nan,nan,nan,nan,1328.20408,2.6158406e-04,1818.98982,2.3185670e-04,1.5059165e-03,7.8423182e-03
0.15721211882510033,1.000092576353436,0.00028357495279908353,1712.8232121190263,-2.9117095e-03,349467,1328.20881,1818.98654,1.5862772e+05,4.4889400e+01,3.7680862e+03,1.1477971e+01,1.6633125e+05,4.7163010e+01,0,nan,nan,nan,nan,1328.20881,2.5907948e-04,1818.98654,2.2883283e-04,5.9287064e-03,5.4923426e-03
0.15729454212987548,0.9994608907527127,0.00030297901442845625,1761.9023345423316,-2.9336673e-03,384804,1042.63374,1775.57556,1.5912780e+05,4.8248642e+01,1.2555184e+04,1.7393280e+01,1.6663444e+05,5.0513973e+01,0,nan,nan,nan,nan,1042.63374,2.8555834e-04,1775.57556,2.5461454e-04,1.0413677e-02,4.5451779e-02
0.157333206617977,0.9998092889435648,0.00029182244005690624,1755.7674932068196,-3.0555413e-03,380387,1042.61511,1775.56439,1.5891161e+05,4.6426979e+01,5.9159399e+03,1.4412903e+01,1.6653109e+05,4.8606781e+01,0,nan,nan,nan,nan,1042.61511,2.7270327e-04,1775.56439,2.4315499e-04,-9.8142587e-03,3.3170328e-02
0.15752292334354934,0.9996755834582204,0.00029331227613605174,1743.497922923545,-3.1869023e-03,371553,1042.61468,1775.51633,1.5900227e+05,4.6666920e+01,6.7863076e+03,1.4831968e+01,1.6651925e+05,4.8857990e+01,0,nan,nan,nan,nan,1042.61468,2.7385278e-04,1775.51633,2.4480713e-04,-1.0946833e-02,-1.9299930e-02
0.15784613834784977,1.0004945875088977,0.00028214238687943537,1921.4097661385513,3.1831290e-03,499645,471.03041,463.89778,1.6416569e+05,4.6243668e+01,2.6050835e+03,1.3486663e+01,1.6989116e+05,4.7909801e+01,0,nan,nan,nan,nan,471.03041,2.5872013e-04,463.89778,2.9311207e-04,3.3539139e-02,-2.7767536e-03
0.1578525403515414,0.9998894353716171,0.000284047892475877,1731.228492540553,-3.1788333e-03,362719,1328.19993,1819.02222,1.5854128e+05,4.4940922e+01,4.0162222e+03,1.1623873e+01,1.6621112e+05,4.7217140e+01,0,nan,nan,nan,nan,1328.19993,2.5943876e-04,1819.02222,2.2887159e-04,-3.9894502e-03,4.3393575e-02
0.1579991779772172,0.9995689183149807,0.0002852177477773374,1915.2750391781806,3.1757783e-03,495228,471.02077,463.89287,1.6406531e+05,4.6765156e+01,4.3367949e+03,1.4533470e+01,1.6979727e+05,4.8450081e+01,0,nan,nan,nan,nan,471.02077,2.6274769e-04,463.89287,2.9716792e-04,2.3891902e-02,-7.8685516e-03
0.15812667146792592,1.0006010467158426,0.00028210067845468775,1909.1402866716712,3.1428817e-03,490811,470.99779,463.87779,1.6401677e+05,4.6224594e+01,2.6052166e+03,1.3478610e+01,1.6986428e+05,4.7890045e+01,0,nan,nan,nan,nan,470.99779,2.5802953e-04,463.87779,2.9316283e-04,-2.2181545e-03,-2.4822617e-02
0.15820615905522573,0.9999801616725258,0.0002823399703580177,1903.0054861592585,3.0619793e-03,486394,470.99347,463.85922,1.6388727e+05,4.6270199e+01,2.7684392e+03,1.3569392e+01,1.6978233e+05,4.7937290e+01,0,nan,nan,nan,nan,470.99347,2.5842155e-04,463.85922,2.9393265e-04,-7.4968268e-03,-4.5242634e-02
0.1583202165925286,1.0003209020182144,0.0002847711183888281,1718.9592002167938,-3.0320522e-03,353885,1328.20499,1818.98069,1.5779706e+05,4.5020061e+01,4.7247632e+03,1.1962635e+01,1.6615262e+05,4.7300289e+01,0,nan,nan,nan,nan,1328.20499,2.6127705e-04,1818.98069,2.3193812e-04,2.4336991e-03,-2.3584012e-03
0.1586009752111298,0.9997054262575519,0.0002834124321569402,1712.8246009754123,-2.9117414e-03,349468,1328.21078,1818.98851,1.5849825e+05,4.4863541e+01,3.7602939e+03,1.1484560e+01,1.6626638e+05,4.7135841e+01,0,nan,nan,nan,nan,1328.21078,2.5913864e-04,1818.98851,2.2891404e-04,8.4854001e-03,7.2096577e-03
0.1586834618251487,0.9993985148996527,0.0003029323987466102,1761.9037234620268,-2.9336358e-03,384805,1042.62647,1775.56251,1.5912611e+05,4.8241135e+01,1.2552723e+04,1.7379366e+01,1.6662377e+05,5.0506115e+01,0,nan,nan,nan,nan,1042.62647,2.8566216e-04,1775.56251,2.5470124e-04,3.3657944e-03,3.1689104e-02
0.15872211816486015,0.9999251129820678,0.0002918029295220577,1755.7688821183665,-3.0555180e-03,380388,1042.61210,1775.56797,1.5897273e+05,4.6423859e+01,5.9217539e+03,1.4392149e+01,1.6655034e+05,4.8603519e+01,0,nan,nan,nan,nan,1042.61210,2.7239224e-04,1775.56797,2.4296700e-04,-1.2508844e-02,3.6246106e-02
0.15891181952292754,1.0002189418254703,0.0002934456337938753,1743.4993118197244,-3.1868943e-03,371554,1042.61722,1775.52451,1.5921003e+05,4.6688133e+01,6.7816733e+03,1.4809934e+01,1.6660973e+05,4.8880199e+01,0,nan,nan,nan,nan,1042.61722,2.7360703e-04,1775.52451,2.4457779e-04,-8.2597518e-03,-9.9308128e-03
0.15923502478199225,1.0006533760354526,0.0002822007065572251,1921.4111550249854,3.1831271e-03,499646,471.02034,463.88366,1.6419234e+05,4.6253231e+01,2.5926028e+03,1.3487218e+01,1.6991814e+05,4.7919712e+01,0,nan,nan,nan,nan,471.02034,2.5859170e-04,463.88366,2.9309711e-04,2.1546863e-02,-1.8695489e-02
0.15924142071980896,0.9999109404340143,0.0002838800781791252,1731.2298814209212,-3.1788412e-03,362720,1328.19737,1819.01919,1.5846403e+05,4.4914291e+01,4.0084878e+03,1.1587464e+01,1.6621442e+05,4.7189163e+01,0,nan,nan,nan,nan,1328.19737,2.5941740e-04,1819.01919,2.2907759e-04,-6.4555747e-03,4.0199142e-02
0.15951557420112294,1.00004599321571,0.00028228014979026704,1909.1416755744044,3.1428961e-03,490812,470.99938,463.88425,1.6398512e+05,4.6253998e+01,2.6045681e+03,1.3590593e+01,1.6977003e+05,4.7920506e+01,0,nan,nan,nan,nan,470.99938,2.5800063e-04,463.88425,2.9312642e-04,-9.9522830e-04,-1.7397430e-02
0.15959506923877564,1.0001511568203876,0.0002821485795869024,1903.006875069442,3.0620012e-03,486395,470.98470,463.86036,1.6387631e+05,4.6238808e+01,2.7676875e+03,1.3536431e+01,1.6981127e+05,4.7904766e+01,0,nan,nan,nan,nan,470.98470,2.5808264e-04,463.86036,2.9381708e-04,-1.6344091e-02,-4.4200879e-02
0.15970908182612253,1.0003382880329037,0.0002848140696997813,1718.9605890820274,-3.0320752e-03,353886,1328.20149,1818.98624,1.5765339e+05,4.5026703e+01,4.7219692e+03,1.2051043e+01,1.6615495e+05,4.7307266e+01,0,nan,nan,nan,nan,1328.20149,2.6139698e-04,1818.98624,2.3233621e-04,-1.4887634e-03,3.5399406e-03
0.15998983159784042,0.9996170881542464,0.00028338964591314214,1712.825989831799,-2.9117733e-03,349469,1328.20079,1818.98190,1.5849873e+05,4.4859798e+01,3.7811760e+03,1.1463603e+01,1.6625117e+05,4.7131908e+01,0,nan,nan,nan,nan,1328.20079,2.5876815e-04,1818.98190,2.2905803e-04,-2.8388773e-03,-4.8827703e-04
0.16007238152064895,0.9993538441698261,0.00030281561564176273,1761.9051123817223,-2.9336044e-03,384806,1042.63394,1775.57465,1.5917670e+05,4.8222454e+01,1.2539039e+04,1.7318024e+01,1.6661603e+05,5.0486561e+01,0,nan,nan,nan,nan,1042.63394,2.8583055e-04,1775.57465,2.5453619e-04,1.0870074e-02,4.4484321e-02
0.16011102971197033,0.9998270184027709,0.0002919617827102981,1755.7702710299136,-3.0554947e-03,380389,1042.60993,1775.55997,1.5910292e+05,4.6449120e+01,5.9551060e+03,1.4419282e+01,1.6653397e+05,4.8629967e+01,0,nan,nan,nan,nan,1042.60993,2.7217713e-04,1775.55997,2.4278984e-04,-1.5561253e-02,2.9011521e-02
0.16030071570230575,1.0002030378411906,0.000293658114814457,1743.5007007159038,-3.1868864e-03,371555,1042.61307,1775.51825,1.5906145e+05,4.6721935e+01,6.7833740e+03,1.4880415e+01,1.6660708e+05,4.8915588e+01,0,nan,nan,nan,nan,1042.61307,2.7429868e-04,1775.51825,2.4539774e-04,-1.2210601e-02,-1.6917486e-02
0.16062391121636244,1.0003984101973986,0.0002821567900142716,1921.4125439114198,3.1831253e-03,499647,471.02117,463.87474,1.6418803e+05,4.6246040e+01,2.5878411e+03,1.3482882e+01,1.6987486e+05,4.7912258e+01,0,nan,nan,nan,nan,471.02117,2.5837982e-04,463.87474,2.9345826e-04,2.3389280e-02,-2.8298281e-02
0.16063030132090717,1.0000656871430769,0.0002838831676868345,1731.2312703015223,-3.1788489e-03,362721,1328.20299,1819.02272,1.5846320e+05,4.4914703e+01,4.0127766e+03,1.1587905e+01,1.6623984e+05,4.7189594e+01,0,nan,nan,nan,nan,1328.20299,2.5956309e-04,1819.02272,2.2898011e-04,1.1416899e-04,4.3843072e-02
0.16090447670057983,1.0001698188584722,0.00028214703025709176,1909.1430644769039,3.1429103e-03,490813,470.99817,463.87022,1.6390759e+05,4.6232178e+01,2.6003547e+03,1.3547043e+01,1.6979103e+05,4.7897900e+01,0,nan,nan,nan,nan,470.99817,2.5816000e-04,463.87022,2.9358547e-04,-2.4604022e-03,-3.3120919e-02
0.16098397942323572,1.0003764616707482,0.00028227911027197176,1903.0082639796265,3.0620231e-03,486396,470.98690,463.86067,1.6402455e+05,4.6260170e+01,2.7582656e+03,1.3546833e+01,1.6984942e+05,4.7926899e+01,0,nan,nan,nan,nan,470.98690,2.5783782e-04,463.86067,2.9342284e-04,-1.4060685e-02,-4.3510210e-02
0.1610979470599435,0.9998111394733943,0.00028471527101195794,1718.9619779472612,-3.0320983e-03,353887,1328.20702,1818.98904,1.5776066e+05,4.5010937e+01,4.7272466e+03,1.1946943e+01,1.6606686e+05,4.7290703e+01,0,nan,nan,nan,nan,1328.20702,2.6139835e-04,1818.98904,2.3153155e-04,4.3797377e-03,7.1460376e-03
0.16137868798546184,0.9996082107715967,0.0002834433315949736,1712.8273786881866,-2.9118052e-03,349470,1328.21007,1818.99197,1.5853548e+05,4.4868168e+01,3.7706489e+03,1.1437354e+01,1.6624920e+05,4.7140697e+01,0,nan,nan,nan,nan,1328.21007,2.5906530e-04,1818.99197,2.2882040e-04,7.2864997e-03,1.1388654e-02
0.16146130144943527,0.9999904323685156,0.0003029971780906247,1761.9065013016511,-2.9335727e-03,384807,1042.63269,1775.57501,1.5934988e+05,4.8251293e+01,1.2546617e+04,1.7345419e+01,1.6672191e+05,5.0516750e+01,0,nan,nan,nan,nan,1042.63269,2.8537514e-04,1775.57501,2.5424670e-04,9.4553782e-03,4.5367669e-02
0.16149994125862577,1.0003595526670626,0.0002920774163022119,1755.7716599414603,-3.0554715e-03,380390,1042.60963,1775.56949,1.5920759e+05,4.6467506e+01,5.9529712e+03,1.4421352e+01,1.6662262e+05,4.8649216e+01,0,nan,nan,nan,nan,1042.60963,2.7217239e-04,1775.56949,2.4285725e-04,-1.5786577e-02,3.8447604e-02
0.16168961164930806,1.0003375565562542,0.0002937122028115378,1743.5020896118508,-3.1868787e-03,371556,1042.61483,1775.52805,1.5922627e+05,4.6730541e+01,6.7947627e+03,1.4856639e+01,1.6662947e+05,4.8924599e+01,0,nan,nan,nan,nan,1042.61483,2.7404854e-04,1775.52805,2.4481787e-04,-1.0429408e-02,-5.7032364e-03
0.1620127978835626,0.9996792065225603,0.0002822891240134431,1921.413932798087,3.1831237e-03,499648,471.02573,463.89992,1.6414825e+05,4.6267731e+01,2.6017139e+03,1.3528620e+01,1.6975275e+05,4.7934734e+01,0,nan,nan,nan,nan,471.02573,2.5850008e-04,463.89992,2.9320005e-04,2.7695764e-02,3.0608050e-04
0.16201918168917473,0.9997511541003075,0.0002838469108489429,1731.2326591818905,-3.1788568e-03,362722,1328.20374,1819.01957,1.5843656e+05,4.4908886e+01,4.0030896e+03,1.1590336e+01,1.6618727e+05,4.7183483e+01,0,nan,nan,nan,nan,1328.20374,2.5938777e-04,1819.01957,2.2895615e-04,4.9803214e-04,4.0471088e-02
0.1621658556746297,1.0002615338500984,0.000284946174361059,1915.279205855878,3.1757911e-03,495231,471.01056,463.91165,1.6377739e+05,4.6720352e+01,4.3407041e+03,1.4500324e+01,1.6991394e+05,4.8403664e+01,0,nan,nan,nan,nan,471.01056,2.6367951e-04,463.91165,2.9795483e-04,1.4898249e-02,1.1664819e-02
0.16229337920094622,1.00082425194668,0.00028215003255537485,1909.1444533794042,3.1429245e-03,490814,471.00021,463.87486,1.6402403e+05,4.6232666e+01,2.5924229e+03,1.3491704e+01,1.6990211e+05,4.7898407e+01,0,nan,nan,nan,nan,471.00021,2.5813258e-04,463.87486,2.9341679e-04,2.8755947e-04,-2.7432835e-02
0.16237288960701335,1.0005279730664047,0.00028230835081225245,1903.0096528898102,3.0620450e-03,486397,470.99050,463.85775,1.6405839e+05,4.6264935e+01,2.7611567e+03,1.3539199e+01,1.6987505e+05,4.7931839e+01,0,nan,nan,nan,nan,470.99050,2.5798185e-04,463.85775,2.9343492e-04,-1.0836234e-02,-4.6805829e-02
0.16248681229421857,0.9996186668173415,0.0002847177130955129,1718.9633668124955,-3.0321213e-03,353888,1328.20373,1818.98589,1.5768506e+05,4.5011177e+01,4.7202866e+03,1.1974601e+01,1.6603434e+05,4.7290955e+01,0,nan,nan,nan,nan,1328.20373,2.6158674e-04,1818.98589,2.3184066e-04,1.4183667e-03,3.1819851e-03
0.16276754437217245,1.0001616846148353,0.0002835437767921305,1712.8287675445733,-2.9118371e-03,349471,1328.20569,1818.98772,1.5854080e+05,4.4883923e+01,3.7837065e+03,1.1498100e+01,1.6634073e+05,4.7157257e+01,0,nan,nan,nan,nan,1328.20569,2.5917322e-04,1818.98772,2.2888898e-04,2.5850590e-03,6.5255589e-03
0.16285022114561798,1.0002257770210148,0.00030302594469245535,1761.9078902213473,-2.9335413e-03,384808,1042.63295,1775.57450,1.5936377e+05,4.8255798e+01,1.2539753e+04,1.7336321e+01,1.6676088e+05,5.0521465e+01,0,nan,nan,nan,nan,1042.63295,2.8561702e-04,1775.57450,2.5434798e-04,9.5120659e-03,4.5082629e-02
0.16288885280573595,0.9995968250493057,0.00029202242119670465,1755.7730488530074,-3.0554482e-03,380391,1042.61521,1775.56603,1.5907038e+05,4.6458748e+01,5.9637324e+03,1.4453106e+01,1.6649555e+05,4.8640045e+01,0,nan,nan,nan,nan,1042.61521,2.7233528e-04,1775.56603,2.4291512e-04,-1.0033932e-02,3.4617145e-02
0.16307850782959576,1.0002897063284186,0.00029354140362010563,1743.503478508031,-3.1868708e-03,371557,1042.61629,1775.52577,1.5919589e+05,4.6703362e+01,6.8180269e+03,1.4837006e+01,1.6662150e+05,4.8896141e+01,0,nan,nan,nan,nan,1042.61629,2.7365287e-04,1775.52577,2.4470521e-04,-9.7583011e-03,-8.2786605e-03
0.16340168431861457,0.9999439383246905,0.00028206000138026845,1921.415321684522,3.1831218e-03,499649,471.02807,463.88609,1.6403233e+05,4.6230179e+01,2.5920967e+03,1.3481782e+01,1.6979772e+05,4.7895828e+01,0,nan,nan,nan,nan,471.02807,2.5863928e-04,463.88609,2.9357060e-04,2.9921096e-02,-1.5288212e-02
0.16340806228959048,0.9989713297186061,0.0002838033918911441,1731.234048062491,-3.1788645e-03,362723,1328.19903,1819.02446,1.5828412e+05,4.4901920e+01,4.0122041e+03,1.1639446e+01,1.6605733e+05,4.7176163e+01,0,nan,nan,nan,nan,1328.19903,2.5953117e-04,1819.02446,2.2921292e-04,-3.8654690e-03,4.5357857e-02
0.16355474816282367,0.999990828329193,0.00028535623106294147,1915.2805947483662,3.1757953e-03,495232,471.02455,463.89444,1.6407628e+05,4.6787495e+01,4.3444746e+03,1.4621808e+01,1.6986761e+05,4.8473228e+01,0,nan,nan,nan,nan,471.02455,2.6218506e-04,463.89444,2.9773146e-04,2.7724687e-02,-6.7888410e-03
0.16368228193414325,0.9995211622359395,0.000281960845852444,1909.1458422821374,3.1429389e-03,490815,470.99999,463.88283,1.6379031e+05,4.6201660e+01,2.6153174e+03,1.3499751e+01,1.6968088e+05,4.7866283e+01,0,nan,nan,nan,nan,470.99999,2.5820415e-04,463.88283,2.9376728e-04,3.9615916e-06,-1.8978462e-02
0.16376179978988148,0.9997717973458499,0.0002821290716959536,1903.011041799993,3.0620669e-03,486398,470.98632,463.85205,1.6380730e+05,4.6235527e+01,2.7599050e+03,1.3541081e+01,1.6974656e+05,4.7901371e+01,0,nan,nan,nan,nan,470.98632,2.5816128e-04,463.85205,2.9410436e-04,-1.4356854e-02,-5.3270504e-02
0.16387567752849497,0.9995169667533739,0.0002847019817719618,1718.9647556777297,-3.0321444e-03,353889,1328.20747,1818.98588,1.5768409e+05,4.5008541e+01,4.7246675e+03,1.1976783e+01,1.6601692e+05,4.7288185e+01,0,nan,nan,nan,nan,1328.20747,2.6146809e-04,1818.98588,2.3184429e-04,5.0762868e-03,3.7101323e-03
0.16415640075820193,1.0000868991095397,0.00028355352204209496,1712.8301564009594,-2.9118690e-03,349472,1328.20855,1818.98419,1.5857116e+05,4.4885330e+01,3.7746465e+03,1.1500023e+01,1.6632778e+05,4.7158730e+01,0,nan,nan,nan,nan,1328.20855,2.5899493e-04,1818.98419,2.2926282e-04,5.5370494e-03,1.8054328e-03
0.16423914084134594,1.000541346992293,0.00030300803513193773,1761.909279141043,-2.9335099e-03,384809,1042.63201,1775.56818,1.5935194e+05,4.8252869e+01,1.2529331e+04,1.7356438e+01,1.6681323e+05,5.0518402e+01,0,nan,nan,nan,nan,1042.63201,2.8520476e-04,1775.56818,2.5439324e-04,9.0983072e-03,3.7878629e-02
0.16427776435284613,0.9997806120998054,0.0002920329318286981,1755.7744377645545,-3.0554249e-03,380392,1042.61714,1775.56946,1.5908670e+05,4.6460407e+01,5.9651724e+03,1.4435182e+01,1.6652612e+05,4.8641785e+01,0,nan,nan,nan,nan,1042.61714,2.7229436e-04,1775.56946,2.4295102e-04,-7.9883235e-03,3.9031617e-02
0.16446740400988347,0.9999383852366182,0.0002933190674965821,1743.5048674042114,-3.1868629e-03,371558,1042.61627,1775.51593,1.5895533e+05,4.6667984e+01,6.8364160e+03,1.4822165e+01,1.6656297e+05,4.8859104e+01,0,nan,nan,nan,nan,1042.61627,2.7409516e-04,1775.51593,2.4509794e-04,-8.7069282e-03,-1.9625979e-02
0.1647905709864972,1.0002207793057125,0.00028202444564024977,1921.41671057119,3.1831202e-03,499650,471.02307,463.88869,1.6418767e+05,4.6224358e+01,2.5851785e+03,1.3405536e+01,1.6984473e+05,4.7889797e+01,0,nan,nan,nan,nan,471.02307,2.5846943e-04,463.88869,2.9297141e-04,2.5207736e-02,-1.2355433e-02
0.1647969426574033,1.0003239028820454,0.00028402511176457896,1731.2354369428588,-3.1788724e-03,362724,1328.20139,1819.02039,1.5856223e+05,4.4936916e+01,4.0070571e+03,1.1571548e+01,1.6628186e+05,4.7212933e+01,0,nan,nan,nan,nan,1328.20139,2.5920485e-04,1819.02039,2.2915239e-04,-2.4759674e-03,4.1024338e-02
0.16494364088430302,1.0000675976277325,0.00028515819818852845,1915.2819836410877,3.1757997e-03,495233,471.00996,463.90160,1.6406375e+05,4.6754940e+01,4.3347251e+03,1.4516178e+01,1.6988033e+05,4.8439495e+01,0,nan,nan,nan,nan,471.00996,2.6194827e-04,463.90160,2.9802741e-04,1.1609565e-02,4.1076230e-04
0.16507118443405489,1.0000257738490386,0.0002820878600093811,1909.1472311846373,3.1429532e-03,490816,471.00121,463.87889,1.6396719e+05,4.6222469e+01,2.6129277e+03,1.3460485e+01,1.6976652e+05,4.7887840e+01,0,nan,nan,nan,nan,471.00121,2.5825377e-04,463.87889,2.9328730e-04,1.4195712e-03,-2.3688974e-02
0.16515070997320436,0.9999059106534831,0.00028219385393975975,1903.0124307101764,3.0620887e-03,486399,470.98899,463.85536,1.6391416e+05,4.6246117e+01,2.7558425e+03,1.3516162e+01,1.6976923e+05,4.7912342e+01,0,nan,nan,nan,nan,470.98899,2.5837915e-04,463.85536,2.9375192e-04,-1.1927854e-02,-4.9952202e-02
0.16526454276208824,1.0001392083084313,0.0002847911020315646,1718.9661445429633,-3.0321674e-03,353890,1328.20355,1818.98233,1.5777709e+05,4.5022484e+01,4.7060132e+03,1.1975016e+01,1.6611973e+05,4.7302837e+01,0,nan,nan,nan,nan,1328.20355,2.6140217e-04,1818.98233,2.3194884e-04,6.7868613e-04,-5.9373298e-04
0.1655452571442314,0.9998417331912091,0.00028345122642570565,1712.8315452573454,-2.9119009e-03,349473,1328.20261,1818.98167,1.5849528e+05,4.4868999e+01,3.7663306e+03,1.1499969e+01,1.6628648e+05,4.7141571e+01,0,nan,nan,nan,nan,1328.20261,2.5901126e-04,1818.98167,2.2940617e-04,-2.5271554e-04,-1.3161544e-03
0.16562806053752865,1.0000001589957015,0.0003030372423194542,1761.9106680607392,-2.9334784e-03,384810,1042.63040,1775.57534,1.5924978e+05,4.8257446e+01,1.2539426e+04,1.7349920e+01,1.6672275e+05,5.0523197e+01,0,nan,nan,nan,nan,1042.63040,2.8611545e-04,1775.57534,2.5470174e-04,7.2593545e-03,4.4923890e-02
0.16566667589950157,0.9996069008337358,0.000292070184186931,1755.7758266761011,-3.0554016e-03,380393,1042.60567,1775.55723,1.5910719e+05,4.6466328e+01,5.9651450e+03,1.4460007e+01,1.6649716e+05,4.8647980e+01,0,nan,nan,nan,nan,1042.60567,2.7232111e-04,1775.55723,2.4282828e-04,-1.9712631e-02,2.5838800e-02
0.16585629995688578,0.9998501256678575,0.0002933290384810722,1743.5062563001584,-3.1868552e-03,371559,1042.61673,1775.51538,1.5901441e+05,4.6669571e+01,6.8210679e+03,1.4818273e+01,1.6654825e+05,4.8860764e+01,0,nan,nan,nan,nan,1042.61673,2.7384076e-04,1775.51538,2.4475085e-04,-8.1521738e-03,-1.9927112e-02
0.16618582325850217,1.0002936392610342,0.00028383378479400777,1731.2368258234599,-3.1788801e-03,362725,1328.20050,1819.02282,1.5852534e+05,4.4906559e+01,3.9981929e+03,1.1549821e+01,1.6627652e+05,4.7181038e+01,0,nan,nan,nan,nan,1328.20050,2.5941906e-04,1819.02282,2.2870945e-04,-2.5366377e-03,4.3229152e-02
0.16633253337340648,1.0003216789633815,0.0002854205236437992,1915.2833725335768,3.1758039e-03,495234,471.02544,463.88785,1.6403700e+05,4.6797863e+01,4.3398848e+03,1.4627761e+01,1.6992316e+05,4.8483963e+01,0,nan,nan,nan,nan,471.02544,2.6308902e-04,463.88785,2.9776702e-04,2.8149787e-02,-1.3720412e-02
0.16646008693442127,1.0003179639829685,0.0002820545613922564,1909.1486200871377,3.1429674e-03,490817,471.00050,463.88125,1.6398912e+05,4.6217003e+01,2.5946755e+03,1.3468284e+01,1.6981609e+05,4.7882179e+01,0,nan,nan,nan,nan,471.00050,2.5812871e-04,463.88125,2.9312854e-04,3.9315643e-04,-2.0770770e-02
0.16653962015743673,1.000361985836364,0.00028218540472354825,1903.0138196203607,3.0621106e-03,486400,470.98376,463.86001,1.6390461e+05,4.6244709e+01,2.7702849e+03,1.3537669e+01,1.6984656e+05,4.7910881e+01,0,nan,nan,nan,nan,470.98376,2.5812243e-04,463.86001,2.9382497e-04,-1.7430559e-02,-4.5442354e-02
0.166653407996591,1.0001306992819832,0.00028486880300110194,1718.9675334081978,-3.0321905e-03,353891,1328.20334,1818.98650,1.5780589e+05,4.5034630e+01,4.7044951e+03,1.1992046e+01,1.6611780e+05,4.7315594e+01,0,nan,nan,nan,nan,1328.20334,2.6162557e-04,1818.98650,2.3158039e-04,6.7885307e-04,4.3859947e-03
0.166934113530942,0.9994495261190323,0.00028334225220858454,1712.832934113732,-2.9119328e-03,349474,1328.20735,1818.98949,1.5846523e+05,4.4851601e+01,3.7852830e+03,1.1451671e+01,1.6622073e+05,4.7123299e+01,0,nan,nan,nan,nan,1328.20735,2.5889932e-04,1818.98949,2.2890371e-04,4.7865496e-03,7.5158691e-03
0.16701698023348366,0.999979699638049,0.0003028407919679178,1761.9120569804352,-2.9334470e-03,384811,1042.63291,1775.57349,1.5928059e+05,4.8226089e+01,1.2551506e+04,1.7307001e+01,1.6671909e+05,5.0490368e+01,0,nan,nan,nan,nan,1042.63291,2.8534801e-04,1775.57349,2.5440269e-04,9.6705556e-03,4.2925552e-02
0.16705558744661175,1.0000579776507685,0.00029230532787841894,1755.7772155876482,-3.0553783e-03,380394,1042.61283,1775.56766,1.5913889e+05,4.6503723e+01,5.9948213e+03,1.4461579e+01,1.6657225e+05,4.8687134e+01,0,nan,nan,nan,nan,1042.61283,2.7252763e-04,1775.56766,2.4333823e-04,-1.2363349e-02,3.6500294e-02
0.16724519613717348,1.0003848956909691,0.0002936297499535804,1743.5076451963387,-3.1868473e-03,371560,1042.61473,1775.52342,1.5917189e+05,4.6717407e+01,6.8415527e+03,1.4864454e+01,1.6663733e+05,4.8910851e+01,0,nan,nan,nan,nan,1042.61473,2.7378308e-04,1775.52342,2.4484147e-04,-9.8480172e-03,-1.0511028e-02
0.1675683438552369,0.9995654452883913,0.0002820608199929759,1921.4194883440587,3.1831164e-03,499652,471.02917,463.88559,1.6401464e+05,4.6230324e+01,2.5989790e+03,1.3488199e+01,1.6973348e+05,4.7895977e+01,0,nan,nan,nan,nan,471.02917,2.5877499e-04,463.88559,2.9326789e-04,3.1592634e-02,-1.5593424e-02
0.16757470362745153,0.9998815438150392,0.00028385562822185644,1731.2382147038288,-3.1788880e-03,362726,1328.19873,1819.01932,1.5843591e+05,4.4909931e+01,3.9999102e+03,1.1608761e+01,1.6620769e+05,4.7184578e+01,0,nan,nan,nan,nan,1328.19873,2.5931551e-04,1819.01932,2.2882424e-04,-4.7785295e-03,4.0364932e-02
0.16772142586205518,0.9993327676729615,0.00028521966657783917,1915.2847614260654,3.1758081e-03,495235,471.01046,463.89975,1.6414716e+05,4.6764835e+01,4.3455332e+03,1.4521639e+01,1.6975484e+05,4.8449749e+01,0,nan,nan,nan,nan,471.01046,2.6175092e-04,463.89975,2.9702255e-04,1.1965452e-02,-1.2085015e-03
0.1678489896676183,0.9994243362721892,0.0002818732928906843,1909.150008989871,3.1429818e-03,490818,470.99705,463.87604,1.6384019e+05,4.6187298e+01,2.6065259e+03,1.3426975e+01,1.6966438e+05,4.7851402e+01,0,nan,nan,nan,nan,470.99705,2.5818226e-04,463.87604,2.9355366e-04,-2.8692749e-03,-2.6945371e-02
0.16792853034212385,1.000053259591323,0.00028222346936284016,1903.0152085305454,3.0621325e-03,486401,470.98863,463.85701,1.6383209e+05,4.6250916e+01,2.7542432e+03,1.3589333e+01,1.6979405e+05,4.7917313e+01,0,nan,nan,nan,nan,470.98863,2.5836256e-04,463.85701,2.9395596e-04,-1.1755315e-02,-4.7756683e-02
0.1680422732315492,1.0000131746090772,0.0002846918561978548,1718.9689222734328,-3.0322135e-03,353892,1328.20087,1818.98842,1.5778130e+05,4.5006519e+01,4.7056899e+03,1.1932833e+01,1.6609775e+05,4.7286057e+01,0,nan,nan,nan,nan,1328.20087,2.6130420e-04,1818.98842,2.3141773e-04,-1.8995610e-03,6.0077617e-03
0.16832296991765394,0.9993697122726921,0.00028341354422739264,1712.8343229701188,-2.9119647e-03,349475,1328.21104,1818.98914,1.5839275e+05,4.4862740e+01,3.7942747e+03,1.1529251e+01,1.6620694e+05,4.7135002e+01,0,nan,nan,nan,nan,1328.21104,2.5965497e-04,1818.98914,2.2889710e-04,9.0399263e-03,7.9319347e-03
0.16840589992943933,0.9995874048156183,0.0003029959814742135,1761.9134459001311,-2.9334156e-03,384812,1042.63123,1775.57037,1.5919509e+05,4.8250740e+01,1.2563657e+04,1.7370766e+01,1.6665347e+05,5.0516174e+01,0,nan,nan,nan,nan,1042.63123,2.8592683e-04,1775.57037,2.5444999e-04,7.8190845e-03,4.0128257e-02
0.1684444989932672,0.9998633842796374,0.0002922824198573226,1755.778604499195,-3.0553550e-03,380395,1042.61083,1775.56279,1.5906662e+05,4.6500076e+01,5.9998262e+03,1.4547245e+01,1.6653981e+05,4.8683311e+01,0,nan,nan,nan,nan,1042.61083,2.7256459e-04,1775.56279,2.4309292e-04,-1.4628812e-02,3.1884812e-02
0.16863409231723414,0.9998130605722174,0.00029363846890456967,1743.5090340925187,-3.1868394e-03,371561,1042.61451,1775.52962,1.5911666e+05,4.6718796e+01,6.8499756e+03,1.4850358e+01,1.6654206e+05,4.8912300e+01,0,nan,nan,nan,nan,1042.61451,2.7426067e-04,1775.52962,2.4521005e-04,-9.8824874e-03,-5.0860210e-03
0.1689572305231195,1.0002348017503944,0.00028201348603947257,1921.4208772307265,3.1831148e-03,499653,471.02199,463.88629,1.6411061e+05,4.6222565e+01,2.5783518e+03,1.3451845e+01,1.6984716e+05,4.7887943e+01,0,nan,nan,nan,nan,471.02199,2.5875311e-04,463.88629,2.9305951e-04,2.4204792e-02,-1.6007259e-02
0.16896358422923152,1.000250609746809,0.0002839043011092634,1731.2396035844306,-3.1788957e-03,362727,1328.20639,1819.03054,1.5854450e+05,4.4917538e+01,4.0072700e+03,1.1570172e+01,1.6626870e+05,4.7192574e+01,0,nan,nan,nan,nan,1328.20639,2.5938475e-04,1819.03054,2.2863747e-04,2.3995149e-03,5.2864488e-02
0.16911031835002144,1.0001311810630154,0.00028531462165798686,1915.2861503185534,3.1758123e-03,495236,471.01431,463.89327,1.6430978e+05,4.6780319e+01,4.3268296e+03,1.4517820e+01,1.6989014e+05,4.8465786e+01,0,nan,nan,nan,nan,471.01431,2.6161229e-04,463.89327,2.9690674e-04,1.6378218e-02,-8.6194500e-03
0.16923789216798468,1.0000298831535792,0.000282065369732781,1909.1513978923713,3.1429960e-03,490819,471.00019,463.87536,1.6395305e+05,4.6218769e+01,2.6073850e+03,1.3447237e+01,1.6976716e+05,4.7884007e+01,0,nan,nan,nan,nan,471.00019,2.5806192e-04,463.87536,2.9337051e-04,-6.6361850e-04,-2.6837347e-02
0.16931744052499198,1.000165866232769,0.00028242121531244635,1903.0165974407282,3.0621544e-03,486402,470.98388,463.85428,1.6394464e+05,4.6283295e+01,2.7839644e+03,1.3607328e+01,1.6981306e+05,4.7950859e+01,0,nan,nan,nan,nan,470.98388,2.5822921e-04,463.85428,2.9388288e-04,-1.7566515e-02,-5.0882690e-02
0.16943113846582492,0.9999166662052837,0.0002847536748940698,1718.970311138667,-3.0322366e-03,353893,1328.20331,1818.98137,1.5780525e+05,4.5016144e+01,4.6950410e+03,1.1961490e+01,1.6608120e+05,4.7296173e+01,0,nan,nan,nan,nan,1328.20331,2.6115231e-04,1818.98137,2.3166105e-04,3.8807149e-04,-1.4798119e-03
0.16971182630391046,0.9998341568441622,0.00028338456964755354,1712.835711826505,-2.9119966e-03,349476,1328.20328,1818.97999,1.5846458e+05,4.4858013e+01,3.7928931e+03,1.1485498e+01,1.6628364e+05,4.7130032e+01,0,nan,nan,nan,nan,1328.20328,2.5877531e-04,1818.97999,2.2931967e-04,1.6428623e-04,-2.4809265e-03
0.16979481962562204,0.9995161284187306,0.0003029731365480261,1761.9148348198273,-2.9333842e-03,384813,1042.63582,1775.57440,1.5915083e+05,4.8247036e+01,1.2559450e+04,1.7351925e+01,1.6664134e+05,5.0512295e+01,0,nan,nan,nan,nan,1042.63582,2.8578547e-04,1775.57440,2.5486399e-04,1.2845823e-02,4.4121120e-02
0.16983341054037737,0.9996980440533573,0.0002921940288105233,1755.779993410742,-3.0553318e-03,380396,1042.61547,1775.56765,1.5911388e+05,4.6486004e+01,6.0145918e+03,1.4469487e+01,1.6651225e+05,4.8668579e+01,0,nan,nan,nan,nan,1042.61547,2.7233979e-04,1775.56765,2.4308896e-04,-9.6848318e-03,3.6753912e-02
0.1700229882644635,0.9994825933850786,0.0002934594033614934,1743.510422988466,-3.1868317e-03,371562,1042.61395,1775.51384,1.5896744e+05,4.6690300e+01,6.8544600e+03,1.4874331e+01,1.6648700e+05,4.8882469e+01,0,nan,nan,nan,nan,1042.61395,2.7440747e-04,1775.51384,2.4482727e-04,-1.1981421e-02,-2.2096662e-02
0.17034611695817148,0.999499923086817,0.00028199971073897327,1921.4222661171616,3.1831129e-03,499654,471.02863,463.88980,1.6395336e+05,4.6220310e+01,2.6014604e+03,1.3456542e+01,1.6972238e+05,4.7885605e+01,0,nan,nan,nan,nan,471.02863,2.5901117e-04,463.88980,2.9363154e-04,3.1295605e-02,-1.1076869e-02
0.1703524645977268,0.9995980211687321,0.00028386868452474207,1731.240992464799,-3.1789036e-03,362728,1328.19907,1819.01409,1.5850070e+05,4.4911812e+01,3.9922075e+03,1.1567719e+01,1.6615989e+05,4.7186558e+01,0,nan,nan,nan,nan,1328.19907,2.5913809e-04,1819.01409,2.2898855e-04,-4.0912512e-03,3.4104105e-02
0.170499211070819,1.0003073220569234,0.0002851761074793968,1915.2875392112742,3.1758167e-03,495237,471.01138,463.90632,1.6420341e+05,4.6757511e+01,4.3097871e+03,1.4493953e+01,1.6991975e+05,4.8442162e+01,0,nan,nan,nan,nan,471.01138,2.6185252e-04,463.90632,2.9687179e-04,1.4161166e-02,5.9317290e-03
0.17062679466812336,1.0004381515788618,0.000281924827186733,1909.1527867948714,3.1430102e-03,490820,471.00006,463.88211,1.6390436e+05,4.6195732e+01,2.5939578e+03,1.3426568e+01,1.6983644e+05,4.7860142e+01,0,nan,nan,nan,nan,471.00006,2.5835514e-04,463.88211,2.9334711e-04,5.6137046e-04,-1.9362684e-02
0.1707063504752565,0.9999729119519863,0.0002822996895761934,1903.0179863506785,3.0621761e-03,486403,470.99046,463.86231,1.6388478e+05,4.6263355e+01,2.7697068e+03,1.3601651e+01,1.6978020e+05,4.7930199e+01,0,nan,nan,nan,nan,470.99046,2.5828564e-04,463.86231,2.9376303e-04,-1.0269386e-02,-4.2124439e-02
0.17082000370010064,1.0002142829815912,0.00028478756726713544,1718.9717000039013,-3.0322596e-03,353894,1328.20701,1818.99081,1.5778616e+05,4.5021366e+01,4.7043257e+03,1.1957150e+01,1.6613012e+05,4.7301659e+01,0,nan,nan,nan,nan,1328.20701,2.6158683e-04,1818.99081,2.3148388e-04,5.0197691e-03,8.8343853e-03
0.17110068268993928,1.000022115490064,0.0002834025584700685,1712.837100682891,-2.9120285e-03,349477,1328.20485,1818.98420,1.5851116e+05,4.4860710e+01,3.7852749e+03,1.1440784e+01,1.6631436e+05,4.7132870e+01,0,nan,nan,nan,nan,1328.20485,2.5898922e-04,1818.98420,2.2897524e-04,1.7654286e-03,2.2836456e-03
0.17118373932135,1.0003792961016125,0.0003030265404794165,1761.916223739523,-2.9333527e-03,384814,1042.63071,1775.57306,1.5937466e+05,4.8255474e+01,1.2555272e+04,1.7357622e+01,1.6678503e+05,5.0521130e+01,0,nan,nan,nan,nan,1042.63071,2.8532615e-04,1775.57306,2.5432845e-04,7.3902542e-03,4.2899787e-02
0.17122232208748756,1.0000127207105347,0.00029215577749957074,1755.7813823222891,-3.0553085e-03,380397,1042.61168,1775.56831,1.5906803e+05,4.6479912e+01,6.0242192e+03,1.4450895e+01,1.6656464e+05,4.8662201e+01,0,nan,nan,nan,nan,1042.61168,2.7250950e-04,1775.56831,2.4322800e-04,-1.3303673e-02,3.6893860e-02
0.1714118844447512,0.9997534622570976,0.0002935316765056231,1743.5118118846462,-3.1868238e-03,371563,1042.62052,1775.52574,1.5906903e+05,4.6701794e+01,6.8550229e+03,1.4879075e+01,1.6653211e+05,4.8894505e+01,0,nan,nan,nan,nan,1042.62052,2.7403480e-04,1775.52574,2.4481848e-04,-4.5949584e-03,-8.7226816e-03
0.17173500339299574,1.0002469031375456,0.0002820068634149994,1921.4236550035964,3.1831111e-03,499655,471.02309,463.89497,1.6410723e+05,4.6221489e+01,2.5856086e+03,1.3420326e+01,1.6984922e+05,4.7886822e+01,0,nan,nan,nan,nan,471.02309,2.5846707e-04,463.89497,2.9327595e-04,2.4494659e-02,-5.5540698e-03
0.1717413451981432,0.999652723561612,0.0002839460289207333,1731.2423813453995,-3.1789113e-03,362729,1328.20132,1819.02360,1.5831220e+05,4.4923962e+01,3.9978477e+03,1.1646578e+01,1.6616864e+05,4.7199318e+01,0,nan,nan,nan,nan,1328.20132,2.6017707e-04,1819.02360,2.2951892e-04,-2.0520205e-03,4.4382922e-02
0.1718881035594677,0.9999970336879523,0.0002851311540646845,1915.2889281037628,3.1758209e-03,495238,471.02124,463.88951,1.6388655e+05,4.6750053e+01,4.3445488e+03,1.4504847e+01,1.6986670e+05,4.8434433e+01,0,nan,nan,nan,nan,471.02124,2.6325553e-04,463.88951,2.9809232e-04,2.4752330e-02,-1.2869253e-02
0.17201569716780796,1.000452935879742,0.0002819389791753369,1909.154175697371,3.1430244e-03,490821,471.00225,463.87818,1.6394817e+05,4.6198044e+01,2.5928403e+03,1.3409616e+01,1.6983894e+05,4.7862537e+01,0,nan,nan,nan,nan,471.00225,2.5818663e-04,463.87818,2.9338829e-04,2.6728946e-03,-2.4349457e-02
0.17209526065835234,0.9997313190265247,0.0002823052745464257,1903.0193752608616,3.0621979e-03,486404,470.98477,463.85778,1.6384319e+05,4.6264244e+01,2.7813853e+03,1.3618688e+01,1.6973908e+05,4.7931118e+01,0,nan,nan,nan,nan,470.98477,2.5817478e-04,463.85778,2.9375812e-04,-1.6358497e-02,-4.7225550e-02
0.17220886893369391,1.0004007375588588,0.00028471746337644234,1718.973088869135,-3.0322827e-03,353895,1328.20633,1818.98140,1.5770989e+05,4.5010143e+01,4.6922959e+03,1.1980552e+01,1.6616059e+05,4.7289871e+01,0,nan,nan,nan,nan,1328.20633,2.6154728e-04,1818.98140,2.3187754e-04,3.9824462e-03,-1.3253284e-03
0.172489539077333,1.0001512778195463,0.0002835407779937387,1712.8384895392785,-2.9120604e-03,349478,1328.20961,1818.98808,1.5855111e+05,4.4882450e+01,3.7896528e+03,1.1501104e+01,1.6633530e+05,4.7155704e+01,0,nan,nan,nan,nan,1328.20961,2.5913940e-04,1818.98808,2.2889501e-04,7.2201798e-03,6.5556942e-03
0.17257265901753271,1.0002574402213271,0.0003029280467918717,1761.9176126592192,-2.9333213e-03,384815,1042.63423,1775.57136,1.5930039e+05,4.8239727e+01,1.2544846e+04,1.7317089e+01,1.6676452e+05,5.0504646e+01,0,nan,nan,nan,nan,1042.63423,2.8524641e-04,1775.57136,2.5457170e-04,1.0842670e-02,4.1267473e-02
0.172611233634143,1.0003105192020356,0.0002921712454914945,1755.7827712338358,-3.0552852e-03,380398,1042.61292,1775.56932,1.5917466e+05,4.6482365e+01,6.0391143e+03,1.4457707e+01,1.6661422e+05,4.8664772e+01,0,nan,nan,nan,nan,1042.61292,2.7241907e-04,1775.56932,2.4291511e-04,-1.1658378e-02,3.8109694e-02
0.1728007806241294,1.000186792145915,0.0002935984492743879,1743.5132007808256,-3.1868159e-03,371564,1042.61729,1775.52076,1.5923703e+05,4.6712418e+01,6.8601504e+03,1.4839169e+01,1.6660428e+05,4.8905624e+01,0,nan,nan,nan,nan,1042.61729,2.7373925e-04,1775.52076,2.4462983e-04,-9.2358459e-03,-1.3233843e-02
0.17312389006065132,1.000221499112261,0.0002821100298298837,1921.425043890264,3.1831095e-03,499656,471.02519,463.88295,1.6403391e+05,4.6238396e+01,2.5965974e+03,1.3531949e+01,1.6984491e+05,4.7904343e+01,0,nan,nan,nan,nan,471.02519,2.5882004e-04,463.88295,2.9349126e-04,2.8342910e-02,-1.9108156e-02
0.17313022556572832,0.9991494887822128,0.0002838288365935476,1731.243770225767,-3.1789192e-03,362730,1328.20175,1819.02192,1.5844169e+05,4.4905323e+01,3.9825308e+03,1.1589091e+01,1.6608466e+05,4.7179741e+01,0,nan,nan,nan,nan,1328.20175,2.5918524e-04,1819.02192,2.2895981e-04,-1.8432795e-03,4.3532856e-02
0.17327699604811642,1.0001398024816015,0.0002852301506229206,1915.2903169962515,3.1758251e-03,495239,471.00742,463.90259,1.6425453e+05,4.6766193e+01,4.3201953e+03,1.4490719e+01,1.6989062e+05,4.8451157e+01,0,nan,nan,nan,nan,471.00742,2.6155962e-04,463.90259,2.9688448e-04,8.8623809e-03,1.9251272e-03
0.17340459990100499,1.0006447881285772,0.00028214587350515414,1909.1555646001043,3.1430388e-03,490822,471.00161,463.87635,1.6405744e+05,4.6231937e+01,2.5960286e+03,1.3470903e+01,1.6987148e+05,4.7897652e+01,0,nan,nan,nan,nan,471.00161,2.5834149e-04,463.87635,2.9302284e-04,1.6231206e-03,-2.5915382e-02
0.17348417084212997,1.0000874484194324,0.0002823420923532621,1903.0207641710454,3.0622198e-03,486405,470.98523,463.85532,1.6387345e+05,4.6270245e+01,2.7585918e+03,1.3629068e+01,1.6979944e+05,4.7937336e+01,0,nan,nan,nan,nan,470.98523,2.5818963e-04,463.85532,2.9382511e-04,-1.5264716e-02,-4.9701735e-02
0.1735977341675149,0.9999258413836924,0.0002847701742297944,1718.9744777343687,-3.0323057e-03,353896,1328.20234,1818.98394,1.5777708e+05,4.5018341e+01,4.6880356e+03,1.1953318e+01,1.6608120e+05,4.7298481e+01,0,nan,nan,nan,nan,1328.20234,2.6122114e-04,1818.98394,2.3181921e-04,-1.0298727e-03,1.7065441e-03
0.1738783954649531,1.0000731404232006,0.0002834338534546167,1712.8398783956661,-2.9120923e-03,349479,1328.20712,1818.97972,1.5852453e+05,4.4865372e+01,3.7984253e+03,1.1478414e+01,1.6632173e+05,4.7137764e+01,0,nan,nan,nan,nan,1328.20712,2.5887514e-04,1818.97972,2.2911828e-04,4.2608529e-03,-2.5752774e-03
0.17396157871371543,0.9998718773667903,0.00030296179900632435,1761.9190015789154,-2.9332899e-03,384816,1042.63196,1775.57079,1.5925372e+05,4.8245049e+01,1.2573452e+04,1.7349716e+01,1.6670002e+05,5.0510212e+01,0,nan,nan,nan,nan,1042.63196,2.8542877e-04,1775.57079,2.5449722e-04,8.9100590e-03,4.0161390e-02
0.17400014518125317,1.0000134865312387,0.0002923362079696105,1755.7841601453829,-3.0552619e-03,380399,1042.61430,1775.56676,1.5907444e+05,4.6508606e+01,6.0453896e+03,1.4494856e+01,1.6656470e+05,4.8692238e+01,0,nan,nan,nan,nan,1042.61430,2.7308747e-04,1775.56676,2.4341317e-04,-1.0611295e-02,3.5220180e-02
0.1741896768035076,0.9993359757920157,0.00029354294221128386,1743.514589677005,-3.1868080e-03,371565,1042.61419,1775.52477,1.5893258e+05,4.6703583e+01,6.8667158e+03,1.4902345e+01,1.6646255e+05,4.8896374e+01,0,nan,nan,nan,nan,1042.61419,2.7452249e-04,1775.52477,2.4517943e-04,-1.0997894e-02,-1.0018703e-02
0.17451277649524854,1.0001067012303015,0.000282309937585554,1921.4264327766987,3.1831076e-03,499657,471.02003,463.88555,1.6403645e+05,4.6271156e+01,2.5899539e+03,1.3532565e+01,1.6982541e+05,4.7938286e+01,0,nan,nan,nan,nan,471.02003,2.5923073e-04,463.88555,2.9376557e-04,2.2335922e-02,-1.6234500e-02
0.17451910616705357,0.9998942419421909,0.0002838792922455182,1731.2451591063684,-3.1789269e-03,362731,1328.20603,1819.02268,1.5842309e+05,4.4913219e+01,3.9918967e+03,1.1578120e+01,1.6620811e+05,4.7188030e+01,0,nan,nan,nan,nan,1328.20603,2.5957581e-04,1819.02268,2.2919664e-04,3.4825183e-03,4.3506719e-02
0.17466588853585563,1.000652215899875,0.0002853205641588204,1915.2917058887392,3.1758293e-03,495240,471.01989,463.89488,1.6437089e+05,4.6780930e+01,4.3157905e+03,1.4504468e+01,1.6997734e+05,4.8466423e+01,0,nan,nan,nan,nan,471.01989,2.6165467e-04,463.89488,2.9647964e-04,2.2636995e-02,-6.1091362e-03
0.17479350240137137,0.9997717882570784,0.00028193977348575265,1909.1569535026047,3.1430530e-03,490823,470.99802,463.88116,1.6388622e+05,4.6198162e+01,2.5813901e+03,1.3453055e+01,1.6972327e+05,4.7862659e+01,0,nan,nan,nan,nan,470.99802,2.5800246e-04,463.88116,2.9330023e-04,-1.7935476e-03,-2.0812729e-02
0.17487308102636234,0.9998201709809447,0.00028224662044234214,1903.0221530812296,3.0622417e-03,486406,470.98527,463.85576,1.6383484e+05,4.6254574e+01,2.7617224e+03,1.3587457e+01,1.6975395e+05,4.7921101e+01,0,nan,nan,nan,nan,470.98527,2.5826431e-04,463.85576,2.9372211e-04,-1.5646029e-02,-4.9234021e-02
0.1749865994017913,1.0002821571894138,0.0002847566756759806,1718.975866599603,-3.0323288e-03,353897,1328.20298,1818.99260,1.5778352e+05,4.5016075e+01,4.6786699e+03,1.1983163e+01,1.6613989e+05,4.7296097e+01,0,nan,nan,nan,nan,1328.20298,2.6114855e-04,1818.99260,2.3139956e-04,4.0733263e-05,1.0766048e-02
0.17526725185098257,1.0005264070815165,0.000283664606549517,1712.8412672520521,-2.9121242e-03,349480,1328.20755,1818.99205,1.5856131e+05,4.4901752e+01,3.7982036e+03,1.1562026e+01,1.6639658e+05,4.7175983e+01,0,nan,nan,nan,nan,1328.20755,2.5915127e-04,1818.99205,2.2900764e-04,4.4495198e-03,1.0686773e-02
0.17535049864227403,1.00004372437786,0.0003029140712205649,1761.920390498844,-2.9332582e-03,384817,1042.63086,1775.57140,1.5929719e+05,4.8237389e+01,1.2559610e+04,1.7302896e+01,1.6672847e+05,5.0502193e+01,0,nan,nan,nan,nan,1042.63086,2.8543221e-04,1775.57140,2.5445368e-04,7.8385454e-03,4.1408878e-02
0.17538905672813632,0.9997824210529154,0.00029218631097548207,1755.7855490569298,-3.0552386e-03,380400,1042.61510,1775.56080,1.5907338e+05,4.6484749e+01,6.0669121e+03,1.4477933e+01,1.6652620e+05,4.8667267e+01,0,nan,nan,nan,nan,1042.61510,2.7262705e-04,1775.56080,2.4318459e-04,-9.9954549e-03,2.9224724e-02
0.17557857275073696,1.0000286108195138,0.0002935897512807434,1743.5159785729522,-3.1868003e-03,371566,1042.61501,1775.52076,1.5913994e+05,4.6711033e+01,6.9059946e+03,1.4859850e+01,1.6657792e+05,4.8904171e+01,0,nan,nan,nan,nan,1042.61501,2.7391486e-04,1775.52076,2.4501688e-04,-1.0184798e-02,-1.3764660e-02
0.17590166292939102,1.0000542586710193,0.0002820926859688302,1921.4278216631328,3.1831057e-03,499658,471.01951,463.88739,1.6413256e+05,4.6235550e+01,2.5909485e+03,1.3418743e+01,1.6981650e+05,4.7901394e+01,0,nan,nan,nan,nan,471.01951,2.5871181e-04,463.88739,2.9325590e-04,2.1319095e-02,-1.4173665e-02
0.1759079865353218,0.9997383865516211,0.0002837275595519283,1731.2465479867367,-3.1789348e-03,362732,1328.19745,1819.02006,1.5842702e+05,4.4889107e+01,3.9931035e+03,1.1529878e+01,1.6618184e+05,4.7162704e+01,0,nan,nan,nan,nan,1328.19745,2.5931772e-04,1819.02006,2.2877959e-04,-6.5693473e-03,4.1232344e-02
0.17605478125733498,1.0000308963682283,0.00028514428237619397,1915.2930947814607,3.1758337e-03,495241,471.01938,463.90473,1.6411677e+05,4.6751938e+01,4.3011104e+03,1.4495391e+01,1.6987148e+05,4.8436386e+01,0,nan,nan,nan,nan,471.01938,2.6231585e-04,463.90473,2.9701600e-04,2.2574402e-02,4.0743356e-03
0.17618240490173775,0.9999749679495366,0.0002819833855489108,1909.158342405105,3.1430672e-03,490824,470.99969,463.87658,1.6392750e+05,4.6205303e+01,2.5917898e+03,1.3440146e+01,1.6975773e+05,4.7870056e+01,0,nan,nan,nan,nan,470.99969,2.5817810e-04,463.87658,2.9326894e-04,-2.3886217e-04,-2.5676545e-02
0.17626199121013997,1.0007514355894689,0.00028251286128979514,1903.0235419914134,3.0622636e-03,486407,470.99400,463.86452,1.6402408e+05,4.6298172e+01,2.7587864e+03,1.3666831e+01,1.6991197e+05,4.7966270e+01,0,nan,nan,nan,nan,470.99400,2.5820019e-04,463.86452,2.9347208e-04,-6.6635655e-03,-3.9429743e-02
0.17637546463606635,0.9996819904553123,0.0002848192385086202,1718.9772554648373,-3.0323518e-03,353898,1328.20751,1818.97780,1.5773903e+05,4.5025829e+01,4.6842437e+03,1.1996161e+01,1.6603972e+05,4.7306351e+01,0,nan,nan,nan,nan,1328.20751,2.6154332e-04,1818.97780,2.3210482e-04,5.3267488e-03,-4.7082147e-03
0.17665610823701206,0.9997702418586266,0.0002833970925454026,1712.8426561084382,-2.9121561e-03,349481,1328.20715,1818.98999,1.5837273e+05,4.4859257e+01,3.8042444e+03,1.1449673e+01,1.6627025e+05,4.7131336e+01,0,nan,nan,nan,nan,1328.20715,2.5923771e-04,1818.98999,2.2984295e-04,5.2757091e-03,8.0782147e-03
0.17673941833845674,1.0000975096081242,0.00030295553022350496,1761.9217794185402,-2.9332268e-03,384818,1042.63372,1775.57219,1.5931303e+05,4.8243935e+01,1.2565622e+04,1.7338984e+01,1.6673725e+05,5.0509048e+01,0,nan,nan,nan,nan,1042.63372,2.8530500e-04,1775.57219,2.5426064e-04,1.0841455e-02,4.2407811e-02
0.1767779682750188,1.000075596521314,0.0002922157672358274,1755.7869379684766,-3.0552153e-03,380401,1042.61317,1775.57034,1.5913075e+05,4.6489429e+01,6.0435610e+03,1.4495769e+01,1.6657502e+05,4.8672165e+01,0,nan,nan,nan,nan,1042.61317,2.7240071e-04,1775.57034,2.4303510e-04,-1.1855563e-02,3.9091997e-02
0.17696746893079762,0.9998104174116922,0.0002939078618473283,1743.5173674691323,-3.1867924e-03,371567,1042.61755,1775.52939,1.5913106e+05,4.6761639e+01,6.8833374e+03,1.4950318e+01,1.6654156e+05,4.8957157e+01,0,nan,nan,nan,nan,1042.61755,2.7456449e-04,1775.52939,2.4541566e-04,-7.7225957e-03,-4.5444979e-03
0.17729054936398825,1.0001541719693512,0.00028211958243383,1921.4292105495674,3.1831039e-03,499659,471.02834,463.89062,1.6409150e+05,4.6239956e+01,2.5893794e+03,1.3481171e+01,1.6983347e+05,4.7905960e+01,0,nan,nan,nan,nan,471.02834,2.5941883e-04,463.89062,2.9326187e-04,3.1660028e-02,-1.0220881e-02
0.17729686713641934,0.9998376587267126,0.0002838102053514149,1731.2479368673378,-3.1789425e-03,362733,1328.20191,1819.02279,1.5844711e+05,4.4902088e+01,3.9731689e+03,1.1569037e+01,1.6619798e+05,4.7176342e+01,0,nan,nan,nan,nan,1328.20191,2.5943070e-04,1819.02279,2.2875878e-04,-5.7480333e-04,4.4485327e-02
0.1774436737459837,0.999864064982872,0.00028521537623048623,1915.2944836739493,3.1758379e-03,495242,471.01627,463.89063,1.6405553e+05,4.6763508e+01,4.3183638e+03,1.4530704e+01,1.6984283e+05,4.8448372e+01,0,nan,nan,nan,nan,471.01627,2.6221861e-04,463.89063,2.9786475e-04,1.8912278e-02,-1.0595245e-02
0.17757130740210414,1.0002333546417315,0.00028195468644037254,1909.1597313076054,3.1430814e-03,490825,471.00160,463.87702,1.6392572e+05,4.6200596e+01,2.6001089e+03,1.3455941e+01,1.6980158e+05,4.7865181e+01,0,nan,nan,nan,nan,471.00160,2.5821928e-04,463.87702,2.9317860e-04,1.8157685e-03,-2.5180276e-02
0.17765090139346285,1.0002007753490814,0.00028214375722618854,1903.0249309015967,3.0622855e-03,486408,470.98386,463.85163,1.6381608e+05,4.6237656e+01,2.7695979e+03,1.3556365e+01,1.6981838e+05,4.7903576e+01,0,nan,nan,nan,nan,470.98386,2.5813177e-04,463.85163,2.9398536e-04,-1.7277746e-02,-5.3578716e-02
0.1777643298696603,1.0001417493807359,0.0002849539913683179,1718.978644330071,-3.0323749e-03,353899,1328.21126,1818.98799,1.5787544e+05,4.5047001e+01,4.6843623e+03,1.2024704e+01,1.6611559e+05,4.7328590e+01,0,nan,nan,nan,nan,1328.21126,2.6143031e-04,1818.98799,2.3136089e-04,8.4331902e-03,6.1610932e-03
0.17804496462372266,0.9999917072442601,0.0002833695669283759,1712.844044964825,-2.9121879e-03,349482,1328.20536,1818.98748,1.5830745e+05,4.4854740e+01,3.8042070e+03,1.1479042e+01,1.6630652e+05,4.7126595e+01,0,nan,nan,nan,nan,1328.20536,2.5936699e-04,1818.98748,2.2957212e-04,2.9608626e-03,5.5431970e-03
0.1781283380341847,1.0001700657498718,0.0003031174022254985,1761.9231683382359,-2.9331953e-03,384819,1042.63247,1775.57269,1.5926255e+05,4.8269657e+01,1.2586401e+04,1.7357645e+01,1.6674917e+05,5.0535980e+01,0,nan,nan,nan,nan,1042.63247,2.8578928e-04,1775.57269,2.5488748e-04,9.6507045e-03,4.2036302e-02
0.17816687982212898,0.999955545329859,0.0002921761898397152,1755.7883268800238,-3.0551921e-03,380402,1042.61026,1775.56868,1.5901761e+05,4.6483128e+01,6.0809795e+03,1.4514815e+01,1.6655500e+05,4.8665569e+01,0,nan,nan,nan,nan,1042.61026,2.7252562e-04,1775.56868,2.4310798e-04,-1.4585908e-02,3.7812807e-02
0.17835636511108532,0.999498773577067,0.0002935543954963124,1743.5187563653126,-3.1867845e-03,371568,1042.61977,1775.51647,1.5904677e+05,4.6705395e+01,6.9240010e+03,1.4875530e+01,1.6648964e+05,4.8898273e+01,0,nan,nan,nan,nan,1042.61977,2.7416446e-04,1775.51647,2.4480384e-04,-6.4327363e-03,-1.8228130e-02
0.17867943603187086,1.0002294204852726,0.00028201324842231447,1921.4305994362353,3.1831022e-03,499660,471.02049,463.88796,1.6408630e+05,4.6222530e+01,2.5871902e+03,1.3459403e+01,1.6984623e+05,4.7887905e+01,0,nan,nan,nan,nan,471.02049,2.5896981e-04,463.88796,2.9309915e-04,2.3287296e-02,-1.2668846e-02
0.17868574773751822,0.9994753785689111,0.00028383392559738714,1731.2493257479389,-3.1789502e-03,362734,1328.19519,1819.01946,1.5834231e+05,4.4905743e+01,3.9688479e+03,1.1627971e+01,1.6613739e+05,4.7180180e+01,0,nan,nan,nan,nan,1328.19519,2.5937145e-04,1819.01946,2.2901235e-04,-8.2408506e-03,3.9893750e-02
0.1788325662339506,0.9997860069164958,0.00028526758786500273,1915.2958725664373,3.1758421e-03,495243,471.01658,463.89845,1.6424419e+05,4.6771976e+01,4.3250508e+03,1.4487653e+01,1.6982923e+05,4.8457146e+01,0,nan,nan,nan,nan,471.01658,2.6219987e-04,463.89845,2.9688040e-04,1.8147007e-02,-2.0020427e-03
0.17896020990156103,0.9997383972960224,0.0002820423721534531,1909.1611202101049,3.1430956e-03,490826,470.99800,463.87969,1.6382150e+05,4.6214958e+01,2.6093904e+03,1.3519440e+01,1.6971753e+05,4.7880062e+01,0,nan,nan,nan,nan,470.99800,2.5809111e-04,463.87969,2.9362828e-04,-1.7684975e-03,-2.2283357e-02
0.17903981157633098,1.0001014932433783,0.00028226784215393415,1903.0263198117796,3.0623074e-03,486409,470.98617,463.85587,1.6392192e+05,4.6257957e+01,2.7595383e+03,1.3563684e+01,1.6980141e+05,4.7924610e+01,0,nan,nan,nan,nan,470.98617,2.5799981e-04,463.85587,2.9362208e-04,-1.4946859e-02,-4.9050882e-02
0.17915319510416372,0.9997807202314353,0.0002847506245821153,1718.9800331953054,-3.0323979e-03,353900,1328.20353,1818.98445,1.5770989e+05,4.5014717e+01,4.6732764e+03,1.1977505e+01,1.6605514e+05,4.7294674e+01,0,nan,nan,nan,nan,1328.20353,2.6147204e-04,1818.98445,2.3180305e-04,1.1544910e-03,1.7939690e-03
0.1794338210104346,0.9999768128508061,0.00028348378896395966,1712.8454338212116,-2.9122198e-03,349483,1328.20853,1818.97946,1.5842164e+05,4.4872665e+01,3.8150332e+03,1.1538731e+01,1.6630347e+05,4.7145432e+01,0,nan,nan,nan,nan,1328.20853,2.5915122e-04,1818.97946,2.2965817e-04,6.2569710e-03,-2.7341987e-03
0.17951725773036742,0.9997181069785862,0.0003029506893266742,1761.924557257932,-2.9331639e-03,384820,1042.63445,1775.57306,1.5917780e+05,4.8243061e+01,1.2579897e+04,1.7366316e+01,1.6667364e+05,5.0508133e+01,0,nan,nan,nan,nan,1042.63445,2.8564391e-04,1775.57306,2.5454530e-04,1.1930415e-02,4.3312971e-02
0.17955579160161506,0.9997138961210588,0.0002921965595413907,1755.7897157918032,-3.0551685e-03,380403,1042.61501,1775.56143,1.5911428e+05,4.6486362e+01,6.0978706e+03,1.4475343e+01,1.6651473e+05,4.8668957e+01,0,nan,nan,nan,nan,1042.61501,2.7238313e-04,1775.56143,2.4313745e-04,-1.0149274e-02,2.9904485e-02
0.17974526129091828,0.9993617483200586,0.0002936807341708136,1743.5201452614924,-3.1867765e-03,371569,1042.61116,1775.52093,1.5908052e+05,4.6725494e+01,6.9339136e+03,1.4891229e+01,1.6646681e+05,4.8919319e+01,0,nan,nan,nan,nan,1042.61116,2.7426341e-04,1775.52093,2.4505556e-04,-1.4351168e-02,-1.3956323e-02
0.18006832246737758,0.9997828561346487,0.00028204428364699805,1921.4319883226708,3.1831004e-03,499661,471.02685,463.88910,1.6404872e+05,4.6227615e+01,2.5943760e+03,1.3481743e+01,1.6977041e+05,4.7893173e+01,0,nan,nan,nan,nan,471.02685,2.5852528e-04,463.88910,2.9316067e-04,2.8762048e-02,-1.1773637e-02
0.18007462810578512,0.9996719364691257,0.0002838160568920175,1731.2507146283072,-3.1789581e-03,362735,1328.20240,1819.02152,1.5837283e+05,4.4902813e+01,3.9682942e+03,1.1555181e+01,1.6616970e+05,4.7177105e+01,0,nan,nan,nan,nan,1328.20240,2.5955544e-04,1819.02152,2.2922363e-04,-7.8803464e-04,4.2605251e-02
0.1802214587223716,0.9999453215497943,0.0002851898107164996,1915.2972614589257,3.1758463e-03,495244,471.01374,463.90058,1.6412083e+05,4.6759136e+01,4.3189106e+03,1.4485478e+01,1.6985597e+05,4.8443844e+01,0,nan,nan,nan,nan,471.01374,2.6217187e-04,463.90058,2.9784688e-04,1.5457194e-02,3.1820248e-04
0.18034911263407627,1.0001423729669472,0.0002818745525508343,1909.1625091128374,3.1431101e-03,490827,470.99990,463.87012,1.6383491e+05,4.6187454e+01,2.6039971e+03,1.3444952e+01,1.6978609e+05,4.7851566e+01,0,nan,nan,nan,nan,470.99990,2.5828421e-04,463.87012,2.9351792e-04,-2.7113017e-05,-3.2790210e-02
0.1804287217601086,0.9993517982292199,0.00028223050101954563,1903.0277087219633,3.0623293e-03,486410,470.98605,463.86050,1.6380656e+05,4.6251816e+01,2.7766523e+03,1.3598600e+01,1.6967402e+05,4.7918243e+01,0,nan,nan,nan,nan,470.98605,2.5811733e-04,463.86050,2.9367226e-04,-1.5462242e-02,-4.2925287e-02
0.18054206033912124,1.0003108923748738,0.00028487802362311135,1718.9814220605404,-3.0324210e-03,353901,1328.20172,1818.98711,1.5776470e+05,4.5034733e+01,4.6787275e+03,1.1994797e+01,1.6614272e+05,4.7315701e+01,0,nan,nan,nan,nan,1328.20172,2.6131843e-04,1818.98711,2.3215619e-04,-5.4631929e-04,4.2828051e-03
0.1808226773966911,1.000199177621438,0.0002834338066881048,1712.8468226775979,-2.9122517e-03,349484,1328.20646,1818.99196,1.5852700e+05,4.4864601e+01,3.7983623e+03,1.1468821e+01,1.6633988e+05,4.7136951e+01,0,nan,nan,nan,nan,1328.20646,2.5891399e-04,1818.99196,2.2876606e-04,3.5818384e-03,1.0552489e-02
0.18090617742655013,1.0005981167585567,0.0003030847385965388,1761.9259461776282,-2.9331325e-03,384821,1042.63080,1775.56915,1.5935364e+05,4.8264355e+01,1.2574898e+04,1.7343672e+01,1.6682019e+05,5.0530430e+01,0,nan,nan,nan,nan,1042.63080,2.8565797e-04,1775.56915,2.5450703e-04,7.2479863e-03,3.9064337e-02
0.18094470314872524,0.9997385336634068,0.00029221733330445294,1755.7911047033504,-3.0551453e-03,380404,1042.61372,1775.56995,1.5905145e+05,4.6489666e+01,6.0926445e+03,1.4491668e+01,1.6651883e+05,4.8672413e+01,0,nan,nan,nan,nan,1042.61372,2.7278851e-04,1775.56995,2.4322508e-04,-1.1812627e-02,3.8755756e-02
0.18113415723837534,0.9998344026000566,0.0002936224600791151,1743.5215341574399,-3.1867689e-03,371570,1042.61496,1775.52247,1.5912670e+05,4.6716221e+01,6.9210913e+03,1.4882972e+01,1.6654553e+05,4.8909607e+01,0,nan,nan,nan,nan,1042.61496,2.7395168e-04,1775.52247,2.4502692e-04,-1.0528366e-02,-1.2055427e-02
0.18145720890242956,1.000019710158615,0.00028223413706266777,1921.4333772091059,3.1830985e-03,499662,471.02796,463.88360,1.6415881e+05,4.6258728e+01,2.5887651e+03,1.3475871e+01,1.6981061e+05,4.7925407e+01,0,nan,nan,nan,nan,471.02796,2.5897750e-04,463.88360,2.9334894e-04,3.0349057e-02,-1.8298855e-02
0.18146350870711103,0.9998927118155306,0.0002839890217719954,1731.2521035089085,-3.1789658e-03,362736,1328.20406,1819.02034,1.5853084e+05,4.4930080e+01,3.9766292e+03,1.1571650e+01,1.6620602e+05,4.7205750e+01,0,nan,nan,nan,nan,1328.20406,2.5950311e-04,1819.02034,2.2896487e-04,7.7385071e-04,4.1619908e-02
0.18161035121102032,1.0000797270103048,0.0002852682912266539,1915.2986503514144,3.1758505e-03,495245,471.00687,463.89838,1.6426220e+05,4.6771919e+01,4.3045801e+03,1.4501368e+01,1.6987848e+05,4.8457085e+01,0,nan,nan,nan,nan,471.00687,2.6127344e-04,463.89838,2.9689091e-04,7.8460267e-03,-2.3092118e-03
0.18173801513421495,1.0000823347873664,0.00028206709518701956,1909.1638980153375,3.1431243e-03,490828,471.00417,463.88397,1.6394552e+05,4.6219002e+01,2.6091582e+03,1.3496922e+01,1.6977588e+05,4.7884247e+01,0,nan,nan,nan,nan,471.00417,2.5800275e-04,463.88397,2.9349432e-04,3.9419387e-03,-1.7987819e-02
0.18181763171105558,1.0002670450093956,0.0002822181347226794,1903.0290976319143,3.0623509e-03,486411,470.98974,463.86274,1.6381989e+05,4.6249756e+01,2.7525750e+03,1.3569218e+01,1.6982930e+05,4.7916111e+01,0,nan,nan,nan,nan,470.98974,2.5860491e-04,463.86274,2.9390032e-04,-1.0685328e-02,-4.1558281e-02
0.1819309258062276,1.0001571052071712,0.00028460855168906303,1718.9828109260075,-3.0324438e-03,353902,1328.20613,1818.98877,1.5756900e+05,4.4992004e+01,4.6831016e+03,1.1981833e+01,1.6611670e+05,4.7270809e+01,0,nan,nan,nan,nan,1328.20613,2.6155193e-04,1818.98877,2.3262095e-04,3.8246561e-03,5.1724343e-03
0.18221153378271993,0.9998635174663085,0.0002835360979864398,1712.8482115339839,-2.9122836e-03,349485,1328.20510,1818.97867,1.5846033e+05,4.4880634e+01,3.8182598e+03,1.1562530e+01,1.6628345e+05,4.7153801e+01,0,nan,nan,nan,nan,1328.20510,2.5903355e-04,1818.97867,2.2916273e-04,2.6391305e-03,-4.1214493e-03
0.1822950971222781,0.9999930350803302,0.0003028908126008847,1761.927335097324,-2.9331010e-03,384822,1042.63348,1775.57467,1.5930655e+05,4.8233429e+01,1.2565595e+04,1.7323055e+01,1.6671914e+05,5.0498047e+01,0,nan,nan,nan,nan,1042.63348,2.8526667e-04,1775.57467,2.5425528e-04,1.0839812e-02,4.4387378e-02
0.18233361469492593,0.9998333698726614,0.0002923862919251341,1755.7924936148966,-3.0551220e-03,380405,1042.61535,1775.56695,1.5908845e+05,4.6516541e+01,6.1187383e+03,1.4546782e+01,1.6653461e+05,4.8700554e+01,0,nan,nan,nan,nan,1042.61535,2.7277824e-04,1775.56695,2.4318713e-04,-1.0116034e-02,3.5656773e-02
0.18252305341843533,0.9994043332566469,0.0002938078130804216,1743.52292305362,-3.1867609e-03,371571,1042.62034,1775.52166,1.5908845e+05,4.6745712e+01,6.9388477e+03,1.4925918e+01,1.6647389e+05,4.8940479e+01,0,nan,nan,nan,nan,1042.62034,2.7461859e-04,1775.52166,2.4509939e-04,-4.7294926e-03,-1.3022193e-02
0.18284609533679974,0.999870944192566,0.00028217859709697257,1921.4347660955402,3.1830966e-03,499663,471.02756,463.89243,1.6413488e+05,4.6249622e+01,2.5864951e+03,1.3526024e+01,1.6978534e+05,4.7915974e+01,0,nan,nan,nan,nan,471.02756,2.5846099e-04,463.89243,2.9292770e-04,2.9668540e-02,-8.7686479e-03
0.1828523890753786,1.0000579930251658,0.0002838802366181416,1731.2534923892767,-3.1789737e-03,362737,1328.19885,1819.02446,1.5847847e+05,4.4912766e+01,3.9613318e+03,1.1611954e+01,1.6623311e+05,4.7187557e+01,0,nan,nan,nan,nan,1328.19885,2.5943955e-04,1819.02446,2.2873317e-04,-4.5190500e-03,4.5709845e-02
0.18299924393204492,1.0003716656400121,0.0002852912028337072,1915.3000392441354,3.1758549e-03,495246,471.02554,463.90842,1.6425253e+05,4.6775581e+01,4.3195405e+03,1.4516789e+01,1.6992777e+05,4.8460880e+01,0,nan,nan,nan,nan,471.02554,2.6209545e-04,463.90842,2.9684414e-04,2.9174449e-02,8.4222257e-03
0.18312691763458133,1.0005625030331962,0.00028208081025230545,1909.1652869178379,3.1431385e-03,490829,471.00016,463.88552,1.6400527e+05,4.6221241e+01,2.5933303e+03,1.3484226e+01,1.6985738e+05,4.7886570e+01,0,nan,nan,nan,nan,471.00016,2.5799402e-04,463.88552,2.9307231e-04,3.0768171e-04,-1.4979013e-02
0.1832065418948332,1.0000375834476214,0.0002821552396990872,1903.030486542098,3.0623728e-03,486412,470.99112,463.86565,1.6383308e+05,4.6239422e+01,2.7552529e+03,1.3549654e+01,1.6979023e+05,4.7905403e+01,0,nan,nan,nan,nan,470.99112,2.5839778e-04,463.86565,2.9391324e-04,-9.3627106e-03,-3.8295604e-02
0.18331979104050333,0.9999637548527035,0.0002847442879831341,1718.9841997912417,-3.0324669e-03,353903,1328.20403,1818.98389,1.5778303e+05,4.5013336e+01,4.6902539e+03,1.1962875e+01,1.6608412e+05,4.7293221e+01,0,nan,nan,nan,nan,1328.20403,2.6130531e-04,1818.98389,2.3159495e-04,1.1170716e-03,1.2991624e-03
0.1836003901694312,0.9998307349919596,0.00028333520553184183,1712.8496003903706,-2.9123155e-03,349486,1328.21057,1818.98812,1.5830186e+05,4.4848679e+01,3.8235818e+03,1.1495485e+01,1.6627742e+05,4.7120224e+01,0,nan,nan,nan,nan,1328.21057,2.5946612e-04,1818.98812,2.2920583e-04,8.8929143e-03,6.1709471e-03
0.18368401705129145,0.9998784360123012,0.00030295787504876914,1761.928724017253,-2.9330694e-03,384823,1042.63088,1775.57211,1.5925931e+05,4.8244064e+01,1.2585967e+04,1.7352718e+01,1.6669989e+05,5.0509182e+01,0,nan,nan,nan,nan,1042.63088,2.8536085e-04,1775.57211,2.5442994e-04,7.8894198e-03,4.2448182e-02
0.18372252624112662,0.9996139170642886,0.00029223360996568064,1755.7938825264428,-3.0550987e-03,380406,1042.61320,1775.57208,1.5899616e+05,4.6492252e+01,6.1208833e+03,1.4498361e+01,1.6649805e+05,4.8675121e+01,0,nan,nan,nan,nan,1042.61320,2.7288252e-04,1775.57208,2.4340505e-04,-1.1562929e-02,4.0824480e-02
0.183911949598496,1.0006619411577484,0.0002937970295531748,1743.5243119498,-3.1867530e-03,371572,1042.61728,1775.52155,1.5924384e+05,4.6743992e+01,6.9275542e+03,1.4889461e+01,1.6668336e+05,4.8938683e+01,0,nan,nan,nan,nan,1042.61728,2.7377452e-04,1775.52155,2.4491028e-04,-7.5527304e-03,-1.2815700e-02
0.1842349820039999,0.9995834932919273,0.00028190688314332145,1921.4361549822074,3.1830950e-03,499664,471.01904,463.89035,1.6395905e+05,4.6205090e+01,2.5925520e+03,1.3446159e+01,1.6973652e+05,4.7869831e+01,0,nan,nan,nan,nan,471.01904,2.5863547e-04,463.89035,2.9342636e-04,2.0591700e-02,-1.0615216e-02
0.1842412696764768,0.9996119441833531,0.00028384767307732217,1731.2548812698778,-3.1789814e-03,362738,1328.20431,1819.02064,1.5844538e+05,4.4907509e+01,3.9787336e+03,1.1589395e+01,1.6615859e+05,4.7182037e+01,0,nan,nan,nan,nan,1328.20431,2.5949278e-04,1819.02064,2.2876695e-04,1.1969882e-03,4.1942611e-02
0.18438813642069363,1.000107096296459,0.00028522054942868775,1915.301428136624,3.1758591e-03,495247,471.00898,463.89891,1.6405605e+05,4.6763908e+01,4.3033750e+03,1.4565314e+01,1.6988250e+05,4.8448788e+01,0,nan,nan,nan,nan,471.00898,2.6201594e-04,463.89891,2.9743015e-04,1.1426391e-02,-2.5673874e-03
0.18451582013494772,0.9996630899506639,0.00028199784831201837,1909.1666758203382,3.1431527e-03,490830,471.00043,463.86874,1.6389492e+05,4.6207645e+01,2.5922214e+03,1.3442713e+01,1.6970467e+05,4.7872482e+01,0,nan,nan,nan,nan,471.00043,2.5814111e-04,463.86874,2.9346842e-04,6.3956378e-04,-3.4963235e-02
0.18459545207861083,0.9995005315101781,0.0002821911931453657,1903.0318754522818,3.0623947e-03,486413,470.98461,463.85230,1.6383184e+05,4.6245285e+01,2.7658589e+03,1.3562874e+01,1.6969894e+05,4.7911476e+01,0,nan,nan,nan,nan,470.98461,2.5817662e-04,463.85230,2.9377692e-04,-1.6652158e-02,-5.3199522e-02
0.18470865627409727,1.000417099988116,0.00028476408881173717,1718.9855886564753,-3.0324899e-03,353904,1328.20502,1818.98295,1.5777988e+05,4.5016342e+01,4.6692939e+03,1.1960404e+01,1.6615897e+05,4.7296379e+01,0,nan,nan,nan,nan,1328.20502,2.6148619e-04,1818.98295,2.3162429e-04,2.6326918e-03,3.2014167e-04
0.18498924655682425,1.0005794616686101,0.0002836294395702822,1712.850989246758,-2.9123474e-03,349487,1328.20647,1818.98660,1.5866036e+05,4.4895088e+01,3.8024834e+03,1.1484349e+01,1.6640134e+05,4.7168987e+01,0,nan,nan,nan,nan,1328.20647,2.5883492e-04,1818.98660,2.2886525e-04,3.4918771e-03,4.8018191e-03
0.1850729367470194,1.0002896903181246,0.00030300771122057624,1761.9301129369487,-2.9330379e-03,384824,1042.63313,1775.57612,1.5929520e+05,4.8251961e+01,1.2582220e+04,1.7347240e+01,1.6676830e+05,5.0517448e+01,0,nan,nan,nan,nan,1042.63313,2.8545095e-04,1775.57612,2.5442272e-04,1.0026211e-02,4.6449490e-02
0.1851114377882368,0.999482602765024,0.0002922502119010665,1755.7952714379899,-3.0550754e-03,380407,1042.61113,1775.56400,1.5905359e+05,4.6494892e+01,6.1320444e+03,1.4487445e+01,1.6647617e+05,4.8677883e+01,0,nan,nan,nan,nan,1042.61113,2.7262358e-04,1775.56400,2.4337003e-04,-1.3898722e-02,3.2692477e-02
0.1853008457778742,1.0000284619621307,0.0002937147460176559,1743.5257008459794,-3.1867451e-03,371573,1042.61449,1775.52695,1.5916339e+05,4.6730900e+01,6.9530356e+03,1.4890005e+01,1.6657784e+05,4.8924976e+01,0,nan,nan,nan,nan,1042.61449,2.7406286e-04,1775.52695,2.4485300e-04,-1.1916408e-02,-7.5548491e-03
0.18562386843814238,0.9999857194647127,0.00028208117592896746,1921.4375438686416,3.1830932e-03,499665,471.02946,463.88192,1.6408177e+05,4.6233646e+01,2.6005483e+03,1.3491117e+01,1.6980481e+05,4.7899426e+01,0,nan,nan,nan,nan,471.02946,2.5900491e-04,463.88192,2.9315316e-04,3.2689419e-02,-2.0723758e-02
0.18563015027780272,0.9999176401560835,0.0002838657328057115,1731.2562701504792,-3.1789890e-03,362739,1328.20261,1819.02096,1.5847711e+05,4.4910263e+01,3.9664744e+03,1.1584322e+01,1.6620902e+05,4.7184929e+01,0,nan,nan,nan,nan,1328.20261,2.5939185e-04,1819.02096,2.2903424e-04,-3.5221037e-04,4.2450782e-02
0.18577702890934233,0.9995578335868073,0.00028531430061183566,1915.3028170291127,3.1758633e-03,495248,471.01021,463.89620,1.6403419e+05,4.6779194e+01,4.3073169e+03,1.4613843e+01,1.6978888e+05,4.8464622e+01,0,nan,nan,nan,nan,471.01021,2.6217761e-04,463.89620,2.9727543e-04,1.2024342e-02,-4.9873595e-03
0.1859047226353141,1.0005638093079579,0.00028194047463842454,1909.1680647228386,3.1431669e-03,490831,470.99991,463.88792,1.6403848e+05,4.6198238e+01,2.5868640e+03,1.3398382e+01,1.6985756e+05,4.7862736e+01,0,nan,nan,nan,nan,470.99991,2.5803759e-04,463.88792,2.9307377e-04,6.0328870e-04,-1.2672950e-02
0.18598436226238846,0.9996202196962606,0.000282165266088525,1903.0332643624656,3.0624166e-03,486414,470.98756,463.85719,1.6384219e+05,4.6241005e+01,2.7708936e+03,1.3544442e+01,1.6971916e+05,4.7907043e+01,0,nan,nan,nan,nan,470.98756,2.5812103e-04,463.85719,2.9375163e-04,-1.3663666e-02,-4.7750346e-02
0.18609752150791825,0.9998302906733648,0.00028461939295589846,1718.9869775217092,-3.0325130e-03,353905,1328.20480,1818.99144,1.5769289e+05,4.4993343e+01,4.6656875e+03,1.1928435e+01,1.6606105e+05,4.7272217e+01,0,nan,nan,nan,nan,1328.20480,2.6145449e-04,1818.99144,2.3143034e-04,2.3269467e-03,9.6759098e-03
0.18637810294376322,0.9997050041133295,0.0002836612233552137,1712.852378103145,-2.9123793e-03,349488,1328.20752,1818.99238,1.5844461e+05,4.4899960e+01,3.8100054e+03,1.1522123e+01,1.6625531e+05,4.7174103e+01,0,nan,nan,nan,nan,1328.20752,2.5957526e-04,1818.99238,2.2942761e-04,4.5115808e-03,1.0663542e-02
0.18646185644320212,1.0000860371701066,0.0003029718501288838,1761.931501856645,-2.9330065e-03,384825,1042.63609,1775.57187,1.5933512e+05,4.8246204e+01,1.2577238e+04,1.7320730e+01,1.6673420e+05,5.0511425e+01,0,nan,nan,nan,nan,1042.63609,2.8537898e-04,1775.57187,2.5445269e-04,1.3211316e-02,4.1688338e-02
0.18650034933489223,1.0001391456214002,0.00029232338502181823,1755.7966603495365,-3.0550521e-03,380408,1042.61250,1775.56553,1.5906497e+05,4.6506527e+01,6.1411675e+03,1.4502823e+01,1.6658552e+05,4.8690067e+01,0,nan,nan,nan,nan,1042.61250,2.7283799e-04,1775.56553,2.4338726e-04,-1.2434641e-02,3.4298208e-02
0.1866897419572524,0.9998899967277964,0.00029374967786762206,1743.5270897421588,-3.1867372e-03,371574,1042.61682,1775.52066,1.5911786e+05,4.6736454e+01,6.9669746e+03,1.4919378e+01,1.6655477e+05,4.8930790e+01,0,nan,nan,nan,nan,1042.61682,2.7413829e-04,1775.52066,2.4515172e-04,-8.7819984e-03,-1.4579790e-02
0.18701275487319435,0.9998756099206932,0.0002822912977478104,1921.4389327550766,3.1830913e-03,499666,471.02284,463.88507,1.6410202e+05,4.6268082e+01,2.5945369e+03,1.3559878e+01,1.6978609e+05,4.7935097e+01,0,nan,nan,nan,nan,471.02284,2.5879371e-04,463.88507,2.9328623e-04,2.4957875e-02,-1.6701879e-02
0.18701903064606962,1.0002885398425354,0.000283865415686948,1731.2576590308474,-3.1789970e-03,362740,1328.20175,1819.02067,1.5845497e+05,4.4910103e+01,3.9550608e+03,1.1545436e+01,1.6627027e+05,4.7184765e+01,0,nan,nan,nan,nan,1328.20175,2.5953681e-04,1819.02067,2.2923993e-04,-1.1962664e-03,4.1308332e-02
0.18716592139708155,0.999584018299909,0.00028510239618255955,1915.3042059216004,3.1758675e-03,495249,471.02173,463.89587,1.6415505e+05,4.6744362e+01,4.2966187e+03,1.4463761e+01,1.6979300e+05,4.8428535e+01,0,nan,nan,nan,nan,471.02173,2.6192554e-04,463.89587,2.9709621e-04,2.4473213e-02,-5.6589036e-03
0.18729362513522574,1.0005933770496598,0.0002820761054009771,1909.1694536253385,3.1431811e-03,490832,470.99995,463.87774,1.6400881e+05,4.6220455e+01,2.5957944e+03,1.3475881e+01,1.6986256e+05,4.7885754e+01,0,nan,nan,nan,nan,470.99995,2.5801943e-04,463.87774,2.9321844e-04,3.0181685e-04,-2.3893375e-02
0.18737327244616608,0.9998792232804846,0.0002822755320280505,1903.0346532726494,3.0624385e-03,486415,470.98920,463.85473,1.6390716e+05,4.6259045e+01,2.7740945e+03,1.3574890e+01,1.6976302e+05,4.7925735e+01,0,nan,nan,nan,nan,470.98920,2.5803890e-04,463.85473,2.9377834e-04,-1.2311241e-02,-5.0471138e-02
0.1874863867421933,1.0002711103088886,0.0002849604645157161,1718.9883663869434,-3.0325360e-03,353906,1328.20493,1818.98321,1.5783711e+05,4.5047134e+01,4.6823721e+03,1.2042810e+01,1.6613381e+05,4.7328735e+01,0,nan,nan,nan,nan,1328.20493,2.6134602e-04,1818.98321,2.3164172e-04,2.3644641e-03,6.8578398e-04
0.1877669593297927,0.9998471433459581,0.0002833349546135549,1712.853766959531,-2.9124112e-03,349489,1328.20344,1818.97503,1.5841747e+05,4.4848148e+01,3.8209006e+03,1.1449946e+01,1.6627834e+05,4.7119671e+01,0,nan,nan,nan,nan,1328.20344,2.5909833e-04,1818.97503,2.3022394e-04,5.9756462e-04,-8.5443323e-03
0.18785077613938483,1.0005027950865013,0.00030302494321827697,1761.932890776341,-2.9329751e-03,384826,1042.63077,1775.56882,1.5937744e+05,4.8254627e+01,1.2583676e+04,1.7333536e+01,1.6680356e+05,5.0520241e+01,0,nan,nan,nan,nan,1042.63077,2.8535782e-04,1775.56882,2.5432470e-04,7.6368731e-03,3.8899492e-02
0.18788926111483306,1.0004364599429854,0.00029240749710752616,1755.7980492613165,-3.0550286e-03,380409,1042.61519,1775.57108,1.5918417e+05,4.6519905e+01,6.1677583e+03,1.4535318e+01,1.6663503e+05,4.8704075e+01,0,nan,nan,nan,nan,1042.61519,2.7256573e-04,1775.57108,2.4310565e-04,-1.0110013e-02,3.9815221e-02
0.18807863790470947,1.0006022227884976,0.00029382101357495674,1743.5284786381062,-3.1867295e-03,371575,1042.62042,1775.52413,1.5915323e+05,4.6747807e+01,6.9799775e+03,1.4913652e+01,1.6667339e+05,4.8942673e+01,0,nan,nan,nan,nan,1042.62042,2.7416518e-04,1775.52413,2.4523621e-04,-4.1926946e-03,-1.0752960e-02
0.18840164130824633,1.0000274072197828,0.00028218230826890976,1921.4403216415117,3.1830894e-03,499667,471.02566,463.89242,1.6415172e+05,4.6250217e+01,2.5976064e+03,1.3505902e+01,1.6981184e+05,4.7916588e+01,0,nan,nan,nan,nan,471.02566,2.5853614e-04,463.89242,2.9306207e-04,2.8331866e-02,-8.5446723e-03
0.18840791124648604,1.0000955264111384,0.00028379252754270873,1731.2590479114479,-3.1790046e-03,362741,1328.20113,1819.02316,1.5851122e+05,4.4898468e+01,3.9649746e+03,1.1541786e+01,1.6623780e+05,4.7172535e+01,0,nan,nan,nan,nan,1328.20113,2.5906097e-04,1819.02316,2.2880959e-04,-2.2646317e-03,4.4800408e-02
0.1885548141185609,0.9997505765116176,0.00028515806154217314,1915.305594814322,3.1758719e-03,495250,471.01641,463.89648,1.6414083e+05,4.6753403e+01,4.2978091e+03,1.4484921e+01,1.6982098e+05,4.8437904e+01,0,nan,nan,nan,nan,471.01641,2.6205607e-04,463.89648,2.9685276e-04,1.8928671e-02,-4.7060749e-03
0.18868252786751327,0.9998667977112524,0.0002822815437634489,1909.1708425280708,3.1431955e-03,490833,470.99468,463.86433,1.6388270e+05,4.6254112e+01,2.6016604e+03,1.3565549e+01,1.6973919e+05,4.7920624e+01,0,nan,nan,nan,nan,470.99468,2.5824268e-04,463.86433,2.9384322e-04,-5.3648227e-03,-3.9240070e-02
0.18876218262903421,1.0004189405556054,0.0002821888314446571,1903.0360421828323,3.0624603e-03,486416,470.98526,463.85260,1.6395033e+05,4.6244808e+01,2.7547969e+03,1.3512932e+01,1.6985453e+05,4.7910984e+01,0,nan,nan,nan,nan,470.98526,2.5813445e-04,463.85260,2.9393425e-04,-1.5106332e-02,-5.3064659e-02
0.1888752519764697,0.9996224010701174,0.00028464057661894976,1718.9897552521777,-3.0325591e-03,353907,1328.21284,1818.99809,1.5769948e+05,4.4996449e+01,4.6575669e+03,1.1951094e+01,1.6602562e+05,4.7275478e+01,0,nan,nan,nan,nan,1328.21284,2.6152012e-04,1818.99809,2.3151339e-04,1.0988154e-02,1.6614920e-02
0.1891558157165033,0.9994190995996719,0.0002834318843649265,1712.8551558159177,-2.9124431e-03,349490,1328.20461,1818.98637,1.5835905e+05,4.4863327e+01,3.8323877e+03,1.1520829e+01,1.6620656e+05,4.7135616e+01,0,nan,nan,nan,nan,1328.20461,2.5924959e-04,1818.98637,2.2944089e-04,1.7474201e-03,4.3258462e-03
0.1892396958351128,0.9995777184572122,0.0003029758534221876,1761.9342796960368,-2.9329436e-03,384827,1042.63169,1775.57513,1.5912939e+05,4.8246769e+01,1.2576631e+04,1.7401548e+01,1.6664922e+05,5.0512016e+01,0,nan,nan,nan,nan,1042.63169,2.8572397e-04,1775.57513,2.5458215e-04,8.3407005e-03,4.4728313e-02
0.18927817266171554,0.9999396949044261,0.0002923822106511622,1755.7994381728633,-3.0550053e-03,380410,1042.61208,1775.56747,1.5915241e+05,4.6515884e+01,6.1556982e+03,1.4510664e+01,1.6655230e+05,4.8699863e+01,0,nan,nan,nan,nan,1042.61208,2.7285164e-04,1775.56747,2.4315959e-04,-1.2515468e-02,3.6422428e-02
0.18946753408477013,1.0006841445302181,0.0002940574928447225,1743.5298675342863,-3.1867216e-03,371576,1042.61423,1775.51979,1.5934992e+05,4.6785431e+01,6.9757749e+03,1.4924445e+01,1.6668703e+05,4.8982063e+01,0,nan,nan,nan,nan,1042.61423,2.7397572e-04,1775.51979,2.4499223e-04,-1.1170640e-02,-1.5187493e-02
0.1897905279756742,0.9996598952440552,0.0002821245724168059,1921.441710528179,3.1830878e-03,499668,471.02353,463.88650,1.6404822e+05,4.6240749e+01,2.6174753e+03,1.3499287e+01,1.6974942e+05,4.7906776e+01,0,nan,nan,nan,nan,471.02353,2.5897147e-04,463.88650,2.9331085e-04,2.6891775e-02,-1.4605568e-02
0.18979679184690246,1.000192194246317,0.0002838323396134689,1731.2604367920483,-3.1790123e-03,362742,1328.19969,1819.02007,1.5847056e+05,4.4904659e+01,3.9581633e+03,1.1577732e+01,1.6625345e+05,4.7179039e+01,0,nan,nan,nan,nan,1328.19969,2.5927843e-04,1819.02007,2.2879722e-04,-3.5198226e-03,4.0983960e-02
0.1899437066072096,0.9999670613224586,0.00028520525951913314,1915.3069837068106,3.1758761e-03,495251,471.01363,463.89078,1.6407711e+05,4.6761051e+01,4.2871982e+03,1.4505999e+01,1.6985744e+05,4.8445827e+01,0,nan,nan,nan,nan,471.01363,2.6230016e-04,463.89078,2.9738146e-04,1.6192408e-02,-1.0982359e-02
0.19007143036787966,1.0003345039042701,0.0002819967852784095,1909.1722314305712,3.1432097e-03,490834,471.00168,463.88186,1.6391325e+05,4.6207447e+01,2.6181628e+03,1.3422047e+01,1.6981858e+05,4.7872276e+01,0,nan,nan,nan,nan,471.00168,2.5810298e-04,463.88186,2.9374784e-04,1.3390637e-03,-1.9956468e-02
0.19015109257952645,1.000130719899713,0.0002822748533561702,1903.0374310927828,3.0624820e-03,486417,470.99099,463.86958,1.6395122e+05,4.6258873e+01,2.7752292e+03,1.3551066e+01,1.6980548e+05,4.7925556e+01,0,nan,nan,nan,nan,470.99099,2.5816375e-04,463.86958,2.9353632e-04,-9.6914638e-03,-3.3457700e-02
0.19026411721029068,0.9998918566784918,0.00028481021323483493,1718.9911441174115,-3.0325821e-03,353908,1328.20225,1818.97689,1.5776188e+05,4.5023148e+01,4.6576104e+03,1.2022629e+01,1.6606994e+05,4.7303532e+01,0,nan,nan,nan,nan,1328.20225,2.6126037e-04,1818.97689,2.3185609e-04,-3.1902437e-04,-5.8113509e-03
0.19054467233604588,0.9996737261823256,0.00028364027009716804,1712.8565446725372,-2.9124748e-03,349491,1328.20789,1818.98862,1.5838145e+05,4.4896152e+01,3.8328552e+03,1.1600710e+01,1.6624828e+05,4.7170101e+01,0,nan,nan,nan,nan,1328.20789,2.5949741e-04,1818.98862,2.2981214e-04,6.2903417e-03,6.0912333e-03
0.19062861576412615,0.9996728380488036,0.0003030538347999004,1761.9356686159658,-2.9329120e-03,384828,1042.63398,1775.57472,1.5926522e+05,4.8259155e+01,1.2590605e+04,1.7398037e+01,1.6666495e+05,5.0524986e+01,0,nan,nan,nan,nan,1042.63398,2.8551323e-04,1775.57472,2.5434227e-04,1.0413670e-02,4.5105986e-02
0.19066708420859868,1.000067777474379,0.0002923655640548084,1755.8008270844102,-3.0549821e-03,380411,1042.61636,1775.56599,1.5910169e+05,4.6513233e+01,6.1738228e+03,1.4529967e+01,1.6657362e+05,4.8697090e+01,0,nan,nan,nan,nan,1042.61636,2.7266794e-04,1775.56599,2.4339365e-04,-8.7337075e-03,3.4709278e-02
0.19085643026483012,0.9996909863411891,0.00029384492476593633,1743.5312564304663,-3.1867137e-03,371577,1042.62312,1775.52709,1.5901819e+05,4.6751606e+01,6.9873535e+03,1.4951886e+01,1.6652159e+05,4.8946651e+01,0,nan,nan,nan,nan,1042.62312,2.7437654e-04,1775.52709,2.4573659e-04,-1.3290578e-03,-8.4351730e-03
0.19117941441072617,0.9997817352524414,0.00028210059931094037,1921.4430994146142,3.1830859e-03,499669,471.01736,463.89226,1.6402802e+05,4.6236809e+01,2.5976409e+03,1.3492450e+01,1.6977009e+05,4.7902699e+01,0,nan,nan,nan,nan,471.01736,2.5882202e-04,463.89226,2.9339368e-04,1.9230351e-02,-8.9959810e-03
0.1911856722158518,0.9993432419350943,0.0002836943335577691,1731.2618256724172,-3.1790202e-03,362743,1328.20082,1819.02112,1.5840150e+05,4.4882710e+01,3.9564868e+03,1.1540351e+01,1.6611194e+05,4.7155983e+01,0,nan,nan,nan,nan,1328.20082,2.5922290e-04,1819.02112,2.2873850e-04,-2.7834291e-03,4.2427972e-02
0.19133259909517586,0.9999055253529059,0.00028533374349136404,1915.3083725992985,3.1758803e-03,495252,471.00968,463.90358,1.6412711e+05,4.6782036e+01,4.2923882e+03,1.4578748e+01,1.6984667e+05,4.8467564e+01,0,nan,nan,nan,nan,471.00968,2.6198375e-04,463.90358,2.9731792e-04,1.2408348e-02,2.6428292e-03
0.19146033286915554,0.9991985798375524,0.00028195265648257314,1909.1736203330724,3.1432239e-03,490835,470.99928,463.87587,1.6380511e+05,4.6200211e+01,2.6077786e+03,1.3474991e+01,1.6962572e+05,4.7864780e+01,0,nan,nan,nan,nan,470.99928,2.5832895e-04,463.87587,2.9345078e-04,-1.3107203e-03,-2.6800502e-02
0.19154000276330407,0.9996860820867198,0.000282296957122736,1903.0388200029665,3.0625039e-03,486418,470.98616,463.85928,1.6380612e+05,4.6262466e+01,2.7735037e+03,1.3605187e+01,1.6972989e+05,4.7929279e+01,0,nan,nan,nan,nan,470.98616,2.5842033e-04,463.85928,2.9393731e-04,-1.4923819e-02,-4.5585591e-02
0.19165298244456574,1.0002563793265669,0.00028475048785137877,1718.9925329826458,-3.0326052e-03,353909,1328.20763,1818.98564,1.5785616e+05,4.5013588e+01,4.6667275e+03,1.1944017e+01,1.6613005e+05,4.7293488e+01,0,nan,nan,nan,nan,1328.20763,2.6108749e-04,1818.98564,2.3151237e-04,4.8579280e-03,3.4768174e-03
0.1919335287223024,0.9995506215882337,0.0002835423551703034,1712.8579335289235,-2.9125067e-03,349492,1328.20714,1818.98208,1.5843784e+05,4.4880482e+01,3.8263608e+03,1.1531314e+01,1.6622719e+05,4.7153641e+01,0,nan,nan,nan,nan,1328.20714,2.5914391e-04,1818.98208,2.2984296e-04,4.2739054e-03,-5.6932750e-04
0.19201753546008182,0.999609281813588,0.00030298081657198473,1761.9370575356618,-2.9328805e-03,384829,1042.63197,1775.57209,1.5915527e+05,4.8247494e+01,1.2588284e+04,1.7351860e+01,1.6665427e+05,5.0512779e+01,0,nan,nan,nan,nan,1042.63197,2.8602095e-04,1775.57209,2.5481218e-04,8.0623347e-03,4.1581117e-02
0.19205599575570886,1.000008044531612,0.0002924595022210898,1755.8022159959573,-3.0549588e-03,380412,1042.61312,1775.57169,1.5917802e+05,4.6528183e+01,6.1769717e+03,1.4525282e+01,1.6656369e+05,4.8712738e+01,0,nan,nan,nan,nan,1042.61312,2.7299713e-04,1775.57169,2.4319615e-04,-1.2117003e-02,4.1005071e-02
0.19224532644511783,1.0002139840318325,0.0002938151931898939,1743.5326453266466,-3.1867058e-03,371578,1042.61401,1775.51951,1.5907733e+05,4.6746872e+01,6.9835654e+03,1.4964445e+01,1.6660870e+05,4.8941696e+01,0,nan,nan,nan,nan,1042.61401,2.7417470e-04,1775.51951,2.4526080e-04,-1.0878501e-02,-1.5660213e-02
0.19256830084555043,1.0005680411150648,0.0002821074786798095,1921.444488301049,3.1830841e-03,499670,471.03009,463.88516,1.6420608e+05,4.6237934e+01,2.5919143e+03,1.3445041e+01,1.6990359e+05,4.7903862e+01,0,nan,nan,nan,nan,471.03009,2.5853410e-04,463.88516,2.9305994e-04,3.2132529e-02,-1.6038120e-02
0.1925745528176318,1.000335204646018,0.00028378486311423,1731.263214553019,-3.1790279e-03,362744,1328.19781,1819.01826,1.5850302e+05,4.4896927e+01,3.9634243e+03,1.1539678e+01,1.6627641e+05,4.7170918e+01,0,nan,nan,nan,nan,1328.19781,2.5921786e-04,1819.01826,2.2897861e-04,-5.2136802e-03,3.8992908e-02
0.19272149158314278,1.0001352287045302,0.0002850906726692398,1915.3097614917865,3.1758845e-03,495253,471.02023,463.90919,1.6417605e+05,4.6742096e+01,4.2797676e+03,1.4455036e+01,1.6988538e+05,4.8426186e+01,0,nan,nan,nan,nan,471.02023,2.6171867e-04,463.90919,2.9709816e-04,2.3162471e-02,9.2548644e-03
0.19284923536929488,0.9997806937155871,0.000281952251950435,1909.1750092355726,3.1432381e-03,490836,471.00359,463.88388,1.6383025e+05,4.6200142e+01,2.5940881e+03,1.3480778e+01,1.6972452e+05,4.7864708e+01,0,nan,nan,nan,nan,471.00359,2.5833934e-04,463.88388,2.9347310e-04,3.7817855e-03,-1.8190131e-02
0.19292891294753645,1.0002107292289528,0.0002825683355333425,1903.0402089131508,3.0625258e-03,486419,470.98850,463.85694,1.6396242e+05,4.6306904e+01,2.7639575e+03,1.3688940e+01,1.6981886e+05,4.7975319e+01,0,nan,nan,nan,nan,470.98850,2.5815031e-04,463.85694,2.9383408e-04,-1.2507336e-02,-4.8098605e-02
0.19304184767952393,0.9998882118950547,0.00028465910632100483,1718.9939218478808,-3.0326282e-03,353910,1328.20029,1818.98236,1.5781038e+05,4.4999027e+01,4.6600107e+03,1.1912292e+01,1.6606847e+05,4.7278187e+01,0,nan,nan,nan,nan,1328.20029,2.6095385e-04,1818.98236,2.3181616e-04,-3.3358363e-03,5.8223141e-05
0.19332238510833122,1.0001447319271586,0.00028356217596040906,1712.8593223853095,-2.9125386e-03,349493,1328.20662,1818.98899,1.5849248e+05,4.4883450e+01,3.8287419e+03,1.1525374e+01,1.6632536e+05,4.7156757e+01,0,nan,nan,nan,nan,1328.20662,2.5909505e-04,1818.98899,2.2907219e-04,3.5577400e-03,7.1765962e-03
0.19340645515603683,1.000004651548081,0.00030281142993393687,1761.9384464553577,-2.9328491e-03,384830,1042.63582,1775.57236,1.5922448e+05,4.8220497e+01,1.2555037e+04,1.7305702e+01,1.6672008e+05,5.0484509e+01,0,nan,nan,nan,nan,1042.63582,2.8547412e-04,1775.57236,2.5450718e-04,1.2703928e-02,4.1573182e-02
0.1934449073032738,0.9999815570820015,0.00029229690121626464,1755.803604907505,-3.0549355e-03,380413,1042.61468,1775.56075,1.5900570e+05,4.6502316e+01,6.1945405e+03,1.4526800e+01,1.6655928e+05,4.8685658e+01,0,nan,nan,nan,nan,1042.61468,2.7288846e-04,1775.56075,2.4342113e-04,-1.0044567e-02,2.9333986e-02
0.19363422262586028,0.999931043569386,0.00029369207806271034,1743.5340342228274,-3.1866978e-03,371579,1042.61802,1775.51108,1.5897833e+05,4.6727283e+01,7.0186006e+03,1.4930394e+01,1.6656158e+05,4.8921188e+01,0,nan,nan,nan,nan,1042.61802,2.7444997e-04,1775.51108,2.4551860e-04,-6.7201373e-03,-2.4599250e-02
0.19395718727992062,0.9997116404088141,0.00028190918497532537,1921.4458771874833,3.1830822e-03,499671,471.02074,463.89900,1.6398920e+05,4.6205421e+01,2.5876846e+03,1.3434128e+01,1.6975814e+05,4.7870182e+01,0,nan,nan,nan,nan,471.02074,2.5855858e-04,463.89900,2.9388050e-04,2.2155864e-02,-1.6082586e-03
0.19396343341895772,1.0001588504848664,0.00028385233160472596,1731.2646034336203,-3.1790356e-03,362745,1328.20481,1819.02434,1.5852612e+05,4.4907490e+01,3.9483379e+03,1.1561280e+01,1.6624667e+05,4.7182014e+01,0,nan,nan,nan,nan,1328.20481,2.5915523e-04,1819.02434,2.2876063e-04,1.3636416e-03,4.5471724e-02
0.19411038430462213,0.9993287669000868,0.0002851527623433709,1915.311150384508,3.1758889e-03,495254,471.00699,463.89569,1.6405403e+05,4.6752186e+01,4.2811362e+03,1.4500698e+01,1.6974806e+05,4.8436642e+01,0,nan,nan,nan,nan,471.00699,2.6181922e-04,463.89569,2.9739368e-04,8.9094630e-03,-5.7230713e-03
0.1942381378689788,0.9998863921834977,0.00028189767203090144,1909.1763981380723,3.1432523e-03,490837,471.00006,463.87599,1.6383608e+05,4.6191189e+01,2.6037578e+03,1.3437675e+01,1.6974244e+05,4.7855434e+01,0,nan,nan,nan,nan,471.00006,2.5835127e-04,463.87599,2.9346289e-04,-3.6290707e-04,-2.6250571e-02
0.19431782313131407,0.999469411480661,0.0002822516340403166,1903.0415978233345,3.0625477e-03,486420,470.98524,463.85720,1.6376277e+05,4.6254974e+01,2.7745200e+03,1.3611811e+01,1.6969288e+05,4.7921516e+01,0,nan,nan,nan,nan,470.98524,2.5841626e-04,463.85720,2.9405192e-04,-1.5247229e-02,-4.7229566e-02
0.1944307131466303,0.9997465194279872,0.00028472719695382513,1718.9953107133479,-3.0326510e-03,353911,1328.20831,1818.98226,1.5772756e+05,4.5009678e+01,4.6427729e+03,1.1994194e+01,1.6604452e+05,4.7289375e+01,0,nan,nan,nan,nan,1328.20831,2.6146133e-04,1818.98226,2.3168838e-04,6.3741659e-03,-4.3633900e-04
0.1947112414950425,0.999784217249104,0.0002832724649587565,1712.8607112416962,-2.9125705e-03,349494,1328.20265,1818.98860,1.5833881e+05,4.4837421e+01,3.8292327e+03,1.1427082e+01,1.6626478e+05,4.7108398e+01,0,nan,nan,nan,nan,1328.20265,2.5924612e-04,1818.98860,2.2920649e-04,-1.3352459e-04,6.5589403e-03
0.19479537485267429,1.0002170509765804,0.000302897421539895,1761.9398353750544,-2.9328177e-03,384831,1042.63017,1775.57120,1.5928439e+05,4.8234161e+01,1.2585403e+04,1.7319374e+01,1.6675539e+05,5.0498817e+01,0,nan,nan,nan,nan,1042.63017,2.8546806e-04,1775.57120,2.5461084e-04,6.7314035e-03,4.1182708e-02
0.19483381908366937,0.999856357920996,0.00029247220202024613,1755.8049938192853,-3.0549120e-03,380414,1042.61399,1775.56241,1.5898789e+05,4.6530201e+01,6.2095225e+03,1.4590402e+01,1.6653842e+05,4.8714855e+01,0,nan,nan,nan,nan,1042.61399,2.7308706e-04,1775.56241,2.4357815e-04,-1.1288915e-02,3.0620700e-02
0.19502311880660272,1.0003800761833734,0.0002937831695463552,1743.535423119008,-3.1866899e-03,371580,1042.61324,1775.52607,1.5911178e+05,4.6741776e+01,7.0161318e+03,1.4919656e+01,1.6663636e+05,4.8936359e+01,0,nan,nan,nan,nan,1042.61324,2.7432537e-04,1775.52607,2.4552085e-04,-1.1407100e-02,-8.3471453e-03
0.1953460737149726,1.0003609425666062,0.0002819977922387013,1921.4472660739184,3.1830803e-03,499672,471.02529,463.88074,1.6407441e+05,4.6219940e+01,2.5968428e+03,1.3425297e+01,1.6986838e+05,4.7885220e+01,0,nan,nan,nan,nan,471.02529,2.5874990e-04,463.88074,2.9346600e-04,2.7761836e-02,-2.1741357e-02
0.1953523137865435,0.9993887227472481,0.0002837989383224661,1731.265992313988,-3.1790435e-03,362746,1328.20015,1819.02110,1.5845297e+05,4.4898926e+01,3.9475945e+03,1.1576453e+01,1.6611825e+05,4.7173019e+01,0,nan,nan,nan,nan,1328.20015,2.5911161e-04,1819.02110,2.2872727e-04,-3.2913650e-03,4.2181954e-02
0.19549927679327084,1.0003385309521482,0.00028512108185329096,1915.3125392769966,3.1758931e-03,495255,471.01952,463.89295,1.6420697e+05,4.6746902e+01,4.2955122e+03,1.4455248e+01,1.6991927e+05,4.8431171e+01,0,nan,nan,nan,nan,471.01952,2.6173471e-04,463.89295,2.9697895e-04,2.1769116e-02,-8.3019529e-03
0.1956270403684357,1.0002365277052478,0.00028195519765847517,1909.1777870405717,3.1432665e-03,490838,471.00107,463.87768,1.6388417e+05,4.6200611e+01,2.6039836e+03,1.3458948e+01,1.6980186e+05,4.7865196e+01,0,nan,nan,nan,nan,471.00107,2.5817397e-04,463.87768,2.9358378e-04,1.0304827e-03,-2.4707111e-02
0.1957067333141822,0.9998645898036658,0.00028222877015069255,1903.0429867335174,3.0625695e-03,486421,470.98967,463.85770,1.6389161e+05,4.6251194e+01,2.7685664e+03,1.3554718e+01,1.6975986e+05,4.7917603e+01,0,nan,nan,nan,nan,470.98967,2.5829734e-04,463.85770,2.9356527e-04,-1.0872211e-02,-4.7144406e-02
0.19581957838113373,1.000163886792447,0.0002847584787300596,1718.9966995785824,-3.0326741e-03,353912,1328.20197,1818.98943,1.5779931e+05,4.5014507e+01,4.6590029e+03,1.1959562e+01,1.6611342e+05,4.7294453e+01,0,nan,nan,nan,nan,1328.20197,2.6125804e-04,1818.98943,2.3146255e-04,-1.8462237e-03,7.5610289e-03
0.19610009788175375,1.000089948513924,0.00028365130309255615,1712.862100098083,-2.9126024e-03,349495,1328.21155,1818.98570,1.5854997e+05,4.4897213e+01,3.8412092e+03,1.1516690e+01,1.6631500e+05,4.7171223e+01,0,nan,nan,nan,nan,1328.21155,2.5943617e-04,1818.98570,2.2920901e-04,8.9487089e-03,4.2494917e-03
0.19618429454931174,0.9996997356952375,0.00030294257766132513,1761.941224294751,-2.9327862e-03,384832,1042.63472,1775.57112,1.5925262e+05,4.8241329e+01,1.2567358e+04,1.7317019e+01,1.6666908e+05,5.0506321e+01,0,nan,nan,nan,nan,1042.63472,2.8549481e-04,1775.57112,2.5459955e-04,1.2310124e-02,4.1325718e-02
0.19622273063077955,1.000013656593605,0.0002924076973893597,1755.8063827308324,-3.0548887e-03,380415,1042.61837,1775.56892,1.5911020e+05,4.6519947e+01,6.2073462e+03,1.4532257e+01,1.6656464e+05,4.8704117e+01,0,nan,nan,nan,nan,1042.61837,2.7276625e-04,1775.56892,2.4349509e-04,-6.1637219e-03,3.8029086e-02
0.19641201498689043,1.000282836433888,0.00029380983224733373,1743.5368120151884,-3.1866820e-03,371581,1042.61314,1775.52640,1.5910527e+05,4.6746014e+01,7.0214541e+03,1.4925022e+01,1.6662017e+05,4.8940800e+01,0,nan,nan,nan,nan,1042.61314,2.7448431e-04,1775.52640,2.4521173e-04,-1.2135090e-02,-8.3488217e-03
0.1967349603828552,0.9999802568213647,0.00028222484602140015,1921.4486549605863,3.1830787e-03,499673,471.02847,463.89116,1.6419911e+05,4.6257149e+01,2.5949021e+03,1.3512011e+01,1.6980369e+05,4.7923767e+01,0,nan,nan,nan,nan,471.02847,2.5856271e-04,463.89116,2.9287420e-04,3.0702373e-02,-9.8642502e-03
0.19674119438695925,0.9998351622695011,0.0002837931714805584,1731.2673811945883,-3.1790512e-03,362747,1328.20019,1819.01578,1.5846845e+05,4.4897907e+01,3.9477170e+03,1.1564763e+01,1.6619203e+05,4.7171944e+01,0,nan,nan,nan,nan,1328.20019,2.5899787e-04,1819.01578,2.2876743e-04,-3.4454023e-03,3.6296822e-02
0.19688816928191955,0.9999771478269236,0.0002848197009413687,1915.3139281694853,3.1758973e-03,495256,471.01799,463.89842,1.6377438e+05,4.6697407e+01,4.2718560e+03,1.4480932e+01,1.6985758e+05,4.8379890e+01,0,nan,nan,nan,nan,471.01799,2.6307846e-04,463.89842,2.9769519e-04,2.1925353e-02,-3.0348790e-03
0.19701594286880209,0.9995851834566342,0.00028196896954709697,1909.179175943072,3.1432807e-03,490839,470.99798,463.88536,1.6387800e+05,4.6202858e+01,2.5988474e+03,1.3476025e+01,1.6969127e+05,4.7867527e+01,0,nan,nan,nan,nan,470.99798,2.5809783e-04,463.88536,2.9328014e-04,-2.0991224e-03,-1.6757187e-02
0.19709564326467444,0.9998178715027882,0.00028211980805586696,1903.044375643468,3.0625912e-03,486422,470.99187,463.85643,1.6377212e+05,4.6233315e+01,2.7641201e+03,1.3551500e+01,1.6975181e+05,4.7899075e+01,0,nan,nan,nan,nan,470.99187,2.5853753e-04,463.85643,2.9394488e-04,-7.8124311e-03,-4.8506197e-02
0.197208443614727,0.9999562990888307,0.0002846631073044727,1718.998088443816,-3.0326971e-03,353913,1328.20604,1818.98734,1.5776081e+05,4.4999321e+01,4.6461841e+03,1.1927262e+01,1.6607853e+05,4.7278496e+01,0,nan,nan,nan,nan,1328.20604,2.6131628e-04,1818.98734,2.3149468e-04,3.6553259e-03,5.1116599e-03
0.19748895426869206,1.0001097658281806,0.00028351821163745275,1712.8634889544699,-2.9126343e-03,349496,1328.20546,1818.98635,1.5850038e+05,4.4875980e+01,3.8296279e+03,1.1502182e+01,1.6631764e+05,4.7148907e+01,0,nan,nan,nan,nan,1328.20546,2.5899720e-04,1818.98635,2.2904313e-04,2.5206057e-03,4.5217136e-03
0.1975732144783251,0.9996559946492564,0.000302973210938613,1761.94261321468,-2.9327546e-03,384833,1042.63080,1775.57381,1.5927300e+05,4.8246189e+01,1.2596053e+04,1.7344927e+01,1.6666170e+05,5.0511410e+01,0,nan,nan,nan,nan,1042.63080,2.8551451e-04,1775.57381,2.5439836e-04,7.1071512e-03,4.4143401e-02
0.197611642177435,1.000353918945028,0.0002924212703417223,1755.807771642379,-3.0548654e-03,380416,1042.61468,1775.56848,1.5917505e+05,4.6522106e+01,6.2246240e+03,1.4526463e+01,1.6662133e+05,4.8706379e+01,0,nan,nan,nan,nan,1042.61468,2.7263156e-04,1775.56848,2.4323769e-04,-1.0570346e-02,3.7403520e-02
0.19780091093389274,1.000047685747221,0.00029379697600316314,1743.5382009111354,-3.1866743e-03,371582,1042.61090,1775.53960,1.5896306e+05,4.6743977e+01,7.0314629e+03,1.4943541e+01,1.6658100e+05,4.8938660e+01,0,nan,nan,nan,nan,1042.61090,2.7466853e-04,1775.53960,2.4591450e-04,-1.4338005e-02,5.3825444e-03
0.19812384681699768,1.000014419929415,0.0002820410555257928,1921.4500438470204,3.1830769e-03,499674,471.01932,463.89233,1.6413467e+05,4.6227016e+01,2.5904048e+03,1.3429819e+01,1.6980947e+05,4.7892551e+01,0,nan,nan,nan,nan,471.01932,2.5865991e-04,463.89233,2.9302423e-04,2.1601528e-02,-8.3151795e-03
0.1981300749882845,0.9996491022883237,0.00028378959254387486,1731.2687700751897,-3.1790589e-03,362748,1328.20319,1819.02514,1.5842538e+05,4.4897221e+01,3.9474790e+03,1.1573462e+01,1.6616069e+05,4.7171227e+01,0,nan,nan,nan,nan,1328.20319,2.5918239e-04,1819.02514,2.2904977e-04,7.7114229e-05,4.6285778e-02
0.19827706177056825,0.9997261075279578,0.00028514290243831906,1915.315317061974,3.1759015e-03,495257,471.01038,463.89661,1.6412805e+05,4.6750309e+01,4.2673447e+03,1.4480936e+01,1.6981462e+05,4.8434700e+01,0,nan,nan,nan,nan,471.01038,2.6195633e-04,463.89661,2.9688192e-04,1.2581210e-02,-4.6824752e-03
0.19840484537007796,1.0001038603943249,0.0002820466103700641,1909.1805648455734,3.1432949e-03,490840,470.99880,463.87021,1.6398097e+05,4.6215580e+01,2.6101077e+03,1.3472595e+01,1.6977930e+05,4.7880703e+01,0,nan,nan,nan,nan,470.99880,2.5790595e-04,463.87021,2.9307304e-04,-1.1217658e-03,-3.2181069e-02
0.19848455344845206,1.00032655773947,0.0002822283068435988,1903.0457645536517,3.0626131e-03,486423,470.98497,463.86237,1.6388716e+05,4.6251060e+01,2.7704119e+03,1.3562537e+01,1.6983806e+05,4.7917461e+01,0,nan,nan,nan,nan,470.98497,2.5841361e-04,463.86237,2.9365477e-04,-1.5961714e-02,-4.2556830e-02
0.19859730884832028,1.0000267632913613,0.0002845499952319424,1718.9994773090496,-3.0327202e-03,353914,1328.18844,1818.96689,1.5767014e+05,4.4981335e+01,4.6505303e+03,1.1908081e+01,1.6608983e+05,4.7259598e+01,0,nan,nan,nan,nan,1328.18844,2.6109704e-04,1818.96689,2.3277097e-04,-1.4842558e-02,-1.7638115e-02
0.19887781088823464,1.0003438684188195,0.0002836475693199239,1712.8648778110894,-2.9126660e-03,349497,1328.20595,1818.98348,1.5855670e+05,4.4896278e+01,3.8361943e+03,1.1523368e+01,1.6635594e+05,4.7170235e+01,0,nan,nan,nan,nan,1328.20595,2.5899458e-04,1818.98348,2.2916701e-04,3.0831818e-03,1.5689955e-03
0.1989621341745078,0.9996799680629322,0.0003030222631359056,1761.9440021343762,-2.9327231e-03,384834,1042.63006,1775.57464,1.5925084e+05,4.8253979e+01,1.2587360e+04,1.7346527e+01,1.6666564e+05,5.0519566e+01,0,nan,nan,nan,nan,1042.63006,2.8574761e-04,1775.57464,2.5468940e-04,5.9437403e-03,4.4586465e-02
0.19900055372454517,1.0000016027188954,0.0002926398645048677,1755.8091605539262,-3.0548421e-03,380417,1042.61114,1775.56711,1.5909731e+05,4.6556881e+01,6.2362944e+03,1.4623169e+01,1.6656266e+05,4.8742790e+01,0,nan,nan,nan,nan,1042.61114,2.7285563e-04,1775.56711,2.4357782e-04,-1.4083560e-02,3.5421755e-02
0.19918980711327094,1.000051160564838,0.0002937942750121783,1743.5395898073148,-3.1866664e-03,371583,1042.61479,1775.52484,1.5906959e+05,4.6743538e+01,7.0377920e+03,1.4928204e+01,1.6658158e+05,4.8938206e+01,0,nan,nan,nan,nan,1042.61479,2.7428070e-04,1775.52484,2.4581226e-04,-9.6009700e-03,-1.0124903e-02
0.1995127332515949,1.0001098668841644,0.0002820538594309297,1921.451432733455,3.1830750e-03,499675,471.02798,463.87905,1.6414858e+05,4.6229099e+01,2.5849199e+03,1.3449593e+01,1.6982562e+05,4.7894714e+01,0,nan,nan,nan,nan,471.02798,2.5861250e-04,463.87905,2.9302228e-04,3.0283686e-02,-2.3747604e-02
0.19951895558938337,1.0001035113052161,0.0002838767808602126,1731.2701589557907,-3.1790666e-03,362749,1328.19817,1819.01692,1.5850509e+05,4.4910896e+01,3.9415647e+03,1.1565467e+01,1.6623580e+05,4.7185596e+01,0,nan,nan,nan,nan,1328.19817,2.5927013e-04,1819.01692,2.2887310e-04,-5.5378401e-03,3.7536532e-02
0.19966595425830747,0.9997473603037376,0.0002852247120654523,1915.3167059544617,3.1759057e-03,495258,471.02233,463.89823,1.6402120e+05,4.6763641e+01,4.2687222e+03,1.4512294e+01,1.6981792e+05,4.8448509e+01,0,nan,nan,nan,nan,471.02233,2.6262901e-04,463.89823,2.9778018e-04,2.6075186e-02,-2.8553740e-03
0.19979374787044435,0.9996492570577361,0.00028206218671591245,1909.1819537480737,3.1433091e-03,490841,470.99847,463.88229,1.6390069e+05,4.6218128e+01,2.6003406e+03,1.3512349e+01,1.6970211e+05,4.7883343e+01,0,nan,nan,nan,nan,470.99847,2.5810473e-04,463.88229,2.9333381e-04,-2.1578567e-03,-1.9740717e-02
0.19987346363268443,1.0000971365612241,0.00028237813898790464,1903.047153463836,3.0626350e-03,486424,470.98820,463.85478,1.6395597e+05,4.6275581e+01,2.7500923e+03,1.3598534e+01,1.6979900e+05,4.7942867e+01,0,nan,nan,nan,nan,470.98820,2.5810767e-04,463.85478,2.9365747e-04,-1.2592085e-02,-5.0132111e-02
0.19998617408259667,0.9997969825770504,0.00028455309379802994,1719.0008661742838,-3.0327432e-03,353915,1328.21622,1818.99985,1.5745958e+05,4.4981712e+01,4.6608154e+03,1.1954672e+01,1.6605127e+05,4.7259998e+01,0,nan,nan,nan,nan,1328.21622,2.6274347e-04,1818.99985,2.3360233e-04,1.5197563e-02,1.6699476e-02
0.20026666727494524,0.9998584246291428,0.00028344599115020353,1712.866266667476,-2.9126978e-03,349498,1328.21023,1818.99244,1.5836612e+05,4.4864193e+01,3.8460408e+03,1.1513359e+01,1.6627455e+05,4.7136528e+01,0,nan,nan,nan,nan,1328.21023,2.5926111e-04,1818.99244,2.2909259e-04,7.6574795e-03,1.1449423e-02
0.20035105387023577,0.9994411798087974,0.0003028750456685802,1761.945391054072,-2.9326917e-03,384835,1042.63944,1775.56992,1.5914981e+05,4.8230518e+01,1.2580780e+04,1.7351799e+01,1.6662577e+05,5.0495003e+01,0,nan,nan,nan,nan,1042.63944,2.8567453e-04,1775.56992,2.5463547e-04,1.7121926e-02,3.9202251e-02
0.20038946550403125,0.9999182547340771,0.00029249406687114856,1755.8105494657057,-3.0548186e-03,380418,1042.61646,1775.55829,1.5916225e+05,4.6533695e+01,6.2482212e+03,1.4551022e+01,1.6654878e+05,4.8718513e+01,0,nan,nan,nan,nan,1042.61646,2.7268546e-04,1775.55829,2.4331405e-04,-8.8023515e-03,2.6677344e-02
0.20057870329264915,0.9998602259746282,0.000293879397968543,1743.5409787034941,-3.1866585e-03,371584,1042.61255,1775.52566,1.5900405e+05,4.6757080e+01,7.0482114e+03,1.4977487e+01,1.6654977e+05,4.8952385e+01,0,nan,nan,nan,nan,1042.61255,2.7435698e-04,1775.52566,2.4573720e-04,-1.2838854e-02,-9.2020920e-03
0.2009016196857374,1.0001302259677343,0.00028216125165089696,1921.4528216198892,3.1830731e-03,499676,471.02561,463.89106,1.6411678e+05,4.6246693e+01,2.5883994e+03,1.3521427e+01,1.6982905e+05,4.7912937e+01,0,nan,nan,nan,nan,471.02561,2.5858497e-04,463.89106,2.9328023e-04,2.7873082e-02,-9.8432861e-03
0.20090783595765027,0.9998903255212475,0.0002838128807563051,1731.271547836159,-3.1790745e-03,362750,1328.20200,1819.02091,1.5849439e+05,4.4900673e+01,3.9413406e+03,1.1565380e+01,1.6619992e+05,4.7174854e+01,0,nan,nan,nan,nan,1328.20200,2.5905378e-04,1819.02091,2.2874628e-04,-1.3372735e-03,4.1695978e-02
0.20105484697910503,1.0000969167670308,0.0002850982082111178,1915.3180948471825,3.1759101e-03,495259,471.01598,463.89675,1.6408556e+05,4.6742813e+01,4.2658901e+03,1.4496019e+01,1.6987698e+05,4.8426933e+01,0,nan,nan,nan,nan,471.01598,2.6188252e-04,463.89675,2.9727360e-04,1.8348157e-02,-3.6474280e-03
0.20118265036990124,0.9998871867748503,0.00028179401961038247,1909.1833426505732,3.1433234e-03,490842,471.00189,463.87744,1.6379867e+05,4.6174175e+01,2.5874888e+03,1.3414209e+01,1.6974248e+05,4.7837811e+01,0,nan,nan,nan,nan,471.00189,2.5813721e-04,463.87744,2.9371222e-04,1.2464682e-03,-2.4731381e-02
0.20126237381646206,0.9999041410108036,0.0002826522311642616,1903.0485423740197,3.0626568e-03,486425,470.98385,463.86386,1.6381964e+05,4.6320469e+01,2.7719326e+03,1.3768551e+01,1.6976611e+05,4.7989368e+01,0,nan,nan,nan,nan,470.98385,2.5866539e-04,463.86386,2.9390867e-04,-1.6903613e-02,-3.9572816e-02
0.20137503954970237,1.0002483771842998,0.0002846404661300331,1719.002255039751,-3.0327660e-03,353916,1328.21149,1818.99241,1.5758697e+05,4.4995415e+01,4.6395864e+03,1.1952662e+01,1.6612584e+05,4.7274395e+01,0,nan,nan,nan,nan,1328.21149,2.6162519e-04,1818.99241,2.3257827e-04,1.0417906e-02,9.7881788e-03
0.20165552366165718,0.9996601510297025,0.0002835730414221017,1712.8676555238628,-2.9127297e-03,349499,1328.20603,1818.98609,1.5844070e+05,4.4884125e+01,3.8378252e+03,1.1523564e+01,1.6624092e+05,4.7157467e+01,0,nan,nan,nan,nan,1328.20603,2.5923358e-04,1818.98609,2.2955953e-04,2.5556623e-03,3.2965981e-03
0.20173997356641848,1.0001096946638945,0.00030289941335917477,1761.9467799737681,-2.9326603e-03,384836,1042.63081,1775.57219,1.5929633e+05,4.8234383e+01,1.2587208e+04,1.7315672e+01,1.6673717e+05,5.0499050e+01,0,nan,nan,nan,nan,1042.63081,2.8537191e-04,1775.57219,2.5440723e-04,7.4871196e-03,4.1725278e-02
0.20177837705114143,1.0000793787948048,0.0002925236644219747,1755.8119383772528,-3.0547953e-03,380419,1042.61556,1775.56574,1.5917683e+05,4.6538406e+01,6.2466338e+03,1.4559941e+01,1.6657562e+05,4.8723446e+01,0,nan,nan,nan,nan,1042.61556,2.7271666e-04,1775.56574,2.4316278e-04,-1.0189242e-02,3.3978999e-02
0.20196759947293685,0.9998107133883313,0.00029387995465764806,1743.5423675996744,-3.1866506e-03,371585,1042.62274,1775.52742,1.5910659e+05,4.6757168e+01,7.0679097e+03,1.4957305e+01,1.6654152e+05,4.8952477e+01,0,nan,nan,nan,nan,1042.62274,2.7429263e-04,1775.52742,2.4551654e-04,-1.9643453e-03,-7.9582101e-03
0.20229050612078936,1.0006175275622673,0.00028219513296090846,1921.4542105063242,3.1830713e-03,499677,471.02512,463.88871,1.6413552e+05,4.6252235e+01,2.5849619e+03,1.3535217e+01,1.6991177e+05,4.7918682e+01,0,nan,nan,nan,nan,471.02512,2.5882327e-04,463.88871,2.9314618e-04,2.8461127e-02,-1.2577373e-02
0.20229671655874915,0.9999764729209,0.000283775341728786,1731.2729367167601,-3.1790822e-03,362751,1328.21005,1819.03289,1.5850766e+05,4.4894615e+01,3.9385850e+03,1.1529534e+01,1.6621380e+05,4.7168488e+01,0,nan,nan,nan,nan,1328.21005,2.5947779e-04,1819.03289,2.2869000e-04,7.7269487e-03,5.5044230e-02
0.20244373946752603,1.0001734531669957,0.0002850314902825042,1915.3194837396709,3.1759143e-03,495260,471.02158,463.90355,1.6414086e+05,4.6731789e+01,4.2686899e+03,1.4444104e+01,1.6988967e+05,4.8415512e+01,0,nan,nan,nan,nan,471.02158,2.6174661e-04,463.90355,2.9752724e-04,2.3598088e-02,3.0765221e-03
0.20257155286981288,1.0001231482483153,0.00028203523349233666,1909.184731553073,3.1433376e-03,490843,470.99802,463.87564,1.6396256e+05,4.6213699e+01,2.5972104e+03,1.3474691e+01,1.6978252e+05,4.7878757e+01,0,nan,nan,nan,nan,470.99802,2.5803293e-04,463.87564,2.9313067e-04,-2.1565985e-03,-2.6547996e-02
0.2026512837669543,1.0005320017869257,0.00028241968316442044,1903.0499312839702,3.0626785e-03,486426,470.98757,463.84897,1.6401170e+05,4.6282326e+01,2.7594302e+03,1.3626062e+01,1.6987259e+05,4.7949856e+01,0,nan,nan,nan,nan,470.98757,2.5793363e-04,463.84897,2.9352735e-04,-1.2473294e-02,-5.6986395e-02
0.20276390478397877,1.000301503562071,0.00028473772727219453,1719.0036439049852,-3.0327891e-03,353917,1328.20323,1818.98739,1.5780811e+05,4.5010689e+01,4.6354790e+03,1.1957524e+01,1.6613428e+05,4.7290440e+01,0,nan,nan,nan,nan,1328.20323,2.6127932e-04,1818.98739,2.3167511e-04,1.4409879e-03,4.7804452e-03
0.203044380047686,1.0000532253879555,0.0002834235843724913,1712.8690443802489,-2.9127616e-03,349500,1328.20380,1818.97900,1.5831058e+05,4.4860291e+01,3.8520884e+03,1.1513097e+01,1.6630562e+05,4.7132427e+01,0,nan,nan,nan,nan,1328.20380,2.5933445e-04,1818.97900,2.3001798e-04,7.9220359e-04,-3.9501539e-03
0.2031288934949771,1.0004780537869282,0.0003030932730036551,1761.9481688936967,-2.9326286e-03,384837,1042.63002,1775.57406,1.5935852e+05,4.8265240e+01,1.2583303e+04,1.7361103e+01,1.6679853e+05,5.0531357e+01,0,nan,nan,nan,nan,1042.63002,2.8550680e-04,1775.57406,2.5448663e-04,7.0414459e-03,4.3903228e-02
0.20316728859825162,0.9997941370578418,0.0002924871964910719,1755.8133272887999,-3.0547720e-03,380420,1042.61031,1775.57352,1.5905102e+05,4.6532612e+01,6.2719551e+03,1.4593784e+01,1.6652814e+05,4.8717377e+01,0,nan,nan,nan,nan,1042.61031,2.7299169e-04,1775.57352,2.4337266e-04,-1.5307358e-02,4.2200431e-02
0.20335649565322456,0.9999858803546483,0.00029394135928009687,1743.5437564958547,-3.1866427e-03,371586,1042.61707,1775.51486,1.5916236e+05,4.6766941e+01,7.0600444e+03,1.4975030e+01,1.6657069e+05,4.8962704e+01,0,nan,nan,nan,nan,1042.61707,2.7428026e-04,1775.51486,2.4524026e-04,-8.6949263e-03,-2.0968810e-02
0.20367939255675083,1.0000317473806177,0.0002820867909728968,1921.4555993927602,3.1830694e-03,499678,471.01774,463.88944,1.6412847e+05,4.6234470e+01,2.5935579e+03,1.3441126e+01,1.6981225e+05,4.7900272e+01,0,nan,nan,nan,nan,471.01774,2.5838587e-04,463.88944,2.9321562e-04,1.9426528e-02,-1.1615420e-02
0.2036855971598467,1.000625166815801,0.0002840062248719332,1731.2743255973612,-3.1790899e-03,362752,1328.19421,1819.01026,1.5855089e+05,4.4931026e+01,3.9406741e+03,1.1583436e+01,1.6632119e+05,4.7206741e+01,0,nan,nan,nan,nan,1328.19421,2.5934060e-04,1819.01026,2.2927970e-04,-1.0032469e-02,2.9583439e-02
0.20383263195708423,0.9995798969760105,0.0002849217986355023,1915.3208726321604,3.1759185e-03,495261,471.00455,463.90047,1.6405222e+05,4.6713726e+01,4.2432393e+03,1.4412368e+01,1.6978855e+05,4.8396793e+01,0,nan,nan,nan,nan,471.00455,2.6219807e-04,463.90047,2.9733541e-04,6.5613734e-03,-4.8045893e-04
0.20396045536926977,0.999806321630526,0.0002820161963265238,1909.1861204555726,3.1433518e-03,490844,470.99836,463.87756,1.6389455e+05,4.6210575e+01,2.6075864e+03,1.3489417e+01,1.6972872e+05,4.7875519e+01,0,nan,nan,nan,nan,470.99836,2.5806713e-04,463.87756,2.9346481e-04,-1.5740640e-03,-2.4490373e-02
0.20404019394982242,0.9999661409228134,0.0002823756055334534,1903.051320194153,3.0627004e-03,486427,470.98569,463.85504,1.6389795e+05,4.6275074e+01,2.7886121e+03,1.3600492e+01,1.6977641e+05,4.7942341e+01,0,nan,nan,nan,nan,470.98569,2.5823084e-04,463.85504,2.9395509e-04,-1.4790283e-02,-5.0077707e-02
0.20415277001848153,1.000351374191865,0.0002848682264581496,1719.0050327702197,-3.0328122e-03,353918,1328.20247,1818.98318,1.5784617e+05,4.5031208e+01,4.6450967e+03,1.2019562e+01,1.6614219e+05,4.7312004e+01,0,nan,nan,nan,nan,1328.20247,2.6107591e-04,1818.98318,2.3167353e-04,-2.4253411e-04,3.9073266e-04
0.20443323666654545,0.9997549722030834,0.0002834574630322432,1712.8704332368677,-2.9127933e-03,349501,1328.21488,1818.99492,1.5830966e+05,4.4865475e+01,3.8542693e+03,1.1560740e+01,1.6625536e+05,4.7137871e+01,0,nan,nan,nan,nan,1328.21488,2.5958649e-04,1818.99492,2.3001623e-04,1.3951525e-02,1.3317112e-02
0.2045178131911598,1.0004474118273285,0.0003030289335371145,1761.9495578133929,-2.9325972e-03,384838,1042.63285,1775.56795,1.5932494e+05,4.8254990e+01,1.2591218e+04,1.7350496e+01,1.6679341e+05,5.0520622e+01,0,nan,nan,nan,nan,1042.63285,2.8559353e-04,1775.56795,2.5434780e-04,9.8847104e-03,3.7689015e-02
0.20455620014490705,1.0001715294276756,0.000292475549124642,1755.8147162003465,-3.0547488e-03,380421,1042.60948,1775.56424,1.5912647e+05,4.6530762e+01,6.2554834e+03,1.4552917e+01,1.6659102e+05,4.8715443e+01,0,nan,nan,nan,nan,1042.60948,2.7283549e-04,1775.56424,2.4335082e-04,-1.6004156e-02,3.2805558e-02
0.2047453918330575,1.0004551578201077,0.00029378520920671474,1743.5451453920346,-3.1866347e-03,371587,1042.61541,1775.51803,1.5901867e+05,4.6742096e+01,7.0688403e+03,1.4947766e+01,1.6664886e+05,4.8936695e+01,0,nan,nan,nan,nan,1042.61541,2.7441242e-04,1775.51803,2.4566695e-04,-9.2605501e-03,-1.7607721e-02
0.2050682792244064,1.0005742657935779,0.0002822283313778295,1921.4569882794278,3.1830678e-03,499679,471.02641,463.88593,1.6423133e+05,4.6257656e+01,2.5980676e+03,1.3470456e+01,1.6990433e+05,4.7924297e+01,0,nan,nan,nan,nan,471.02641,2.5868686e-04,463.88593,2.9308721e-04,2.9042875e-02,-1.6070496e-02
0.2050744777611726,1.0006916933911074,0.00028387618906765,1731.2757144779625,-3.1790975e-03,362753,1328.19512,1819.01309,1.5855106e+05,4.4910332e+01,3.9355752e+03,1.1568315e+01,1.6633181e+05,4.7185001e+01,0,nan,nan,nan,nan,1328.19512,2.5900875e-04,1819.01309,2.2901203e-04,-8.7542618e-03,3.3430804e-02
0.20522152444573294,1.0004273263294308,0.00028504101677910776,1915.322261524649,3.1759227e-03,495262,471.01617,463.89611,1.6409673e+05,4.6733181e+01,4.2585444e+03,1.4482335e+01,1.6993219e+05,4.8416954e+01,0,nan,nan,nan,nan,471.01617,2.6271734e-04,463.89611,2.9734347e-04,1.9720497e-02,-4.4979835e-03
0.20534935786963615,0.9993653672446199,0.0002821132237870841,1909.187509358073,3.1433660e-03,490845,471.00175,463.88391,1.6388134e+05,4.6226471e+01,2.5974170e+03,1.3505835e+01,1.6965384e+05,4.7891987e+01,0,nan,nan,nan,nan,471.00175,2.5818445e-04,463.88391,2.9339013e-04,1.3414999e-03,-1.7671682e-02
0.20542910413360005,1.0002725222700883,0.00028222834322425683,1903.0527091043368,3.0627223e-03,486428,470.98790,463.86555,1.6396094e+05,4.6250904e+01,2.7677346e+03,1.3537057e+01,1.6982831e+05,4.7917305e+01,0,nan,nan,nan,nan,470.98790,2.5805345e-04,463.86555,2.9348535e-04,-1.3177465e-02,-3.8612265e-02
0.20554163525275726,0.9998209370170325,0.0002846203817161292,1719.006421635454,-3.0328352e-03,353919,1328.19918,1818.97944,1.5767281e+05,4.4991936e+01,4.6432168e+03,1.1958817e+01,1.6605372e+05,4.7270737e+01,0,nan,nan,nan,nan,1328.19918,2.6122131e-04,1818.97944,2.3192348e-04,-3.7416159e-03,-3.9460557e-03
0.20582209305348442,0.9999021755764917,0.00028343703563473674,1712.8718220932547,-2.9128252e-03,349502,1328.19783,1818.97688,1.5828733e+05,4.4862064e+01,3.8121609e+03,1.1517000e+01,1.6627917e+05,4.7134285e+01,0,nan,nan,nan,nan,1328.19783,2.5931734e-04,1818.97688,2.3032210e-04,-5.1287487e-03,-6.7038001e-03
0.20590673288734251,0.9999561988675111,0.00030288247225603184,1761.950946733089,-2.9325658e-03,384839,1042.63193,1775.57458,1.5923789e+05,4.8231659e+01,1.2597815e+04,1.7318546e+01,1.6671148e+05,5.0496197e+01,0,nan,nan,nan,nan,1042.63193,2.8549877e-04,1775.57458,2.5447225e-04,8.3177974e-03,4.3827586e-02
0.20594511192484788,0.999540993458427,0.00029248540466358643,1755.8161051121265,-3.0547252e-03,380422,1042.61549,1775.56394,1.5898288e+05,4.6532345e+01,6.2616450e+03,1.4588611e+01,1.6648602e+05,4.8717094e+01,0,nan,nan,nan,nan,1042.61549,2.7332120e-04,1775.56394,2.4370916e-04,-9.7118197e-03,3.2551806e-02
0.2061342880133452,1.0000022219036184,0.0002940570073755602,1743.5465342882148,-3.1866268e-03,371588,1042.61689,1775.52806,1.5916703e+05,4.6785339e+01,7.0784487e+03,1.4964260e+01,1.6657341e+05,4.8981968e+01,0,nan,nan,nan,nan,1042.61689,2.7449470e-04,1775.52806,2.4520853e-04,-9.1030775e-03,-6.0627218e-03
0.20645716565877592,1.000191994582986,0.0002819818729258163,1921.4583771658622,3.1830659e-03,499680,471.02326,463.88667,1.6413017e+05,4.6217243e+01,2.5899453e+03,1.3421453e+01,1.6983938e+05,4.7882431e+01,0,nan,nan,nan,nan,471.02326,2.5870686e-04,463.88667,2.9298657e-04,2.5615124e-02,-1.5043272e-02
0.20646335812944017,1.0001296960458768,0.0002839415877980984,1731.2771033583308,-3.1791055e-03,362754,1328.20367,1819.02388,1.5853723e+05,4.4920559e+01,3.9325396e+03,1.1568173e+01,1.6623794e+05,4.7195747e+01,0,nan,nan,nan,nan,1328.20367,2.5918626e-04,1819.02388,2.2894039e-04,5.7975162e-04,4.6085615e-02
0.2066104171663028,0.9997253124117241,0.0002849144467903593,1915.3236504173697,3.1759271e-03,495263,471.02401,463.90470,1.6402156e+05,4.6712341e+01,4.2592012e+03,1.4442490e+01,1.6981264e+05,4.8395367e+01,0,nan,nan,nan,nan,471.02401,2.6205319e-04,463.90470,2.9722092e-04,2.6618026e-02,4.2723543e-03
0.20673826037045728,1.000029390259218,0.0002818979790183101,1909.1888982605738,3.1433802e-03,490846,470.99943,463.87553,1.6392542e+05,4.6191196e+01,2.5942473e+03,1.3408900e+01,1.6976655e+05,4.7855442e+01,0,nan,nan,nan,nan,470.99943,2.5816148e-04,463.87553,2.9325168e-04,-4.4470085e-04,-2.6828565e-02
0.20681801431806013,1.0005202489682852,0.00028241147905593575,1903.0540980145213,3.0627442e-03,486429,470.98874,463.85509,1.6394159e+05,4.6280888e+01,2.7763181e+03,1.3613617e+01,1.6987025e+05,4.7948364e+01,0,nan,nan,nan,nan,470.98874,2.5822251e-04,463.85509,2.9378102e-04,-1.2325117e-02,-5.0108559e-02
0.206930500487033,0.9998097967198291,0.00028468587822218607,1719.0078105006883,-3.0328583e-03,353920,1328.20518,1818.98611,1.5769542e+05,4.5002186e+01,4.6426460e+03,1.1952599e+01,1.6605150e+05,4.7281509e+01,0,nan,nan,nan,nan,1328.20518,2.6159384e-04,1818.98611,2.3160641e-04,2.9235673e-03,4.4001481e-03
0.2072109494401957,0.9998844600701453,0.0002833928903415473,1712.8732109496414,-2.9128571e-03,349503,1328.20702,1818.98405,1.5845281e+05,4.4854889e+01,3.8242759e+03,1.1448839e+01,1.6627553e+05,4.7126751e+01,0,nan,nan,nan,nan,1328.20702,2.5897965e-04,1818.98405,2.2902626e-04,4.7655804e-03,2.1804755e-03
0.20729565258307048,1.000593441706039,0.00030323570641344375,1761.9523356527848,-2.9325343e-03,384840,1042.63335,1775.57794,1.5944556e+05,4.8287903e+01,1.2593292e+04,1.7379173e+01,1.6681770e+05,5.0555080e+01,0,nan,nan,nan,nan,1042.63335,2.8526268e-04,1775.57794,2.5439914e-04,1.0130009e-02,4.7611371e-02
0.20733402347173036,1.0000497818579206,0.0002927650044046891,1755.8174940236734,-3.0547020e-03,380423,1042.61294,1775.56675,1.5919512e+05,4.6576828e+01,6.2827637e+03,1.4614226e+01,1.6657080e+05,4.8763668e+01,0,nan,nan,nan,nan,1042.61294,2.7336943e-04,1775.56675,2.4341812e-04,-1.2397525e-02,3.5827562e-02
0.20752318419317817,0.9994747267018874,0.0002938884297804168,1743.5479231843947,-3.1866189e-03,371589,1042.61081,1775.52032,1.5897655e+05,4.6758518e+01,7.1049429e+03,1.4964857e+01,1.6648555e+05,4.8953888e+01,0,nan,nan,nan,nan,1042.61081,2.7494042e-04,1775.52032,2.4569733e-04,-1.4267728e-02,-1.5063130e-02
0.2078460520929184,0.999974418802656,0.0002820431829972083,1921.4597660522963,3.1830641e-03,499681,471.02940,463.89278,1.6409203e+05,4.6227283e+01,2.5828979e+03,1.3458577e+01,1.6980239e+05,4.7892830e+01,0,nan,nan,nan,nan,471.02940,2.5893428e-04,463.89278,2.9305404e-04,3.2520540e-02,-7.8424541e-03
0.20785223873053837,1.00083421282433,0.00028398124645815536,1731.278492238932,-3.1791131e-03,362755,1328.19840,1819.02596,1.5862438e+05,4.4926716e+01,3.9315493e+03,1.1559321e+01,1.6635459e+05,4.7202209e+01,0,nan,nan,nan,nan,1328.19840,2.5895960e-04,1819.02596,2.2871721e-04,-4.9875677e-03,4.7411352e-02
0.20799930965449676,0.999946615957918,0.0002850777977265673,1915.3250393098579,3.1759313e-03,495264,471.00528,463.88318,1.6409303e+05,4.6739044e+01,4.2530405e+03,1.4456309e+01,1.6984992e+05,4.8423027e+01,0,nan,nan,nan,nan,471.00528,2.6176986e-04,463.88318,2.9785957e-04,6.5398300e-03,-1.9222749e-02
0.20812716287082367,1.0001593453253044,0.0002820554691244307,1909.1902871630741,3.1433944e-03,490847,470.99617,463.87314,1.6390633e+05,4.6216995e+01,2.6029609e+03,1.3489915e+01,1.6978859e+05,4.7882172e+01,0,nan,nan,nan,nan,470.99617,2.5830575e-04,463.87314,2.9331312e-04,-3.5029028e-03,-2.9064609e-02
0.2082069242687794,0.9999705506924859,0.0002821443249868248,1903.055486924472,3.0627658e-03,486430,470.98448,463.85846,1.6390717e+05,4.6237076e+01,2.7670586e+03,1.3500173e+01,1.6977680e+05,4.7902973e+01,0,nan,nan,nan,nan,470.98448,2.5805313e-04,463.85846,2.9377159e-04,-1.6989952e-02,-4.6195816e-02
0.2083193659543664,0.999908211000013,0.00028463604417147166,1719.0091993661556,-3.0328811e-03,353921,1328.20223,1818.97766,1.5767778e+05,4.4994213e+01,4.6325396e+03,1.1937858e+01,1.6606748e+05,4.7273132e+01,0,nan,nan,nan,nan,1328.20223,2.6146919e-04,1818.97766,2.3212985e-04,3.5040939e-05,-5.8617513e-03
0.20859980582690696,0.999582248059924,0.000283496086557444,1712.874599806028,-2.9128890e-03,349504,1328.20388,1818.98776,1.5835797e+05,4.4871037e+01,3.8519648e+03,1.1550432e+01,1.6622459e+05,4.7143719e+01,0,nan,nan,nan,nan,1328.20388,2.5907843e-04,1818.98776,2.2910992e-04,8.7797485e-04,5.6657400e-03
0.20868457251208383,1.0000140073906099,0.0003030245831544199,1761.9537245727138,-2.9325027e-03,384841,1042.63126,1775.57109,1.5927806e+05,4.8254280e+01,1.2586335e+04,1.7374992e+01,1.6672109e+05,5.0519882e+01,0,nan,nan,nan,nan,1042.63126,2.8530412e-04,1775.57109,2.5449711e-04,7.7871615e-03,4.0593363e-02
0.2087229350186135,0.9994769750739386,0.00029263839276439616,1755.8188829352202,-3.0546787e-03,380424,1042.60978,1775.56833,1.5903306e+05,4.6556694e+01,6.2906934e+03,1.4654048e+01,1.6647541e+05,4.8742588e+01,0,nan,nan,nan,nan,1042.60978,2.7318567e-04,1775.56833,2.4351694e-04,-1.5015799e-02,3.7063286e-02
0.20891208037346587,1.0000520455852624,0.00029385391641830675,1743.549312080575,-3.1866110e-03,371590,1042.61690,1775.52422,1.5910627e+05,4.6753029e+01,7.1037109e+03,1.4941243e+01,1.6658170e+05,4.8948139e+01,0,nan,nan,nan,nan,1042.61690,2.7431946e-04,1775.52422,2.4552518e-04,-7.9973554e-03,-1.1003344e-02
0.20923493852751562,0.9998823197389515,0.00028198764758490484,1921.461154938731,3.1830622e-03,499682,471.02334,463.88849,1.6403561e+05,4.6218166e+01,2.5946045e+03,1.3438478e+01,1.6978670e+05,4.7883385e+01,0,nan,nan,nan,nan,471.02334,2.5868544e-04,463.88849,2.9348105e-04,2.5399102e-02,-1.3666144e-02
0.2092411193318643,0.9999350356995411,0.0002837817843697704,1731.2798811195332,-3.1791208e-03,362756,1328.20078,1819.01647,1.5845584e+05,4.4895035e+01,3.9396870e+03,1.1543238e+01,1.6620470e+05,4.7168930e+01,0,nan,nan,nan,nan,1328.20078,2.5915317e-04,1819.01647,2.2909082e-04,-2.6293132e-03,3.6586586e-02
0.20938820214223597,0.9996172900540153,0.00028494584144952783,1915.3264282023456,3.1759355e-03,495265,471.01808,463.91034,1.6385395e+05,4.6717327e+01,4.2667817e+03,1.4505816e+01,1.6979369e+05,4.8400528e+01,0,nan,nan,nan,nan,471.01808,2.6266501e-04,463.91034,2.9796266e-04,2.1243390e-02,1.0362483e-02
0.2095160653707353,0.99970789473418,0.00028188662638424164,1909.191676065574,3.1434086e-03,490848,471.00070,463.88047,1.6382669e+05,4.6189327e+01,2.6146907e+03,1.3448344e+01,1.6971194e+05,4.7853504e+01,0,nan,nan,nan,nan,471.00070,2.5825883e-04,463.88047,2.9337019e-04,5.5536570e-04,-2.0926638e-02
0.20959583445210228,0.9997374534834629,0.0002822295453967582,1903.0568758346553,3.0627877e-03,486431,470.98797,463.86019,1.6382933e+05,4.6251007e+01,2.7815439e+03,1.3575810e+01,1.6973711e+05,4.7917408e+01,0,nan,nan,nan,nan,470.98797,2.5829035e-04,463.86019,2.9375090e-04,-1.2677491e-02,-4.4091914e-02
0.20970823118796034,0.9997520474450784,0.0002845556878871227,1719.0105882313892,-3.0329041e-03,353922,1328.20871,1818.98494,1.5753208e+05,4.4981411e+01,4.6293174e+03,1.1982710e+01,1.6604119e+05,4.7259682e+01,0,nan,nan,nan,nan,1328.20871,2.6161157e-04,1818.98494,2.3238068e-04,6.4063328e-03,1.7471822e-03
0.20998866244667658,1.0000280111643056,0.0002835086593510706,1712.8759886626478,-2.9129207e-03,349505,1328.20528,1818.98652,1.5840611e+05,4.4872841e+01,3.8337778e+03,1.1512448e+01,1.6629805e+05,4.7145611e+01,0,nan,nan,nan,nan,1328.20528,2.5945704e-04,1818.98652,2.2922600e-04,2.5561948e-03,4.0426897e-03
0.2100734922078118,1.0005979231605107,0.0003029464923544628,1761.9551134924095,-2.9324712e-03,384842,1042.63532,1775.56470,1.5937419e+05,4.8241848e+01,1.2574383e+04,1.7300095e+01,1.6681844e+05,5.0506863e+01,0,nan,nan,nan,nan,1042.63532,2.8531309e-04,1775.56470,2.5436524e-04,1.2515962e-02,3.4284115e-02
0.21011184679855432,1.0001904687751144,0.0002925130289576462,1755.8202718470002,-3.0546552e-03,380425,1042.61444,1775.56884,1.5913981e+05,4.6536755e+01,6.2760601e+03,1.4553725e+01,1.6659428e+05,4.8721714e+01,0,nan,nan,nan,nan,1042.61444,2.7276302e-04,1775.56884,2.4335252e-04,-1.1053596e-02,3.7650779e-02
0.21030097655375357,1.0004816194318344,0.00029417195235872717,1743.5507009767553,-3.1866031e-03,371591,1042.61426,1775.52696,1.5931127e+05,4.6803627e+01,7.1099644e+03,1.5005304e+01,1.6665327e+05,4.9001118e+01,0,nan,nan,nan,nan,1042.61426,2.7430014e-04,1775.52696,2.4497980e-04,-1.0884963e-02,-7.0489310e-03
0.2106238249625676,0.9999623072093348,0.000281969716809103,1921.462543825166,3.1830603e-03,499683,471.03097,463.88510,1.6411447e+05,4.6215218e+01,2.5818604e+03,1.3401544e+01,1.6980023e+05,4.7880329e+01,0,nan,nan,nan,nan,471.03097,2.5866245e-04,463.88510,2.9318407e-04,3.3300374e-02,-1.6515825e-02
0.21062999993296183,0.9994852056108832,0.00028371431039901087,1731.2812700001343,-3.1791285e-03,362757,1328.20121,1819.01943,1.5840578e+05,4.4884235e+01,3.9113672e+03,1.1558414e+01,1.6612947e+05,4.7157585e+01,0,nan,nan,nan,nan,1328.20121,2.5914065e-04,1819.01943,2.2907424e-04,-2.0817686e-03,3.9707925e-02
0.21077709463042993,1.0000942611582162,0.00028492685588508916,1915.3278170948338,3.1759397e-03,495266,471.01192,463.89208,1.6425848e+05,4.6714130e+01,4.2337290e+03,1.4372823e+01,1.6987441e+05,4.8397217e+01,0,nan,nan,nan,nan,471.01192,2.6143610e-04,463.89208,2.9658902e-04,1.4090454e-02,-9.2995418e-03
0.2109049678701922,0.9997990355700905,0.00028211869788079513,1909.1930649680735,3.1434228e-03,490849,470.99775,463.88589,1.6377198e+05,4.6227348e+01,2.6160366e+03,1.3585532e+01,1.6972739e+05,4.7892895e+01,0,nan,nan,nan,nan,470.99775,2.5821786e-04,463.88589,2.9391519e-04,-2.4137495e-03,-1.5053311e-02
0.2109847446349704,1.0003653344856462,0.0002823786574815486,1903.0582647448382,3.0628096e-03,486432,470.98859,463.85951,1.6395230e+05,4.6275414e+01,2.7563127e+03,1.3625814e+01,1.6984359e+05,4.7942688e+01,0,nan,nan,nan,nan,470.98859,2.5809163e-04,463.85951,2.9355110e-04,-1.2260652e-02,-4.4613246e-02
0.21109709642155428,1.0000934219169566,0.00028463175061127206,1719.0119770966228,-3.0329272e-03,353923,1328.20622,1818.99430,1.5777420e+05,4.4993343e+01,4.6189741e+03,1.1919326e+01,1.6609753e+05,4.7272217e+01,0,nan,nan,nan,nan,1328.20622,2.6146782e-04,1818.99430,2.3155588e-04,3.5290946e-03,1.2416366e-02
0.21137751883338718,0.9999112993947554,0.00028341214357418344,1712.8773775190346,-2.9129526e-03,349506,1328.20786,1818.98767,1.5842947e+05,4.4857376e+01,3.8281765e+03,1.1468601e+01,1.6627794e+05,4.7129364e+01,0,nan,nan,nan,nan,1328.20786,2.5920468e-04,1818.98767,2.2930595e-04,5.5602919e-03,5.3713215e-03
0.2114624119039945,0.9996446893180783,0.00030307903495938846,1761.9565024121057,-2.9324398e-03,384843,1042.63207,1775.57716,1.5921391e+05,4.8262955e+01,1.2590793e+04,1.7371170e+01,1.6665952e+05,5.0528961e+01,0,nan,nan,nan,nan,1042.63207,2.8610087e-04,1775.57716,2.5446707e-04,8.8798273e-03,4.7712784e-02
0.21150075834520976,1.0000286471939732,0.0002929045445549918,1755.8216607585468,-3.0546319e-03,380426,1042.61340,1775.56415,1.5916789e+05,4.6599052e+01,6.2973052e+03,1.4644382e+01,1.6656734e+05,4.8786938e+01,0,nan,nan,nan,nan,1042.61340,2.7320723e-04,1775.56415,2.4374569e-04,-1.1909066e-02,3.3239905e-02
0.21168987273313178,0.9996176877193391,0.0002938983491025292,1743.5520898729346,-3.1865952e-03,371592,1042.61738,1775.52673,1.5919483e+05,4.6760098e+01,7.0909287e+03,1.4940514e+01,1.6650936e+05,4.8955544e+01,0,nan,nan,nan,nan,1042.61738,2.7419708e-04,1775.52673,2.4512148e-04,-7.8285234e-03,-7.9157837e-03
0.21201271139761957,0.9995452759771511,0.00028206849299302077,1921.463932711601,3.1830585e-03,499684,471.02381,463.88642,1.6403188e+05,4.6231392e+01,2.6124785e+03,1.3471730e+01,1.6972936e+05,4.7897087e+01,0,nan,nan,nan,nan,471.02381,2.5858686e-04,463.88642,2.9363707e-04,2.5865557e-02,-1.5189455e-02
0.21201888053337825,0.9999706442136947,0.0002837770217735423,1731.2826588807347,-3.1791362e-03,362758,1328.19703,1819.01636,1.5840653e+05,4.4894039e+01,3.9291643e+03,1.1586155e+01,1.6620970e+05,4.7167881e+01,0,nan,nan,nan,nan,1328.19703,2.5919790e-04,1819.01636,2.2914307e-04,-6.4444831e-03,3.6518581e-02
0.21216598711953338,1.0002952890178882,0.0002849554667368083,1915.329205987323,3.1759439e-03,495267,471.02177,463.90368,1.6402211e+05,4.6718739e+01,4.2350239e+03,1.4452314e+01,1.6990823e+05,4.8401989e+01,0,nan,nan,nan,nan,471.02177,2.6259941e-04,463.90368,2.9739673e-04,2.5091881e-02,3.0131242e-03
0.21229387037010383,1.0004682412711785,0.0002821752888806229,1909.1944538705734,3.1434370e-03,490850,471.00151,463.86908,1.6398184e+05,4.6236618e+01,2.5980881e+03,1.3545511e+01,1.6984098e+05,4.7902496e+01,0,nan,nan,nan,nan,471.00151,2.5822443e-04,463.86908,2.9314973e-04,1.5033117e-03,-3.3744056e-02
0.2123736545859174,0.9996810990516173,0.00028229237877118755,1903.0596536547891,3.0628312e-03,486433,470.99084,463.86051,1.6389934e+05,4.6261242e+01,2.7762432e+03,1.3586682e+01,1.6972730e+05,4.7928009e+01,0,nan,nan,nan,nan,470.99084,2.5807152e-04,463.86051,2.9356856e-04,-9.8192971e-03,-4.3806650e-02
0.21248596165582934,0.9998182302127263,0.00028467697115429867,1719.013365961857,-3.0329502e-03,353924,1328.19781,1818.98260,1.5776219e+05,4.5000401e+01,4.6151807e+03,1.1946657e+01,1.6605148e+05,4.7279629e+01,0,nan,nan,nan,nan,1328.19781,2.6113485e-04,1818.98260,2.3166148e-04,-6.0876301e-03,-3.8517668e-04
0.2127663752200991,0.9997437622133573,0.0002836390629113949,1712.8787663754213,-2.9129845e-03,349507,1328.20757,1818.98470,1.5846106e+05,4.4893105e+01,3.8407361e+03,1.1517831e+01,1.6624938e+05,4.7166901e+01,0,nan,nan,nan,nan,1328.20757,2.5899964e-04,1818.98470,2.2926954e-04,4.4534076e-03,3.2377082e-03
0.21285133160017722,1.0004478777828298,0.0003030736033758687,1761.9578913318019,-2.9324084e-03,384844,1042.62984,1775.57090,1.5939106e+05,4.8262093e+01,1.2601490e+04,1.7363506e+01,1.6679344e+05,5.0528057e+01,0,nan,nan,nan,nan,1042.62984,2.8521373e-04,1775.57090,2.5427426e-04,6.7124548e-03,4.0177025e-02
0.21288966989231994,0.99979708001033,0.00029273813954064376,1755.823049670094,-3.0546086e-03,380427,1042.61555,1775.56577,1.5917156e+05,4.6572590e+01,6.2997178e+03,1.4625629e+01,1.6652881e+05,4.8759228e+01,0,nan,nan,nan,nan,1042.61555,2.7292367e-04,1775.56577,2.4351744e-04,-9.1840550e-03,3.4447830e-02
0.21307876891250999,0.9996246500261783,0.00029408682865770885,1743.553478769114,-3.1865872e-03,371593,1042.61326,1775.52359,1.5907953e+05,4.6790085e+01,7.1106035e+03,1.5004387e+01,1.6651052e+05,4.8986938e+01,0,nan,nan,nan,nan,1042.61326,2.7481306e-04,1775.52359,2.4556511e-04,-1.2573601e-02,-1.1207931e-02
0.21340159783267154,0.9999747415547133,0.00028201762441046335,1921.465321598036,3.1830566e-03,499685,471.02081,463.89045,1.6409486e+05,4.6223038e+01,2.6102239e+03,1.3424935e+01,1.6980223e+05,4.7888432e+01,0,nan,nan,nan,nan,471.02081,2.5882351e-04,463.89045,2.9328678e-04,2.2706205e-02,-1.0847995e-02
0.21340776090096403,0.999881169305279,0.00028376351915861706,1731.2840477611023,-3.1791441e-03,362759,1328.20494,1819.02466,1.5834234e+05,4.4891773e+01,3.9286636e+03,1.1585287e+01,1.6619438e+05,4.7165504e+01,0,nan,nan,nan,nan,1328.20494,2.5951190e-04,1819.02466,2.2908523e-04,1.8493711e-03,4.5857459e-02
0.2135548798416952,0.9995391938313022,0.0002850139848772595,1915.330594880045,3.1759483e-03,495268,471.02261,463.88049,1.6406811e+05,4.6728252e+01,4.2146860e+03,1.4418277e+01,1.6977952e+05,4.8411846e+01,0,nan,nan,nan,nan,471.02261,2.6228151e-04,463.88049,2.9767631e-04,2.5049180e-02,-2.1824341e-02
0.21368277287092496,0.9996225859822703,0.0002819347741706812,1909.1958427730742,3.1434512e-03,490851,471.00269,463.88186,1.6384534e+05,4.6197201e+01,2.5996221e+03,1.3456507e+01,1.6969741e+05,4.7861664e+01,0,nan,nan,nan,nan,471.00269,2.5834766e-04,463.88186,2.9339924e-04,3.2223717e-03,-1.9763254e-02
0.21376256476969502,1.000107318746092,0.00028238872083889124,1903.061042564973,3.0628531e-03,486434,470.98732,463.86069,1.6391288e+05,4.6276989e+01,2.7635649e+03,1.3627139e+01,1.6979955e+05,4.7944328e+01,0,nan,nan,nan,nan,470.98732,2.5831701e-04,463.86069,2.9365247e-04,-1.4163039e-02,-4.3451685e-02
0.21387482712293637,0.999942373968257,0.00028468864165376756,1719.0147548273242,-3.0329730e-03,353925,1328.20278,1818.97989,1.5780420e+05,4.5002151e+01,4.6182651e+03,1.1933444e+01,1.6607177e+05,4.7281471e+01,0,nan,nan,nan,nan,1328.20278,2.6120490e-04,1818.97989,2.3138315e-04,-1.7542396e-04,-2.5140517e-03
0.21415523183895857,1.0002036802099463,0.0002835489617986206,1712.8801552320401,-2.9130161e-03,349508,1328.20746,1818.98190,1.5853427e+05,4.4878658e+01,3.8351704e+03,1.1503860e+01,1.6632516e+05,4.7151722e+01,0,nan,nan,nan,nan,1328.20746,2.5900028e-04,1818.98190,2.2921650e-04,5.7555321e-03,8.0300037e-05
0.21424025152873583,1.0002138601050181,0.0003032599939472887,1761.9592802517304,-2.9323767e-03,384845,1042.63447,1775.57232,1.5933945e+05,4.8291782e+01,1.2592194e+04,1.7414066e+01,1.6675444e+05,5.0559139e+01,0,nan,nan,nan,nan,1042.63447,2.8569199e-04,1775.57232,2.5452970e-04,1.0966857e-02,4.2200286e-02
0.21427858167203306,0.9998470564006741,0.0002927437245171046,1755.8244385818737,-3.0545851e-03,380428,1042.61043,1775.56745,1.5900180e+05,4.6573486e+01,6.3038613e+03,1.4657703e+01,1.6653717e+05,4.8760170e+01,0,nan,nan,nan,nan,1042.61043,2.7320022e-04,1775.56745,2.4392716e-04,-1.4317025e-02,3.6025081e-02
0.21446766509257065,0.9999264971850261,0.00029402606316887065,1743.554867665294,-3.1865793e-03,371594,1042.62025,1775.50981,1.5905041e+05,4.6780422e+01,7.1113818e+03,1.5029060e+01,1.6656080e+05,4.8976818e+01,0,nan,nan,nan,nan,1042.62025,2.7449947e-04,1775.50981,2.4554293e-04,-4.8577734e-03,-2.5960667e-02
0.2147904842674958,0.9998163530648447,0.00028220881007982765,1921.466710484471,3.1830547e-03,499686,471.02913,463.89221,1.6411891e+05,4.6254364e+01,2.6033545e+03,1.3530595e+01,1.6977528e+05,4.7920883e+01,0,nan,nan,nan,nan,471.02913,2.5877578e-04,463.89221,2.9299301e-04,3.1509232e-02,-8.4499763e-03
0.21479664150206157,1.00020029561431,0.00028385146054217395,1731.2854366417034,-3.1791518e-03,362760,1328.20342,1819.02096,1.5856147e+05,4.4905563e+01,3.9193845e+03,1.1512441e+01,1.6624695e+05,4.7179993e+01,0,nan,nan,nan,nan,1328.20342,2.5906012e-04,1819.02096,2.2884358e-04,-8.0278475e-04,4.2434558e-02
0.21494377232966144,0.9994135619512591,0.0002848172562487908,1915.331983772533,3.1759525e-03,495269,471.01453,463.90615,1.6371497e+05,4.6695911e+01,4.2353911e+03,1.4484420e+01,1.6975788e+05,4.8378342e+01,0,nan,nan,nan,nan,471.01453,2.6228331e-04,463.90615,2.9882736e-04,1.7919347e-02,5.5307681e-03
0.21507167537220084,1.000179943966407,0.0002822755446317419,1909.1972316755755,3.1434654e-03,490852,471.00317,463.88429,1.6398911e+05,4.6253033e+01,2.6004236e+03,1.3499082e+01,1.6979200e+05,4.7919506e+01,0,nan,nan,nan,nan,471.00317,2.5865631e-04,463.88429,2.9347045e-04,3.4600475e-03,-1.7397443e-02
0.21515147495347264,0.999980222158315,0.00028248360841121365,1903.0624314751567,3.0628750e-03,486435,470.98602,463.85903,1.6387509e+05,4.6292515e+01,2.7748433e+03,1.3640494e+01,1.6977784e+05,4.7960407e+01,0,nan,nan,nan,nan,470.98602,2.5827318e-04,463.85903,2.9409342e-04,-1.4903051e-02,-4.5438226e-02
0.21526369235743914,0.9998889143682373,0.00028475969455485524,1719.0161436925587,-3.0329961e-03,353926,1328.20184,1818.98590,1.5780897e+05,4.5013294e+01,4.6346904e+03,1.1946911e+01,1.6606256e+05,4.7293179e+01,0,nan,nan,nan,nan,1328.20184,2.6129087e-04,1818.98590,2.3136451e-04,-1.3464851e-03,3.3195058e-03
0.21554408822498738,1.000945547359194,0.0002836492978140486,1712.8815440884262,-2.9130480e-03,349509,1328.20538,1818.98849,1.5856717e+05,4.4894341e+01,3.8490408e+03,1.1528089e+01,1.6644781e+05,4.7168201e+01,0,nan,nan,nan,nan,1328.20538,2.5893541e-04,1818.98849,2.2896123e-04,3.0652701e-03,5.9722746e-03
0.21562917122491854,0.9994503204805466,0.000302898745812385,1761.9606691714266,-2.9323453e-03,384846,1042.63363,1775.57634,1.5918488e+05,4.8234261e+01,1.2595154e+04,1.7336256e+01,1.6662717e+05,5.0498920e+01,0,nan,nan,nan,nan,1042.63363,2.8563003e-04,1775.57634,2.5453395e-04,1.0461922e-02,4.6373017e-02
0.2156674932189162,1.0003120827168421,0.00029259995384001153,1755.8258274934205,-3.0545618e-03,380429,1042.61618,1775.56792,1.5916681e+05,4.6550625e+01,6.3113867e+03,1.4579021e+01,1.6661467e+05,4.8736233e+01,0,nan,nan,nan,nan,1042.61618,2.7291619e-04,1775.56792,2.4335617e-04,-8.9903967e-03,3.6219932e-02
0.21585656127263064,0.9998580027120527,0.00029422996398342316,1743.5562565614741,-3.1865714e-03,371595,1042.61414,1775.52557,1.5913105e+05,4.6812859e+01,7.1121396e+03,1.5080316e+01,1.6654939e+05,4.9010784e+01,0,nan,nan,nan,nan,1042.61414,2.7434906e-04,1775.52557,2.4540667e-04,-1.1249708e-02,-9.2732012e-03
0.216179370701866,0.9999128402978488,0.0002820217457207555,1921.4680993709053,3.1830529e-03,499687,471.02864,463.88381,1.6399981e+05,4.6223682e+01,2.6048083e+03,1.3476936e+01,1.6979161e+05,4.7889099e+01,0,nan,nan,nan,nan,471.02864,2.5892720e-04,463.88381,2.9358198e-04,3.1399757e-02,-1.7695809e-02
0.21618552210406994,1.0003957508463244,0.00028377393573191054,1731.2868255223054,-3.1791595e-03,362761,1328.20063,1819.02247,1.5853794e+05,4.4893169e+01,3.9135327e+03,1.1516927e+01,1.6627898e+05,4.7166973e+01,0,nan,nan,nan,nan,1328.20063,2.5912430e-04,1819.02247,2.2858553e-04,-2.4628758e-03,4.3775100e-02
0.21633266481740066,1.0001678212788734,0.00028516383484440737,1915.3333726650208,3.1759567e-03,495270,471.01269,463.90083,1.6423783e+05,4.6752651e+01,4.2237983e+03,1.4489944e+01,1.6988569e+05,4.8437126e+01,0,nan,nan,nan,nan,471.01269,2.6187729e-04,463.90083,2.9635886e-04,1.4914840e-02,-6.9839612e-04
0.21646057787165773,1.00017855108511,0.0002822296352394264,1909.198620578075,3.1434796e-03,490853,470.99878,463.87330,1.6391938e+05,4.6245506e+01,2.6030312e+03,1.3541908e+01,1.6979175e+05,4.7911709e+01,0,nan,nan,nan,nan,470.99878,2.5820019e-04,463.87330,2.9365259e-04,-1.5351373e-03,-2.9555213e-02
0.21654038513725027,0.9998999234829249,0.0002821955586837559,1903.0638203853405,3.0628969e-03,486436,470.98787,463.86241,1.6390647e+05,4.6245274e+01,2.7674575e+03,1.3536928e+01,1.6976409e+05,4.7911469e+01,0,nan,nan,nan,nan,470.98787,2.5812624e-04,463.86241,2.9357238e-04,-1.3020921e-02,-4.2152304e-02
0.21665255759171487,0.9995065787770735,0.0002844034262457592,1719.017532557793,-3.0330191e-03,353927,1328.20364,1818.98000,1.5753311e+05,4.4956886e+01,4.6259106e+03,1.1899889e+01,1.6599873e+05,4.7233917e+01,0,nan,nan,nan,nan,1328.20364,2.6157859e-04,1818.98000,2.3223713e-04,1.0644922e-03,-4.0892810e-03
0.21693294461192636,0.9998291006229554,0.0002834853274410015,1712.882932944813,-2.9130799e-03,349510,1328.20737,1818.98391,1.5844077e+05,4.4868198e+01,3.8453950e+03,1.1499853e+01,1.6626144e+05,4.7140736e+01,0,nan,nan,nan,nan,1328.20737,2.5906664e-04,1818.98391,2.2925368e-04,4.6804212e-03,1.7429520e-03
0.2170180909208742,0.9992638496135905,0.00030291339308364536,1761.9620580911226,-2.9323138e-03,384847,1042.63493,1775.57387,1.5911055e+05,4.8236603e+01,1.2604646e+04,1.7352821e+01,1.6659612e+05,5.0501373e+01,0,nan,nan,nan,nan,1042.63493,2.8602435e-04,1775.57387,2.5463619e-04,1.2172112e-02,4.3663125e-02
0.21705640499885703,0.9999770111470131,0.0002925808530516122,1755.8272164052005,-3.0545383e-03,380430,1042.61687,1775.56445,1.5910433e+05,4.6547592e+01,6.3142954e+03,1.4595747e+01,1.6655889e+05,4.8733063e+01,0,nan,nan,nan,nan,1042.61687,2.7297891e-04,1775.56445,2.4348909e-04,-7.9122419e-03,3.3382393e-02
0.21724545745291834,1.0004937080450147,0.0002940208723235519,1743.5576454576544,-3.1865635e-03,371596,1042.62086,1775.52621,1.5914695e+05,4.6779591e+01,7.1151001e+03,1.4977222e+01,1.6665530e+05,4.8975952e+01,0,nan,nan,nan,nan,1042.62086,2.7484843e-04,1775.52621,2.4526424e-04,-4.6807756e-03,-8.5547091e-03
0.21756825713600847,0.999855861522265,0.0002820189659239745,1921.4694882573394,3.1830510e-03,499688,471.01707,463.88458,1.6398273e+05,4.6223213e+01,2.5909182e+03,1.3486718e+01,1.6978188e+05,4.7888611e+01,0,nan,nan,nan,nan,471.01707,2.5893314e-04,463.88458,2.9345546e-04,1.9330507e-02,-1.7659836e-02
0.21757440270584993,0.9996211577098458,0.00028398159456516814,1731.2882144029072,-3.1791672e-03,362762,1328.20020,1819.02221,1.5834383e+05,4.4925903e+01,3.9356101e+03,1.1611908e+01,1.6614978e+05,4.7201359e+01,0,nan,nan,nan,nan,1328.20020,2.5985905e-04,1819.02221,2.2955722e-04,-2.8370370e-03,4.3141972e-02
0.21772155730559462,1.0007151361918762,0.0002850548220234895,1915.334761557509,3.1759609e-03,495271,471.01577,463.88936,1.6420211e+05,4.6734703e+01,4.2255581e+03,1.4432601e+01,1.6997836e+05,4.8418526e+01,0,nan,nan,nan,nan,471.01577,2.6233774e-04,463.88936,2.9678398e-04,1.9007720e-02,-1.0840241e-02
0.21784948037111462,0.9999209141646271,0.00028196524842852223,1909.2000094805744,3.1434938e-03,490854,470.99969,463.88317,1.6391314e+05,4.6202179e+01,2.6037732e+03,1.3438692e+01,1.6974800e+05,4.7866821e+01,0,nan,nan,nan,nan,470.99969,2.5815479e-04,463.88317,2.9328364e-04,-5.3726207e-04,-1.8665340e-02
0.2179292950875148,0.9998014454729921,0.00028222946744348523,1903.0652092952907,3.0629185e-03,486437,470.98459,463.85587,1.6388556e+05,4.6250797e+01,2.7734590e+03,1.3552197e+01,1.6974725e+05,4.7917191e+01,0,nan,nan,nan,nan,470.98459,2.5814434e-04,463.85587,2.9393993e-04,-1.6186612e-02,-4.9963392e-02
0.2180414228259906,1.0001519213158607,0.00028455967505631655,1719.0189214230272,-3.0330422e-03,353928,1328.20747,1818.99049,1.5773164e+05,4.4981503e+01,4.6196504e+03,1.1909096e+01,1.6610559e+05,4.7259777e+01,0,nan,nan,nan,nan,1328.20747,2.6127111e-04,1818.99049,2.3149549e-04,5.4545673e-03,8.8671185e-03
0.21832180123146827,0.9998738081777744,0.00028344677718390916,1712.8843218014326,-2.9131116e-03,349511,1328.20592,1818.98446,1.5846097e+05,4.4861904e+01,3.8416045e+03,1.1466006e+01,1.6626816e+05,4.7134121e+01,0,nan,nan,nan,nan,1328.20592,2.5894813e-04,1818.98446,2.2919744e-04,3.2269333e-03,2.3885239e-03
0.21840701084965986,1.0000526865491972,0.0003030596778996612,1761.9634470110514,-2.9322822e-03,384848,1042.63266,1775.57024,1.5926803e+05,4.8259911e+01,1.2601056e+04,1.7360559e+01,1.6672767e+05,5.0525776e+01,0,nan,nan,nan,nan,1042.63266,2.8545162e-04,1775.57024,2.5467941e-04,9.4615649e-03,4.0034715e-02
0.21844531654505772,1.000031003416274,0.00029259134550830115,1755.8286053167467,-3.0545150e-03,380431,1042.61359,1775.57004,1.5915288e+05,4.6549278e+01,6.3101245e+03,1.4579306e+01,1.6656792e+05,4.8734825e+01,0,nan,nan,nan,nan,1042.61359,2.7289076e-04,1775.57004,2.4332445e-04,-1.1324849e-02,3.8893715e-02
0.2186343536327513,0.9994125871575519,0.00029399508248498186,1743.5590343538342,-3.1865556e-03,371597,1042.61715,1775.52472,1.5897228e+05,4.6775490e+01,7.1214956e+03,1.4985117e+01,1.6647520e+05,4.8971657e+01,0,nan,nan,nan,nan,1042.61715,2.7479866e-04,1775.52472,2.4573019e-04,-8.9564892e-03,-9.0572760e-03
0.21895714380389109,0.9998150475627425,0.00028200125968598966,1921.4708771440073,3.1830494e-03,499689,471.02994,463.89351,1.6404880e+05,4.6220291e+01,2.6000425e+03,1.3453551e+01,1.6977488e+05,4.7885586e+01,0,nan,nan,nan,nan,471.02994,2.5906385e-04,463.89351,2.9313014e-04,3.2694321e-02,-7.2355270e-03
0.21896328330694814,0.9996281269245397,0.0002837499504784692,1731.2896032835083,-3.1791748e-03,362763,1328.20466,1819.02088,1.5845384e+05,4.4889126e+01,3.9273792e+03,1.1536940e+01,1.6615047e+05,4.7162724e+01,0,nan,nan,nan,nan,1328.20466,2.5922616e-04,1819.02088,2.2887335e-04,1.4294357e-03,4.1181140e-02
0.21911044979333383,0.9997769764535073,0.0002850225292893156,1915.3361504499967,3.1759650e-03,495272,471.02313,463.89473,1.6424412e+05,4.6729321e+01,4.2352119e+03,1.4414496e+01,1.6981870e+05,4.8412956e+01,0,nan,nan,nan,nan,471.02313,2.6166989e-04,463.89473,2.9646655e-04,2.5452141e-02,-6.1523705e-03
0.21923838287102626,1.0003726232379573,0.00028205936146497224,1909.2013983830743,3.1435080e-03,490855,471.00169,463.87551,1.6401372e+05,4.6217598e+01,2.5935078e+03,1.3460722e+01,1.6982466e+05,4.7882793e+01,0,nan,nan,nan,nan,471.00169,2.5791195e-04,463.87551,2.9310497e-04,1.1111472e-03,-2.7212067e-02
0.21931820527106538,0.999640734586858,0.00028222070529441637,1903.0665982054743,3.0629404e-03,486438,470.98406,463.85161,1.6385731e+05,4.6249329e+01,2.7600222e+03,1.3556478e+01,1.6971984e+05,4.7915668e+01,0,nan,nan,nan,nan,470.98406,2.5818811e-04,463.85161,2.9389502e-04,-1.6659692e-02,-5.3965971e-02
0.21943028829309696,0.9992826597363756,0.0002845577058630298,1719.0203102884943,-3.0330650e-03,353929,1328.20341,1818.98421,1.5763391e+05,4.4981106e+01,4.6296870e+03,1.1938994e+01,1.6596092e+05,4.7259361e+01,0,nan,nan,nan,nan,1328.20341,2.6138802e-04,1818.98421,2.3200347e-04,9.2949916e-04,9.2537788e-04
0.21971065761749708,1.000338862908116,0.0002835921534775219,1712.8857106578187,-2.9131435e-03,349512,1328.20439,1818.98722,1.5854612e+05,4.4884720e+01,3.8411567e+03,1.1518055e+01,1.6634477e+05,4.7158089e+01,0,nan,nan,nan,nan,1328.20439,2.5893547e-04,1818.98722,2.2876833e-04,1.4302812e-03,5.6465613e-03
0.21979593054584257,1.0000846592068835,0.00030311320072038257,1761.9648359307475,-2.9322507e-03,384849,1042.62955,1775.57551,1.5927234e+05,4.8268452e+01,1.2598183e+04,1.7389193e+01,1.6673306e+05,5.0534714e+01,0,nan,nan,nan,nan,1042.62955,2.8571233e-04,1775.57551,2.5455360e-04,5.4953997e-03,4.5044143e-02
0.2198342280912584,1.0002941831732008,0.0002925810554693521,1755.829994228293,-3.0544917e-03,380432,1042.61369,1775.56291,1.5912314e+05,4.6547649e+01,6.3198516e+03,1.4584961e+01,1.6661181e+05,4.8733120e+01,0,nan,nan,nan,nan,1042.61369,2.7291389e-04,1775.56291,2.4343701e-04,-1.1177666e-02,3.0913547e-02
0.220023249813039,0.9999534661945616,0.00029396361708290745,1743.5604232500145,-3.1865477e-03,371598,1042.61216,1775.52655,1.5900402e+05,4.6770485e+01,7.1435605e+03,1.4986978e+01,1.6656531e+05,4.8966419e+01,0,nan,nan,nan,nan,1042.61216,2.7483073e-04,1775.52655,2.4582629e-04,-1.2500067e-02,-7.9613784e-03
0.22034603023894306,1.0002222244839756,0.00028214088872956954,1921.4722660304424,3.1830475e-03,499690,471.02812,463.88125,1.6412128e+05,4.6243164e+01,2.5889409e+03,1.3432498e+01,1.6984395e+05,4.7909279e+01,0,nan,nan,nan,nan,471.02812,2.5880878e-04,463.88125,2.9357927e-04,3.0398771e-02,-2.0689704e-02
0.22035216367453325,0.9998699667330821,0.00028367688479660183,1731.290992163876,-3.1791828e-03,362764,1328.20182,1819.01841,1.5835494e+05,4.4877445e+01,3.9282585e+03,1.1534092e+01,1.6619020e+05,4.7150448e+01,0,nan,nan,nan,nan,1328.20182,2.5937011e-04,1819.01841,2.2928356e-04,-6.3185365e-04,3.8622234e-02
0.22049934251572267,0.9996184267430067,0.00028503384737377544,1915.337539342719,3.1759695e-03,495273,471.01357,463.89456,1.6410439e+05,4.6731098e+01,4.2237949e+03,1.4420984e+01,1.6979148e+05,4.8414795e+01,0,nan,nan,nan,nan,471.01357,2.6173942e-04,463.89456,2.9695829e-04,1.4866583e-02,-6.0762707e-03
0.22062728537048315,0.9995031726217648,0.00028195601508814187,1909.2027872855738,3.1435222e-03,490856,470.99877,463.87764,1.6389117e+05,4.6200661e+01,2.5950127e+03,1.3442382e+01,1.6967705e+05,4.7865246e+01,0,nan,nan,nan,nan,470.99877,2.5805310e-04,463.87764,2.9327153e-04,-1.4177570e-03,-2.4462782e-02
0.220707115454843,1.0000301278732417,0.000282227283481448,1903.067987115658,3.0629623e-03,486439,470.99049,463.85741,1.6391591e+05,4.6250370e+01,2.7784768e+03,1.3550020e+01,1.6978583e+05,4.7916748e+01,0,nan,nan,nan,nan,470.99049,2.5821081e-04,463.85741,2.9350436e-04,-1.0281037e-02,-4.6841141e-02
0.2208191535276004,0.9998207792877256,0.0002847417090479457,1719.0216991537288,-3.0330881e-03,353930,1328.20423,1818.97793,1.5784097e+05,4.5010105e+01,4.6229741e+03,1.1951165e+01,1.6604998e+05,4.7289829e+01,0,nan,nan,nan,nan,1328.20423,2.6104285e-04,1818.97793,2.3176931e-04,1.7299281e-03,-5.0132601e-03
0.22109951400420902,1.000590757388421,0.00028361087588636295,1712.8870995142054,-2.9131754e-03,349513,1328.20813,1818.98319,1.5857903e+05,4.4887486e+01,3.8514651e+03,1.1504428e+01,1.6638591e+05,4.7160995e+01,0,nan,nan,nan,nan,1328.20813,2.5900791e-04,1818.98319,2.2903839e-04,6.0550976e-03,1.3509934e-03
0.22118485024157053,0.9995780617492073,0.00030290887494040594,1761.9662248504433,-2.9322193e-03,384850,1042.63479,1775.57416,1.5921483e+05,4.8235924e+01,1.2631443e+04,1.7329893e+01,1.6664866e+05,5.0500664e+01,0,nan,nan,nan,nan,1042.63479,2.8544402e-04,1775.57416,2.5446960e-04,1.1936758e-02,4.4570751e-02
0.2212231398709722,0.9998358795724817,0.0002925778336495689,1755.8313831400726,-3.0544682e-03,380433,1042.61279,1775.57651,1.5907914e+05,4.6547146e+01,6.3139297e+03,1.4590065e+01,1.6653552e+05,4.8732597e+01,0,nan,nan,nan,nan,1042.61279,2.7318226e-04,1775.57651,2.4349480e-04,-1.2486824e-02,4.5032457e-02
0.22141214599309966,1.0000357992116713,0.0002941638763500384,1743.5618121461946,-3.1865397e-03,371599,1042.61733,1775.51549,1.5919680e+05,4.6802349e+01,7.1459175e+03,1.5039934e+01,1.6657903e+05,4.8999779e+01,0,nan,nan,nan,nan,1042.61733,2.7438381e-04,1775.51549,2.4537495e-04,-7.7566528e-03,-1.9451544e-02
0.22173491667354028,1.000425630292886,0.0002822338107517681,1921.473654916877,3.1830457e-03,499691,471.02337,463.88439,1.6419023e+05,4.6258369e+01,2.5818533e+03,1.3459652e+01,1.6987842e+05,4.7925037e+01,0,nan,nan,nan,nan,471.02337,2.5884691e-04,463.88439,2.9333268e-04,2.5405286e-02,-1.7039942e-02
0.2217410442751767,0.999395019192613,0.00028392737608743697,1731.2923810444765,-3.1791904e-03,362765,1328.20263,1819.02287,1.5838422e+05,4.4916943e+01,3.9301606e+03,1.1637908e+01,1.6611078e+05,4.7191948e+01,0,nan,nan,nan,nan,1328.20263,2.5945620e-04,1819.02287,2.2915986e-04,-5.6082732e-04,4.4239368e-02
0.22188823500482613,0.9999957849650867,0.0002850518262831474,1915.3389282352082,3.1759737e-03,495274,471.02074,463.90598,1.6414022e+05,4.6733967e+01,4.1965234e+03,1.4481039e+01,1.6985530e+05,4.8417767e+01,0,nan,nan,nan,nan,471.02074,2.6173753e-04,463.90598,2.9744327e-04,2.3538029e-02,5.3304937e-03
0.22201618787175903,0.9996318626618266,0.0002820767928525264,1909.204176188075,3.1435364e-03,490857,471.00038,463.87871,1.6385845e+05,4.6220444e+01,2.5960898e+03,1.3514647e+01,1.6969888e+05,4.7885742e+01,0,nan,nan,nan,nan,471.00038,2.5839303e-04,463.87871,2.9333669e-04,2.7793582e-04,-2.2974012e-02
0.22209602540579,1.000173027100281,0.0002822043181374949,1903.069376025609,3.0629840e-03,486440,470.98470,463.85904,1.6390236e+05,4.6246574e+01,2.7594146e+03,1.3549071e+01,1.6980997e+05,4.7912815e+01,0,nan,nan,nan,nan,470.98470,2.5818130e-04,463.85904,2.9357217e-04,-1.6144793e-02,-4.4825263e-02
0.22220801876119367,1.0003110419796806,0.00028490913582252626,1719.0230880189624,-3.0331111e-03,353931,1328.20429,1818.98343,1.5786938e+05,4.5036495e+01,4.6217456e+03,1.1966026e+01,1.6613111e+05,4.7317554e+01,0,nan,nan,nan,nan,1328.20429,2.6112099e-04,1818.98343,2.3193553e-04,1.0944587e-03,4.3324818e-04
0.22248837062465976,0.9996285363009944,0.0002833311487445617,1712.8884883708258,-2.9132070e-03,349514,1328.20659,1818.98599,1.5827148e+05,4.4843014e+01,3.8477520e+03,1.1487432e+01,1.6622517e+05,4.7114269e+01,0,nan,nan,nan,nan,1328.20659,2.5921967e-04,1818.98599,2.2940998e-04,4.0875995e-03,3.7091852e-03
0.22257377017058388,0.999613998516776,0.00030305863869880753,1761.9676137703723,-2.9321876e-03,384851,1042.63481,1775.56967,1.5920712e+05,4.8259792e+01,1.2610411e+04,1.7370153e+01,1.6665472e+05,5.0525654e+01,0,nan,nan,nan,nan,1042.63481,2.8597267e-04,1775.56967,2.5464280e-04,1.1933868e-02,3.9439153e-02
0.22261205141785467,0.9998931130612213,0.0002926626420236995,1755.8327720516195,-3.0544449e-03,380434,1042.61333,1775.55656,1.5909678e+05,4.6560658e+01,6.3193286e+03,1.4631007e+01,1.6654509e+05,4.8746738e+01,0,nan,nan,nan,nan,1042.61333,2.7289393e-04,1775.55656,2.4355097e-04,-1.1492210e-02,2.4959527e-02
0.22280104217315966,1.000209312727598,0.0002941599668646348,1743.5632010423747,-3.1865318e-03,371600,1042.61462,1775.52124,1.5915133e+05,4.6801731e+01,7.1322402e+03,1.4995995e+01,1.6660794e+05,4.8999130e+01,0,nan,nan,nan,nan,1042.61462,2.7467619e-04,1775.52124,2.4568452e-04,-1.0202520e-02,-1.3246626e-02
0.22312380310768276,1.0002828723219184,0.0002820586085127447,1921.475043803311,3.1830438e-03,499692,471.02255,463.88443,1.6419647e+05,4.6229641e+01,2.5841282e+03,1.3429723e+01,1.6985411e+05,4.7895267e+01,0,nan,nan,nan,nan,471.02255,2.5851175e-04,463.88443,2.9295709e-04,2.4595505e-02,-1.7332278e-02
0.2231299248762756,0.9999348336224573,0.0002836733953366623,1731.2937699250776,-3.1791981e-03,362766,1328.19634,1819.01780,1.5835002e+05,4.4876637e+01,3.9223384e+03,1.1538348e+01,1.6620005e+05,4.7149601e+01,0,nan,nan,nan,nan,1328.19634,2.5942977e-04,1819.01780,2.2934446e-04,-6.8698414e-03,3.7274811e-02
0.2232771274930201,0.9997279411553937,0.00028517803564478977,1915.3403171276964,3.1759779e-03,495275,471.01520,463.90035,1.6420914e+05,4.6754574e+01,4.2158057e+03,1.4493916e+01,1.6980950e+05,4.8439117e+01,0,nan,nan,nan,nan,471.01520,2.6146061e-04,463.90035,2.9667345e-04,1.6521264e-02,-6.3676020e-04
0.22340509037258016,1.0002890741889456,0.0002820419725802083,1909.2055650905759,3.1435506e-03,490858,471.00109,463.87875,1.6399414e+05,4.6214737e+01,2.5920649e+03,1.3469134e+01,1.6981044e+05,4.7879829e+01,0,nan,nan,nan,nan,471.00109,2.5803156e-04,463.87875,2.9314807e-04,1.1430677e-03,-2.3125792e-02
0.2234849355895676,0.999903828535799,0.00028228887685113023,1903.0707649357928,3.0630059e-03,486441,470.98642,463.86088,1.6385914e+05,4.6260399e+01,2.7573613e+03,1.3578190e+01,1.6976414e+05,4.7927135e+01,0,nan,nan,nan,nan,470.98642,2.5823427e-04,463.86088,2.9392276e-04,-1.3784732e-02,-4.3815818e-02
0.2235968842276176,0.9993979546311426,0.00028455228603918315,1719.0244768844289,-3.0331339e-03,353932,1328.20783,1818.99701,1.5756631e+05,4.4980007e+01,4.6297856e+03,1.1953018e+01,1.6597917e+05,4.7258205e+01,0,nan,nan,nan,nan,1328.20783,2.6151430e-04,1818.99701,2.3188305e-04,5.7536615e-03,1.5386941e-02
0.2238772270113717,1.0002301843697192,0.0002835481730548795,1712.8898772272125,-2.9132389e-03,349515,1328.20846,1818.98714,1.5850112e+05,4.4877163e+01,3.8317500e+03,1.1507338e+01,1.6632448e+05,4.7150150e+01,0,nan,nan,nan,nan,1328.20846,2.5916801e-04,1818.98714,2.2877974e-04,5.6628478e-03,5.4128887e-03
0.22396268986653955,0.999989658634808,0.00030313471419686727,1761.9690026900682,-2.9321562e-03,384852,1042.63338,1775.57887,1.5925917e+05,4.8271931e+01,1.2609530e+04,1.7380285e+01,1.6671741e+05,5.0538357e+01,0,nan,nan,nan,nan,1042.63338,2.8572470e-04,1775.57887,2.5465657e-04,9.8240245e-03,4.9188845e-02
0.2240009631977955,1.0004710685102696,0.00029266485509756664,1755.8341609633994,-3.0544214e-03,380435,1042.61473,1775.56858,1.5923420e+05,4.6561024e+01,6.3127163e+03,1.4577233e+01,1.6664141e+05,4.8747120e+01,0,nan,nan,nan,nan,1042.61473,2.7287626e-04,1775.56858,2.4336879e-04,-1.0355504e-02,3.7859924e-02
0.22418993835344736,0.9991920067769364,0.0002939423437329768,1743.564589938555,-3.1865239e-03,371601,1042.61415,1775.52463,1.5899684e+05,4.6767105e+01,7.1598428e+03,1.4992298e+01,1.6643848e+05,4.8962879e+01,0,nan,nan,nan,nan,1042.61415,2.7471496e-04,1775.52463,2.4578834e-04,-1.0472700e-02,-1.0686442e-02
0.22451268954228,0.9999772305719347,0.0002821299720900827,1921.4764326897457,3.1830419e-03,499693,471.02816,463.88302,1.6397253e+05,4.6241314e+01,2.5995400e+03,1.3462137e+01,1.6980214e+05,4.7907364e+01,0,nan,nan,nan,nan,471.02816,2.5906268e-04,463.88302,2.9413277e-04,3.1061029e-02,-1.9160844e-02
0.22451880547737313,0.9999346888773439,0.00028367021383813044,1731.2951588056787,-3.1792058e-03,362767,1328.20584,1819.02555,1.5835778e+05,4.4876007e+01,3.9144746e+03,1.1541112e+01,1.6619955e+05,4.7148937e+01,0,nan,nan,nan,nan,1328.20584,2.5945861e-04,1819.02555,2.2906309e-04,3.1573158e-03,4.7002520e-02
0.2246660199807593,1.0003122894339171,0.00028501469255556,1915.3417060201841,3.1759820e-03,495276,471.01471,463.89384,1.6419352e+05,4.6727718e+01,4.1973149e+03,1.4434729e+01,1.6990847e+05,4.8411293e+01,0,nan,nan,nan,nan,471.01471,2.6148584e-04,463.89384,2.9672205e-04,1.6285393e-02,-7.5382036e-03
0.2247939928724918,1.000313725850477,0.0002820658975916266,1909.2069539930758,3.1435648e-03,490859,471.00183,463.87787,1.6397395e+05,4.6218655e+01,2.6014565e+03,1.3484138e+01,1.6981459e+05,4.7883888e+01,0,nan,nan,nan,nan,471.00183,2.5797231e-04,463.87787,2.9324574e-04,1.6760043e-03,-2.4056794e-02
0.22487384577334524,1.0001476560640337,0.0002822704535460085,1903.0721538459766,3.0630277e-03,486442,470.98572,463.85325,1.6388605e+05,4.6257347e+01,2.7572449e+03,1.3582966e+01,1.6980542e+05,4.7923977e+01,0,nan,nan,nan,nan,470.98572,2.5826009e-04,463.85325,2.9369455e-04,-1.5726101e-02,-5.2109651e-02
0.22498574946189398,0.9998397840129181,0.0002846503983302831,1719.0258657496631,-3.0331570e-03,353933,1328.19983,1818.97427,1.5776155e+05,4.4995438e+01,4.6082871e+03,1.1911247e+01,1.6605227e+05,4.7274414e+01,0,nan,nan,nan,nan,1328.19983,2.6125895e-04,1818.97427,2.3194874e-04,-3.2291501e-03,-9.4049508e-03
0.22526608363023115,1.0001791717598798,0.0002834498523153085,1712.8912660838314,-2.9132706e-03,349516,1328.20108,1818.98576,1.5847262e+05,4.4861393e+01,3.8376821e+03,1.1463609e+01,1.6631525e+05,4.7133587e+01,0,nan,nan,nan,nan,1328.20108,2.5910314e-04,1818.98576,2.2891109e-04,-1.3568451e-03,4.1368469e-03
0.22535160956249456,0.999816747527789,0.0003029316592807297,1761.9703916097642,-2.9321248e-03,384853,1042.63353,1775.56688,1.5920895e+05,4.8239613e+01,1.2612784e+04,1.7353470e+01,1.6668867e+05,5.0504528e+01,0,nan,nan,nan,nan,1042.63353,2.8559382e-04,1775.56688,2.5458692e-04,1.1147949e-02,3.6604144e-02
0.22538987474445094,0.9997180014911489,0.0002926736707599635,1755.835549874946,-3.0543981e-03,380436,1042.61567,1775.56962,1.5911873e+05,4.6562443e+01,6.3137900e+03,1.4621016e+01,1.6651603e+05,4.8748604e+01,0,nan,nan,nan,nan,1042.61567,2.7292440e-04,1775.56962,2.4347338e-04,-9.8018590e-03,3.8209148e-02
0.22557883453282557,1.0000774041054943,0.0002940926345984219,1743.5659788347343,-3.1865160e-03,371602,1042.61765,1775.51613,1.5910756e+05,4.6791019e+01,7.1609126e+03,1.5030515e+01,1.6658598e+05,4.8987915e+01,0,nan,nan,nan,nan,1042.61765,2.7441490e-04,1775.51613,2.4575464e-04,-7.8727975e-03,-1.9336181e-02
0.22590157597710425,1.0004614654404422,0.00028211964645960796,1921.4778215761805,3.1830401e-03,499694,471.02796,463.89849,1.6416852e+05,4.6239601e+01,2.5770388e+03,1.3475740e+01,1.6988430e+05,4.7905590e+01,0,nan,nan,nan,nan,471.02796,2.5852412e-04,463.89849,2.9304624e-04,3.0597517e-02,-1.1570640e-03
0.225907686078472,1.0003796114097434,0.0002838293075355802,1731.2965476862798,-3.1792135e-03,362768,1328.20063,1819.01876,1.5840920e+05,4.4901051e+01,3.9253965e+03,1.1576688e+01,1.6627303e+05,4.7175247e+01,0,nan,nan,nan,nan,1328.20063,2.5925678e-04,1819.01876,2.2948884e-04,-2.3356418e-03,3.8943864e-02
0.22605491246849851,0.9999090520524697,0.0002849653986071542,1915.3430949126719,3.1759862e-03,495277,471.01575,463.90072,1.6424833e+05,4.6719555e+01,4.1924351e+03,1.4401148e+01,1.6983969e+05,4.8402836e+01,0,nan,nan,nan,nan,471.01575,2.6130959e-04,463.90072,2.9641681e-04,1.7460415e-02,-2.6688777e-04
0.2261828953719487,1.0000390284577592,0.00028203914009849193,1909.2083428955752,3.1435790e-03,490860,471.00465,463.88077,1.6394630e+05,4.6214264e+01,2.5921475e+03,1.3448245e+01,1.6976795e+05,4.7879341e+01,0,nan,nan,nan,nan,471.00465,2.5819274e-04,463.88077,2.9341102e-04,4.8786225e-03,-2.0881044e-02
0.22626275572429222,0.9999706221786965,0.0002822462092761108,1903.0735427559275,3.0630494e-03,486443,470.98830,463.85638,1.6384612e+05,4.6253334e+01,2.7704709e+03,1.3590918e+01,1.6977523e+05,4.7919823e+01,0,nan,nan,nan,nan,470.98830,2.5807126e-04,463.85638,2.9381353e-04,-1.2957505e-02,-4.8521280e-02
0.22637461469616904,0.9992648786853148,0.00028461882318079105,1719.0272546148974,-3.0331800e-03,353934,1328.20641,1818.98637,1.5765086e+05,4.4990372e+01,4.6109590e+03,1.1923306e+01,1.6595650e+05,4.7269093e+01,0,nan,nan,nan,nan,1328.20641,2.6167801e-04,1818.98637,2.3173761e-04,4.5773978e-03,4.1156015e-03
0.22665494001625996,0.9997245400727077,0.00028352624371495694,1712.8926549402174,-2.9133025e-03,349517,1328.20831,1818.98922,1.5843914e+05,4.4873283e+01,3.8414480e+03,1.1516883e+01,1.6623891e+05,4.7146076e+01,0,nan,nan,nan,nan,1328.20831,2.5925049e-04,1818.98922,2.2894156e-04,5.9430650e-03,7.7616489e-03
0.22674052949150791,0.9996867881890695,0.00030304896739175014,1761.9717805296932,-2.9320931e-03,384854,1042.63153,1775.57123,1.5919708e+05,4.8258320e+01,1.2635054e+04,1.7375778e+01,1.6666708e+05,5.0524113e+01,0,nan,nan,nan,nan,1042.63153,2.8581431e-04,1775.57123,2.5465054e-04,8.3630839e-03,4.1495174e-02
0.22677878629156112,0.9998636461822323,0.0002926498303469909,1755.8369387864932,-3.0543748e-03,380437,1042.61317,1775.56905,1.5920836e+05,4.6558659e+01,6.3192217e+03,1.4585988e+01,1.6654034e+05,4.8744648e+01,0,nan,nan,nan,nan,1042.61317,2.7279358e-04,1775.56905,2.4329248e-04,-1.1874134e-02,3.8183790e-02
0.22696773071220377,1.000525889069021,0.00029406381204064583,1743.5673677309137,-3.1865081e-03,371603,1042.61891,1775.52514,1.5916312e+05,4.6786438e+01,7.1484854e+03,1.5008033e+01,1.6666069e+05,4.8983116e+01,0,nan,nan,nan,nan,1042.61891,2.7443736e-04,1775.52514,2.4575734e-04,-6.1133108e-03,-1.0634514e-02
0.22729046241283868,0.9998599172219018,0.0002818815914374778,1921.4792104626163,3.1830382e-03,499695,471.02119,463.88026,1.6393548e+05,4.6200562e+01,2.5941191e+03,1.3399554e+01,1.6978208e+05,4.7865147e+01,0,nan,nan,nan,nan,471.02119,2.5927025e-04,463.88026,2.9372369e-04,2.3247808e-02,-2.2077883e-02
0.22729656668047904,0.9999113013694731,0.0002837891834486436,1731.2979365668818,-3.1792212e-03,362769,1328.20134,1819.02190,1.5846053e+05,4.4894573e+01,3.9292695e+03,1.1521990e+01,1.6619472e+05,4.7168446e+01,0,nan,nan,nan,nan,1328.20134,2.5919444e-04,1819.02190,2.2899866e-04,-2.4359382e-03,4.2872634e-02
0.22744380518952312,0.9996820030755029,0.0002847298082265941,1915.3444838053929,3.1759907e-03,495278,471.02036,463.89865,1.6398091e+05,4.6680847e+01,4.2056709e+03,1.4380601e+01,1.6980083e+05,4.8362736e+01,0,nan,nan,nan,nan,471.02036,2.6200517e-04,463.89865,2.9714024e-04,2.3520822e-02,-2.4425327e-03
0.22757179787140558,0.9991134677719626,0.00028190152788433746,1909.2097317980747,3.1435932e-03,490861,470.99612,463.88083,1.6373014e+05,4.6191708e+01,2.6126033e+03,1.3479078e+01,1.6961081e+05,4.7855972e+01,0,nan,nan,nan,nan,470.99612,2.5838648e-04,463.88083,2.9358605e-04,-3.4675309e-03,-2.0848317e-02
0.2276516659076151,0.9999829789284905,0.00028221538720930124,1903.0749316661108,3.0630713e-03,486444,470.98664,463.85869,1.6389031e+05,4.6248253e+01,2.7640195e+03,1.3548964e+01,1.6977720e+05,4.7914555e+01,0,nan,nan,nan,nan,470.98664,2.5815872e-04,463.85869,2.9377217e-04,-1.4764713e-02,-4.6354257e-02
0.22776348016350312,1.0001289696947955,0.00028476058596952453,1719.0286434803647,-3.0332028e-03,353935,1328.20645,1818.98539,1.5784475e+05,4.5012707e+01,4.6233291e+03,1.1936673e+01,1.6609973e+05,4.7292561e+01,0,nan,nan,nan,nan,1328.20645,2.6115749e-04,1818.98539,2.3155629e-04,3.9297654e-03,2.8708340e-03
0.22804379663580254,0.9998267580993361,0.0002834175876812295,1712.894043796837,-2.9133342e-03,349518,1328.20697,1818.98193,1.5839009e+05,4.4855888e+01,3.8320391e+03,1.1489276e+01,1.6625514e+05,4.7127796e+01,0,nan,nan,nan,nan,1328.20697,2.5901420e-04,1818.98193,2.2956573e-04,4.4901115e-03,-1.2078939e-03
0.22812944918723588,0.9999892064013488,0.00030294035263276367,1761.973169449389,-2.9320617e-03,384855,1042.63216,1775.57383,1.5922075e+05,4.8241051e+01,1.2595467e+04,1.7344284e+01,1.6671759e+05,5.0506031e+01,0,nan,nan,nan,nan,1042.63216,2.8580619e-04,1775.57383,2.5446783e-04,9.0735303e-03,4.3133758e-02
0.22816769807150195,1.0001791413940686,0.0002925403390842341,1755.8383276982731,-3.0543513e-03,380438,1042.61673,1775.57080,1.5912273e+05,4.6541260e+01,6.3123271e+03,1.4575158e+01,1.6659294e+05,4.8726429e+01,0,nan,nan,nan,nan,1042.61673,2.7288776e-04,1775.57080,2.4339855e-04,-7.9891570e-03,3.9543793e-02
0.22835662689226377,1.0002354816260715,0.00029418150835875263,1743.5687566270938,-3.1865002e-03,371604,1042.61567,1775.52571,1.5926803e+05,4.6805164e+01,7.1593032e+03,1.4992726e+01,1.6661233e+05,4.9002728e+01,0,nan,nan,nan,nan,1042.61567,2.7439091e-04,1775.52571,2.4539500e-04,-9.8555908e-03,-8.8251429e-03
0.22867934884789065,1.0005065967358642,0.0002820912642019116,1921.4805993490513,3.1830363e-03,499696,471.02400,463.89109,1.6418828e+05,4.6234913e+01,2.5942131e+03,1.3434386e+01,1.6989180e+05,4.7900730e+01,0,nan,nan,nan,nan,471.02400,2.5840238e-04,463.89109,2.9302645e-04,2.5675051e-02,-9.7624483e-03
0.2286854472815779,0.9999920836257522,0.0002839012399310753,1731.299325447483,-3.1792289e-03,362770,1328.20481,1819.02144,1.5849003e+05,4.4912174e+01,3.9170081e+03,1.1582625e+01,1.6620766e+05,4.7186935e+01,0,nan,nan,nan,nan,1328.20481,2.5917654e-04,1819.02144,2.2912290e-04,1.7237946e-03,4.2408343e-02
0.22883269767817183,0.9998756261974445,0.00028513008415965497,1915.3458726978815,3.1759948e-03,495279,471.01405,463.89081,1.6418478e+05,4.6746395e+01,4.2113120e+03,1.4442389e+01,1.6983344e+05,4.8430641e+01,0,nan,nan,nan,nan,471.01405,2.6159082e-04,463.89081,2.9707566e-04,1.5372411e-02,-1.0901545e-02
0.22896070013985081,1.000083732552394,0.00028219236912423217,1909.2111207003431,3.1436072e-03,490862,470.99974,463.87481,1.6392727e+05,4.6239361e+01,2.5909861e+03,1.3585754e+01,1.6977552e+05,4.7905342e+01,0,nan,nan,nan,nan,470.99974,2.5814227e-04,463.87481,2.9334039e-04,-3.0450997e-04,-2.8016075e-02
0.22904057609048323,1.0002547713823604,0.00028215257630439416,1903.0763205762937,3.0630932e-03,486445,470.98896,463.85871,1.6384800e+05,4.6237923e+01,2.7514062e+03,1.3549916e+01,1.6982322e+05,4.7903854e+01,0,nan,nan,nan,nan,470.98896,2.5840499e-04,463.85871,2.9375873e-04,-1.1615206e-02,-4.5833301e-02
0.22915234539777884,1.000318463826134,0.00028469349790146,1719.030032345599,-3.0332259e-03,353936,1328.20150,1818.98913,1.5786817e+05,4.5002026e+01,4.6001455e+03,1.1921910e+01,1.6613094e+05,4.7281342e+01,0,nan,nan,nan,nan,1328.20150,2.6095152e-04,1818.98913,2.3116646e-04,-1.4984789e-03,7.3874122e-03
0.22943265302274085,0.9997433204473143,0.0002834752414622741,1712.895432653224,-2.9133661e-03,349519,1328.20624,1818.98464,1.5845048e+05,4.4864799e+01,3.8409836e+03,1.1480691e+01,1.6624050e+05,4.7137165e+01,0,nan,nan,nan,nan,1328.20624,2.5891975e-04,1818.98464,2.2906254e-04,3.3822351e-03,2.8523400e-03
0.2295183688834186,1.000263837987891,0.0003030807515658989,1761.9745583690851,-2.9320302e-03,384856,1042.63581,1775.57416,1.5928320e+05,4.8263443e+01,1.2620206e+04,1.7377018e+01,1.6676348e+05,5.0529469e+01,0,nan,nan,nan,nan,1042.63581,2.8559958e-04,1775.57416,2.5452633e-04,1.3443232e-02,4.3949351e-02
0.22955660961815738,1.000105728004849,0.0002925700975557999,1755.8397166098198,-3.0543280e-03,380439,1042.61532,1775.56464,1.5912634e+05,4.6546013e+01,6.3128716e+03,1.4577274e+01,1.6658077e+05,4.8731403e+01,0,nan,nan,nan,nan,1042.61532,2.7284588e-04,1775.56464,2.4347210e-04,-9.6150730e-03,3.3402331e-02
0.22974552307232443,0.9994021976769123,0.00029414406987978667,1743.5701455232738,-3.1864922e-03,371605,1042.61670,1775.52568,1.5896861e+05,4.6799210e+01,7.1619971e+03,1.5022764e+01,1.6647353e+05,4.8996490e+01,0,nan,nan,nan,nan,1042.61670,2.7515902e-04,1775.52568,2.4613627e-04,-8.0408435e-03,-9.8050712e-03
0.23006823528203313,1.0004137290419066,0.00028212375994519364,1921.4819882354855,3.1830345e-03,499697,471.03041,463.88488,1.6418275e+05,4.6240208e+01,2.5877212e+03,1.3453836e+01,1.6987595e+05,4.7906223e+01,0,nan,nan,nan,nan,471.03041,2.5861381e-04,463.88488,2.9300983e-04,3.2568727e-02,-1.5787687e-02
0.23007432788199367,0.999939768154121,0.0002836563112692433,1731.3007143280834,-3.1792365e-03,362771,1328.19942,1819.02426,1.5831794e+05,4.4873299e+01,3.9202395e+03,1.1543712e+01,1.6619850e+05,4.7146091e+01,0,nan,nan,nan,nan,1328.19942,2.5959479e-04,1819.02426,2.2922426e-04,-3.7474597e-03,4.5502681e-02
0.23022159016727528,0.9995591830676775,0.0002848088047448543,1915.3472615903706,3.1759990e-03,495280,471.01299,463.90480,1.6386928e+05,4.6693645e+01,4.1915850e+03,1.4446143e+01,1.6977939e+05,4.8375992e+01,0,nan,nan,nan,nan,471.01299,2.6220988e-04,463.90480,2.9779112e-04,1.5436740e-02,5.4039909e-03
0.23034960264067195,1.00042173520092,0.0002822845281093266,1909.212509602844,3.1436214e-03,490863,471.00281,463.87323,1.6388539e+05,4.6254459e+01,2.6053389e+03,1.3545668e+01,1.6983289e+05,4.7920986e+01,0,nan,nan,nan,nan,471.00281,2.5861809e-04,463.87323,2.9396120e-04,3.2161139e-03,-2.9807298e-02
0.2304294860414302,1.0003041515883284,0.0002823415183598163,1903.0777094862447,3.0631148e-03,486446,470.98829,463.85548,1.6390203e+05,4.6268856e+01,2.7773398e+03,1.3590789e+01,1.6983148e+05,4.7935898e+01,0,nan,nan,nan,nan,470.98829,2.5841090e-04,463.85548,2.9371239e-04,-1.2430912e-02,-4.9529675e-02
0.23054121063205457,1.0005278947221237,0.000284722855930669,1719.0314212108333,-3.0332489e-03,353937,1328.20903,1818.98460,1.5792795e+05,4.5006596e+01,4.6099844e+03,1.1906626e+01,1.6616547e+05,4.7286140e+01,0,nan,nan,nan,nan,1328.20903,2.6111261e-04,1818.98460,2.3131321e-04,6.4202985e-03,2.4165453e-03
0.23082150964228276,1.0000410572819525,0.00028363668751209216,1712.8968215098434,-2.9133977e-03,349520,1328.20381,1818.98587,1.5846209e+05,4.4890152e+01,3.8309578e+03,1.1555607e+01,1.6628923e+05,4.7163795e+01,0,nan,nan,nan,nan,1328.20381,2.5920331e-04,1818.98587,2.2908102e-04,1.0109304e-03,3.6097371e-03
0.23090728881243194,1.0000343236196065,0.0003029511801975708,1761.9759472890141,-2.9319986e-03,384857,1042.63664,1775.57374,1.5927997e+05,4.8242836e+01,1.2606511e+04,1.7335527e+01,1.6672531e+05,5.0507896e+01,0,nan,nan,nan,nan,1042.63664,2.8548748e-04,1775.57374,2.5446157e-04,1.3746509e-02,4.3657470e-02
0.2309455213980982,0.9996435852527631,0.0002926000561780805,1755.8411055215997,-3.0543045e-03,380440,1042.61426,1775.56226,1.5906008e+05,4.6550789e+01,6.3341411e+03,1.4608095e+01,1.6650386e+05,4.8736408e+01,0,nan,nan,nan,nan,1042.61426,2.7301273e-04,1775.56226,2.4365188e-04,-1.0948053e-02,3.1132666e-02
0.23113441948544278,1.0002723227080104,0.0002941555478520021,1743.571534419687,-3.1864841e-03,371606,1042.61781,1775.51834,1.5912208e+05,4.6801037e+01,7.1433936e+03,1.5032628e+01,1.6661848e+05,4.8998405e+01,0,nan,nan,nan,nan,1042.61781,2.7466280e-04,1775.51834,2.4566290e-04,-7.3463614e-03,-1.6117495e-02
0.23145712171663035,0.9997065996966752,0.0002819225598363796,1921.48337712192,3.1830326e-03,499698,471.02316,463.88475,1.6397523e+05,4.6207214e+01,2.5961721e+03,1.3433829e+01,1.6975580e+05,4.7872036e+01,0,nan,nan,nan,nan,471.02316,2.5879531e-04,463.88475,2.9331053e-04,2.5410082e-02,-1.7013272e-02
0.23146320848309188,0.9996120749168634,0.0002838226848631632,1731.3021032086845,-3.1792442e-03,362772,1328.20176,1819.01751,1.5834867e+05,4.4899490e+01,3.9182639e+03,1.1574699e+01,1.6614355e+05,4.7173611e+01,0,nan,nan,nan,nan,1328.20176,2.5937465e-04,1819.01751,2.2964955e-04,-1.3921401e-03,3.7581284e-02
0.231610482655924,0.999891272104213,0.00028489511412990986,1915.3486504828593,3.1760032e-03,495281,471.02370,463.89316,1.6415656e+05,4.6707714e+01,4.1990010e+03,1.4397398e+01,1.6983552e+05,4.8390568e+01,0,nan,nan,nan,nan,471.02370,2.6162105e-04,463.89316,2.9682158e-04,2.5979050e-02,-8.5144062e-03
0.23173850514058358,0.9999241147705633,0.00028212807960476823,1909.2138985053439,3.1436356e-03,490864,470.99622,463.88255,1.6395414e+05,4.6228817e+01,2.5891096e+03,1.3534406e+01,1.6974839e+05,4.7894421e+01,0,nan,nan,nan,nan,470.99622,2.5796911e-04,463.88255,2.9303384e-04,-4.0115635e-03,-1.8640818e-02
0.23181839622566258,1.0000755600197035,0.00028248525690539335,1903.079098396429,3.0631367e-03,486447,470.98795,463.86407,1.6393931e+05,4.6292377e+01,2.7786096e+03,1.3657335e+01,1.6979255e+05,4.7960266e+01,0,nan,nan,nan,nan,470.98795,2.5848838e-04,463.86407,2.9385879e-04,-1.3339279e-02,-3.9927386e-02
0.23193007609938865,0.9997228490586446,0.00028476824523779326,1719.0328100763006,-3.0332718e-03,353938,1328.20563,1818.98267,1.5784644e+05,4.5013706e+01,4.6062949e+03,1.1942883e+01,1.6603150e+05,4.7293610e+01,0,nan,nan,nan,nan,1328.20563,2.6120988e-04,1818.98267,2.3137314e-04,3.1642080e-03,4.6236298e-04
0.23221036602831224,1.0003692005305507,0.0002835833654682697,1712.8982103662295,-2.9134296e-03,349521,1328.20765,1818.99170,1.5851119e+05,4.4881496e+01,3.8393704e+03,1.1483005e+01,1.6634303e+05,4.7154709e+01,0,nan,nan,nan,nan,1328.20765,2.5917339e-04,1818.99170,2.2914345e-04,4.8849992e-03,1.0201916e-02
0.2322962085081599,0.9998388329104105,0.00030289704683551517,1761.9773362087099,-2.9319671e-03,384858,1042.63260,1775.57249,1.5920673e+05,4.8234245e+01,1.2621546e+04,1.7327278e+01,1.6669283e+05,5.0498905e+01,0,nan,nan,nan,nan,1042.63260,2.8557747e-04,1775.57249,2.5462772e-04,9.4783958e-03,4.2556200e-02
0.23233443294475364,1.000105006529885,0.00029268530506306215,1755.8424944331464,-3.0542812e-03,380441,1042.61263,1775.56480,1.5918759e+05,4.6564369e+01,6.3201909e+03,1.4612286e+01,1.6658078e+05,4.8750626e+01,0,nan,nan,nan,nan,1042.61263,2.7281072e-04,1775.56480,2.4336658e-04,-1.2146652e-02,3.3216763e-02
0.23252331566527573,1.0001914481073315,0.0002940064492680511,1743.5729233158668,-3.1864762e-03,371607,1042.61268,1775.52380,1.5911652e+05,4.6777317e+01,7.1561357e+03,1.4991315e+01,1.6660502e+05,4.8973572e+01,0,nan,nan,nan,nan,1042.61268,2.7455206e-04,1775.52380,2.4545618e-04,-1.2792757e-02,-1.0992059e-02
0.23284600815077283,0.9996807506839709,0.00028193439916947966,1921.4847660083542,3.1830308e-03,499699,471.02476,463.89165,1.6402802e+05,4.6209126e+01,2.5754866e+03,1.3433428e+01,1.6975133e+05,4.7874020e+01,0,nan,nan,nan,nan,471.02476,2.5872936e-04,463.89165,2.9322063e-04,2.7158385e-02,-9.5325699e-03
0.2328520890844178,1.0008927006985293,0.0002839855981282807,1731.3034920892858,-3.1792519e-03,362773,1328.20137,1819.02481,1.5865216e+05,4.4925133e+01,3.9255632e+03,1.1522949e+01,1.6635592e+05,4.7200550e+01,0,nan,nan,nan,nan,1328.20137,2.5903436e-04,1819.02481,2.2886682e-04,-2.1539000e-03,4.5718424e-02
0.23299937514411795,1.000277877165942,0.000285146478048319,1915.3500393753475,3.1760074e-03,495282,471.00899,463.89570,1.6428536e+05,4.6748844e+01,4.1780483e+03,1.4461103e+01,1.6990089e+05,4.8433186e+01,0,nan,nan,nan,nan,471.00899,2.6126773e-04,463.89570,2.9658974e-04,1.0165054e-02,-5.5477479e-03
0.23312740764004047,0.9994978564211413,0.0002819375707966023,1909.2152874078433,3.1436498e-03,490865,471.00166,463.87992,1.6386288e+05,4.6197598e+01,2.5933210e+03,1.3441859e+01,1.6967602e+05,4.7862076e+01,0,nan,nan,nan,nan,471.00166,2.5832537e-04,463.87992,2.9328637e-04,1.3625085e-03,-2.2655493e-02
0.23320730617660956,0.9996737354352591,0.0002821470009821739,1903.0804873063798,3.0631584e-03,486448,470.98657,463.85932,1.6375630e+05,4.6236912e+01,2.7689702e+03,1.3575842e+01,1.6972420e+05,4.7902802e+01,0,nan,nan,nan,nan,470.98657,2.5855904e-04,463.85932,2.9396309e-04,-1.3728888e-02,-4.5283034e-02
0.2333189413336637,0.9999527730484968,0.00028470729592367856,1719.034198941535,-3.0332948e-03,353939,1328.20553,1818.98743,1.5773842e+05,4.5004002e+01,4.6156377e+03,1.1988322e+01,1.6606944e+05,4.7283413e+01,0,nan,nan,nan,nan,1328.20553,2.6121706e-04,1818.98743,2.3161726e-04,2.9434410e-03,5.9753861e-03
0.2335992226478535,0.9996799518240531,0.000283500216410169,1712.899599222849,-2.9134613e-03,349522,1328.20707,1818.98495,1.5844994e+05,4.4868130e+01,3.8476953e+03,1.1479282e+01,1.6622764e+05,4.7140663e+01,0,nan,nan,nan,nan,1328.20707,2.5908399e-04,1818.98495,2.2927376e-04,4.7455002e-03,2.7032718e-03
0.23368512820434262,1.000361062002877,0.00030309000858523284,1761.978725128406,-2.9319357e-03,384859,1042.63401,1775.57086,1.5935341e+05,4.8265007e+01,1.2620259e+04,1.7351530e+01,1.6678002e+05,5.0531113e+01,0,nan,nan,nan,nan,1042.63401,2.8580159e-04,1775.57086,2.5442443e-04,1.0415520e-02,4.0960088e-02
0.23372334472469447,0.9998896473055136,0.0002928037266399187,1755.8438833449263,-3.0542577e-03,380442,1042.61807,1775.56737,1.5918700e+05,4.6583229e+01,6.3090059e+03,1.4635185e+01,1.6654497e+05,4.8770367e+01,0,nan,nan,nan,nan,1042.61807,2.7315167e-04,1775.56737,2.4356249e-04,-7.1820952e-03,3.5988249e-02
0.23391221184556343,1.0001313094094095,0.0002942445870507989,1743.574312212047,-3.1864683e-03,371608,1042.61494,1775.52399,1.5918809e+05,4.6815212e+01,7.1661431e+03,1.5065080e+01,1.6659502e+05,4.9013245e+01,0,nan,nan,nan,nan,1042.61494,2.7434484e-04,1775.52399,2.4517707e-04,-1.0779745e-02,-1.0204907e-02
0.2342348945858248,1.000162378941401,0.00028200916336378474,1921.4861548947893,3.1830289e-03,499700,471.02337,463.88444,1.6402052e+05,4.6221363e+01,2.5876741e+03,1.3486022e+01,1.6983302e+05,4.7886692e+01,0,nan,nan,nan,nan,471.02337,2.5861186e-04,463.88444,2.9372916e-04,2.5673337e-02,-1.7101187e-02
0.2342409694526847,0.9998782843557057,0.0002837919009477823,1731.304880969654,-3.1792598e-03,362774,1328.20086,1819.01792,1.5849008e+05,4.4894363e+01,3.9093940e+03,1.1539268e+01,1.6618684e+05,4.7168224e+01,0,nan,nan,nan,nan,1328.20086,2.5903908e-04,1819.01792,2.2897306e-04,-2.4246844e-03,3.8125582e-02
0.23438826763185716,1.000541251204671,0.0002850307189181485,1915.3514282678352,3.1760116e-03,495283,471.02323,463.90103,1.6427820e+05,4.6729790e+01,4.1918599e+03,1.4412401e+01,1.6994534e+05,4.8413441e+01,0,nan,nan,nan,nan,471.02323,2.6215008e-04,463.90103,2.9622857e-04,2.5899140e-02,9.8074682e-04
0.2345163101399521,0.999814628982613,0.00028210759980626534,1909.2166763103432,3.1436640e-03,490866,471.00127,463.87940,1.6391317e+05,4.6225460e+01,2.6071394e+03,1.3503626e+01,1.6972978e+05,4.7890938e+01,0,nan,nan,nan,nan,471.00127,2.5826870e-04,463.87940,2.9329536e-04,1.0993039e-03,-2.2765014e-02
0.23459621635993244,0.9997163842556945,0.00028214528903309046,1903.0818762165632,3.0631803e-03,486449,470.98881,463.86130,1.6380441e+05,4.6236595e+01,2.7716448e+03,1.3551711e+01,1.6973131e+05,4.7902477e+01,0,nan,nan,nan,nan,470.98881,2.5813896e-04,463.86130,2.9377019e-04,-1.2356736e-02,-4.2714715e-02
0.23470780656725765,1.0007746991841355,0.0002847767411439726,1719.0355878067685,-3.0333179e-03,353940,1328.20166,1818.98922,1.5787389e+05,4.5014912e+01,4.5975190e+03,1.1923602e+01,1.6620570e+05,4.7294880e+01,0,nan,nan,nan,nan,1328.20166,2.6128773e-04,1818.98922,2.3141815e-04,-4.1673277e-04,6.9571598e-03
0.23498807903547492,1.0001352480099512,0.00028356866625096834,1712.9009880792366,-2.9134932e-03,349523,1328.20330,1818.98260,1.5850483e+05,4.4878750e+01,3.8396265e+03,1.1503547e+01,1.6630258e+05,4.7151821e+01,0,nan,nan,nan,nan,1328.20330,2.5887415e-04,1818.98260,2.2913561e-04,6.1540748e-04,6.9752400e-04
0.23507404813290123,0.9998683726174736,0.00030296717975567157,1761.9801140483346,-2.9319040e-03,384860,1042.63683,1775.57219,1.5924312e+05,4.8245487e+01,1.2591047e+04,1.7344990e+01,1.6669800e+05,5.0510670e+01,0,nan,nan,nan,nan,1042.63683,2.8563230e-04,1775.57219,2.5467679e-04,1.3995984e-02,4.1698448e-02
0.23511225627180465,1.0001017336834201,0.00029272160282612806,1755.8452722564734,-3.0542344e-03,380443,1042.61638,1775.57162,1.5911912e+05,4.6570183e+01,6.3247256e+03,1.4636991e+01,1.6658036e+05,4.8756710e+01,0,nan,nan,nan,nan,1042.61638,2.7298531e-04,1775.57162,2.4357779e-04,-8.4837060e-03,4.0185545e-02
0.23530110802562343,1.000167714426174,0.00029409542791112057,1743.5757011082271,-3.1864604e-03,371609,1042.62129,1775.52314,1.5908895e+05,4.6791477e+01,7.1774458e+03,1.5028966e+01,1.6660109e+05,4.8988400e+01,0,nan,nan,nan,nan,1042.62129,2.7466708e-04,1775.52314,2.4574198e-04,-2.6295772e-03,-1.2674539e-02
0.23562378102087678,0.9996744479796437,0.0002819974942275421,1921.4875437812243,3.1830270e-03,499701,471.02252,463.89019,1.6401916e+05,4.6219421e+01,2.5882444e+03,1.3467210e+01,1.6975008e+05,4.7884686e+01,0,nan,nan,nan,nan,471.02252,2.5858608e-04,463.89019,2.9328058e-04,2.4770783e-02,-1.1033942e-02
0.23562985005378356,0.9996337676878206,0.00028377351276052596,1731.3062698502551,-3.1792675e-03,362775,1328.20116,1819.02398,1.5844570e+05,4.4891323e+01,3.9179507e+03,1.1539669e+01,1.6614573e+05,4.7165031e+01,0,nan,nan,nan,nan,1328.20116,2.5923093e-04,1819.02398,2.2874014e-04,-3.0657516e-03,4.5474514e-02
0.2357771603533365,0.9998028449826646,0.0002850196126649581,1915.3528171605567,3.1760160e-03,495284,471.01593,463.89946,1.6414630e+05,4.6727890e+01,4.1895093e+03,1.4455893e+01,1.6981964e+05,4.8411472e+01,0,nan,nan,nan,nan,471.01593,2.6157434e-04,463.89946,2.9645854e-04,1.7865706e-02,-1.8712194e-03
0.2359052126403185,0.9999554635925774,0.0002819494029445373,1909.2180652128436,3.1436782e-03,490867,471.00121,463.87773,1.6389098e+05,4.6199535e+01,2.6231016e+03,1.3447788e+01,1.6975367e+05,4.7864079e+01,0,nan,nan,nan,nan,471.00121,2.5817240e-04,463.87773,2.9334694e-04,9.1268605e-04,-2.4626043e-02
0.23598512654280057,1.0000781417739866,0.0002824228958710002,1903.083265126746,3.0632021e-03,486450,470.98596,463.84974,1.6390384e+05,4.6282055e+01,2.7543083e+03,1.3651092e+01,1.6979261e+05,4.7949574e+01,0,nan,nan,nan,nan,470.98596,2.5819373e-04,463.84974,2.9393067e-04,-1.5148843e-02,-5.5861630e-02
0.23609667203368223,0.999838471704709,0.00028470584116037053,1719.036976672235,-3.0333407e-03,353941,1328.20696,1818.97711,1.5781925e+05,4.5003639e+01,4.6078584e+03,1.1929729e+01,1.6604998e+05,4.7283035e+01,0,nan,nan,nan,nan,1328.20696,2.6104439e-04,1818.97711,2.3174399e-04,4.7380119e-03,-6.2084426e-03
0.23637693565501616,1.000290661024314,0.0002833106204976209,1712.9023769358562,-2.9135249e-03,349524,1328.20141,1818.98289,1.5829306e+05,4.4837700e+01,3.8308213e+03,1.1462051e+01,1.6632762e+05,4.7108692e+01,0,nan,nan,nan,nan,1328.20141,2.6000576e-04,1818.98289,2.3056091e-04,-6.5168279e-04,-5.9574191e-04
0.23646296782908394,0.9994380538518827,0.0003031732624853932,1761.9815029680308,-2.9318726e-03,384861,1042.63281,1775.56483,1.5919136e+05,4.8278339e+01,1.2636830e+04,1.7419598e+01,1.6662638e+05,5.0545067e+01,0,nan,nan,nan,nan,1042.63281,2.8576268e-04,1775.56483,2.5484007e-04,9.8519446e-03,3.4166850e-02
0.23650116805129073,1.0006256991629847,0.0002926350229783904,1755.846661168253,-3.0542109e-03,380444,1042.61368,1775.56747,1.5919155e+05,4.6556427e+01,6.3121128e+03,1.4570507e+01,1.6666770e+05,4.8742306e+01,0,nan,nan,nan,nan,1042.61368,2.7296005e-04,1775.56747,2.4358230e-04,-1.1401108e-02,3.6017735e-02
0.2366900042056841,0.9992662313545703,0.00029404890428175206,1743.5770900044072,-3.1864524e-03,371610,1042.61393,1775.53007,1.5894575e+05,4.6784084e+01,7.1815625e+03,1.5016862e+01,1.6645094e+05,4.8980656e+01,0,nan,nan,nan,nan,1042.61393,2.7518123e-04,1775.53007,2.4591913e-04,-1.1306573e-02,-4.5082755e-03
0.23701266745592875,0.9999096999060605,0.00028211239899965417,1921.4889326676594,3.1830252e-03,499702,471.02739,463.89141,1.6397062e+05,4.6238232e+01,2.5877275e+03,1.3536942e+01,1.6978994e+05,4.7904171e+01,0,nan,nan,nan,nan,471.02739,2.5909962e-04,463.89141,2.9337185e-04,3.0359160e-02,-1.0277560e-02
0.23701873065419932,1.0001473593793733,0.0002836906557923914,1731.3076587308556,-3.1792752e-03,362776,1328.20643,1819.02431,1.5838420e+05,4.4878086e+01,3.9082693e+03,1.1542337e+01,1.6623062e+05,4.7151123e+01,0,nan,nan,nan,nan,1328.20643,2.5939228e-04,1819.02431,2.2876289e-04,3.3738331e-03,4.5998778e-02
0.23716605284198522,0.9999894572583109,0.00028491234478800605,1915.3542060530453,3.1760202e-03,495285,471.01336,463.89486,1.6417683e+05,4.6710224e+01,4.1796416e+03,1.4396126e+01,1.6985106e+05,4.8393173e+01,0,nan,nan,nan,nan,471.01336,2.6133680e-04,463.89486,2.9673259e-04,1.4746648e-02,-6.2043685e-03
0.23729411490830898,1.000029045811328,0.0002820228408837341,1909.2194541151116,3.1436922e-03,490868,470.99753,463.88054,1.6393542e+05,4.6211563e+01,2.6145312e+03,1.3428483e+01,1.6976616e+05,4.7876541e+01,0,nan,nan,nan,nan,470.99753,2.5818692e-04,463.88054,2.9339283e-04,-2.8211712e-03,-2.1174274e-02
0.2373740364932928,0.9999717620288431,0.0002822752966403239,1903.0846540366965,3.0632238e-03,486451,470.98780,463.85177,1.6388627e+05,4.6257835e+01,2.7625571e+03,1.3600163e+01,1.6977442e+05,4.7924480e+01,0,nan,nan,nan,nan,470.98780,2.5801643e-04,463.85177,2.9369295e-04,-1.3305276e-02,-5.3932790e-02
0.2374855372679573,0.9997836769102507,0.0002846116669046485,1719.0383655374692,-3.0333637e-03,353942,1328.20368,1818.99088,1.5775945e+05,4.4988693e+01,4.6067158e+03,1.1920503e+01,1.6604066e+05,4.7267334e+01,0,nan,nan,nan,nan,1328.20368,2.6112114e-04,1818.99088,2.3135761e-04,1.4358585e-03,8.5047958e-03
0.23776579204104564,1.0007412618193423,0.0002836589503790847,1712.9037657922422,-2.9135568e-03,349525,1328.21005,1818.98260,1.5865594e+05,4.4892616e+01,3.8345806e+03,1.1494020e+01,1.6640175e+05,4.7166386e+01,0,nan,nan,nan,nan,1328.21005,2.5870552e-04,1818.98260,2.2881462e-04,6.9449758e-03,3.3334410e-04
0.2378518877580973,1.0000958258174066,0.0003030609390625589,1761.9828918879598,-2.9318410e-03,384862,1042.63835,1775.57388,1.5928819e+05,4.8260494e+01,1.2636597e+04,1.7371359e+01,1.6673617e+05,5.0526382e+01,0,nan,nan,nan,nan,1042.63835,2.8557333e-04,1775.57388,2.5449650e-04,1.5154979e-02,4.3952234e-02
0.23789007959840092,0.999521953928901,0.00029253822493068856,1755.8480500798,-3.0541876e-03,380445,1042.61398,1775.57055,1.5907933e+05,4.6541042e+01,6.2947803e+03,1.4588739e+01,1.6648392e+05,4.8726204e+01,0,nan,nan,nan,nan,1042.61398,2.7287117e-04,1775.57055,2.4341056e-04,-1.1279529e-02,3.9369456e-02
0.2380789003859718,1.0008069255007932,0.00029408167769856444,1743.5784789005875,-3.1864445e-03,371611,1042.61486,1775.52388,1.5916458e+05,4.6789299e+01,7.1539443e+03,1.5004806e+01,1.6670759e+05,4.8986118e+01,0,nan,nan,nan,nan,1042.61486,2.7447214e-04,1775.52388,2.4547114e-04,-9.9357469e-03,-1.0792299e-02
0.23840155389098072,1.0006487943108557,0.00028220396646979235,1921.4903215540944,3.1830233e-03,499703,471.02708,463.88615,1.6415103e+05,4.6253212e+01,2.5908960e+03,1.3459073e+01,1.6991534e+05,4.7919693e+01,0,nan,nan,nan,nan,471.02708,2.5898553e-04,463.88615,2.9355483e-04,2.9150160e-02,-1.5589755e-02
0.23840761125461507,0.9994819586669463,0.0002837300734806689,1731.309047611456,-3.1792829e-03,362777,1328.20333,1819.02140,1.5840984e+05,4.4884201e+01,3.9125063e+03,1.1545730e+01,1.6611955e+05,4.7157543e+01,0,nan,nan,nan,nan,1328.20333,2.5923023e-04,1819.02140,2.2893400e-04,1.4460261e-04,4.3069817e-02
0.23855494533063393,0.999646811007913,0.00028480920610278844,1915.355594945534,3.1760244e-03,495286,471.01055,463.89739,1.6408366e+05,4.6693241e+01,4.1862891e+03,1.4378930e+01,1.6979258e+05,4.8375576e+01,0,nan,nan,nan,nan,471.01055,2.6197979e-04,463.89739,2.9641588e-04,1.2331700e-02,-3.8232217e-03
0.23868301740867537,1.000256085557827,0.00028194929731631277,1909.220843017612,3.1437064e-03,490869,470.99939,463.87096,1.6385972e+05,4.6199509e+01,2.5928428e+03,1.3448752e+01,1.6980469e+05,4.7864052e+01,0,nan,nan,nan,nan,470.99939,2.5822120e-04,463.87096,2.9352502e-04,-1.0545427e-03,-3.1482842e-02
0.23876294667752518,0.9996207324381502,0.0002822597889336505,1903.0860429468808,3.0632457e-03,486452,470.98995,463.86763,1.6384173e+05,4.6255257e+01,2.7662932e+03,1.3570531e+01,1.6971470e+05,4.7921810e+01,0,nan,nan,nan,nan,470.98995,2.5834225e-04,463.86763,2.9382459e-04,-1.0469731e-02,-3.5522152e-02
0.23887440273506433,0.9999776093110436,0.00028469525782523123,1719.0397544029363,-3.0333865e-03,353943,1328.20033,1818.98377,1.5784731e+05,4.5001846e+01,4.6043564e+03,1.1925436e+01,1.6607264e+05,4.7281151e+01,0,nan,nan,nan,nan,1328.20033,2.6082210e-04,1818.98377,2.3125004e-04,-2.9583802e-03,1.5907324e-03
0.23915464865990577,0.9995783022234644,0.00028322934918471193,1712.905154648861,-2.9135884e-03,349526,1328.20696,1818.98922,1.5810834e+05,4.4824409e+01,3.8369807e+03,1.1474965e+01,1.6620759e+05,4.7094727e+01,0,nan,nan,nan,nan,1328.20696,2.5988079e-04,1818.98922,2.3020690e-04,5.0075660e-03,7.0147095e-03
0.23924080745382525,1.0003730749165274,0.0003031461683767482,1761.9842808076555,-2.9318095e-03,384863,1042.63322,1775.57939,1.5934970e+05,4.8274097e+01,1.2637825e+04,1.7345095e+01,1.6678253e+05,5.0540630e+01,0,nan,nan,nan,nan,1042.63322,2.8564790e-04,1775.57939,2.5459242e-04,9.7134598e-03,4.9969412e-02
0.239278991377887,1.0006107917930858,0.0002926467959613154,1755.8494389915795,-3.0541641e-03,380446,1042.60995,1775.56383,1.5919856e+05,4.6558338e+01,6.2916182e+03,1.4593416e+01,1.6666536e+05,4.8744308e+01,0,nan,nan,nan,nan,1042.60995,2.7283712e-04,1775.56383,2.4359713e-04,-1.5624208e-02,3.2306086e-02
0.23946779656535,0.9995476115057005,0.00029396068399442274,1743.5798677967668,-3.1864366e-03,371612,1042.60808,1775.52116,1.5894234e+05,4.6770054e+01,7.1748555e+03,1.4999545e+01,1.6649783e+05,4.8965969e+01,0,nan,nan,nan,nan,1042.60808,2.7498213e-04,1775.52116,2.4577638e-04,-1.7879477e-02,-1.4015577e-02
0.2397904403251232,1.000380181788694,0.0002820733332220505,1921.4917104405285,3.1830214e-03,499704,471.02063,463.88348,1.6415202e+05,4.6231777e+01,2.6060713e+03,1.3449416e+01,1.6986964e+05,4.7897484e+01,0,nan,nan,nan,nan,471.02063,2.5855642e-04,463.88348,2.9309394e-04,2.2789977e-02,-1.8138947e-02
0.23979649185662344,0.9996715459216662,0.00028387140187395755,1731.310436492058,-3.1792906e-03,362778,1328.19843,1819.01899,1.5842352e+05,4.4906425e+01,3.9279575e+03,1.1589539e+01,1.6615059e+05,4.7180897e+01,0,nan,nan,nan,nan,1328.19843,2.5922939e-04,1819.01899,2.2897594e-04,-5.3442679e-03,3.9759368e-02
0.23994383781928263,1.000098572567451,0.0002850764772121275,1915.3569838380226,3.1760286e-03,495287,471.02006,463.90010,1.6420520e+05,4.6736984e+01,4.1711221e+03,1.4475303e+01,1.6986903e+05,4.8420891e+01,0,nan,nan,nan,nan,471.02006,2.6141087e-04,463.90010,2.9662327e-04,2.1990344e-02,-8.6986244e-04
0.24007191990813226,0.9999660465299522,0.00028191345175008906,1909.2222319201114,3.1437206e-03,490870,470.99857,463.87341,1.6390433e+05,4.6193630e+01,2.5963435e+03,1.3423565e+01,1.6975544e+05,4.7857964e+01,0,nan,nan,nan,nan,470.99857,2.5802947e-04,463.87341,2.9338457e-04,-1.9641535e-03,-2.8719012e-02
0.2401518568622123,0.9997604965468165,0.0002823827767518912,1903.0874318570654,3.0632676e-03,486453,470.98928,463.85746,1.6385045e+05,4.6275375e+01,2.7661028e+03,1.3631674e+01,1.6973830e+05,4.7942654e+01,0,nan,nan,nan,nan,470.98928,2.5833529e-04,463.85746,2.9401600e-04,-1.1663295e-02,-4.7921333e-02
0.2402632679695671,0.9997090898343136,0.00028454172435854637,1719.0411432681708,-3.0334096e-03,353944,1328.20456,1818.98951,1.5767894e+05,4.4977520e+01,4.6097612e+03,1.1906773e+01,1.6602783e+05,4.7255592e+01,0,nan,nan,nan,nan,1328.20456,2.6135167e-04,1818.98951,2.3183716e-04,1.4019837e-03,7.3431106e-03
0.24054350504661637,1.0004970736290955,0.00028360294086444016,1712.9065435052478,-2.9136203e-03,349527,1328.20520,1818.98960,1.5853962e+05,4.4883312e+01,3.8329065e+03,1.1513098e+01,1.6635956e+05,4.7156616e+01,0,nan,nan,nan,nan,1328.20520,2.5898809e-04,1818.98960,2.2893533e-04,2.6201131e-03,7.5219278e-03
0.24062972715000797,1.0001499993783909,0.00030299291900564207,1761.9856697273517,-2.9317781e-03,384864,1042.63514,1775.57225,1.5932981e+05,4.8249741e+01,1.2632085e+04,1.7334446e+01,1.6674548e+05,5.0515125e+01,0,nan,nan,nan,nan,1042.63514,2.8537630e-04,1775.57225,2.5446236e-04,1.1673948e-02,4.2243779e-02
0.24066790292499718,1.0003389313835394,0.00029276720793539675,1755.8508279031266,-3.0541408e-03,380447,1042.61264,1775.56375,1.5921680e+05,4.6577515e+01,6.2784458e+03,1.4613383e+01,1.6662016e+05,4.8764389e+01,0,nan,nan,nan,nan,1042.61264,2.7268048e-04,1775.56375,2.4357415e-04,-1.2909771e-02,3.2030847e-02
0.24085669297755885,1.000887572935535,0.00029409888520989157,1743.581256693179,-3.1864285e-03,371613,1042.61454,1775.52239,1.5919886e+05,4.6792049e+01,7.1722861e+03,1.4993589e+01,1.6672105e+05,4.8988995e+01,0,nan,nan,nan,nan,1042.61454,2.7454784e-04,1775.52239,2.4546514e-04,-1.0737543e-02,-1.2468076e-02
0.24117932652688978,1.0000255133968927,0.00028215649680840565,1921.4930993267303,3.1830193e-03,499705,471.03141,463.89414,1.6402606e+05,4.6245380e+01,2.5935217e+03,1.3512194e+01,1.6980933e+05,4.7911579e+01,0,nan,nan,nan,nan,471.03141,2.5882770e-04,463.89414,2.9369752e-04,3.4009274e-02,-7.1222233e-03
0.24118537245840344,1.0002815392936286,0.0002839038076272325,1731.3118253726598,-3.1792982e-03,362779,1328.20076,1819.02359,1.5853830e+05,4.4911419e+01,3.9242598e+03,1.1554397e+01,1.6625148e+05,4.7186146e+01,0,nan,nan,nan,nan,1328.20076,2.5911699e-04,1819.02359,2.2851645e-04,-2.2910780e-03,4.5235999e-02
0.24133273030702185,0.9998700806302628,0.00028505305571419694,1915.3583727305104,3.1760328e-03,495288,471.00670,463.90003,1.6425330e+05,4.6733067e+01,4.1717598e+03,1.4427618e+01,1.6982994e+05,4.8416836e+01,0,nan,nan,nan,nan,471.00670,2.6124201e-04,463.90003,2.9651241e-04,7.7086007e-03,-9.3453837e-04
0.2414608224080439,0.9997492771799925,0.00028211782872621495,1909.2236208226113,3.1437348e-03,490871,471.00097,463.88381,1.6395683e+05,4.6227119e+01,2.5924797e+03,1.3527041e+01,1.6971862e+05,4.7892658e+01,0,nan,nan,nan,nan,471.00097,2.5793002e-04,463.88381,2.9301087e-04,7.9740252e-04,-1.7064568e-02
0.24154076681224979,1.0001068805348723,0.0002822219924225959,1903.0888207670155,3.0632892e-03,486454,470.98926,463.85864,1.6389003e+05,4.6248993e+01,2.7587007e+03,1.3549520e+01,1.6979698e+05,4.7915321e+01,0,nan,nan,nan,nan,470.98926,2.5832691e-04,463.85864,2.9380142e-04,-1.1833061e-02,-4.5829803e-02
0.24165213320384282,1.000523550305152,0.0002844734575642267,1719.042532133405,-3.0334326e-03,353945,1328.20683,1818.98300,1.5763259e+05,4.4966675e+01,4.6182095e+03,1.1894917e+01,1.6616288e+05,4.7244194e+01,0,nan,nan,nan,nan,1328.20683,2.6208203e-04,1818.98300,2.3172953e-04,5.3894944e-03,-1.1078482e-04
0.241932361666386,0.9999820135612445,0.00028345592393130603,1712.9079323618676,-2.9136520e-03,349528,1328.20327,1818.97916,1.5844584e+05,4.4859833e+01,3.8340535e+03,1.1469480e+01,1.6627309e+05,4.7131943e+01,0,nan,nan,nan,nan,1328.20327,2.5906460e-04,1818.97916,2.2925121e-04,7.6366654e-05,-3.7284701e-03
0.24201864707856657,1.0001289907156834,0.0003030494051437093,1761.9870586472803,-2.9317464e-03,384865,1042.63183,1775.57559,1.5928034e+05,4.8258778e+01,1.2637902e+04,1.7373293e+01,1.6674212e+05,5.0524590e+01,0,nan,nan,nan,nan,1042.63183,2.8556265e-04,1775.57559,2.5445648e-04,8.7282592e-03,4.5465510e-02
0.242056814704938,1.0000831516754343,0.0002927415829100653,1755.8522168149066,-3.0541173e-03,380448,1042.61519,1775.56471,1.5913736e+05,4.6573456e+01,6.2825317e+03,1.4638127e+01,1.6657761e+05,4.8760139e+01,0,nan,nan,nan,nan,1042.61519,2.7309678e-04,1775.56471,2.4354346e-04,-9.5866416e-03,3.3353772e-02
0.24224558915784655,1.0007044000486838,0.00029430442315645167,1743.5826455893593,-3.1864205e-03,371614,1042.61767,1775.52518,1.5927761e+05,4.6824753e+01,7.1879590e+03,1.5046295e+01,1.6669055e+05,4.9023235e+01,0,nan,nan,nan,nan,1042.61767,2.7437179e-04,1775.52518,2.4520871e-04,-7.6235346e-03,-8.7954244e-03
0.24256821296194175,1.0002306555514795,0.00028204734860065654,1921.4944882131654,3.1830175e-03,499706,471.02007,463.88444,1.6411214e+05,4.6227467e+01,2.5852561e+03,1.3464719e+01,1.6984406e+05,4.7893017e+01,0,nan,nan,nan,nan,471.02007,2.5846821e-04,463.88444,2.9316856e-04,2.2277471e-02,-1.6907683e-02
0.24257425305950164,0.9996513971360971,0.00028364880603261766,1731.3132142532609,-3.1793059e-03,362780,1328.20330,1819.02123,1.5833912e+05,4.4870956e+01,3.9201523e+03,1.1539156e+01,1.6614628e+05,4.7143631e+01,0,nan,nan,nan,nan,1328.20330,2.5953323e-04,1819.02123,2.2878997e-04,4.9975235e-04,4.2301334e-02
0.2427216227952158,1.0003560332478774,0.0002848190979639332,1915.3597616229986,3.1760370e-03,495289,471.02280,463.90521,1.6403323e+05,4.6694637e+01,4.1671064e+03,1.4406535e+01,1.6991222e+05,4.8377018e+01,0,nan,nan,nan,nan,471.02280,2.6258710e-04,463.90521,2.9660715e-04,2.6805168e-02,4.8687644e-03
0.24284972490750079,0.9997161921081771,0.0002819340403026452,1909.2250097251108,3.1437490e-03,490872,470.99853,463.87329,1.6386327e+05,4.6196995e+01,2.6013352e+03,1.3468218e+01,1.6971300e+05,4.7861454e+01,0,nan,nan,nan,nan,470.99853,2.5796876e-04,463.87329,2.9347694e-04,-1.5167593e-03,-2.9453021e-02
0.24292967699511792,0.9998383583747976,0.0002821934453641344,1903.0902096771983,3.0633111e-03,486455,470.98744,463.86015,1.6390183e+05,4.6244282e+01,2.7618743e+03,1.3551843e+01,1.6975127e+05,4.7910439e+01,0,nan,nan,nan,nan,470.98744,2.5811372e-04,463.86015,2.9346999e-04,-1.4134704e-02,-4.4420738e-02
0.2430409986709492,1.0000025473433136,0.00028465527878774607,1719.0439209988722,-3.0334555e-03,353946,1328.21017,1818.98929,1.5777823e+05,4.4995358e+01,4.6057095e+03,1.1931492e+01,1.6607616e+05,4.7274334e+01,0,nan,nan,nan,nan,1328.21017,2.6136561e-04,1818.98929,2.3142900e-04,7.4336948e-03,7.2501120e-03
0.24332121805241547,0.9998693415943601,0.00028352596912361027,1712.9093212182536,-2.9136839e-03,349529,1328.20832,1818.98629,1.5843352e+05,4.4870701e+01,3.8325403e+03,1.1501801e+01,1.6625356e+05,4.7143360e+01,0,nan,nan,nan,nan,1328.20832,2.5917459e-04,1818.98629,2.2916621e-04,5.3198547e-03,4.2878082e-03
0.24340756677474928,0.9998654897226442,0.0003030179908213591,1761.9884475669764,-2.9317150e-03,384866,1042.63060,1775.56966,1.5924161e+05,4.8253819e+01,1.2643334e+04,1.7354845e+01,1.6669836e+05,5.0519394e+01,0,nan,nan,nan,nan,1042.63060,2.8565622e-04,1775.56966,2.5466009e-04,7.6888367e-03,3.9000545e-02
0.24344572625159344,0.9998528100283595,0.00029268833677659857,1755.8536057264532,-3.0540940e-03,380449,1042.61472,1775.56961,1.5915703e+05,4.6565006e+01,6.2814478e+03,1.4607565e+01,1.6653933e+05,4.8751293e+01,0,nan,nan,nan,nan,1042.61472,2.7272929e-04,1775.56961,2.4356427e-04,-1.0205022e-02,3.8639676e-02
0.2436344853376795,0.9998701812889892,0.00029414364556103157,1743.5840344855392,-3.1864126e-03,371615,1042.61330,1775.52073,1.5906880e+05,4.6799179e+01,7.1759331e+03,1.5067018e+01,1.6655161e+05,4.8996460e+01,0,nan,nan,nan,nan,1042.61330,2.7458445e-04,1775.52073,2.4556686e-04,-1.1900524e-02,-1.4392840e-02
0.24395709939699373,1.0004524991970447,0.0002820670445732436,1921.4958770996004,3.1830156e-03,499707,471.02461,463.88990,1.6423852e+05,4.6230667e+01,2.5947942e+03,1.3409597e+01,1.6988162e+05,4.7896336e+01,0,nan,nan,nan,nan,471.02461,2.5832054e-04,463.88990,2.9277953e-04,2.6263840e-02,-1.1169363e-02
0.24396313366059985,1.0005643002359794,0.00028383394590986003,1731.314603133862,-3.1793136e-03,362781,1328.20187,1819.02080,1.5854138e+05,4.4900116e+01,3.9183142e+03,1.1541948e+01,1.6629755e+05,4.7174267e+01,0,nan,nan,nan,nan,1328.20187,2.5905907e-04,1819.02080,2.2857885e-04,-1.5144785e-03,4.2419538e-02
0.24411051551669516,1.0002426499976003,0.00028487018540059467,1915.36115051572,3.1760414e-03,495290,471.01809,463.88198,1.6393384e+05,4.6702930e+01,4.1547676e+03,1.4474332e+01,1.6989267e+05,4.8385616e+01,0,nan,nan,nan,nan,471.01809,2.6223823e-04,463.88198,2.9712997e-04,2.1637240e-02,-2.0147389e-02
0.24423862717503653,1.0003345630366292,0.0002819749291829523,1909.2263986273783,3.1437629e-03,490873,470.99787,463.87716,1.6396202e+05,4.6203697e+01,2.5919688e+03,1.3449715e+01,1.6981795e+05,4.7868393e+01,0,nan,nan,nan,nan,470.99787,2.5815252e-04,463.87716,2.9309985e-04,-1.6636474e-03,-2.5527284e-02
0.2443185869460649,0.9999610771513257,0.00028214434837887204,1903.0915985871493,3.0633328e-03,486456,470.98582,463.85468,1.6388209e+05,4.6236202e+01,2.7599617e+03,1.3525009e+01,1.6977197e+05,4.7902065e+01,0,nan,nan,nan,nan,470.98582,2.5812761e-04,463.85468,2.9358975e-04,-1.4794650e-02,-5.0032847e-02
0.24442986390545196,0.9998099941846762,0.0002844711692609187,1719.0453098641067,-3.0334785e-03,353947,1328.20105,1818.97946,1.5753597e+05,4.4966202e+01,4.6103530e+03,1.1933565e+01,1.6604398e+05,4.7243702e+01,0,nan,nan,nan,nan,1328.20105,2.6147804e-04,1818.97946,2.3259960e-04,-1.1114900e-03,-5.0507355e-03
0.24471007467127492,1.0001914623479042,0.00028351427870808033,1712.9107100748724,-2.9137156e-03,349530,1328.20406,1818.98766,1.5832978e+05,4.4868622e+01,3.8328638e+03,1.1535312e+01,1.6630630e+05,4.7141182e+01,0,nan,nan,nan,nan,1328.20406,2.5950308e-04,1818.98766,2.2988439e-04,1.3557514e-03,5.1296097e-03
0.24479648670376264,1.000044737275635,0.0003032344289306454,1761.9898364869055,-2.9316833e-03,384867,1042.63514,1775.57357,1.5930694e+05,4.8288330e+01,1.2668266e+04,1.7404108e+01,1.6672839e+05,5.0555527e+01,0,nan,nan,nan,nan,1042.63514,2.8567162e-04,1775.57357,2.5464859e-04,1.1832661e-02,4.3666556e-02
0.24483463803153427,1.0004661642878645,0.00029258931000971815,1755.8549946382332,-3.0540705e-03,380450,1042.60963,1775.56709,1.5924216e+05,4.6549278e+01,6.2698613e+03,1.4561347e+01,1.6664158e+05,4.8734825e+01,0,nan,nan,nan,nan,1042.60963,2.7264154e-04,1775.56709,2.4327371e-04,-1.5264979e-02,3.5334341e-02
0.2450233815179672,1.000491921459026,0.00029428222114072724,1743.5854233817195,-3.1864047e-03,371616,1042.61771,1775.52466,1.5918302e+05,4.6821236e+01,7.2194844e+03,1.5061895e+01,1.6665519e+05,4.9019547e+01,0,nan,nan,nan,nan,1042.61771,2.7462587e-04,1775.52466,2.4546040e-04,-6.4140121e-03,-1.0405631e-02
0.2453459858311362,1.0004625231507647,0.0002822053696367814,1921.4972659860346,3.1830138e-03,499708,471.02464,463.88591,1.6419711e+05,4.6253311e+01,2.5840732e+03,1.3476110e+01,1.6988322e+05,4.7919792e+01,0,nan,nan,nan,nan,471.02464,2.5831567e-04,463.88591,2.9331876e-04,2.6675850e-02,-1.5364443e-02
0.24535201426101627,1.0004143770743816,0.00028394606226094237,1731.3159920144624,-3.1793213e-03,362782,1328.20323,1819.02274,1.5856512e+05,4.4917725e+01,3.9277905e+03,1.1555651e+01,1.6627216e+05,4.7192768e+01,0,nan,nan,nan,nan,1328.20323,2.5929304e-04,1819.02274,2.2886516e-04,-3.4502969e-04,4.4301257e-02
0.24549940800534387,1.000247957792383,0.00028488551267819213,1915.3625394082087,3.1760456e-03,495291,471.01588,463.91047,1.6410403e+05,4.6705372e+01,4.1466431e+03,1.4397189e+01,1.6989330e+05,4.8388142e+01,0,nan,nan,nan,nan,471.01588,2.6207036e-04,463.91047,2.9683756e-04,1.8713595e-02,1.1040200e-02
0.2456275296763124,0.9997755133379765,0.00028208029807067354,1909.2277875298796,3.1437771e-03,490874,470.99998,463.88378,1.6391009e+05,4.6220959e+01,2.5982993e+03,1.3501709e+01,1.6972305e+05,4.7886276e+01,0,nan,nan,nan,nan,470.99998,2.5837240e-04,463.88378,2.9328000e-04,6.0651978e-06,-1.7803691e-02
0.24570749712984252,1.0000260320590486,0.00028235119773596917,1903.092987497333,3.0633546e-03,486457,470.99080,463.85223,1.6387561e+05,4.6270065e+01,2.7638110e+03,1.3610707e+01,1.6978288e+05,4.7937149e+01,0,nan,nan,nan,nan,470.99080,2.5828171e-04,463.85223,2.9391958e-04,-1.0227677e-02,-5.2825123e-02
0.245818729372559,0.999927347693133,0.00028473510262105086,1719.0466987295738,-3.0335013e-03,353948,1328.20961,1818.98546,1.5785697e+05,4.5007870e+01,4.6193135e+03,1.1939848e+01,1.6606328e+05,4.7287479e+01,0,nan,nan,nan,nan,1328.20961,2.6118464e-04,1818.98546,2.3115972e-04,7.2896476e-03,3.4588040e-03
0.24609893105866865,0.9999758177979713,0.0002835126586670967,1712.9120989312598,-2.9137474e-03,349531,1328.20801,1818.98612,1.5841236e+05,4.4868149e+01,3.8401641e+03,1.1521132e+01,1.6626961e+05,4.7140682e+01,0,nan,nan,nan,nan,1328.20801,2.5911693e-04,1818.98612,2.2913708e-04,5.2972184e-03,4.5565693e-03
0.2461854063994906,0.9993702117165878,0.0003028782378955087,1761.9912254066012,-2.9316519e-03,384868,1042.63341,1775.57168,1.5911120e+05,4.8231655e+01,1.2644952e+04,1.7353207e+01,1.6661609e+05,5.0496193e+01,0,nan,nan,nan,nan,1042.63341,2.8583466e-04,1775.57168,2.5477613e-04,1.0682230e-02,4.1234102e-02
0.2462235498112474,0.9998761691530644,0.00029254499149944,1755.8563835500129,-3.0540470e-03,380451,1042.61753,1775.56494,1.5915541e+05,4.6542252e+01,6.2784819e+03,1.4567840e+01,1.6654338e+05,4.8727467e+01,0,nan,nan,nan,nan,1042.61753,2.7278674e-04,1775.56494,2.4337183e-04,-7.8942683e-03,3.3916041e-02
0.24641227769780016,0.999624319393195,0.0002940930099788947,1743.5868122778993,-3.1863968e-03,371617,1042.61483,1775.52483,1.5897628e+05,4.6791134e+01,7.1780024e+03,1.5052695e+01,1.6651069e+05,4.8988033e+01,0,nan,nan,nan,nan,1042.61483,2.7475847e-04,1775.52483,2.4587152e-04,-1.0669272e-02,-1.0715095e-02
0.24673487226573343,1.0001350819818953,0.0002823649147092483,1921.4986548724692,3.1830119e-03,499709,471.02254,463.89235,1.6413920e+05,4.6279430e+01,2.5872134e+03,1.3578497e+01,1.6982752e+05,4.7946854e+01,0,nan,nan,nan,nan,471.02254,2.5869507e-04,463.89235,2.9328570e-04,2.4845483e-02,-8.2729468e-03
0.24674089486165973,0.9997386924837249,0.00028370167282478067,1731.317380895063,-3.1793290e-03,362783,1328.20405,1819.02212,1.5840927e+05,4.4878941e+01,3.9204397e+03,1.1528288e+01,1.6615938e+05,4.7152016e+01,0,nan,nan,nan,nan,1328.20405,2.5920116e-04,1819.02212,2.2896279e-04,9.0695050e-04,4.3250035e-02
0.24688830049308308,1.0007479551739265,0.00028506761356601805,1915.3639283006964,3.1760498e-03,495292,471.01356,463.90321,1.6430575e+05,4.6735149e+01,4.1394878e+03,1.4436186e+01,1.6997795e+05,4.8418995e+01,0,nan,nan,nan,nan,471.01356,2.6124375e-04,463.90321,2.9684298e-04,1.5863063e-02,2.2105121e-03
0.2470164321766788,1.0000018241538107,0.00028207853815383633,1909.22917643238,3.1437913e-03,490875,470.99887,463.88148,1.6396250e+05,4.6220665e+01,2.5968794e+03,1.3496126e+01,1.6976145e+05,4.7885975e+01,0,nan,nan,nan,nan,470.99887,2.5789355e-04,463.88148,2.9311029e-04,-1.2156775e-03,-1.9704521e-02
0.2470964070807895,0.9996096121265027,0.0002822931069791325,1903.094376407284,3.0633763e-03,486458,470.98261,463.85898,1.6379339e+05,4.6260506e+01,2.7701843e+03,1.3613173e+01,1.6971205e+05,4.7927250e+01,0,nan,nan,nan,nan,470.98261,2.5816599e-04,463.85898,2.9397095e-04,-1.8158179e-02,-4.5966510e-02
0.24720759460615227,0.9998586224810859,0.0002847145982238155,1719.0480875948074,-3.0335244e-03,353949,1328.19958,1818.98556,1.5776842e+05,4.5004581e+01,4.6124951e+03,1.1962599e+01,1.6605169e+05,4.7284023e+01,0,nan,nan,nan,nan,1328.19958,2.6121363e-04,1818.98556,2.3126074e-04,-3.0834896e-03,3.3050524e-03
0.2474877876791194,1.0005702986247995,0.00028364228827367324,1712.9134877878803,-2.9137791e-03,349532,1328.20759,1818.98395,1.5852489e+05,4.4888439e+01,3.8361960e+03,1.1523119e+01,1.6636764e+05,4.7161999e+01,0,nan,nan,nan,nan,1328.20759,2.5900407e-04,1818.98395,2.2917544e-04,4.5308643e-03,1.9708821e-03
0.24757432632850396,1.000100914077585,0.0003030898063709066,1761.9926143265302,-2.9316202e-03,384869,1042.63490,1775.56142,1.5921881e+05,4.8265396e+01,1.2657665e+04,1.7409151e+01,1.6673808e+05,5.0531513e+01,0,nan,nan,nan,nan,1042.63490,2.8569906e-04,1775.56142,2.5470922e-04,1.2009456e-02,3.1040696e-02
0.24761246135813053,1.000378761813879,0.0002927427972218676,1755.8577724615598,-3.0540237e-03,380452,1042.61634,1775.56510,1.5925553e+05,4.6573738e+01,6.2660757e+03,1.4612054e+01,1.6662717e+05,4.8760437e+01,0,nan,nan,nan,nan,1042.61634,2.7281497e-04,1775.56510,2.4347666e-04,-9.2485351e-03,3.3952538e-02
0.24780117387808787,0.9997093763538759,0.0002942356277962414,1743.5882011740796,-3.1863889e-03,371618,1042.61487,1775.52266,1.5917644e+05,4.6813828e+01,7.1948745e+03,1.5070851e+01,1.6652488e+05,4.9011795e+01,0,nan,nan,nan,nan,1042.61487,2.7452226e-04,1775.52266,2.4534235e-04,-1.1120132e-02,-1.2361502e-02
0.2481237587005577,0.9999944511812556,0.00028194603168851427,1921.500043758904,3.1830100e-03,499710,471.02289,463.88247,1.6395762e+05,4.6210751e+01,2.5937480e+03,1.3464240e+01,1.6980353e+05,4.7875698e+01,0,nan,nan,nan,nan,471.02289,2.5875610e-04,463.88247,2.9369807e-04,2.5209229e-02,-1.9768948e-02
0.24812977546275727,0.9998069433719353,0.00028376991329639274,1731.3187697756641,-3.1793367e-03,362784,1328.19845,1819.02298,1.5828580e+05,4.4889599e+01,3.9340938e+03,1.1587626e+01,1.6617025e+05,4.7163223e+01,0,nan,nan,nan,nan,1328.19845,2.5960917e-04,1819.02298,2.2940354e-04,-5.3937831e-03,4.3777741e-02
0.2482771929817318,1.0001471235147243,0.00028496315078401754,1915.365317193185,3.1760540e-03,495293,471.00840,463.90159,1.6422770e+05,4.6717949e+01,4.1494438e+03,1.4418011e+01,1.6987564e+05,4.8401173e+01,0,nan,nan,nan,nan,471.00840,2.6130077e-04,463.90159,2.9645450e-04,1.0151348e-02,1.7111601e-03
0.24840533467613568,1.000332227597025,0.0002821130206366282,1909.2305653348794,3.1438055e-03,490876,471.00057,463.87710,1.6400236e+05,4.6226318e+01,2.5998110e+03,1.3493368e+01,1.6981755e+05,4.7891827e+01,0,nan,nan,nan,nan,471.00057,2.5812822e-04,463.87710,2.9305698e-04,5.5814855e-04,-2.4956295e-02
0.24848531726456713,0.9996389199607326,0.0002822411290482563,1903.0957653174678,3.0633982e-03,486459,470.99063,463.86392,1.6378773e+05,4.6251957e+01,2.7716985e+03,1.3594503e+01,1.6971689e+05,4.7918392e+01,0,nan,nan,nan,nan,470.99063,2.5831608e-04,463.86392,2.9383492e-04,-1.0084424e-02,-4.0474262e-02
0.2485964600725762,0.9998385143539563,0.00028463969518517613,1719.0494764602738,-3.0335472e-03,353950,1328.20363,1818.98899,1.5782708e+05,4.4992691e+01,4.5934482e+03,1.1893564e+01,1.6604817e+05,4.7271534e+01,0,nan,nan,nan,nan,1328.20363,2.6115571e-04,1818.98899,2.3121868e-04,4.5432599e-04,6.9184853e-03
0.2488766442979795,0.9997995193467745,0.00028346980717524424,1712.9148766444991,-2.9138108e-03,349533,1328.20500,1818.98082,1.5841966e+05,4.4860916e+01,3.8313667e+03,1.1480578e+01,1.6623864e+05,4.7133083e+01,0,nan,nan,nan,nan,1328.20500,2.5905640e-04,1818.98082,2.2918239e-04,2.2762655e-03,-1.9409294e-03
0.24896324602445896,1.0001314715953087,0.0003032540350628492,1761.9940032462262,-2.9315888e-03,384870,1042.62918,1775.57989,1.5933548e+05,4.8291592e+01,1.2629649e+04,1.7423056e+01,1.6674334e+05,5.0558945e+01,0,nan,nan,nan,nan,1042.62918,2.8569679e-04,1775.57989,2.5453448e-04,5.9374454e-03,5.0059833e-02
0.24900137313807136,0.9995161312935554,0.00029237951566494277,1755.8591613733397,-3.0540002e-03,380453,1042.60683,1775.55839,1.5888845e+05,4.6515965e+01,6.2491606e+03,1.4550881e+01,1.6648358e+05,4.8699951e+01,0,nan,nan,nan,nan,1042.60683,2.7352589e-04,1775.55839,2.4398595e-04,-1.8928457e-02,2.7444433e-02
0.2491900702912062,1.0000597559736621,0.0002940856411193266,1743.5895900704927,-3.1863807e-03,371619,1042.61572,1775.51872,1.5916156e+05,4.6789967e+01,7.1717578e+03,1.4992796e+01,1.6658327e+05,4.8986816e+01,0,nan,nan,nan,nan,1042.61572,2.7454807e-04,1775.51872,2.4533656e-04,-9.6759079e-03,-1.6122151e-02
0.24951264513538263,0.9995756008882802,0.00028208593872746816,1921.5014326453388,3.1830082e-03,499711,471.03026,463.88902,1.6398498e+05,4.6233646e+01,2.6057048e+03,1.3517001e+01,1.6973230e+05,4.7899426e+01,0,nan,nan,nan,nan,471.03026,2.5890442e-04,463.88902,2.9322071e-04,3.3073574e-02,-1.2121662e-02
0.24951865606385615,1.0002506761632615,0.00028383698809765555,1731.3201586562652,-3.1793443e-03,362785,1328.20433,1819.01860,1.5849414e+05,4.4900093e+01,3.9184602e+03,1.1563232e+01,1.6624353e+05,4.7174240e+01,0,nan,nan,nan,nan,1328.20433,2.5929400e-04,1819.01860,2.2877481e-04,1.4614600e-03,3.9265785e-02
0.2496660854703805,1.0001741002995843,0.0002850858060747419,1915.3667060856737,3.1760582e-03,495294,471.02454,463.89822,1.6417706e+05,4.6737991e+01,4.1464297e+03,1.4426581e+01,1.6987994e+05,4.8421932e+01,0,nan,nan,nan,nan,471.02454,2.6188340e-04,463.89822,2.9693628e-04,2.7226677e-02,-3.3930319e-03
0.24979423694298963,0.9998371418771876,0.00028203720117960516,1909.2319542371463,3.1438195e-03,490877,470.99905,463.87559,1.6393114e+05,4.6213894e+01,2.6054829e+03,1.3495603e+01,1.6973348e+05,4.7878956e+01,0,nan,nan,nan,nan,470.99905,2.5798951e-04,463.87559,2.9325346e-04,-1.1805553e-03,-2.6541466e-02
0.24987422744789,1.0001335692260491,0.00028219651557712225,1903.0971542276511,3.0634201e-03,486460,470.98708,463.85807,1.6390080e+05,4.6244610e+01,2.7600845e+03,1.3524690e+01,1.6980075e+05,4.7910778e+01,0,nan,nan,nan,nan,470.98708,2.5822560e-04,463.85807,2.9360369e-04,-1.3549477e-02,-4.6357557e-02
0.24998532530685258,1.000085262738937,0.00028454274048554656,1719.050865325508,-3.0335702e-03,353951,1328.20879,1818.99411,1.5777348e+05,4.4977325e+01,4.5983154e+03,1.1879278e+01,1.6608898e+05,4.7255386e+01,0,nan,nan,nan,nan,1328.20879,2.6123520e-04,1818.99411,2.3151151e-04,6.0086856e-03,1.2528513e-02
0.250265500684009,1.0000921075970337,0.0002834941819208108,1712.9162655008852,-2.9138427e-03,349534,1328.20358,1818.98726,1.5846217e+05,4.4864548e+01,3.8254307e+03,1.1485757e+01,1.6628645e+05,4.7136902e+01,0,nan,nan,nan,nan,1328.20358,2.5896984e-04,1818.98726,2.2898905e-04,7.8937371e-04,5.1857964e-03
0.25035216572041463,1.0001747526466243,0.00030309221765520514,1761.995392165922,-2.9315574e-03,384871,1042.63473,1775.56774,1.5929541e+05,4.8265873e+01,1.2668334e+04,1.7373758e+01,1.6675073e+05,5.0532017e+01,0,nan,nan,nan,nan,1042.63473,2.8557706e-04,1775.56774,2.5462487e-04,1.2173901e-02,3.7727233e-02
0.2503902846847268,0.9999245319993533,0.0002925219047182568,1755.8605502848864,-3.0539769e-03,380454,1042.61721,1775.57560,1.5905484e+05,4.6538643e+01,6.2423179e+03,1.4581581e+01,1.6655169e+05,4.8723694e+01,0,nan,nan,nan,nan,1042.61721,2.7317772e-04,1775.57560,2.4349378e-04,-7.3481016e-03,4.4846773e-02
0.25057896647103917,1.0002802682549086,0.00029418163755330645,1743.5909789666725,-3.1863728e-03,371620,1042.61443,1775.52365,1.5924936e+05,4.6805244e+01,7.1909624e+03,1.5015023e+01,1.6662000e+05,4.9002811e+01,0,nan,nan,nan,nan,1042.61443,2.7443803e-04,1775.52365,2.4508862e-04,-1.0963554e-02,-1.1537517e-02
0.2509015315704346,0.9998268898692054,0.0002820463679188921,1921.5028215317739,3.1830063e-03,499712,471.02091,463.88482,1.6408405e+05,4.6227135e+01,2.5900002e+03,1.3436905e+01,1.6977486e+05,4.7892673e+01,0,nan,nan,nan,nan,471.02091,2.5874196e-04,463.88482,2.9305441e-04,2.2797331e-02,-1.6503545e-02
0.2509075366649537,0.9999939469527479,0.00028375353266056174,1731.3215475368663,-3.1793520e-03,362786,1328.19856,1819.02486,1.5843223e+05,4.4886753e+01,3.9145808e+03,1.1547062e+01,1.6620039e+05,4.7160233e+01,0,nan,nan,nan,nan,1328.19856,2.5910424e-04,1819.02486,2.2914300e-04,-4.9756360e-03,4.6200972e-02
0.2510549779581197,1.000584816428528,0.0002849269301466695,1915.3680949781615,3.1760624e-03,495295,471.01655,463.90001,1.6424206e+05,4.6711864e+01,4.1361128e+03,1.4376588e+01,1.6994944e+05,4.8394867e+01,0,nan,nan,nan,nan,471.01655,2.6137105e-04,463.90001,2.9707199e-04,1.8711332e-02,-5.2243227e-04
0.2511831394431283,0.999880653002725,0.0002819605076778037,1909.2333431396464,3.1438337e-03,490878,470.99994,463.88415,1.6397519e+05,4.6201321e+01,2.6114463e+03,1.3415257e+01,1.6974086e+05,4.7865932e+01,0,nan,nan,nan,nan,470.99994,2.5798089e-04,463.88415,2.9320025e-04,-5.0123926e-04,-1.7008584e-02
0.251263137398837,0.9998316677298844,0.0002821870647260498,1903.098543137602,3.0634417e-03,486461,470.98701,463.85947,1.6388342e+05,4.6243031e+01,2.7557466e+03,1.3530738e+01,1.6974936e+05,4.7909142e+01,0,nan,nan,nan,nan,470.98701,2.5829129e-04,463.85947,2.9374429e-04,-1.4318326e-02,-4.4885878e-02
0.2513741907748678,0.9997305615742303,0.00028461033445829805,1719.052254190976,-3.0335931e-03,353952,1328.19899,1818.97720,1.5770034e+05,4.4987965e+01,4.6144517e+03,1.1946353e+01,1.6602991e+05,4.7266563e+01,0,nan,nan,nan,nan,1328.19899,2.6121066e-04,1818.97720,2.3165514e-04,-4.4019339e-03,-6.1154999e-03
0.25165435730355024,0.9995922486524483,0.000283520426628419,1712.9176543575047,-2.9138743e-03,349535,1328.20643,1818.98421,1.5841030e+05,4.4868481e+01,3.8390537e+03,1.1507075e+01,1.6620250e+05,4.7141026e+01,0,nan,nan,nan,nan,1328.20643,2.5900829e-04,1818.98421,2.2911081e-04,3.7661800e-03,2.3077528e-03
0.251741085649428,1.0001189348141477,0.0003033283359402662,1761.9967810858511,-2.9315257e-03,384872,1042.62901,1775.57489,1.5936308e+05,4.8303524e+01,1.2666125e+04,1.7421024e+01,1.6674159e+05,5.0571438e+01,0,nan,nan,nan,nan,1042.62901,2.8551999e-04,1775.57489,2.5465226e-04,5.6762528e-03,4.4865947e-02
0.2517791964646676,0.9997770864448354,0.000292639611984711,1755.8619391966663,-3.0539534e-03,380455,1042.61101,1775.56307,1.5905886e+05,4.6557396e+01,6.2637578e+03,1.4616751e+01,1.6652722e+05,4.8743324e+01,0,nan,nan,nan,nan,1042.61101,2.7296168e-04,1775.56307,2.4381735e-04,-1.4262593e-02,3.0779464e-02
0.2519678626504174,0.9995710576144811,0.0002940480024817599,1743.592367862852,-3.1863649e-03,371621,1042.61846,1775.51787,1.5904788e+05,4.6783993e+01,7.2038779e+03,1.5019473e+01,1.6650189e+05,4.8980560e+01,0,nan,nan,nan,nan,1042.61846,2.7469345e-04,1775.51787,2.4536590e-04,-6.6823740e-03,-1.6740885e-02
0.25229041800548657,0.9998218340854436,0.000281986253319771,1921.504210418209,3.1830044e-03,499713,471.03178,463.89422,1.6407812e+05,4.6217247e+01,2.5835417e+03,1.3433352e+01,1.6977389e+05,4.7882435e+01,0,nan,nan,nan,nan,471.03178,2.5871891e-04,463.89422,2.9303381e-04,3.4261212e-02,-6.1032143e-03
0.25229641726696206,1.0008091038038973,0.00028405439566823315,1731.3229364174683,-3.1793597e-03,362787,1328.20412,1819.02202,1.5865811e+05,4.4934227e+01,3.9137344e+03,1.1592832e+01,1.6633541e+05,4.7210106e+01,0,nan,nan,nan,nan,1328.20412,2.5933454e-04,1819.02202,2.2853624e-04,7.7752670e-04,4.3880831e-02
0.25244387067959906,1.000476157830516,0.0002847400907698422,1915.369483870883,3.1760668e-03,495296,471.00189,463.89802,1.6413003e+05,4.6681164e+01,4.1246665e+03,1.4349031e+01,1.6993072e+05,4.8363060e+01,0,nan,nan,nan,nan,471.00189,2.6187667e-04,463.89802,2.9643698e-04,4.0605296e-03,-2.3578655e-03
0.2525720419434947,0.9999190939425543,0.0002820900060570724,1909.2347320421468,3.1438479e-03,490879,471.00000,463.86889,1.6393989e+05,4.6222534e+01,2.6058267e+03,1.3501085e+01,1.6974738e+05,4.7887913e+01,0,nan,nan,nan,nan,471.00000,2.5807013e-04,463.86889,2.9338364e-04,4.4098985e-04,-3.4295607e-02
0.2526520475823876,0.9999969557058194,0.0002822407784956399,1903.0999320477856,3.0634636e-03,486462,470.98491,463.86079,1.6388952e+05,4.6251793e+01,2.7675430e+03,1.3578803e+01,1.6977730e+05,4.7918224e+01,0,nan,nan,nan,nan,470.98491,2.5809318e-04,463.86079,2.9350570e-04,-1.5512110e-02,-4.3625351e-02
0.25276305600914417,1.0000312550254096,0.00028474939567412107,1719.0536430562104,-3.0336161e-03,353953,1328.20788,1818.98704,1.5787827e+05,4.5009899e+01,4.6051089e+03,1.1933050e+01,1.6607969e+05,4.7289612e+01,0,nan,nan,nan,nan,1328.20788,2.6119594e-04,1818.98704,2.3117624e-04,4.9877455e-03,5.4359403e-03
0.25304321392331985,0.9998696518914878,0.0002834927925290463,1712.9190432141245,-2.9139060e-03,349536,1328.20882,1818.98787,1.5842353e+05,4.4863873e+01,3.8391213e+03,1.1499913e+01,1.6624777e+05,4.7136189e+01,0,nan,nan,nan,nan,1328.20882,2.5903218e-04,1818.98787,2.2907299e-04,6.1459066e-03,6.9297529e-03
0.25313000534515595,1.0004664541315007,0.0003031199609624693,1761.9981700055469,-2.9314943e-03,384873,1042.63280,1775.57192,1.5934953e+05,4.8270393e+01,1.2669436e+04,1.7356585e+01,1.6679972e+05,5.0536751e+01,0,nan,nan,nan,nan,1042.63280,2.8550849e-04,1775.57192,2.5457161e-04,9.3986765e-03,4.0991344e-02
0.25316810824438074,1.0006026676741144,0.00029277599921670667,1755.863328108446,-3.0539299e-03,380456,1042.61275,1775.56816,1.5926158e+05,4.6579124e+01,6.2300405e+03,1.4601919e+01,1.6666481e+05,4.8766071e+01,0,nan,nan,nan,nan,1042.61275,2.7297650e-04,1775.56816,2.4336243e-04,-1.2269495e-02,3.7179206e-02
0.2533567588297956,1.0004015983842733,0.0002941510092451769,1743.5937567590313,-3.1863570e-03,371622,1042.60985,1775.52472,1.5920888e+05,4.6800385e+01,7.2025122e+03,1.5017612e+01,1.6664025e+05,4.8997723e+01,0,nan,nan,nan,nan,1042.60985,2.7443326e-04,1775.52472,2.4528400e-04,-1.5502298e-02,-1.0226833e-02
0.2536793044400838,1.000361154286006,0.00028215638023524665,1921.5055993046435,3.1830026e-03,499714,471.02487,463.88698,1.6410733e+05,4.6245098e+01,2.5978435e+03,1.3494448e+01,1.6986536e+05,4.7911289e+01,0,nan,nan,nan,nan,471.02487,2.5873998e-04,463.88698,2.9328166e-04,2.7199566e-02,-1.4720568e-02
0.2536852978680596,0.9998814476695492,0.00028385051713985626,1731.3243252980694,-3.1793674e-03,362788,1328.20206,1819.02199,1.5846994e+05,4.4901855e+01,3.9175168e+03,1.1570729e+01,1.6618077e+05,4.7176090e+01,0,nan,nan,nan,nan,1328.20206,2.5937636e-04,1819.02199,2.2876888e-04,-1.1118111e-03,4.3239396e-02
0.25383276316824777,1.0000020977281152,0.0002848277963792227,1915.3708727633716,3.1760710e-03,495297,471.02584,463.88669,1.6416998e+05,4.6695465e+01,4.1263101e+03,1.4359972e+01,1.6984992e+05,4.8377876e+01,0,nan,nan,nan,nan,471.02584,2.6220622e-04,463.88669,2.9645200e-04,2.8906217e-02,-1.5807899e-02
0.2539609444438611,0.9999453699709425,0.00028190207828179993,1909.2361209446472,3.1438621e-03,490880,470.99875,463.88692,1.6390597e+05,4.6191746e+01,2.5896240e+03,1.3419608e+01,1.6975183e+05,4.7856010e+01,0,nan,nan,nan,nan,470.99875,2.5808782e-04,463.88692,2.9367805e-04,-1.7433995e-03,-1.4489238e-02
0.25404095753310685,0.9997682598927552,0.00028229714131928606,1903.1013209577363,3.0634853e-03,486463,470.98647,463.85152,1.6380344e+05,4.6260994e+01,2.7656782e+03,1.3638376e+01,1.6973834e+05,4.7927753e+01,0,nan,nan,nan,nan,470.98647,2.5827144e-04,463.85152,2.9375782e-04,-1.4101532e-02,-5.3477116e-02
0.2541519214755681,0.9999957249806604,0.000284663471121624,1719.0550319216768,-3.0336389e-03,353954,1328.20584,1818.98498,1.5778762e+05,4.4996284e+01,4.6168442e+03,1.1919600e+01,1.6607364e+05,4.7275303e+01,0,nan,nan,nan,nan,1328.20584,2.6119355e-04,1818.98498,2.3181207e-04,2.9695516e-03,2.3608087e-03
0.25443207030934933,0.9994989698228132,0.000283320283042855,1712.9204320705105,-2.9139379e-03,349537,1328.19432,1818.97862,1.5816880e+05,4.4836338e+01,3.8269702e+03,1.1502937e+01,1.6618528e+05,4.7107262e+01,0,nan,nan,nan,nan,1328.19432,2.5937852e-04,1818.97862,2.2999398e-04,-8.7549519e-03,-4.6561873e-03
0.2545189252741693,1.0005898351115452,0.00030328126184998237,1761.9995589254759,-2.9314626e-03,384874,1042.62850,1775.57645,1.5933541e+05,4.8296131e+01,1.2666676e+04,1.7424067e+01,1.6682047e+05,5.0563698e+01,0,nan,nan,nan,nan,1042.62850,2.8582368e-04,1775.57645,2.5447222e-04,5.4335329e-03,4.7068603e-02
0.2545570197912639,0.9999057429297997,0.00029246319690276245,1755.864717019993,-3.0539066e-03,380457,1042.61374,1775.56986,1.5906491e+05,4.6529385e+01,6.2111919e+03,1.4598276e+01,1.6654883e+05,4.8713997e+01,0,nan,nan,nan,nan,1042.61374,2.7276599e-04,1775.56986,2.4334883e-04,-1.1201876e-02,3.8593844e-02
0.2547456552429139,0.999858118323162,0.0002941461981461275,1743.5951456554444,-3.1863488e-03,371623,1042.61989,1775.52042,1.5917102e+05,4.6799625e+01,7.2172324e+03,1.5008505e+01,1.6654975e+05,4.8996929e+01,0,nan,nan,nan,nan,1042.61989,2.7440579e-04,1775.52042,2.4538883e-04,-5.7249172e-03,-1.4134225e-02
0.25506819064139563,1.0002384639717703,0.0002819984260725196,1921.5069881908448,3.1830005e-03,499715,471.02640,463.88683,1.6402997e+05,4.6219181e+01,2.6007000e+03,1.3458758e+01,1.6984441e+05,4.7884434e+01,0,nan,nan,nan,nan,471.02640,2.5901286e-04,463.88683,2.9320028e-04,2.8962044e-02,-1.4337613e-02
0.255074178468476,0.9996954673880841,0.0002837398493841387,1731.3257141786698,-3.1793751e-03,362789,1328.20030,1819.01895,1.5850244e+05,4.4884216e+01,3.9161538e+03,1.1507138e+01,1.6614941e+05,4.7157566e+01,0,nan,nan,nan,nan,1328.20030,2.5906353e-04,1819.01895,2.2875561e-04,-3.4808335e-03,3.9549056e-02
0.2552216556564417,1.0000606285764462,0.0002851289179969739,1915.3722616558598,3.1760752e-03,495298,471.01831,463.88785,1.6423952e+05,4.6744755e+01,4.1244697e+03,1.4415692e+01,1.6985961e+05,4.8428947e+01,0,nan,nan,nan,nan,471.01831,2.6183343e-04,463.88785,2.9708521e-04,2.0280849e-02,-1.4016089e-02
0.2553498467113968,1.0001495469198969,0.00028212443901336627,1909.2375098469147,3.1438761e-03,490881,471.00087,463.88216,1.6393708e+05,4.6228180e+01,2.6171323e+03,1.3503817e+01,1.6978648e+05,4.7893757e+01,0,nan,nan,nan,nan,471.00087,2.5808119e-04,463.88216,2.9330215e-04,3.5849519e-04,-1.9539619e-02
0.2554298677168845,0.9998825199080287,0.0002823376695373607,1903.10270986792,3.0635071e-03,486464,470.98677,463.85872,1.6383614e+05,4.6267601e+01,2.7713613e+03,1.3621738e+01,1.6975761e+05,4.7934601e+01,0,nan,nan,nan,nan,470.98677,2.5829504e-04,463.85872,2.9378381e-04,-1.3547894e-02,-4.5708835e-02
0.25554078671007086,1.0000293246553351,0.0002845761086020264,1719.0564207869113,-3.0336620e-03,353955,1328.20810,1818.99099,1.5778131e+05,4.4982426e+01,4.6118467e+03,1.1885333e+01,1.6607908e+05,4.7260750e+01,0,nan,nan,nan,nan,1328.20810,2.6115010e-04,1818.99099,2.3132858e-04,5.3275619e-03,9.4770109e-03
0.2558209269282088,0.9994856678401369,0.00028344246362409025,1712.9218209271294,-2.9139696e-03,349538,1328.21147,1818.99408,1.5828094e+05,4.4855446e+01,3.8210376e+03,1.1538318e+01,1.6618222e+05,4.7127335e+01,0,nan,nan,nan,nan,1328.21147,2.5932622e-04,1818.99408,2.2919357e-04,8.9181969e-03,1.2148174e-02
0.2559078449701243,0.9996341466668942,0.00030311061815342205,1762.0009478451718,-2.9314312e-03,384875,1042.63423,1775.57009,1.5925216e+05,4.8269012e+01,1.2666953e+04,1.7366415e+01,1.6666130e+05,5.0535301e+01,0,nan,nan,nan,nan,1042.63423,2.8596027e-04,1775.57009,2.5477886e-04,1.1369625e-02,3.9872397e-02
0.2559459315702952,1.0001246282557732,0.00029254154868009014,1755.866105931772,-3.0538831e-03,380458,1042.61404,1775.56396,1.5915738e+05,4.6541874e+01,6.1960010e+03,1.4559888e+01,1.6658539e+05,4.8727074e+01,0,nan,nan,nan,nan,1042.61404,2.7292731e-04,1775.56396,2.4333983e-04,-1.1205804e-02,3.2357216e-02
0.25613455142320163,0.9999309886736587,0.0002941298910047338,1743.5965345516247,-3.1863409e-03,371624,1042.60988,1775.52284,1.5910717e+05,4.6797043e+01,7.2191182e+03,1.5006613e+01,1.6656192e+05,4.8994221e+01,0,nan,nan,nan,nan,1042.60988,2.7471327e-04,1775.52284,2.4553190e-04,-1.5538155e-02,-1.2188756e-02
0.25645707707599286,0.9998991836770246,0.00028192382770924436,1921.5083770772794,3.1829986e-03,499716,471.02105,463.89503,1.6398656e+05,4.6206921e+01,2.5874277e+03,1.3427656e+01,1.6978667e+05,4.7871735e+01,0,nan,nan,nan,nan,471.02105,2.5875526e-04,463.89503,2.9359816e-04,2.3325616e-02,-6.3705114e-03
0.2564630593026326,1.0004147844233386,0.00028399008209881,1731.327103059504,-3.1793825e-03,362790,1328.20299,1819.02201,1.5849881e+05,4.4923679e+01,3.9354106e+03,1.1610095e+01,1.6626848e+05,4.7199024e+01,0,nan,nan,nan,nan,1328.20299,2.5929825e-04,1819.02201,2.2880595e-04,-3.6831948e-04,4.3774825e-02
0.25661054814509043,0.9996481668956939,0.00028498076965233996,1915.3736505483485,3.1760794e-03,495299,471.00849,463.90792,1.6414091e+05,4.6720398e+01,4.1171787e+03,1.4414581e+01,1.6978928e+05,4.8403709e+01,0,nan,nan,nan,nan,471.00849,2.6150618e-04,463.90792,2.9693739e-04,1.1265177e-02,7.6061450e-03
0.25673874921130846,1.0004587701502348,0.00028218965826350064,1909.2388987494146,3.1438903e-03,490882,471.00035,463.87792,1.6394953e+05,4.6238861e+01,2.5949526e+03,1.3555182e+01,1.6983897e+05,4.7904823e+01,0,nan,nan,nan,nan,471.00035,2.5811573e-04,463.87792,2.9335020e-04,3.1472126e-05,-2.3855712e-02
0.2568187776673767,1.000358097374763,0.0002823618391424642,1903.1040987778706,3.0635288e-03,486465,470.98325,463.85360,1.6396222e+05,4.6271526e+01,2.7581592e+03,1.3579985e+01,1.6983822e+05,4.7938667e+01,0,nan,nan,nan,nan,470.98325,2.5787877e-04,463.85360,2.9392331e-04,-1.8396392e-02,-5.0936826e-02
0.2569296521771779,0.9998699274718097,0.00028461529973876506,1719.0578096523784,-3.0336848e-03,353956,1328.20225,1818.97415,1.5771381e+05,4.4988594e+01,4.6147095e+03,1.1922359e+01,1.6605247e+05,4.7267223e+01,0,nan,nan,nan,nan,1328.20225,2.6131445e-04,1818.97415,2.3185526e-04,-4.5815410e-04,-8.8676084e-03
0.25720978354843316,1.0000807344104512,0.0002836236315727039,1712.9232097837496,-2.9140012e-03,349539,1328.20838,1818.98732,1.5850159e+05,4.4883888e+01,3.8175637e+03,1.1553370e+01,1.6628030e+05,4.7157215e+01,0,nan,nan,nan,nan,1328.20838,2.5905928e-04,1818.98732,2.2883096e-04,5.4885149e-03,5.5868779e-03
0.2572967648989106,1.000193726516844,0.0003032161479442683,1762.0023367651006,-2.9313995e-03,384876,1042.63064,1775.57557,1.5929997e+05,4.8285870e+01,1.2690599e+04,1.7417555e+01,1.6675478e+05,5.0552948e+01,0,nan,nan,nan,nan,1042.63064,2.8566128e-04,1775.57557,2.5457676e-04,7.5436607e-03,4.4954587e-02
0.2573348431164959,1.0005306476837563,0.00029265717652995297,1755.8674948433181,-3.0538598e-03,380459,1042.61090,1775.56199,1.5921273e+05,4.6560295e+01,6.2081880e+03,1.4615788e+01,1.6665311e+05,4.8746361e+01,0,nan,nan,nan,nan,1042.61090,2.7259503e-04,1775.56199,2.4330895e-04,-1.4762086e-02,3.0904496e-02
0.2575234476030346,0.9997975282256258,0.0002940525592071047,1743.5979234478045,-3.1863330e-03,371625,1042.62402,1775.51600,1.5905061e+05,4.6784740e+01,7.2045845e+03,1.5004364e+01,1.6653970e+05,4.8981346e+01,0,nan,nan,nan,nan,1042.62402,2.7484313e-04,1775.51600,2.4541531e-04,-1.1233632e-03,-1.9141018e-02
0.25784596351013533,0.9995260593896734,0.00028195415108300966,1921.5097659637136,3.1829968e-03,499717,471.02168,463.88119,1.6390430e+05,4.6211861e+01,2.5810562e+03,1.3485744e+01,1.6972319e+05,4.7876850e+01,0,nan,nan,nan,nan,471.02168,2.5882889e-04,463.88119,2.9359432e-04,2.3527870e-02,-2.1308657e-02
0.2578519399037301,1.0001156883998352,0.00028405999037661034,1731.328491940105,-3.1793902e-03,362791,1328.20226,1819.02213,1.5857556e+05,4.4934616e+01,3.9312734e+03,1.1593918e+01,1.6621833e+05,4.7210514e+01,0,nan,nan,nan,nan,1328.20226,2.5928716e-04,1819.02213,2.2880432e-04,-1.4275610e-03,4.4084255e-02
0.2579994406335121,0.9995559846620978,0.0002847444583514704,1915.3750394408369,3.1760836e-03,495300,471.01799,463.90718,1.6400247e+05,4.6681583e+01,4.1039883e+03,1.4398200e+01,1.6977336e+05,4.8363499e+01,0,nan,nan,nan,nan,471.01799,2.6171943e-04,463.90718,2.9698687e-04,2.0795234e-02,7.1448623e-03
0.25812765171076535,1.0001022234650396,0.00028198073921540854,1909.240287651914,3.1439045e-03,490883,470.99991,463.87346,1.6394602e+05,4.6204632e+01,2.6117324e+03,1.3445389e+01,1.6977844e+05,4.7869358e+01,0,nan,nan,nan,nan,470.99991,2.5813570e-04,463.87346,2.9318439e-04,-4.0184861e-04,-2.8641278e-02
0.25820768785115433,0.9998085625534184,0.0002822573508694081,1903.1054876880544,3.0635507e-03,486466,470.98912,463.86700,1.6379697e+05,4.6254368e+01,2.7677288e+03,1.3590084e+01,1.6974480e+05,4.7920891e+01,0,nan,nan,nan,nan,470.98912,2.5846373e-04,463.86700,2.9397980e-04,-1.1282231e-02,-3.6479734e-02
0.25831851741145295,0.9997481165443516,0.0002845538275557997,1719.0591985176127,-3.0337078e-03,353957,1328.21020,1818.98500,1.5762717e+05,4.4978840e+01,4.6217666e+03,1.1928780e+01,1.6603211e+05,4.7256977e+01,0,nan,nan,nan,nan,1328.21020,2.6158345e-04,1818.98500,2.3238039e-04,8.8640666e-03,1.6025066e-03
0.25859863993605325,1.0001299129462922,0.0002836359604990953,1712.9245986401372,-2.9140331e-03,349540,1328.20460,1818.98053,1.5846108e+05,4.4885597e+01,3.8193892e+03,1.1517401e+01,1.6628761e+05,4.7159016e+01,0,nan,nan,nan,nan,1328.20460,2.5902962e-04,1818.98053,2.2948105e-04,1.9607581e-03,-2.2807287e-03
0.25868568459509333,1.0000282906418898,0.0003032375054508413,1762.0037256847968,-2.9313681e-03,384877,1042.63141,1775.56855,1.5926959e+05,4.8289322e+01,1.2700983e+04,1.7435091e+01,1.6672739e+05,5.0556564e+01,0,nan,nan,nan,nan,1042.63141,2.8565284e-04,1775.56855,2.5484085e-04,8.6894110e-03,3.7930209e-02
0.25872375489643673,1.000351976229179,0.0002925274151983326,1755.868883755098,-3.0538363e-03,380460,1042.61639,1775.56970,1.5921880e+05,4.6539680e+01,6.1850649e+03,1.4558977e+01,1.6662344e+05,4.8724777e+01,0,nan,nan,nan,nan,1042.61639,2.7278729e-04,1775.56970,2.4309401e-04,-9.1006896e-03,3.8533550e-02
0.2589123437833223,0.9993943255099027,0.00029398570203239475,1743.5993123439848,-3.1863251e-03,371626,1042.61610,1775.51757,1.5897283e+05,4.6774113e+01,7.2068682e+03,1.5005109e+01,1.6647256e+05,4.8970215e+01,0,nan,nan,nan,nan,1042.61610,2.7480166e-04,1775.51757,2.4566179e-04,-9.6053351e-03,-1.8190905e-02
0.25923484994564205,1.0002724333223691,0.00028207461175163204,1921.511154850149,3.1829949e-03,499718,471.02781,463.89023,1.6413183e+05,4.6231571e+01,2.6030986e+03,1.3451605e+01,1.6984981e+05,4.7897270e+01,0,nan,nan,nan,nan,471.02781,2.5852220e-04,463.89023,2.9328611e-04,3.0289238e-02,-1.1119100e-02
0.259240820504829,1.0006127347134972,0.000283849577600084,1731.3298808207062,-3.1793979e-03,362792,1328.19920,1819.01728,1.5855388e+05,4.4901207e+01,3.9237844e+03,1.1541071e+01,1.6630047e+05,4.7175415e+01,0,nan,nan,nan,nan,1328.19920,2.5902435e-04,1819.01728,2.2876375e-04,-4.2976476e-03,3.7738368e-02
0.25938833312147835,0.9994204745154455,0.00028447616794747416,1915.3764283333248,3.1760877e-03,495301,471.01573,463.89816,1.6385814e+05,4.6637527e+01,4.0825015e+03,1.4330407e+01,1.6975008e+05,4.8317856e+01,0,nan,nan,nan,nan,471.01573,2.6256952e-04,463.89816,2.9724167e-04,1.8989546e-02,-2.7633815e-03
0.2595165539783011,1.0000648749818726,0.0002820750387162804,1909.2416765541816,3.1439185e-03,490884,470.99911,463.87896,1.6396606e+05,4.6220078e+01,2.6024739e+03,1.3458586e+01,1.6977209e+05,4.7885365e+01,0,nan,nan,nan,nan,470.99911,2.5812580e-04,463.87896,2.9347607e-04,-1.0989991e-03,-2.3460167e-02
0.2595965978021013,1.000214273994394,0.00028218333871989055,1903.1068765980053,3.0635723e-03,486467,470.98947,463.85582,1.6389459e+05,4.6242203e+01,2.7605669e+03,1.3522167e+01,1.6981355e+05,4.7908287e+01,0,nan,nan,nan,nan,470.98947,2.5824265e-04,463.85582,2.9389080e-04,-1.1360857e-02,-4.9909290e-02
0.25970738287787754,0.9998189859555587,0.00028483759593549634,1719.060587383079,-3.0337307e-03,353958,1328.19764,1818.99069,1.5782559e+05,4.5023655e+01,4.6288525e+03,1.1961476e+01,1.6604375e+05,4.7304066e+01,0,nan,nan,nan,nan,1328.19764,2.6120784e-04,1818.99069,2.3128312e-04,-6.1778058e-03,8.7917065e-03
0.2599874965549134,1.0003096768184423,0.00028347819719663043,1712.925987496756,-2.9140648e-03,349541,1328.20760,1818.99040,1.5835684e+05,4.4860397e+01,3.8244233e+03,1.1522381e+01,1.6631661e+05,4.7132538e+01,0,nan,nan,nan,nan,1328.20760,2.5925704e-04,1818.99040,2.2959728e-04,5.8791782e-03,8.3883479e-03
0.26007460452365194,1.0000726823397057,0.0003031620152589079,1762.0051146047253,-2.9313364e-03,384878,1042.63390,1775.57273,1.5932638e+05,4.8277355e+01,1.2699364e+04,1.7383718e+01,1.6673497e+05,5.0544033e+01,0,nan,nan,nan,nan,1042.63390,2.8554126e-04,1775.57273,2.5453759e-04,1.0378424e-02,4.2756315e-02
0.2601126666761505,0.9999637395026634,0.00029246641825886164,1755.8702726668778,-3.0538128e-03,380461,1042.61307,1775.56736,1.5904388e+05,4.6530003e+01,6.1883706e+03,1.4544781e+01,1.6655888e+05,4.8714645e+01,0,nan,nan,nan,nan,1042.61307,2.7326765e-04,1775.56736,2.4357616e-04,-1.1826313e-02,3.6205102e-02
0.2603012401959859,0.9998870435089686,0.0002939949695725871,1743.6007012403975,-3.1863169e-03,371627,1042.61849,1775.52539,1.5906112e+05,4.6775593e+01,7.2053760e+03,1.4992898e+01,1.6655467e+05,4.8971764e+01,0,nan,nan,nan,nan,1042.61849,2.7475506e-04,1775.52539,2.4559640e-04,-6.6477261e-03,-9.5710168e-03
0.2606237363816035,0.999781732644524,0.00028202158892327926,1921.512543736585,3.1829930e-03,499719,471.02232,463.88281,1.6408739e+05,4.6222843e+01,2.5893633e+03,1.3396477e+01,1.6976636e+05,4.7888229e+01,0,nan,nan,nan,nan,471.02232,2.5851937e-04,463.88281,2.9359217e-04,2.4795644e-02,-1.8727003e-02
0.26062970110592654,1.0004302728260015,0.00028380822291036717,1731.3312697013073,-3.1794056e-03,362793,1328.20335,1819.02444,1.5858022e+05,4.4894543e+01,3.9139580e+03,1.1507627e+01,1.6626970e+05,4.7168411e+01,0,nan,nan,nan,nan,1328.20335,2.5902371e-04,1819.02444,2.2854532e-04,1.3671744e-04,4.5579858e-02
0.26077722561012706,1.0003595178058249,0.00028473398829923467,1915.3778172258135,3.1760919e-03,495302,471.01696,463.89675,1.6418414e+05,4.6679722e+01,4.1008516e+03,1.4321993e+01,1.6990931e+05,4.8361572e+01,0,nan,nan,nan,nan,471.01696,2.6166518e-04,463.89675,2.9657353e-04,1.9507859e-02,-4.4193817e-03
0.26090545647934993,1.0001362094103186,0.00028206742008968526,1909.2430654566826,3.1439327e-03,490885,471.00056,463.87824,1.6396212e+05,4.6218826e+01,2.6030925e+03,1.3444027e+01,1.6978420e+05,4.7884068e+01,0,nan,nan,nan,nan,471.00056,2.5838026e-04,463.87824,2.9333253e-04,6.9238897e-04,-2.4231652e-02
0.26098550798496944,0.9994492353789897,0.00028220395717403954,1903.1082655081882,3.0635942e-03,486468,470.98682,463.85984,1.6381717e+05,4.6245552e+01,2.7676548e+03,1.3575769e+01,1.6968353e+05,4.7911755e+01,0,nan,nan,nan,nan,470.98682,2.5820060e-04,463.85984,2.9375375e-04,-1.4467238e-02,-4.4788338e-02
0.2610962481114715,0.9996396148492651,0.00028452139892763836,1719.0619762483127,-3.0337537e-03,353959,1328.20855,1818.99110,1.5760894e+05,4.4973648e+01,4.6153169e+03,1.1931221e+01,1.6601384e+05,4.7251522e+01,0,nan,nan,nan,nan,1328.20855,2.6183034e-04,1818.99110,2.3121975e-04,6.7541818e-03,9.3899379e-03
0.2613763531737735,0.9997479464007687,0.00028333658112559667,1712.927376353375,-2.9140965e-03,349542,1328.20403,1818.98397,1.5821033e+05,4.4837749e+01,3.8252695e+03,1.1503279e+01,1.6622234e+05,4.7108742e+01,0,nan,nan,nan,nan,1328.20403,2.5945299e-04,1818.98397,2.3029388e-04,1.8426127e-03,7.4317132e-04
0.26146352421983465,0.9999967922380936,0.0003032225330135326,1762.0065035244215,-2.9313050e-03,384879,1042.63103,1775.56713,1.5924816e+05,4.8287045e+01,1.2712384e+04,1.7426584e+01,1.6672250e+05,5.0554180e+01,0,nan,nan,nan,nan,1042.63103,2.8578690e-04,1775.56713,2.5472525e-04,8.2893278e-03,3.6775455e-02
0.261501578223033,0.9999475176654342,0.0002925217087062237,1755.8716615784247,-3.0537895e-03,380462,1042.61244,1775.56464,1.5920791e+05,4.6538822e+01,6.1755098e+03,1.4554235e+01,1.6655627e+05,4.8723881e+01,0,nan,nan,nan,nan,1042.61244,2.7288107e-04,1775.56464,2.4320140e-04,-1.2425842e-02,3.2289319e-02
0.2616901363762736,1.0001770063314614,0.0002942819390186949,1743.6020901365778,-3.1863090e-03,371628,1042.61550,1775.52763,1.5924222e+05,4.6821255e+01,7.2103228e+03,1.5002326e+01,1.6660298e+05,4.9019573e+01,0,nan,nan,nan,nan,1042.61550,2.7476877e-04,1775.52763,2.4575531e-04,-9.8613901e-03,-6.9071292e-03
0.262012622815746,0.9993142288055115,0.0002820019802830255,1921.5139326230192,3.1829912e-03,499720,471.02823,463.89626,1.6391512e+05,4.6219597e+01,2.6010137e+03,1.3482015e+01,1.6968684e+05,4.7884865e+01,0,nan,nan,nan,nan,471.02823,2.5898690e-04,463.89626,2.9361571e-04,3.0996511e-02,-4.0814397e-03
0.26201858170634296,1.0000643935974833,0.000283870611837571,1731.3326585819077,-3.1794133e-03,362794,1328.20947,1819.02910,1.5845408e+05,4.4904293e+01,3.9242124e+03,1.1596721e+01,1.6620844e+05,4.7178654e+01,0,nan,nan,nan,nan,1328.20947,2.5935439e-04,1819.02910,2.2872955e-04,6.1259181e-03,5.1030494e-02
0.2621661183316064,0.9999614473186195,0.00028474969949910555,1915.379206118535,3.1760964e-03,495303,471.01472,463.88770,1.6416984e+05,4.6682232e+01,4.0862202e+03,1.4337141e+01,1.6984145e+05,4.8364166e+01,0,nan,nan,nan,nan,471.01472,2.6134544e-04,463.88770,2.9659053e-04,1.5998727e-02,-1.3790230e-02
0.2622943589794886,0.999806184728883,0.000281921174441586,1909.2444543591828,3.1439469e-03,490886,470.99806,463.87469,1.6386325e+05,4.6194862e+01,2.6064207e+03,1.3447493e+01,1.6972817e+05,4.7859241e+01,0,nan,nan,nan,nan,470.99806,2.5807804e-04,463.87469,2.9330089e-04,-2.1402030e-03,-2.7135314e-02
0.2623744179359164,0.9999553364556355,0.00028241150854083573,1903.1096544181391,3.0636159e-03,486469,470.98663,463.85628,1.6393100e+05,4.6279526e+01,2.7706331e+03,1.3653699e+01,1.6976933e+05,4.7946953e+01,0,nan,nan,nan,nan,470.98663,2.5802749e-04,463.85628,2.9352724e-04,-1.4230653e-02,-4.8473299e-02
0.2624851135785772,0.9997744476341984,0.0002846436997784676,1719.0633651137798,-3.0337765e-03,353960,1328.20467,1818.98489,1.5774502e+05,4.4992950e+01,4.6299780e+03,1.1912815e+01,1.6603612e+05,4.7271801e+01,0,nan,nan,nan,nan,1328.20467,2.6127030e-04,1818.98489,2.3142347e-04,1.5841060e-03,2.4212294e-03
0.2627652095604841,0.9998159137201625,0.0002834130892068836,1712.9287652097617,-2.9141284e-03,349543,1328.20766,1818.98089,1.5837044e+05,4.4849621e+01,3.8154534e+03,1.1483530e+01,1.6623277e+05,4.7121212e+01,0,nan,nan,nan,nan,1328.20766,2.5912875e-04,1818.98089,2.2971784e-04,5.0759134e-03,-1.9963391e-03
0.262852444148848,0.9995406550131418,0.00030324635883884575,1762.0078924443505,-2.9312733e-03,384880,1042.62765,1775.57447,1.5919061e+05,4.8290894e+01,1.2730514e+04,1.7419647e+01,1.6664662e+05,5.0558208e+01,0,nan,nan,nan,nan,1042.62765,2.8626432e-04,1775.57447,2.5478634e-04,3.7266493e-03,4.4273388e-02
0.2628904900029738,0.9999060148256071,0.0002923166814080605,1755.8730504902046,-3.0537660e-03,380463,1042.61586,1775.56723,1.5914203e+05,4.6506237e+01,6.1602656e+03,1.4517292e+01,1.6654947e+05,4.8689762e+01,0,nan,nan,nan,nan,1042.61586,2.7251171e-04,1775.56723,2.4314599e-04,-9.2170639e-03,3.5400357e-02
0.2630790325565613,0.9995580462349789,0.00029407315552311674,1743.603479032758,-3.1863011e-03,371629,1042.61843,1775.52149,1.5907841e+05,4.6788052e+01,7.2158013e+03,1.4999800e+01,1.6649992e+05,4.8984806e+01,0,nan,nan,nan,nan,1042.61843,2.7465593e-04,1775.52149,2.4560950e-04,-7.2955163e-03,-1.4058161e-02
0.2634015090175126,0.9995781411331953,0.0002819554830054348,1921.515321509221,3.1829891e-03,499721,471.02631,463.88519,1.6409848e+05,4.6211941e+01,2.5849260e+03,1.3416716e+01,1.6973153e+05,4.7876934e+01,0,nan,nan,nan,nan,471.02631,2.5856498e-04,463.88519,2.9304341e-04,2.8762884e-02,-1.6361844e-02
0.2634074623067594,1.0001106990294404,0.0002836454904183085,1731.3340474625081,-3.1794209e-03,362795,1328.19132,1819.01659,1.5828891e+05,4.4868561e+01,3.9231130e+03,1.1536621e+01,1.6621569e+05,4.7141113e+01,0,nan,nan,nan,nan,1328.19132,2.5926778e-04,1819.01659,2.2973321e-04,-1.1862170e-02,3.6128253e-02
0.2635550108193456,1.0000050407057224,0.0002849533985350993,1915.3805950110227,3.1761006e-03,495304,471.02183,463.90523,1.6412683e+05,4.6715553e+01,4.0737341e+03,1.4428725e+01,1.6984859e+05,4.8398689e+01,0,nan,nan,nan,nan,471.02183,2.6183331e-04,463.90523,2.9693011e-04,2.4460455e-02,4.3603084e-03
0.2636832612465696,0.9999132848736589,0.0002819336698274386,1909.2458432614499,3.1439608e-03,490887,471.00119,463.88387,1.6393264e+05,4.6196907e+01,2.5986104e+03,1.3427395e+01,1.6974634e+05,4.7861359e+01,0,nan,nan,nan,nan,471.00119,2.5794245e-04,463.88387,2.9322304e-04,1.1919038e-03,-1.7703047e-02
0.26376332812060355,1.000410408865098,0.0002823140350613801,1903.1110433283238,3.0636378e-03,486470,470.98916,463.85450,1.6397139e+05,4.6263519e+01,2.7572266e+03,1.3588436e+01,1.6984647e+05,4.7930370e+01,0,nan,nan,nan,nan,470.98916,2.5809003e-04,463.85450,2.9353795e-04,-1.1921291e-02,-5.1181596e-02
0.26387397881376307,1.0004526976993573,0.00028466679298876806,1719.064753979015,-3.0337996e-03,353961,1328.20641,1818.98238,1.5778712e+05,4.4996571e+01,4.6145942e+03,1.1894263e+01,1.6614866e+05,4.7275608e+01,0,nan,nan,nan,nan,1328.20641,2.6168287e-04,1818.98238,2.3157203e-04,4.2517865e-03,-1.4016381e-04
0.2641540661800267,0.9998764060507435,0.0002835718806371842,1712.9301540663812,-2.9141600e-03,349544,1328.20572,1818.99759,1.5842898e+05,4.4874504e+01,3.8213789e+03,1.1541267e+01,1.6624194e+05,4.7147362e+01,0,nan,nan,nan,nan,1328.20572,2.5900928e-04,1818.99759,2.2884131e-04,3.0144276e-03,1.7231090e-02
0.26424136384457597,0.9999368283228397,0.00030316409377795684,1762.0092813640463,-2.9312419e-03,384881,1042.63487,1775.57559,1.5928683e+05,4.8277843e+01,1.2699821e+04,1.7391144e+01,1.6671288e+05,5.0544548e+01,0,nan,nan,nan,nan,1042.63487,2.8563399e-04,1775.57559,2.5467639e-04,1.2004098e-02,4.5530275e-02
0.2642794017824599,1.000205653292221,0.000292485724190222,1755.874439401984,-3.0537425e-03,380464,1042.61374,1775.56594,1.5925842e+05,4.6533157e+01,6.1701836e+03,1.4530171e+01,1.6659948e+05,4.8717949e+01,0,nan,nan,nan,nan,1042.61374,2.7253039e-04,1775.56594,2.4315465e-04,-1.2014856e-02,3.4510188e-02
0.2644679289692249,1.000264642803144,0.00029440933023643225,1743.6048679291707,-3.1862929e-03,371630,1042.61491,1775.51818,1.5925417e+05,4.6841537e+01,7.2049175e+03,1.5072222e+01,1.6661764e+05,4.9040810e+01,0,nan,nan,nan,nan,1042.61491,2.7444371e-04,1775.51818,2.4551025e-04,-1.0354190e-02,-1.6383676e-02
0.26479039545165506,0.9995699709403332,0.0002819700775780109,1921.516710395655,3.1829872e-03,499722,471.02296,463.88841,1.6404534e+05,4.6214294e+01,2.5858137e+03,1.3425252e+01,1.6973002e+05,4.7879372e+01,0,nan,nan,nan,nan,471.02296,2.5859565e-04,463.88841,2.9346312e-04,2.5122738e-02,-1.2753665e-02
0.2647963429087664,0.9996779275912372,0.00028376739537260584,1731.3354363431101,-3.1794286e-03,362796,1328.20427,1819.02072,1.5838442e+05,4.4887726e+01,3.9223206e+03,1.1527264e+01,1.6614331e+05,4.7161247e+01,0,nan,nan,nan,nan,1328.20427,2.5944627e-04,1819.02072,2.2921932e-04,1.3674287e-03,4.1782912e-02
0.2649439033075396,0.9993725325672372,0.0002847576357494236,1915.381983903511,3.1761047e-03,495305,471.00900,463.89140,1.6402538e+05,4.6683388e+01,4.0749526e+03,1.4419303e+01,1.6974091e+05,4.8365368e+01,0,nan,nan,nan,nan,471.00900,2.6138831e-04,463.89140,2.9688765e-04,1.0696607e-02,-9.6435966e-03
0.2650721637460265,1.0001620968394096,0.0002820791139685777,1909.2472321639493,3.1439750e-03,490888,471.00123,463.87801,1.6398275e+05,4.6220741e+01,2.6017803e+03,1.3472568e+01,1.6978858e+05,4.7886051e+01,0,nan,nan,nan,nan,471.00123,2.5810747e-04,463.87801,2.9338745e-04,1.2482092e-03,-2.4243046e-02
0.2651522380713235,1.0004605258866286,0.00028245466684888396,1903.1124322382746,3.0636594e-03,486471,470.98830,463.85918,1.6397609e+05,4.6286530e+01,2.7483257e+03,1.3646250e+01,1.6985484e+05,4.7954208e+01,0,nan,nan,nan,nan,470.98830,2.5830508e-04,463.85918,2.9343658e-04,-1.2097077e-02,-4.6019603e-02
0.26526284428086877,0.999870597085252,0.0002847726799435867,1719.066142844482,-3.0338224e-03,353962,1328.20732,1818.99056,1.5778181e+05,4.5013279e+01,4.6242598e+03,1.1954247e+01,1.6605189e+05,4.7293163e+01,0,nan,nan,nan,nan,1328.20732,2.6130967e-04,1818.99056,2.3148618e-04,5.4463507e-03,8.7473933e-03
0.26554292279911385,1.001359130904049,0.0002837087536351079,1712.9315429230003,-2.9141917e-03,349545,1328.20294,1818.97830,1.5874659e+05,4.4895931e+01,3.8099631e+03,1.1461411e+01,1.6648755e+05,4.7169868e+01,0,nan,nan,nan,nan,1328.20294,2.5863672e-04,1818.97830,2.2887481e-04,-9.0642099e-04,-4.4089244e-03
0.2656302837735893,1.0001382969029764,0.00030363031157809155,1762.0106702839753,-2.9312102e-03,384882,1042.63213,1775.57655,1.5930369e+05,4.8352139e+01,1.2732672e+04,1.7495831e+01,1.6674664e+05,5.0622334e+01,0,nan,nan,nan,nan,1042.63213,2.8607337e-04,1775.57655,2.5518108e-04,8.9416262e-03,4.7041863e-02
0.2656683135624007,0.9999922427095279,0.0002924253845289405,1755.875828313764,-3.0537189e-03,380465,1042.61545,1775.56635,1.5912956e+05,4.6523590e+01,6.1506094e+03,1.4545914e+01,1.6656403e+05,4.8707932e+01,0,nan,nan,nan,nan,1042.61545,2.7255865e-04,1775.56635,2.4321844e-04,-1.0223964e-02,3.5433523e-02
0.2658568251486031,1.0004469569936598,0.0002942322337929821,1743.60625682535,-3.1862850e-03,371631,1042.61453,1775.52936,1.5919583e+05,4.6813374e+01,7.2332290e+03,1.5023563e+01,1.6664805e+05,4.9011322e+01,0,nan,nan,nan,nan,1042.61453,2.7467735e-04,1775.52936,2.4547838e-04,-1.0032686e-02,-4.9395231e-03
0.26617928188670703,0.9994693058259136,0.0002820023122196579,1921.5180992820901,3.1829854e-03,499723,471.02442,463.88799,1.6402644e+05,4.6219543e+01,2.5817783e+03,1.3465562e+01,1.6971278e+05,4.7884811e+01,0,nan,nan,nan,nan,471.02442,2.5850418e-04,463.88799,2.9330418e-04,2.6390240e-02,-1.3182558e-02
0.2661852235105471,1.0001920529586776,0.00028390907947289706,1731.336825223712,-3.1794363e-03,362797,1328.19966,1819.01763,1.5850036e+05,4.4910019e+01,3.9283838e+03,1.1566177e+01,1.6622833e+05,4.7184669e+01,0,nan,nan,nan,nan,1328.19966,2.5942098e-04,1819.01763,2.2904770e-04,-3.2311711e-03,3.8163599e-02
0.2663327957961883,1.0007749778152881,0.00028488716551354227,1915.3833727959995,3.1761089e-03,495306,471.01812,463.90582,1.6423392e+05,4.6704556e+01,4.0625913e+03,1.4399411e+01,1.6997884e+05,4.8387295e+01,0,nan,nan,nan,nan,471.01812,2.6122999e-04,463.90582,2.9691731e-04,2.0967009e-02,5.4676980e-03
0.26646106601356223,0.9996906465964743,0.0002821342551840088,1909.2486210662169,3.1439890e-03,490889,470.99715,463.87350,1.6385208e+05,4.6229778e+01,2.5971489e+03,1.3534949e+01,1.6970855e+05,4.7895412e+01,0,nan,nan,nan,nan,470.99715,2.5850243e-04,463.87350,2.9348923e-04,-3.1428805e-03,-2.8797502e-02
0.26654114825441866,0.9999275606496207,0.00028222862185427823,1903.1138211484576,3.0636813e-03,486472,470.98515,463.86276,1.6389956e+05,4.6249458e+01,2.7669324e+03,1.3550174e+01,1.6976423e+05,4.7915798e+01,0,nan,nan,nan,nan,470.98515,2.5800659e-04,463.86276,2.9360078e-04,-1.5880557e-02,-4.0925998e-02
0.2666517095144627,1.0003038157217403,0.0002846560836808442,1719.0675317097157,-3.0338455e-03,353963,1328.20074,1818.98326,1.5775408e+05,4.4994823e+01,4.6371602e+03,1.1937366e+01,1.6612375e+05,4.7273773e+01,0,nan,nan,nan,nan,1328.20074,2.6105269e-04,1818.98326,2.3161875e-04,-2.1973238e-03,8.9605956e-04
0.2669317794179733,0.9990812435929569,0.0002831853696787482,1712.9329317796191,-2.9142234e-03,349546,1328.20198,1818.97844,1.5803998e+05,4.4812866e+01,3.8226414e+03,1.1471848e+01,1.6610794e+05,4.7082596e+01,0,nan,nan,nan,nan,1328.20198,2.5977503e-04,1818.97844,2.3008682e-04,-5.3324929e-04,-5.2084955e-03
0.2670192034693173,1.0000900456211979,0.00030319892874595646,1762.012059203671,-2.9311788e-03,384883,1042.63310,1775.57116,1.5925205e+05,4.8283493e+01,1.2734954e+04,1.7417139e+01,1.6673878e+05,5.0550468e+01,0,nan,nan,nan,nan,1042.63310,2.8572758e-04,1775.57116,2.5488957e-04,9.8455437e-03,4.1018482e-02
0.2670572251095109,0.9995785061321797,0.0002923034629118288,1755.8772172253111,-3.0536957e-03,380466,1042.61386,1775.56589,1.5904441e+05,4.6504223e+01,6.1628086e+03,1.4522894e+01,1.6649523e+05,4.8687653e+01,0,nan,nan,nan,nan,1042.61386,2.7279637e-04,1775.56589,2.4324915e-04,-1.1140964e-02,3.4445722e-02
0.26724572132820834,0.9996769618125383,0.0002941051881731625,1743.6076457215297,-3.1862771e-03,371632,1042.61378,1775.52270,1.5907444e+05,4.6793167e+01,7.2257114e+03,1.5018586e+01,1.6651981e+05,4.8990166e+01,0,nan,nan,nan,nan,1042.61378,2.7475157e-04,1775.52270,2.4539046e-04,-1.2047169e-02,-1.1698408e-02
0.267568168321759,0.9998467992596742,0.00028201138345828404,1921.5194881685252,3.1829835e-03,499724,471.02541,463.89126,1.6398383e+05,4.6220993e+01,2.5877747e+03,1.3485420e+01,1.6977675e+05,4.7886314e+01,0,nan,nan,nan,nan,471.02541,2.5860043e-04,463.89126,2.9382319e-04,2.7945032e-02,-1.0583377e-02
0.2675741041116453,1.0006220272558226,0.00028395026753732773,1731.338214104313,-3.1794440e-03,362798,1328.20193,1819.02047,1.5853764e+05,4.4916409e+01,3.9359053e+03,1.1596150e+01,1.6629934e+05,4.7191387e+01,0,nan,nan,nan,nan,1328.20193,2.5923408e-04,1819.02047,2.2888712e-04,-7.5621885e-04,4.1543234e-02
0.26772168828529175,0.9999098201399613,0.00028467138007436896,1915.3847616884887,3.1761131e-03,495307,471.01332,463.89847,1.6418166e+05,4.6669109e+01,4.0711609e+03,1.4313148e+01,1.6983164e+05,4.8350571e+01,0,nan,nan,nan,nan,471.01332,2.6167577e-04,463.89847,2.9604312e-04,1.5297556e-02,-2.1847882e-03
0.2678499685139286,0.9995227741327363,0.00028183555225746955,1909.2500099687172,3.1440032e-03,490890,471.00339,463.88590,1.6384650e+05,4.6180832e+01,2.6027822e+03,1.3411304e+01,1.6968005e+05,4.7844704e+01,0,nan,nan,nan,nan,471.00339,2.5812734e-04,463.88590,2.9321056e-04,3.8062753e-03,-1.5747258e-02
0.26793005820445615,1.0002935700612348,0.000282309523353489,1903.1152100584077,3.0637030e-03,486473,470.98651,463.85207,1.6392534e+05,4.6262676e+01,2.7714097e+03,1.3590599e+01,1.6982623e+05,4.7929497e+01,0,nan,nan,nan,nan,470.98651,2.5796663e-04,463.85207,2.9375884e-04,-1.4620362e-02,-5.2920084e-02
0.2680405749817968,1.0004966922686,0.000284961449018536,1719.068920575183,-3.0338683e-03,353964,1328.20389,1818.98251,1.5785022e+05,4.5043068e+01,4.6173706e+03,1.1957142e+01,1.6615569e+05,4.7324463e+01,0,nan,nan,nan,nan,1328.20389,2.6138112e-04,1818.98251,2.3205575e-04,2.2701598e-03,-1.2458574e-04
0.26832063580468457,1.0001045174683596,0.0002835340693723386,1712.9343206360059,-2.9142553e-03,349547,1328.21125,1818.98979,1.5842788e+05,4.4867798e+01,3.8184590e+03,1.1494764e+01,1.6627716e+05,4.7140312e+01,0,nan,nan,nan,nan,1328.21125,2.5914877e-04,1818.98979,2.2913703e-04,9.0835374e-03,8.0556618e-03
0.26840812339833064,1.0003625043651678,0.00030324715362803887,1762.0134481236,-2.9311471e-03,384884,1042.63271,1775.57539,1.5938623e+05,4.8291233e+01,1.2732451e+04,1.7388039e+01,1.6678438e+05,5.0558563e+01,0,nan,nan,nan,nan,1042.63271,2.8548474e-04,1775.57539,2.5448995e-04,9.6571501e-03,4.5825116e-02
0.268446136888997,1.0005359200327775,0.0002923667993818994,1755.8786061370906,-3.0536721e-03,380467,1042.61347,1775.55656,1.5913894e+05,4.6514328e+01,6.1226074e+03,1.4509989e+01,1.6665481e+05,4.8698235e+01,0,nan,nan,nan,nan,1042.61347,2.7257911e-04,1775.55656,2.4336515e-04,-1.1610047e-02,2.4793614e-02
0.26863461774109965,1.0002122594356888,0.0002942096039670481,1743.6090346179426,-3.1862690e-03,371633,1042.61676,1775.52945,1.5917288e+05,4.6809788e+01,7.2181772e+03,1.5026921e+01,1.6660902e+05,4.9007568e+01,0,nan,nan,nan,nan,1042.61676,2.7474554e-04,1775.52945,2.4556136e-04,-7.8819012e-03,-5.4748538e-03
0.26895705475635623,0.9996347555027301,0.0002823249126680142,1921.5208770549598,3.1829816e-03,499725,471.01982,463.87945,1.6404311e+05,4.6272346e+01,2.6023237e+03,1.3559927e+01,1.6974061e+05,4.7939514e+01,0,nan,nan,nan,nan,471.01982,2.5894752e-04,463.87945,2.9356231e-04,2.1045221e-02,-2.2847667e-02
0.26896298494580184,0.9996716389059486,0.0002838016102499589,1731.3396029851472,-3.1794515e-03,362799,1328.20394,1819.02188,1.5846461e+05,4.4892776e+01,3.9333091e+03,1.1553877e+01,1.6614095e+05,4.7166557e+01,0,nan,nan,nan,nan,1328.20394,2.5920637e-04,1819.02188,2.2862648e-04,3.5972719e-04,4.3244112e-02
0.26911058077394046,1.0004370124072275,0.00028482889693257806,1915.3861505809773,3.1761173e-03,495308,471.02515,463.89689,1.6421211e+05,4.6694859e+01,4.0752581e+03,1.4360140e+01,1.6992094e+05,4.8377251e+01,0,nan,nan,nan,nan,471.02515,2.6197266e-04,463.89689,2.9643116e-04,2.9245289e-02,-4.1360855e-03
0.269238871014295,1.000005939969596,0.00028199781995031,1909.2513988712176,3.1440174e-03,490891,470.99888,463.87778,1.6390483e+05,4.6207417e+01,2.5916980e+03,1.3483517e+01,1.6976206e+05,4.7872246e+01,0,nan,nan,nan,nan,470.99888,2.5818718e-04,463.87778,2.9337278e-04,-1.0567282e-03,-2.4592333e-02
0.269318968387779,1.0000381649257828,0.0002822901466778096,1903.116598968591,3.0637248e-03,486474,470.98782,463.86151,1.6387189e+05,4.6259460e+01,2.7678604e+03,1.3610439e+01,1.6978275e+05,4.7926167e+01,0,nan,nan,nan,nan,470.98782,2.5801777e-04,463.86151,2.9364013e-04,-1.3826201e-02,-4.2891141e-02
0.26942944021607185,0.9992024474633562,0.00028444023997161,1719.0703094404173,-3.0338913e-03,353965,1328.21241,1818.99303,1.5752244e+05,4.4960663e+01,4.6303691e+03,1.1920220e+01,1.6594067e+05,4.7237881e+01,0,nan,nan,nan,nan,1328.21241,2.6170386e-04,1818.99303,2.3195706e-04,1.0561432e-02,1.0716130e-02
0.26970949242490827,0.9997542669203119,0.00028369528211267235,1712.935709492626,-2.9142869e-03,349548,1328.20088,1818.98592,1.5845208e+05,4.4893063e+01,3.8144709e+03,1.1517771e+01,1.6621803e+05,4.7166859e+01,0,nan,nan,nan,nan,1328.20088,2.5930925e-04,1818.98592,2.2918730e-04,-2.4426489e-03,4.1811680e-03
0.26979704309451336,1.00009562959506,0.00030334253976439465,1762.0148370432962,-2.9311157e-03,384885,1042.63124,1775.57064,1.5931173e+05,4.8306469e+01,1.2754099e+04,1.7408781e+01,1.6674006e+05,5.0574520e+01,0,nan,nan,nan,nan,1042.63124,2.8585622e-04,1775.57064,2.5500610e-04,8.3493525e-03,4.0459830e-02
0.2698350486689378,0.9998420433135216,0.0002924079574435087,1755.8799950488706,-3.0536486e-03,380468,1042.61506,1775.57505,1.5922225e+05,4.6520908e+01,6.1207812e+03,1.4515335e+01,1.6653934e+05,4.8705124e+01,0,nan,nan,nan,nan,1042.61506,2.7245007e-04,1775.57505,2.4302401e-04,-9.9052796e-03,4.4798061e-02
0.27002351392138735,1.00016629991596,0.000294206172787683,1743.6104235141229,-3.1862610e-03,371634,1042.61613,1775.52876,1.5912128e+05,4.6809254e+01,7.2141055e+03,1.5006562e+01,1.6660139e+05,4.9007008e+01,0,nan,nan,nan,nan,1042.61613,2.7482607e-04,1775.52876,2.4602463e-04,-9.2059653e-03,-5.6293765e-03
0.27034594095766806,0.9998568825013822,0.00028197121127825385,1921.522265941161,3.1829795e-03,499726,471.02642,463.89135,1.6406380e+05,4.6214336e+01,2.5999275e+03,1.3417931e+01,1.6977819e+05,4.7879414e+01,0,nan,nan,nan,nan,471.02642,2.5876253e-04,463.89135,2.9311818e-04,2.8577914e-02,-9.2604067e-03
0.2703518655462176,1.0000135043756877,0.0002838709492934596,1731.3409918657476,-3.1794591e-03,362800,1328.20093,1819.02266,1.5832656e+05,4.4903633e+01,3.9229319e+03,1.1619321e+01,1.6619734e+05,4.7177963e+01,0,nan,nan,nan,nan,1328.20093,2.5940119e-04,1819.02266,2.2968947e-04,-1.9140649e-03,4.3618444e-02
0.27049947326167967,0.999763358217711,0.0002846151728675827,1915.387539473465,3.1761215e-03,495309,471.00484,463.90398,1.6412370e+05,4.6659748e+01,4.0419316e+03,1.4306494e+01,1.6980627e+05,4.8340878e+01,0,nan,nan,nan,nan,471.00484,2.6092882e-04,463.90398,2.9639364e-04,5.9478194e-03,3.3659455e-03
0.27062777328183074,0.9995345997147085,0.00028188382408852813,1909.2527877734851,3.1440314e-03,490892,471.00465,463.88017,1.6383681e+05,4.6188740e+01,2.5974087e+03,1.3446594e+01,1.6968205e+05,4.7852898e+01,0,nan,nan,nan,nan,471.00465,2.5820479e-04,463.88017,2.9325456e-04,5.0294423e-03,-2.1338010e-02
0.27070787833918075,1.0001322153177665,0.00028235521308389285,1903.1179878785424,3.0637465e-03,486475,470.98725,463.86019,1.6388998e+05,4.6270096e+01,2.7561526e+03,1.3585197e+01,1.6979859e+05,4.7937180e+01,0,nan,nan,nan,nan,470.98725,2.5810325e-04,463.86019,2.9398801e-04,-1.4102315e-02,-4.3898389e-02
0.2708183056831789,0.9997091332307197,0.0002845376688271819,1719.0716983058844,-3.0339141e-03,353966,1328.20533,1818.98310,1.5758861e+05,4.4976040e+01,4.6140161e+03,1.1938159e+01,1.6602475e+05,4.7254040e+01,0,nan,nan,nan,nan,1328.20533,2.6158252e-04,1818.98310,2.3195797e-04,2.5327383e-03,4.0709085e-04
0.2710983490446779,0.9996052429089431,0.0002834516364739616,1712.9370983492458,-2.9143186e-03,349549,1328.20636,1818.98575,1.5838738e+05,4.4854263e+01,3.8036306e+03,1.1498167e+01,1.6619234e+05,4.7126091e+01,0,nan,nan,nan,nan,1328.20636,2.5891597e-04,1818.98575,2.2937913e-04,3.8184321e-03,3.3834991e-03
0.27118596302307196,1.0001639984841408,0.00030331907583133554,1762.0162259632248,-2.9310840e-03,384886,1042.63601,1775.56619,1.5922634e+05,4.8302780e+01,1.2750910e+04,1.7418125e+01,1.6675164e+05,5.0570660e+01,0,nan,nan,nan,nan,1042.63601,2.8614720e-04,1775.56619,2.5520913e-04,1.2989660e-02,3.5315908e-02
0.27122396021559325,1.0002896173640654,0.0002922055906008164,1755.8813839604172,-3.0536253e-03,380469,1042.61212,1775.56723,1.5915011e+05,4.6488747e+01,6.1039502e+03,1.4473474e+01,1.6661402e+05,4.8671452e+01,0,nan,nan,nan,nan,1042.61212,2.7244107e-04,1775.56723,2.4296778e-04,-1.2832844e-02,3.5944980e-02
0.2714124101012203,1.0004398949290503,0.00029407822027187574,1743.6118124103027,-3.1862531e-03,371635,1042.61239,1775.52271,1.5910944e+05,4.6788902e+01,7.1982480e+03,1.5004698e+01,1.6664698e+05,4.8985703e+01,0,nan,nan,nan,nan,1042.61239,2.7462933e-04,1775.52271,2.4598566e-04,-1.2269279e-02,-1.2922634e-02
0.27173482739272004,0.9995584931433213,0.0002819719681213885,1921.5236548275961,3.1829777e-03,499727,471.03095,463.87990,1.6393830e+05,4.6214417e+01,2.6077078e+03,1.3470229e+01,1.6972738e+05,4.7879501e+01,0,nan,nan,nan,nan,471.03095,2.5929883e-04,463.87990,2.9363314e-04,3.4099493e-02,-2.2552092e-02
0.27174074614663335,1.0003729859585937,0.00028381782412227624,1731.342380746348,-3.1794668e-03,362801,1328.20022,1819.01981,1.5852466e+05,4.4895115e+01,3.9272527e+03,1.1542595e+01,1.6625666e+05,4.7169010e+01,0,nan,nan,nan,nan,1328.20022,2.5905183e-04,1819.01981,2.2872494e-04,-3.3512791e-03,4.0602747e-02
0.27188836598270427,1.000151338257934,0.0002850284140603517,1915.388928366186,3.1761259e-03,495310,471.02683,463.88556,1.6421648e+05,4.6727425e+01,4.0436924e+03,1.4417493e+01,1.6987191e+05,4.8410992e+01,0,nan,nan,nan,nan,471.02683,2.6201346e-04,463.88556,2.9681486e-04,2.9185185e-02,-1.7128285e-02
0.27201667578151467,1.0000064912650775,0.0002820686509832704,1909.2541766759848,3.1440456e-03,490893,471.00077,463.88087,1.6388245e+05,4.6219025e+01,2.6010090e+03,1.3473878e+01,1.6976216e+05,4.7884274e+01,0,nan,nan,nan,nan,471.00077,2.5858596e-04,463.88087,2.9349799e-04,4.7628948e-04,-2.0795599e-02
0.27209678852386787,1.0002433743235781,0.0002823483235188341,1903.119376788727,3.0637684e-03,486476,470.98247,463.85095,1.6383095e+05,4.6268929e+01,2.7596604e+03,1.3644820e+01,1.6981734e+05,4.7935974e+01,0,nan,nan,nan,nan,470.98247,2.5841285e-04,463.85095,2.9385785e-04,-1.8511632e-02,-5.4585639e-02
0.27220717091677216,0.999666539755152,0.0002845910349131042,1719.073087171118,-3.0339372e-03,353967,1328.20139,1818.98223,1.5767153e+05,4.4984463e+01,4.6262529e+03,1.1934898e+01,1.6601761e+05,4.7262886e+01,0,nan,nan,nan,nan,1328.20139,2.6144294e-04,1818.98223,2.3169232e-04,-1.1088714e-03,-1.7244014e-04
0.272487205663538,1.0000814169512,0.0002835786934249662,1712.9384872058647,-2.9143502e-03,349550,1328.20714,1818.98547,1.5853333e+05,4.4874119e+01,3.7951890e+03,1.1490713e+01,1.6627058e+05,4.7146957e+01,0,nan,nan,nan,nan,1328.20714,2.5901312e-04,1818.98547,2.2889883e-04,4.8925942e-03,3.5755134e-03
0.2725748827192547,1.0002358374999656,0.0003032599724621704,1762.017614882921,-2.9310526e-03,384887,1042.63326,1775.57528,1.5930661e+05,4.8293427e+01,1.2765856e+04,1.7408833e+01,1.6676380e+05,5.0560860e+01,0,nan,nan,nan,nan,1042.63326,2.8569679e-04,1775.57528,2.5477796e-04,9.7414246e-03,4.5089673e-02
0.2726128719955341,1.0004059839867747,0.0002923174306804709,1755.8827728721972,-3.0536018e-03,380470,1042.61973,1775.56512,1.5915278e+05,4.6506569e+01,6.0996328e+03,1.4507113e+01,1.6663350e+05,4.8690113e+01,0,nan,nan,nan,nan,1042.61973,2.7244556e-04,1775.56512,2.4310405e-04,-5.2908659e-03,3.3637665e-02
0.27280130651433865,0.9998956918317021,0.0002939937709201017,1743.6132013067158,-3.1862450e-03,371636,1042.62024,1775.51445,1.5900847e+05,4.6775478e+01,7.2062354e+03,1.4990513e+01,1.6655638e+05,4.8971645e+01,0,nan,nan,nan,nan,1042.62024,2.7479333e-04,1775.51445,2.4589914e-04,-4.3498869e-03,-2.1651603e-02
0.273123713827772,1.0005058528753465,0.000282182741543456,1921.5250437140312,3.1829758e-03,499728,471.02246,463.89519,1.6414850e+05,4.6248928e+01,2.6031782e+03,1.3512436e+01,1.6988811e+05,4.7915253e+01,0,nan,nan,nan,nan,471.02246,2.5851437e-04,463.89519,2.9352462e-04,2.5273181e-02,-5.5221627e-03
0.2731296267477322,0.9996833857163314,0.00028380903181696106,1731.343769626949,-3.1794745e-03,362802,1328.20425,1819.02237,1.5836358e+05,4.4893608e+01,3.9242244e+03,1.1599115e+01,1.6614162e+05,4.7167431e+01,0,nan,nan,nan,nan,1328.20425,2.5936103e-04,1819.02237,2.2917656e-04,8.9001982e-04,4.3273225e-02
0.2732772584704435,1.0000356636236218,0.0002845382413294033,1915.3903172586738,3.1761301e-03,495311,471.01886,463.90171,1.6404003e+05,4.6647007e+01,4.0514961e+03,1.4300329e+01,1.6985202e+05,4.8327671e+01,0,nan,nan,nan,nan,471.01886,2.6165613e-04,463.90171,2.9681556e-04,2.1950863e-02,7.7039719e-04
0.2734055780483686,0.9998748547155552,0.0002821312110921064,1909.2555655782517,3.1440596e-03,490894,471.00355,463.88202,1.6395347e+05,4.6229275e+01,2.5945029e+03,1.3478792e+01,1.6973981e+05,4.7894894e+01,0,nan,nan,nan,nan,471.00355,2.5815031e-04,463.88202,2.9338922e-04,3.6147500e-03,-1.9887771e-02
0.27348569847390536,0.9999578613488203,0.0002823662631609607,1903.1207656986771,3.0637900e-03,486477,470.99176,463.86503,1.6387961e+05,4.6271835e+01,2.7592065e+03,1.3608782e+01,1.6976873e+05,4.7938984e+01,0,nan,nan,nan,nan,470.99176,2.5840063e-04,463.86503,2.9405055e-04,-8.8103088e-03,-3.9223213e-02
0.2735960363831961,0.9997454319022311,0.00028464785497936965,1719.0744760365844,-3.0339600e-03,353968,1328.20616,1818.98536,1.5773361e+05,4.4993427e+01,4.6149463e+03,1.1942968e+01,1.6603066e+05,4.7272305e+01,0,nan,nan,nan,nan,1328.20616,2.6128028e-04,1818.98536,2.3147478e-04,3.7305707e-03,2.9709041e-03
0.27387606228307926,0.9999267307971315,0.0002834107066784662,1712.9398760624842,-2.9143819e-03,349551,1328.20876,1818.98356,1.5831950e+05,4.4847290e+01,3.8218899e+03,1.1486316e+01,1.6624395e+05,4.7118767e+01,0,nan,nan,nan,nan,1328.20876,2.5929054e-04,1818.98356,2.2979740e-04,6.2586763e-03,1.0879582e-03
0.2739638026478133,1.0001951592445815,0.0003033897969844087,1762.0190038028495,-2.9310209e-03,384888,1042.63221,1775.57108,1.5930566e+05,4.8314144e+01,1.2775468e+04,1.7435799e+01,1.6675719e+05,5.0582558e+01,0,nan,nan,nan,nan,1042.63221,2.8594924e-04,1775.57108,2.5492819e-04,9.1341650e-03,4.0850222e-02
0.2740017837754749,1.000014787761455,0.00029235546631478946,1755.884161783977,-3.0535783e-03,380471,1042.61469,1775.56724,1.5915578e+05,4.6512653e+01,6.0945488e+03,1.4503496e+01,1.6656847e+05,4.8696480e+01,0,nan,nan,nan,nan,1042.61469,2.7266101e-04,1775.56724,2.4322288e-04,-1.0509513e-02,3.6177624e-02
0.27419020269439864,0.9995635299504846,0.0002939836708753336,1743.614590202896,-3.1862371e-03,371637,1042.61278,1775.52885,1.5897472e+05,4.6773876e+01,7.1971802e+03,1.5016936e+01,1.6650108e+05,4.8969971e+01,0,nan,nan,nan,nan,1042.61278,2.7486539e-04,1775.52885,2.4581677e-04,-1.3167948e-02,-5.9119398e-03
0.274512600262824,0.9996627570635409,0.0002820350165737343,1921.5264326004663,3.1829739e-03,499729,471.02828,463.88780,1.6400861e+05,4.6224674e+01,2.6020808e+03,1.3477315e+01,1.6974480e+05,4.7890125e+01,0,nan,nan,nan,nan,471.02828,2.5891120e-04,463.88780,2.9326600e-04,3.0721068e-02,-1.3130833e-02
0.27451850734882977,1.0007493847952393,0.0002838510605281713,1731.3451585075502,-3.1794822e-03,362803,1328.19868,1819.01817,1.5856502e+05,4.4900143e+01,3.9295557e+03,1.1535264e+01,1.6631838e+05,4.7174297e+01,0,nan,nan,nan,nan,1328.19868,2.5910305e-04,1819.01817,2.2868601e-04,-5.3551211e-03,3.8734037e-02
0.2746661509590922,1.0001432043830718,0.0002847881908874324,1915.3917061511625,3.1761343e-03,495312,471.01362,463.89512,1.6410836e+05,4.6687912e+01,4.0510190e+03,1.4397691e+01,1.6987002e+05,4.8370052e+01,0,nan,nan,nan,nan,471.01362,2.6158706e-04,463.89512,2.9669199e-04,1.5976287e-02,-5.7254052e-03
0.274794480548735,0.9997165651626132,0.0002819227475744282,1909.256954480752,3.1440738e-03,490895,470.99940,463.87135,1.6385398e+05,4.6195122e+01,2.5932620e+03,1.3433193e+01,1.6971294e+05,4.7859505e+01,0,nan,nan,nan,nan,470.99940,2.5820837e-04,463.87135,2.9364403e-04,-1.3837031e-03,-3.1460401e-02
0.2748746084241699,0.9997602776896597,0.0002821676942651943,1903.1221546086274,3.0638117e-03,486478,470.98856,463.85987,1.6383734e+05,4.6239258e+01,2.7571287e+03,1.3554008e+01,1.6973506e+05,4.7905235e+01,0,nan,nan,nan,nan,470.98856,2.5813730e-04,463.85987,2.9371268e-04,-1.2906304e-02,-4.5099508e-02
0.27498490185053015,1.0005661891071367,0.00028485810392223364,1719.0758649020518,-3.0339828e-03,353969,1328.20340,1818.98897,1.5788580e+05,4.5026642e+01,4.6360225e+03,1.1943047e+01,1.6616691e+05,4.7307205e+01,0,nan,nan,nan,nan,1328.20340,2.6124387e-04,1818.98897,2.3140811e-04,1.0035409e-03,6.9270316e-03
0.27526491890262184,1.0003441185309119,0.0002835906256833997,1712.9412649191038,-2.9144136e-03,349552,1328.20620,1818.98062,1.5859048e+05,4.4875511e+01,3.7991333e+03,1.1464926e+01,1.6631241e+05,4.7148418e+01,0,nan,nan,nan,nan,1328.20620,2.5880101e-04,1818.98062,2.2888646e-04,2.9212732e-03,-1.5614219e-03
0.275352722343996,1.0002485817621227,0.00030338228336590424,1762.0203927225457,-2.9309895e-03,384889,1042.63176,1775.57299,1.5936028e+05,4.8313000e+01,1.2794270e+04,1.7420568e+01,1.6676625e+05,5.0581356e+01,0,nan,nan,nan,nan,1042.63176,2.8579184e-04,1775.57299,2.5478224e-04,8.4542772e-03,4.2870719e-02
0.275390695554961,1.0002733407429487,0.0002925898179435775,1755.8855506957566,-3.0535548e-03,380472,1042.61557,1775.56065,1.5920948e+05,4.6549973e+01,6.1040088e+03,1.4544690e+01,1.6661164e+05,4.8735550e+01,0,nan,nan,nan,nan,1042.61557,2.7272411e-04,1775.56065,2.4353425e-04,-9.8204594e-03,2.9307367e-02
0.27557909910728995,1.0010810194549775,0.0002942239469937136,1743.6159790993088,-3.1862289e-03,371638,1042.61029,1775.53882,1.5921256e+05,4.6812119e+01,7.1953711e+03,1.5014773e+01,1.6675389e+05,4.9010006e+01,0,nan,nan,nan,nan,1042.61029,2.7500474e-04,1775.53882,2.4580551e-04,-1.4002704e-02,4.3016183e-03
0.2759014864650453,1.0000060449278207,0.00028200563088805815,1921.5278214866685,3.1829719e-03,499730,471.02213,463.88788,1.6396428e+05,4.6219818e+01,2.5936487e+03,1.3473701e+01,1.6980294e+05,4.7885098e+01,0,nan,nan,nan,nan,471.02213,2.5887945e-04,463.88788,2.9370867e-04,2.5010806e-02,-1.2855788e-02
0.27590738795083813,1.0002885406461397,0.0002839316906629296,1731.3465473881522,-3.1794899e-03,362804,1328.20661,1819.02085,1.5851138e+05,4.4912788e+01,3.9313003e+03,1.1595062e+01,1.6624138e+05,4.7187580e+01,0,nan,nan,nan,nan,1328.20661,2.5934834e-04,1819.02085,2.2876485e-04,3.8685224e-03,4.2146288e-02
0.2760550434486504,0.999642746954023,0.000284780577516447,1915.393095043652,3.1761385e-03,495313,471.01290,463.90474,1.6408256e+05,4.6686592e+01,4.0410867e+03,1.4341009e+01,1.6978478e+05,4.8368687e+01,0,nan,nan,nan,nan,471.01290,2.6179221e-04,463.90474,2.9677141e-04,1.5085743e-02,4.2261453e-03
0.2761833830491014,1.000544492731544,0.00028201453321847504,1909.2583433832524,3.1440880e-03,490896,471.00019,463.87619,1.6396822e+05,4.6210152e+01,2.6081077e+03,1.3458712e+01,1.6985348e+05,4.7875084e+01,0,nan,nan,nan,nan,471.00019,2.5814009e-04,463.87619,2.9351626e-04,9.8965480e-04,-2.5801940e-02
0.2762635186072657,0.9996874053180336,0.0002822878329325753,1903.1235435188105,3.0638336e-03,486479,470.98783,463.86416,1.6387338e+05,4.6258911e+01,2.7689871e+03,1.3588165e+01,1.6972256e+05,4.7925594e+01,0,nan,nan,nan,nan,470.98783,2.5811588e-04,463.86416,2.9363207e-04,-1.3444424e-02,-4.0405102e-02
0.27637376708548766,0.9993907710772312,0.0002844812244103706,1719.0772537672867,-3.0340059e-03,353970,1328.20083,1818.97975,1.5749686e+05,4.4967060e+01,4.6445259e+03,1.1937596e+01,1.6597166e+05,4.7244602e+01,0,nan,nan,nan,nan,1328.20083,2.6154247e-04,1818.97975,2.3237690e-04,-1.3521995e-03,-3.6491810e-03
0.27665377528887836,0.999900840705006,0.00028359113581960706,1712.94265377549,-2.9144455e-03,349553,1328.20392,1818.99242,1.5837578e+05,4.4875343e+01,3.7988738e+03,1.1534781e+01,1.6623780e+05,4.7148239e+01,0,nan,nan,nan,nan,1328.20392,2.5912473e-04,1818.99242,2.2922822e-04,9.1856840e-04,1.0939714e-02
0.27674164227300935,1.0002739252810273,0.0003032951443843543,1762.0217816424747,-2.9309578e-03,384890,1042.63119,1775.57097,1.5932403e+05,4.8299168e+01,1.2778141e+04,1.7419371e+01,1.6677064e+05,5.0566875e+01,0,nan,nan,nan,nan,1042.63119,2.8582572e-04,1775.57097,2.5468998e-04,8.4626647e-03,4.1045144e-02
0.27677960710207117,1.0008932975725233,0.0002923251923203714,1755.8869396073037,-3.0535315e-03,380473,1042.61930,1775.56732,1.5929430e+05,4.6507900e+01,6.0837344e+03,1.4485362e+01,1.6671503e+05,4.8691505e+01,0,nan,nan,nan,nan,1042.61930,2.7214937e-04,1775.56732,2.4292956e-04,-5.7840105e-03,3.6409963e-02
0.27696799528757765,1.0004719576188605,0.0002943477042494644,1743.617367995489,-3.1862210e-03,371639,1042.61820,1775.51919,1.5914986e+05,4.6831818e+01,7.2171689e+03,1.5030270e+01,1.6665247e+05,4.9030632e+01,0,nan,nan,nan,nan,1042.61820,2.7489263e-04,1775.51919,2.4649862e-04,-6.3622901e-03,-1.6760515e-02
0.2772903728991878,0.9998615971924085,0.00028217357286898753,1921.5292103731026,3.1829700e-03,499731,471.02611,463.88431,1.6413069e+05,4.6247311e+01,2.5809302e+03,1.3507522e+01,1.6977827e+05,4.7913574e+01,0,nan,nan,nan,nan,471.02611,2.5870863e-04,463.88431,2.9297889e-04,2.8319240e-02,-1.6746987e-02
0.2772962687854488,1.000240597329761,0.00028382063823295553,1731.3479362689868,-3.1794973e-03,362805,1328.19746,1819.02163,1.5844609e+05,4.4895107e+01,3.9211467e+03,1.1564022e+01,1.6623300e+05,4.7169006e+01,0,nan,nan,nan,nan,1328.19746,2.5906239e-04,1819.02163,2.2885835e-04,-6.8476764e-03,4.2334080e-02
0.2774439359372991,0.9999306526581098,0.00028474980151768056,1915.3944839361407,3.1761427e-03,495314,471.02007,463.89637,1.6414520e+05,4.6681480e+01,4.0231597e+03,1.4341389e+01,1.6983344e+05,4.8363388e+01,0,nan,nan,nan,nan,471.02007,2.6165403e-04,463.89637,2.9642988e-04,2.2669751e-02,-4.3759076e-03
0.27757228531663714,0.9999874039432053,0.00028226893155613357,1909.25973228552,3.1441019e-03,490897,470.99914,463.87568,1.6390327e+05,4.6251839e+01,2.5990186e+03,1.3584266e+01,1.6975892e+05,4.7918270e+01,0,nan,nan,nan,nan,470.99914,2.5832970e-04,463.87568,2.9368678e-04,-4.0652716e-04,-2.6253005e-02
0.2776524285582127,0.9999399650893575,0.0002824152485762233,1903.1249324287614,3.0638552e-03,486480,470.98798,463.85299,1.6387553e+05,4.6279758e+01,2.7559214e+03,1.3652827e+01,1.6976531e+05,4.7947193e+01,0,nan,nan,nan,nan,470.98798,2.5819789e-04,463.85299,2.9375203e-04,-1.2551853e-02,-5.2373860e-02
0.2777626325525947,0.9998465241577861,0.0002845189414822055,1719.0786426327538,-3.0340287e-03,353971,1328.20912,1818.98713,1.5765547e+05,4.4973011e+01,4.6223501e+03,1.1895192e+01,1.6604730e+05,4.7250854e+01,0,nan,nan,nan,nan,1328.20912,2.6159335e-04,1818.98713,2.3203288e-04,7.6502431e-03,3.7550121e-03
0.2780426319077378,1.0005910915193712,0.0002837051978983352,1712.944042632109,-2.9144771e-03,349554,1328.20417,1818.98158,1.5855648e+05,4.4893139e+01,3.8100508e+03,1.1556544e+01,1.6635161e+05,4.7166935e+01,0,nan,nan,nan,nan,1328.20417,2.5882473e-04,1818.98158,2.2901992e-04,7.3277915e-04,-4.9119757e-04
0.2781305619687373,1.0000755344538792,0.0003033794330927013,1762.0231705621704,-2.9309264e-03,384891,1042.63465,1775.57298,1.5932952e+05,4.8312641e+01,1.2799102e+04,1.7429590e+01,1.6673773e+05,5.0580978e+01,0,nan,nan,nan,nan,1042.63465,2.8569810e-04,1775.57298,2.5484301e-04,1.1373786e-02,4.3133251e-02
0.2781685188817843,0.9996522401375347,0.00029200078997295673,1755.8883285190834,-3.0535080e-03,380474,1042.61145,1775.56435,1.5897755e+05,4.6456322e+01,6.0656631e+03,1.4450803e+01,1.6650844e+05,4.8637508e+01,0,nan,nan,nan,nan,1042.61145,2.7276366e-04,1775.56435,2.4319872e-04,-1.3355661e-02,3.3003818e-02
0.27835689146695586,0.9996106155715453,0.00029402285172167443,1743.6187568916685,-3.1862131e-03,371640,1042.61534,1775.52617,1.5892216e+05,4.6780144e+01,7.2142012e+03,1.5031808e+01,1.6650903e+05,4.8976532e+01,0,nan,nan,nan,nan,1042.61534,2.7473111e-04,1775.52617,2.4633229e-04,-9.2623150e-03,-9.4916401e-03
0.278679259333785,0.9997276501034656,0.00028209687011099613,1921.5305992595372,3.1829681e-03,499732,471.02496,463.89186,1.6404830e+05,4.6234692e+01,2.5898823e+03,1.3482584e+01,1.6975538e+05,4.7900505e+01,0,nan,nan,nan,nan,471.02496,2.5868751e-04,463.89186,2.9328931e-04,2.6727261e-02,-8.5914414e-03
0.2786851493858652,0.9997994782418993,0.000283787347617332,1731.3493251495872,-3.1795050e-03,362806,1328.19876,1819.02123,1.5840605e+05,4.4889732e+01,3.9290479e+03,1.1560003e+01,1.6615928e+05,4.7163361e+01,0,nan,nan,nan,nan,1328.19876,2.5955992e-04,1819.02123,2.2870391e-04,-4.5205862e-03,4.2568933e-02
0.2788328284250383,0.999823651879044,0.00028456527751577194,1915.3958728286284,3.1761469e-03,495315,471.01892,463.89055,1.6402359e+05,4.6651157e+01,4.0225491e+03,1.4318907e+01,1.6981500e+05,4.8331978e+01,0,nan,nan,nan,nan,471.01892,2.6177758e-04,463.89055,2.9680625e-04,2.1752520e-02,-1.0514596e-02
0.2789611878170035,0.9996048767635907,0.0002820550506114484,1909.2611211880203,3.1441161e-03,490898,471.00315,463.88463,1.6390866e+05,4.6216801e+01,2.6113306e+03,1.3501751e+01,1.6969398e+05,4.7881966e+01,0,nan,nan,nan,nan,471.00315,2.5800877e-04,463.88463,2.9318623e-04,3.0099435e-03,-1.6528901e-02
0.2790413387424451,0.9999395215910606,0.00028231244518537484,1903.1263213389457,3.0638771e-03,486481,470.98658,463.85514,1.6390845e+05,4.6262871e+01,2.7657883e+03,1.3572590e+01,1.6976511e+05,4.7929703e+01,0,nan,nan,nan,nan,470.98658,2.5833602e-04,463.85514,2.9357689e-04,-1.4155055e-02,-5.0321605e-02
0.2791514980190186,0.9994349964874514,0.00028470158586994994,1719.0800314982203,-3.0340515e-03,353972,1328.20033,1818.98297,1.5764908e+05,4.5001873e+01,4.6285195e+03,1.1949291e+01,1.6597892e+05,4.7281178e+01,0,nan,nan,nan,nan,1328.20033,2.6155834e-04,1818.98297,2.3194456e-04,-2.5528502e-03,2.5713720e-04
0.2794314885272797,1.0001479834042022,0.00028353084052118894,1712.9454314887284,-2.9145088e-03,349555,1328.20768,1818.98484,1.5849602e+05,4.4865295e+01,3.8052119e+03,1.1478394e+01,1.6627700e+05,4.7137684e+01,0,nan,nan,nan,nan,1328.20768,2.5901719e-04,1818.98484,2.2889153e-04,5.2233022e-03,2.6707652e-03
0.27951948189775067,0.9999524379849255,0.00030357319384014865,1762.0245594820994,-2.9308947e-03,384892,1042.63367,1775.57870,1.5926027e+05,4.8343536e+01,1.2825803e+04,1.7527584e+01,1.6671736e+05,5.0613327e+01,0,nan,nan,nan,nan,1042.63367,2.8619799e-04,1775.57870,2.5485831e-04,1.0952503e-02,4.9267214e-02
0.2795574306614981,1.0002482787899736,0.0002921974178243479,1755.8897174308631,-3.0534845e-03,380475,1042.61393,1775.56710,1.5920517e+05,4.6487644e+01,6.0493389e+03,1.4466943e+01,1.6660783e+05,4.8670296e+01,0,nan,nan,nan,nan,1042.61393,2.7223097e-04,1775.56710,2.4286454e-04,-1.0732562e-02,3.5710417e-02
0.2797457878791647,0.9999254764527398,0.00029410135476244724,1743.6201457880807,-3.1862049e-03,371641,1042.61361,1775.52322,1.5907155e+05,4.6792648e+01,7.1992222e+03,1.4999650e+01,1.6656152e+05,4.8989620e+01,0,nan,nan,nan,nan,1042.61361,2.7467514e-04,1775.52322,2.4567347e-04,-1.1901875e-02,-1.1511423e-02
0.2800681457679275,0.9999277394374725,0.0002819835864074493,1921.5319881459714,3.1829663e-03,499733,471.02742,463.88325,1.6404597e+05,4.6216087e+01,2.5894363e+03,1.3450094e+01,1.6978920e+05,4.7881226e+01,0,nan,nan,nan,nan,471.02742,2.5866585e-04,463.88325,2.9346935e-04,2.9367438e-02,-1.7760955e-02
0.28007402998650865,1.000267374171732,0.00028395288248287873,1731.3507140301879,-3.1795127e-03,362807,1328.20895,1819.02337,1.5855709e+05,4.4915813e+01,3.9261274e+03,1.1603384e+01,1.6623664e+05,4.7190758e+01,0,nan,nan,nan,nan,1328.20895,2.5916766e-04,1819.02337,2.2851245e-04,5.8448981e-03,4.5130905e-02
0.28022172091300523,1.0004420909412346,0.00028493312081248303,1915.3972617211164,3.1761511e-03,495316,471.02327,463.89093,1.6411305e+05,4.6711395e+01,4.0393298e+03,1.4411456e+01,1.6991980e+05,4.8394386e+01,0,nan,nan,nan,nan,471.02327,2.6271265e-04,463.89093,2.9682610e-04,2.6696799e-02,-1.0971914e-02
0.28035009008362977,0.9996867199554933,0.00028188829930588487,1909.262510090287,3.1441301e-03,490899,470.99945,463.87354,1.6385058e+05,4.6189476e+01,2.6069248e+03,1.3434334e+01,1.6970788e+05,4.7853657e+01,0,nan,nan,nan,nan,470.99945,2.5817633e-04,463.87354,2.9332368e-04,-2.8434876e-04,-2.9224416e-02
0.28043024869339206,1.0005254419353675,0.0002823648477406233,1903.1277102488966,3.0638988e-03,486482,470.98634,463.85482,1.6395769e+05,4.6271423e+01,2.7567341e+03,1.3596784e+01,1.6986445e+05,4.7938564e+01,0,nan,nan,nan,nan,470.98634,2.5806448e-04,463.85482,2.9364432e-04,-1.4655635e-02,-5.0480094e-02
0.2805403632535214,1.000316187332939,0.0002846776437804391,1719.0814203634548,-3.0340746e-03,353973,1328.20898,1818.99235,1.5780677e+05,4.4998077e+01,4.6297100e+03,1.1926943e+01,1.6612523e+05,4.7277191e+01,0,nan,nan,nan,nan,1328.20898,2.6134017e-04,1818.99235,2.3129176e-04,6.8317954e-03,1.0335685e-02
0.28082034514682164,1.0001293562080245,0.0002835262253337045,1712.946820345348,-2.9145405e-03,349556,1328.20723,1818.98768,1.5847878e+05,4.4864311e+01,3.8050410e+03,1.1488984e+01,1.6627297e+05,4.7136650e+01,0,nan,nan,nan,nan,1328.20723,2.5912546e-04,1818.98768,2.2875202e-04,5.2509382e-03,6.7832945e-03
0.28090840159370634,0.9994655691533081,0.00030336993428792567,1762.0259484017954,-2.9308633e-03,384893,1042.63048,1775.56569,1.5914873e+05,4.8311211e+01,1.2833112e+04,1.7480963e+01,1.6663633e+05,5.0579483e+01,0,nan,nan,nan,nan,1042.63048,2.8620727e-04,1775.56569,2.5517427e-04,7.2837984e-03,3.5867471e-02
0.2809463424414389,0.9996338968346989,0.0002921433630803742,1755.891106342643,-3.0534610e-03,380476,1042.61939,1775.57483,1.5906000e+05,4.6479073e+01,6.0468564e+03,1.4503633e+01,1.6650562e+05,4.8661327e+01,0,nan,nan,nan,nan,1042.61939,2.7238778e-04,1775.57483,2.4295400e-04,-6.1566802e-03,4.4412941e-02
0.28113468405922537,0.9999128451789896,0.000294111936272357,1743.6215346842607,-3.1861970e-03,371642,1042.62027,1775.51907,1.5919873e+05,4.6794338e+01,7.2008223e+03,1.4991089e+01,1.6655945e+05,4.8991394e+01,0,nan,nan,nan,nan,1042.62027,2.7437264e-04,1775.51907,2.4528484e-04,-4.7074044e-03,-1.5350961e-02
0.2814570319692393,0.99989460483584,0.00028214318469968594,1921.5333770321727,3.1829642e-03,499734,471.02393,463.89301,1.6410172e+05,4.6242195e+01,2.5965364e+03,1.3500500e+01,1.6978342e+05,4.7908283e+01,0,nan,nan,nan,nan,471.02393,2.5877173e-04,463.89301,2.9310471e-04,2.6322186e-02,-7.7382708e-03
0.2814629105876062,1.0003235022166417,0.0002838142523620087,1731.352102910789,-3.1795204e-03,362808,1328.19574,1819.01963,1.5845023e+05,4.4893772e+01,3.9274458e+03,1.1554336e+01,1.6624558e+05,4.7167603e+01,0,nan,nan,nan,nan,1328.19574,2.5920258e-04,1819.01963,2.2901769e-04,-7.0285127e-03,4.0149301e-02
0.2816106134009715,1.0001145956835047,0.00028479642789647176,1915.3986506136043,3.1761553e-03,495317,471.01429,463.91510,1.6417720e+05,4.6688919e+01,4.0141633e+03,1.4323808e+01,1.6986394e+05,4.8371098e+01,0,nan,nan,nan,nan,471.01429,2.6108572e-04,463.91510,2.9698093e-04,1.6182750e-02,1.5476195e-02
0.28173899258399615,0.9998806437775946,0.0002819195304364761,1909.2638989927873,3.1441443e-03,490900,470.99923,463.87344,1.6386973e+05,4.6194592e+01,2.6168450e+03,1.3443086e+01,1.6974080e+05,4.7858959e+01,0,nan,nan,nan,nan,470.99923,2.5796369e-04,463.87344,2.9365870e-04,-1.5189429e-03,-2.8995883e-02
0.28181915887671494,1.000010286839643,0.0002821735535064888,1903.12909915908,3.0639207e-03,486483,470.99343,463.86020,1.6383430e+05,4.6240051e+01,2.7663477e+03,1.3543497e+01,1.6977688e+05,4.7906052e+01,0,nan,nan,nan,nan,470.99343,2.5851224e-04,463.86020,2.9370980e-04,-7.1648844e-03,-4.4798415e-02
0.2819292287206284,0.9999439403073558,0.00028477548212546116,1719.0828092289219,-3.0340974e-03,353974,1328.19847,1818.98101,1.5779272e+05,4.5013542e+01,4.6430977e+03,1.1980487e+01,1.6606339e+05,4.7293434e+01,0,nan,nan,nan,nan,1328.19847,2.6114425e-04,1818.98101,2.3135029e-04,-4.5456900e-03,-1.4388292e-03
0.2822092017665906,1.000234293543408,0.0002836674185589352,1712.9482092019678,-2.9145721e-03,349557,1328.20612,1818.98525,1.5848658e+05,4.4886398e+01,3.8188616e+03,1.1515204e+01,1.6628945e+05,4.7159855e+01,0,nan,nan,nan,nan,1328.20612,2.5888789e-04,1818.98525,2.2919581e-04,3.1420982e-03,3.2354170e-03
0.282297321522492,1.00024878932488,0.00030338927475968033,1762.0273373217242,-2.9308316e-03,384894,1042.63523,1775.57463,1.5932873e+05,4.8314335e+01,1.2834988e+04,1.7430529e+01,1.6676705e+05,5.0582752e+01,0,nan,nan,nan,nan,1042.63523,2.8597401e-04,1775.57463,2.5479175e-04,1.2662756e-02,4.4903733e-02
0.282335254220925,0.9999512884637174,0.0002920751916789666,1755.8924952544226,-3.0534375e-03,380477,1042.61375,1775.56530,1.5907536e+05,4.6468262e+01,6.0348560e+03,1.4456814e+01,1.6655861e+05,4.8650009e+01,0,nan,nan,nan,nan,1042.61375,2.7236054e-04,1775.56530,2.4303167e-04,-1.1027256e-02,3.4008443e-02
0.282523580472116,1.000176738295015,0.00029423559912218633,1743.6229235806736,-3.1861889e-03,371643,1042.61324,1775.51874,1.5915978e+05,4.6814026e+01,7.1864326e+03,1.5072321e+01,1.6660345e+05,4.9012005e+01,0,nan,nan,nan,nan,1042.61324,2.7443742e-04,1775.51874,2.4555548e-04,-1.1518276e-02,-1.6440779e-02
0.2828459184052008,1.0002180379503431,0.00028228188942696725,1921.5347659186086,3.1829623e-03,499735,471.01982,463.88302,1.6417378e+05,4.6264889e+01,2.5901565e+03,1.3544070e+01,1.6983819e+05,4.7931793e+01,0,nan,nan,nan,nan,471.01982,2.5840188e-04,463.88302,2.9318430e-04,2.1126481e-02,-1.9311074e-02
0.28285179118870507,0.9996403122204558,0.0002837525981725712,1731.35349179139,-3.1795281e-03,362809,1328.20580,1819.02227,1.5833758e+05,4.4883911e+01,3.9208901e+03,1.1546388e+01,1.6613164e+05,4.7157246e+01,0,nan,nan,nan,nan,1328.20580,2.5943178e-04,1819.02227,2.2903610e-04,2.5334572e-03,4.3654650e-02
0.28299950612154134,0.999735488498616,0.00028453138745046996,1915.400039506325,3.1761597e-03,495318,471.01615,463.89339,1.6390900e+05,4.6645405e+01,4.0057610e+03,1.4353172e+01,1.6979930e+05,4.8326012e+01,0,nan,nan,nan,nan,471.01615,2.6235855e-04,463.89339,2.9673291e-04,1.9803800e-02,-7.9252478e-03
0.2831278948515319,1.0006566261107261,0.00028214743399158145,1909.2652878950548,3.1441583e-03,490901,471.00505,463.89125,1.6405909e+05,4.6231934e+01,2.5963167e+03,1.3501265e+01,1.6987253e+05,4.7897648e+01,0,nan,nan,nan,nan,471.00505,2.5812280e-04,463.89125,2.9311026e-04,5.9027714e-03,-8.8914726e-03
0.2832080688267524,0.999730069321698,0.0002821728903473432,1903.13048806903,3.0639423e-03,486484,470.98650,463.85925,1.6380886e+05,4.6239906e+01,2.7524526e+03,1.3530825e+01,1.6972917e+05,4.7905903e+01,0,nan,nan,nan,nan,470.98650,2.5850907e-04,463.85925,2.9393999e-04,-1.4150823e-02,-4.5931675e-02
0.2833180939549035,0.9995148894530866,0.0002847653489087791,1719.0841980941561,-3.0341204e-03,353975,1328.20430,1818.98856,1.5762334e+05,4.5011929e+01,4.6462886e+03,1.2015140e+01,1.6599212e+05,4.7291744e+01,0,nan,nan,nan,nan,1328.20430,2.6149850e-04,1818.98856,2.3196808e-04,1.3553341e-03,6.3708783e-03
0.28359805838613317,0.999738837728831,0.0002834986939062029,1712.9495980585873,-2.9146038e-03,349558,1328.20630,1818.98634,1.5840881e+05,4.4859444e+01,3.7994805e+03,1.1502260e+01,1.6620614e+05,4.7131531e+01,0,nan,nan,nan,nan,1328.20630,2.5899673e-04,1818.98634,2.2913230e-04,3.3091074e-03,4.4174343e-03
0.28368624145150534,1.0011982933699681,0.0003035910359240851,1762.0287262416532,-2.9308000e-03,384895,1042.63227,1775.57153,1.5946236e+05,4.8346500e+01,1.2825083e+04,1.7443443e+01,1.6692550e+05,5.0616428e+01,0,nan,nan,nan,nan,1042.63227,2.8590675e-04,1775.57153,2.5509144e-04,9.8599559e-03,4.0836051e-02
0.28372416576803516,0.999955415328441,0.00029210622448884476,1755.8938841659697,-3.0534142e-03,380478,1042.61589,1775.55840,1.5912778e+05,4.6473240e+01,6.0389600e+03,1.4464131e+01,1.6655942e+05,4.8655216e+01,0,nan,nan,nan,nan,1042.61589,2.7238647e-04,1775.55840,2.4289668e-04,-8.9594545e-03,2.7171819e-02
0.2839124766524037,0.9996752200981003,0.0002941312315096957,1743.624312476854,-3.1861810e-03,371644,1042.61671,1775.53422,1.5914792e+05,4.6797432e+01,7.1851152e+03,1.5013332e+01,1.6651995e+05,4.8994629e+01,0,nan,nan,nan,nan,1042.61671,2.7452371e-04,1775.53422,2.4572160e-04,-8.6221462e-03,-4.3939962e-04
0.2842348048407075,1.0001130994664649,0.0002820613365187506,1921.5361548050441,3.1829604e-03,499736,471.03041,463.89421,1.6394516e+05,4.6228699e+01,2.5973052e+03,1.3472338e+01,1.6982022e+05,4.7894299e+01,0,nan,nan,nan,nan,471.03041,2.5933361e-04,463.89421,2.9394470e-04,3.3313170e-02,-6.1902208e-03
0.28424067202263326,1.0003905012588092,0.0002838193019420505,1731.354880672224,-3.1795355e-03,362810,1328.20048,1819.01951,1.5852138e+05,4.4894363e+01,3.9301614e+03,1.1520514e+01,1.6625592e+05,4.7168224e+01,0,nan,nan,nan,nan,1328.20048,2.5907916e-04,1819.01951,2.2868344e-04,-2.6727228e-03,4.0283419e-02
0.28438839861109955,0.9996506895568789,0.0002847647421062906,1915.4014283988145,3.1761639e-03,495319,471.01540,463.88448,1.6412141e+05,4.6683594e+01,4.0170896e+03,1.4371176e+01,1.6978466e+05,4.8365578e+01,0,nan,nan,nan,nan,471.01540,2.6161136e-04,463.88448,2.9637269e-04,1.8062726e-02,-1.7342901e-02
0.2845167973509888,1.0002243628457157,0.0002819156168676321,1909.2666767975543,3.1441725e-03,490902,470.99854,463.87771,1.6398303e+05,4.6193954e+01,2.5981301e+03,1.3399612e+01,1.6979916e+05,4.7858299e+01,0,nan,nan,nan,nan,470.99854,2.5803104e-04,463.87771,2.9293651e-04,-1.7874127e-03,-2.5101876e-02
0.2845969787776994,1.000040687308852,0.00028223137531376263,1903.131876978981,3.0639640e-03,486485,470.98999,463.86366,1.6388600e+05,4.6249451e+01,2.7593757e+03,1.3557581e+01,1.6978178e+05,4.7915794e+01,0,nan,nan,nan,nan,470.98999,2.5831879e-04,463.86366,2.9363050e-04,-1.0622558e-02,-4.0328436e-02
0.28470695942132807,1.0001637148809408,0.00028465105830907466,1719.0855869596226,-3.0341432e-03,353976,1328.20798,1818.98880,1.5768191e+05,4.4993862e+01,4.6397803e+03,1.1958792e+01,1.6609986e+05,4.7272762e+01,0,nan,nan,nan,nan,1328.20798,2.6166288e-04,1818.98880,2.3201894e-04,6.1653028e-03,5.9517585e-03
0.2849869150056744,0.9999643876878025,0.00028348941813669464,1712.9509869152068,-2.9146355e-03,349559,1328.20744,1818.98234,1.5846634e+05,4.4857716e+01,3.7864890e+03,1.1475192e+01,1.6624267e+05,4.7129719e+01,0,nan,nan,nan,nan,1328.20744,2.5900968e-04,1818.98234,2.2908060e-04,4.8044035e-03,1.2986705e-04
0.2850751611481428,1.000223298336269,0.00030329097038703245,1762.0301151613498,-2.9307685e-03,384896,1042.63915,1775.58229,1.5923139e+05,4.8298748e+01,1.2853388e+04,1.7429430e+01,1.6676306e+05,5.0566437e+01,0,nan,nan,nan,nan,1042.63915,2.8614016e-04,1775.58229,2.5481640e-04,1.6755562e-02,5.2252796e-02
0.28511307754843074,1.0003547982185956,0.00029220549747787397,1755.89527307775,-3.0533907e-03,380479,1042.61172,1775.57287,1.5915870e+05,4.6489067e+01,6.0074014e+03,1.4456327e+01,1.6662608e+05,4.8671787e+01,0,nan,nan,nan,nan,1042.61172,2.7266788e-04,1775.57287,2.4306003e-04,-1.3694193e-02,4.1867450e-02
0.2853013730659768,1.0000671749084469,0.00029422130913920843,1743.6257013732675,-3.1861728e-03,371645,1042.61739,1775.52058,1.5918788e+05,4.6811775e+01,7.1975195e+03,1.5022455e+01,1.6658528e+05,4.9009647e+01,0,nan,nan,nan,nan,1042.61739,2.7494357e-04,1775.52058,2.4516621e-04,-7.8909369e-03,-1.4225258e-02
0.2856236910424741,0.999343513060786,0.0002819818826826584,1921.537543691246,3.1829583e-03,499737,471.02600,463.88622,1.6389855e+05,4.6215641e+01,2.5901484e+03,1.3496002e+01,1.6968938e+05,4.7880764e+01,0,nan,nan,nan,nan,471.02600,2.5873070e-04,463.88622,2.9390687e-04,2.9066836e-02,-1.6095985e-02
0.28562955262373213,1.0003081767377633,0.0002839143355414216,1731.356269552825,-3.1795432e-03,362811,1328.20041,1819.02235,1.5848980e+05,4.4909294e+01,3.9386177e+03,1.1587084e+01,1.6624188e+05,4.7183910e+01,0,nan,nan,nan,nan,1328.20041,2.5938189e-04,1819.02235,2.2871692e-04,-3.0877106e-03,4.3538440e-02
0.285777291100203,1.0000171010460257,0.0002847001158904321,1915.4028172913036,3.1761681e-03,495320,471.01723,463.89650,1.6426145e+05,4.6672932e+01,4.0076379e+03,1.4302730e+01,1.6984664e+05,4.8354534e+01,0,nan,nan,nan,nan,471.01723,2.6107606e-04,463.89650,2.9596430e-04,1.9079601e-02,-4.4298209e-03
0.2859056996185245,0.9994480338767481,0.0002818150016901863,1909.2680656998218,3.1441865e-03,490903,471.00113,463.88071,1.6385041e+05,4.6177464e+01,2.6018003e+03,1.3374022e+01,1.6966738e+05,4.7841217e+01,0,nan,nan,nan,nan,471.00113,2.5804940e-04,463.88071,2.9329001e-04,1.0415446e-03,-2.1129126e-02
0.2859858889623865,1.0003740171020041,0.000282545549622443,1903.1332658891656,3.0639858e-03,486486,470.98433,463.85250,1.6393109e+05,4.6300903e+01,2.7517395e+03,1.3654054e+01,1.6983825e+05,4.7969101e+01,0,nan,nan,nan,nan,470.98433,2.5839900e-04,463.85250,2.9388984e-04,-1.6499950e-02,-5.2854203e-02
0.28609582488775265,0.9997493786192294,0.0002847188469632382,1719.086975825089,-3.0341661e-03,353977,1328.20485,1818.98587,1.5769359e+05,4.5004574e+01,4.6348735e+03,1.1963435e+01,1.6603105e+05,4.7284019e+01,0,nan,nan,nan,nan,1328.20485,2.6148165e-04,1818.98587,2.3161479e-04,2.1791260e-03,3.5534678e-03
0.286375771625217,1.0000485558041177,0.00028351909447861095,1712.9523757718264,-2.9146671e-03,349560,1328.20552,1818.99227,1.5843509e+05,4.4862148e+01,3.8146045e+03,1.1484977e+01,1.6625572e+05,4.7134380e+01,0,nan,nan,nan,nan,1328.20552,2.5912788e-04,1818.99227,2.2905220e-04,2.1842688e-03,1.0707326e-02
0.2864640810776109,0.9997363657401006,0.0003034278964434893,1762.0315040812793,-2.9307369e-03,384897,1042.62847,1775.56460,1.5920745e+05,4.8320587e+01,1.2870434e+04,1.7475822e+01,1.6668200e+05,5.0589302e+01,0,nan,nan,nan,nan,1042.62847,2.8617500e-04,1775.56460,2.5530925e-04,5.2212160e-03,3.3954043e-02
0.2865019893288263,0.9995965702621505,0.00029208455805344917,1755.8966619895305,-3.0533671e-03,380480,1042.61386,1775.56505,1.5910639e+05,4.6469868e+01,6.0016699e+03,1.4445886e+01,1.6649992e+05,4.8651684e+01,0,nan,nan,nan,nan,1042.61386,2.7230824e-04,1775.56505,2.4297403e-04,-1.2021934e-02,3.3072654e-02
0.28669026924671925,0.9995112920916537,0.0002942175952233962,1743.6270902694482,-3.1861649e-03,371646,1042.62011,1775.52054,1.5905508e+05,4.6811195e+01,7.1930518e+03,1.5026799e+01,1.6649273e+05,4.9009041e+01,0,nan,nan,nan,nan,1042.62011,2.7470072e-04,1775.52054,2.4618424e-04,-3.9260350e-03,-1.5114150e-02
0.28701257747661657,1.000353032748371,0.0002820410253221134,1921.53893257768,3.1829565e-03,499738,471.02029,463.88558,1.6406239e+05,4.6225288e+01,2.6017886e+03,1.3466378e+01,1.6986062e+05,4.7890762e+01,0,nan,nan,nan,nan,471.02029,2.5865223e-04,463.88558,2.9327782e-04,2.2649730e-02,-1.5953952e-02
0.2870184332243756,1.0005126698501605,0.0002839560871210243,1731.3576584334257,-3.1795509e-03,362812,1328.20519,1819.02164,1.5850886e+05,4.4915791e+01,3.9267749e+03,1.1593005e+01,1.6627547e+05,4.7190739e+01,0,nan,nan,nan,nan,1328.20519,2.5941851e-04,1819.02164,2.2895617e-04,2.6931514e-03,4.2592283e-02
0.28716618358839696,1.0000883572663914,0.00028466464280466584,1915.4042061837918,3.1761723e-03,495321,471.01658,463.90902,1.6421088e+05,4.6667049e+01,3.9925266e+03,1.4287216e+01,1.6985852e+05,4.8348438e+01,0,nan,nan,nan,nan,471.01658,2.6139076e-04,463.90902,2.9618671e-04,1.9311922e-02,8.8474434e-03
0.2872946021188909,1.000433566998908,0.0002820328298828138,1909.2694546023222,3.1442007e-03,490904,470.99898,463.87803,1.6404427e+05,4.6213158e+01,2.6006013e+03,1.3432200e+01,1.6983469e+05,4.7878197e+01,0,nan,nan,nan,nan,470.99898,2.5795485e-04,463.87803,2.9289233e-04,-1.5532415e-03,-2.3378942e-02
0.2873747989131058,1.00048325498697,0.0002823150437768259,1903.1346547991163,3.0640075e-03,486487,470.99085,463.85467,1.6391961e+05,4.6263096e+01,2.7440117e+03,1.3608951e+01,1.6985667e+05,4.7929932e+01,0,nan,nan,nan,nan,470.99085,2.5825916e-04,463.85467,2.9369353e-04,-9.4518941e-03,-5.0023064e-02
0.2874846901229372,1.0003461346258642,0.00028458907513289163,1719.0883646903242,-3.0341891e-03,353978,1328.20274,1818.98820,1.5760025e+05,4.4984062e+01,4.6506343e+03,1.1951936e+01,1.6613016e+05,4.7262466e+01,0,nan,nan,nan,nan,1328.20274,2.6155304e-04,1818.98820,2.3173382e-04,1.6880762e-04,5.7564564e-03
0.2877646280114735,1.0001561005062478,0.0002834516627807444,1712.9537646282126,-2.9146990e-03,349561,1328.21068,1818.99226,1.5838238e+05,4.4851223e+01,3.7939548e+03,1.1480134e+01,1.6627262e+05,4.7122898e+01,0,nan,nan,nan,nan,1328.21068,2.5899071e-04,1818.99226,2.2926247e-04,8.1595276e-03,1.0745975e-02
0.2878530007737936,0.9996355609519791,0.0003033302723498993,1762.0328930009755,-2.9307054e-03,384898,1042.63624,1775.57191,1.5916812e+05,4.8305077e+01,1.2867332e+04,1.7448038e+01,1.6666530e+05,5.0573063e+01,0,nan,nan,nan,nan,1042.63624,2.8620686e-04,1775.57191,2.5521207e-04,1.3530443e-02,4.1209467e-02
0.28789090110876714,1.0002204476868062,0.0002920784793390398,1755.8980509013104,-3.0533436e-03,380481,1042.61581,1775.56255,1.5923702e+05,4.6468933e+01,5.9921289e+03,1.4420768e+01,1.6660397e+05,4.8650707e+01,0,nan,nan,nan,nan,1042.61581,2.7201837e-04,1775.56255,2.4272622e-04,-9.2476299e-03,3.1236803e-02
0.28807916542700696,0.9999748698237273,0.0002941755255180346,1743.6284791656285,-3.1861570e-03,371647,1042.61688,1775.51659,1.5896048e+05,4.6804516e+01,7.1783149e+03,1.5069969e+01,1.6656998e+05,4.9002048e+01,0,nan,nan,nan,nan,1042.61688,2.7507183e-04,1775.51659,2.4591389e-04,-7.8351824e-03,-1.8359793e-02
0.2884014639112138,1.0000081524173858,0.0002820585518501937,1921.5403214641146,3.1829546e-03,499739,471.02731,463.88655,1.6401619e+05,4.6228115e+01,2.5905569e+03,1.3490056e+01,1.6980191e+05,4.7893692e+01,0,nan,nan,nan,nan,471.02731,2.5870005e-04,463.88655,2.9332365e-04,2.9491084e-02,-1.5474245e-02
0.28840731382547313,1.0000429638166488,0.0002838325396435046,1731.3590473140268,-3.1795586e-03,362813,1328.19893,1819.01906,1.5845659e+05,4.4896156e+01,3.9418672e+03,1.1538141e+01,1.6619705e+05,4.7170105e+01,0,nan,nan,nan,nan,1328.19893,2.5944758e-04,1819.01906,2.2880093e-04,-4.8561096e-03,4.0154513e-02
0.2885550760761362,0.9997914588866036,0.0002846991167542995,1915.4055950762795,3.1761765e-03,495322,471.01575,463.89589,1.6420198e+05,4.6672634e+01,4.0143296e+03,1.4325729e+01,1.6980784e+05,4.8354225e+01,0,nan,nan,nan,nan,471.01575,2.6109515e-04,463.89589,2.9649856e-04,1.7967930e-02,-5.8469097e-03
0.28868350438642665,0.999871204138692,0.0002819389082145176,1909.2708435045897,3.1442146e-03,490905,471.00094,463.88202,1.6393102e+05,4.6197773e+01,2.6069380e+03,1.3426848e+01,1.6973922e+05,4.7862255e+01,0,nan,nan,nan,nan,471.00094,2.5813977e-04,463.88202,2.9307121e-04,8.6798699e-04,-1.9578526e-02
0.28876370909620164,1.0002672346333612,0.00028239573730420034,1903.1360437092994,3.0640294e-03,486488,470.98685,463.85648,1.6391042e+05,4.6276279e+01,2.7560564e+03,1.3609107e+01,1.6981986e+05,4.7943592e+01,0,nan,nan,nan,nan,470.98685,2.5816270e-04,463.85648,2.9391077e-04,-1.3945538e-02,-4.8346110e-02
0.288873555590726,0.9999106767364089,0.0002847071259563456,1719.089753555792,-3.0342119e-03,353979,1328.20822,1818.98579,1.5777266e+05,4.5002728e+01,4.6481431e+03,1.1913296e+01,1.6605784e+05,4.7282074e+01,0,nan,nan,nan,nan,1328.20822,2.6143951e-04,1818.98579,2.3163855e-04,5.4874732e-03,3.9668502e-03
0.28915348463033297,1.0004266467975107,0.000283605170226178,1712.9551534848315,-2.9147307e-03,349562,1328.20670,1818.97955,1.5850288e+05,4.4875252e+01,3.8004189e+03,1.1511078e+01,1.6631662e+05,4.7148144e+01,0,nan,nan,nan,nan,1328.20670,2.5904228e-04,1818.97955,2.2917723e-04,4.3975641e-03,-2.6824865e-03
0.2892419207023522,0.999411320560614,0.00030358928183908966,1762.034281920904,-2.9306738e-03,384899,1042.63348,1775.57538,1.5915012e+05,4.8346352e+01,1.2887049e+04,1.7539604e+01,1.6662800e+05,5.0616276e+01,0,nan,nan,nan,nan,1042.63348,2.8654153e-04,1775.57538,2.5529592e-04,9.8250005e-03,4.5190517e-02
0.2892798128882532,1.0002194159238467,0.0002923804354985956,1755.8994398130899,-3.0533201e-03,380482,1042.61374,1775.57051,1.5926586e+05,4.6517010e+01,5.9891421e+03,1.4510357e+01,1.6660392e+05,4.8701042e+01,0,nan,nan,nan,nan,1042.61374,2.7237381e-04,1775.57051,2.4288589e-04,-1.1336854e-02,3.9750732e-02
0.28946806183967055,0.999774828358932,0.0002941260916401998,1743.6298680620412,-3.1861488e-03,371648,1042.61241,1775.52606,1.5895588e+05,4.6796665e+01,7.1728154e+03,1.5034177e+01,1.6653672e+05,4.8993828e+01,0,nan,nan,nan,nan,1042.61241,2.7533251e-04,1775.52606,2.4583537e-04,-1.3705924e-02,-8.7380400e-03
0.28979035011252563,1.0001887619259058,0.00028203102782083453,1921.541710350316,3.1829525e-03,499740,471.02661,463.88404,1.6406731e+05,4.6223557e+01,2.5887395e+03,1.3466557e+01,1.6983242e+05,4.7888969e+01,0,nan,nan,nan,nan,471.02661,2.5875366e-04,463.88404,2.9319199e-04,2.9132647e-02,-1.7172145e-02
0.28979619466008444,1.0000919860405788,0.0002838789853037874,1731.3604361948614,-3.1795660e-03,362814,1328.20179,1819.02079,1.5853611e+05,4.4903400e+01,3.9334722e+03,1.1552300e+01,1.6620483e+05,4.7177719e+01,0,nan,nan,nan,nan,1328.20179,2.5905002e-04,1819.02079,2.2868220e-04,-1.8433827e-03,4.2245209e-02
0.28994396856433013,0.9999463683472899,0.0002845877265249272,1915.4069839687677,3.1761806e-03,495323,471.00209,463.89638,1.6403586e+05,4.6654308e+01,4.0103472e+03,1.4344285e+01,1.6983392e+05,4.8335239e+01,0,nan,nan,nan,nan,471.00209,2.6142001e-04,463.89638,2.9656570e-04,4.6032201e-03,-4.3682400e-03
0.29007240688679303,0.9994963399821437,0.0002820655589683031,1909.27223240709,3.1442288e-03,490906,470.99867,463.87112,1.6390570e+05,4.6218529e+01,2.6197690e+03,1.3423082e+01,1.6967559e+05,4.7883759e+01,0,nan,nan,nan,nan,470.99867,2.5827761e-04,463.87112,2.9358183e-04,-1.7229820e-03,-3.1273481e-02
0.2901526190471486,1.000678475671656,0.0002824090147600647,1903.1374326192504,3.0640510e-03,486489,470.98491,463.85945,1.6396005e+05,4.6278423e+01,2.7721501e+03,1.3591760e+01,1.6988956e+05,4.7945812e+01,0,nan,nan,nan,nan,470.98491,2.5824140e-04,463.85945,2.9385914e-04,-1.6585400e-02,-4.3957781e-02
0.29026242105714994,1.0001950835266458,0.00028483072761619225,1719.0911424212584,-3.0342347e-03,353980,1328.20110,1818.98554,1.5784331e+05,4.5022270e+01,4.6495469e+03,1.1941549e+01,1.6610509e+05,4.7302605e+01,0,nan,nan,nan,nan,1328.20110,2.6115731e-04,1818.98554,2.3146223e-04,-1.8843488e-03,2.9998387e-03
0.2905423412498749,0.9998948501215162,0.0002835843184917656,1712.956542341451,-2.9147624e-03,349563,1328.20768,1818.98626,1.5848616e+05,4.4871685e+01,3.7985278e+03,1.1479544e+01,1.6622725e+05,4.7144398e+01,0,nan,nan,nan,nan,1328.20768,2.5882357e-04,1818.98626,2.2896549e-04,4.7445786e-03,4.9992600e-03
0.29063084039853493,1.0000870677586247,0.0003035810649380246,1762.0356708406002,-2.9306423e-03,384900,1042.63537,1775.57602,1.5921253e+05,4.8345074e+01,1.2892021e+04,1.7557596e+01,1.6674077e+05,5.0614933e+01,0,nan,nan,nan,nan,1042.63537,2.8605061e-04,1775.57602,2.5522971e-04,1.1903765e-02,4.6462208e-02
0.29066872466819405,1.0001810671254223,0.0002922463936609069,1755.9008287248698,-3.0532966e-03,380483,1042.61281,1775.56209,1.5907827e+05,4.6495724e+01,5.9764980e+03,1.4506160e+01,1.6659767e+05,4.8678757e+01,0,nan,nan,nan,nan,1042.61281,2.7293194e-04,1775.56209,2.4325139e-04,-1.1958121e-02,3.0690262e-02
0.29085695801995826,1.0000255721643616,0.0002941084913990551,1743.6312569582215,-3.1861409e-03,371649,1042.61916,1775.51579,1.5909831e+05,4.6793877e+01,7.1778647e+03,1.5021561e+01,1.6657853e+05,4.8990906e+01,0,nan,nan,nan,nan,1042.61916,2.7477939e-04,1775.51579,2.4549101e-04,-6.1102789e-03,-1.9978398e-02
0.2911792365475776,1.0004375698065244,0.0002820854638590144,1921.543099236751,3.1829507e-03,499741,471.02376,463.88936,1.6418833e+05,4.6232437e+01,2.5948923e+03,1.3453830e+01,1.6987450e+05,4.7898167e+01,0,nan,nan,nan,nan,471.02376,2.5860139e-04,463.88936,2.9278727e-04,2.5900641e-02,-1.2019792e-02
0.29118507526118265,0.9997400705629901,0.0002838281264333268,1731.3618250754625,-3.1795737e-03,362815,1328.20014,1819.02031,1.5840208e+05,4.4895264e+01,3.9327444e+03,1.1553926e+01,1.6614598e+05,4.7169167e+01,0,nan,nan,nan,nan,1328.20014,2.5918704e-04,1819.02031,2.2906285e-04,-3.6258537e-03,4.1165289e-02
0.29133286105275114,1.0003944577447261,0.0002845824508201241,1915.408372861256,3.1761848e-03,495324,471.02434,463.89594,1.6410881e+05,4.6653378e+01,3.9748594e+03,1.4313614e+01,1.6990978e+05,4.8334274e+01,0,nan,nan,nan,nan,471.02434,2.6194897e-04,463.89594,2.9659236e-04,2.7949268e-02,-5.7893181e-03
0.291461309153874,1.000162303503121,0.00028217031727847253,1909.2736213093572,3.1442428e-03,490907,471.00011,463.88127,1.6398348e+05,4.6235691e+01,2.6143748e+03,1.3516298e+01,1.6978866e+05,4.7901543e+01,0,nan,nan,nan,nan,471.00011,2.5800391e-04,463.88127,2.9334586e-04,-5.4518407e-04,-2.0370372e-02
0.2915415289980956,1.000678732515511,0.00028221535814398766,1903.1388215292013,3.0640727e-03,486490,470.98908,463.86060,1.6399967e+05,4.6246658e+01,2.7613301e+03,1.3506330e+01,1.6988948e+05,4.7912899e+01,0,nan,nan,nan,nan,470.98908,2.5800822e-04,463.86060,2.9351085e-04,-1.2111533e-02,-4.3437123e-02
0.2916512862909709,0.9999798829685071,0.0002847600881752322,1719.0925312864922,-3.0342578e-03,353981,1328.20431,1818.98617,1.5778798e+05,4.5011112e+01,4.6503027e+03,1.1970912e+01,1.6606938e+05,4.7290882e+01,0,nan,nan,nan,nan,1328.20431,2.6121803e-04,1818.98617,2.3140581e-04,2.1906679e-03,3.9181691e-03
0.2919311978694168,1.0003443888155912,0.0002835648405390901,1712.9579311980706,-2.9147940e-03,349564,1328.20281,1818.98472,1.5853531e+05,4.4868340e+01,3.7796760e+03,1.1480764e+01,1.6630100e+05,4.7140884e+01,0,nan,nan,nan,nan,1328.20281,2.5892718e-04,1818.98472,2.2885863e-04,9.5038180e-05,2.2735975e-03
0.29201976032709354,0.9998746208299781,0.00030346212617445663,1762.0370597605288,-2.9306107e-03,384901,1042.63235,1775.56863,1.5921228e+05,4.8326157e+01,1.2904441e+04,1.7478277e+01,1.6670542e+05,5.0595127e+01,0,nan,nan,nan,nan,1042.63235,2.8625390e-04,1775.56863,2.5516297e-04,9.5576039e-03,3.8351376e-02
0.29205763644813487,0.9999318482317995,0.00029205723204388863,1755.9022176366498,-3.0532731e-03,380484,1042.61402,1775.56410,1.5917198e+05,4.6465664e+01,5.9681484e+03,1.4418393e+01,1.6655630e+05,4.8647285e+01,0,nan,nan,nan,nan,1042.61402,2.7221508e-04,1775.56410,2.4285344e-04,-1.1252968e-02,3.2282278e-02
0.2922458544321671,1.0000049047640807,0.0002940936246691542,1743.6326458546337,-3.1861328e-03,371650,1042.61880,1775.52244,1.5907756e+05,4.6791523e+01,7.1686479e+03,1.5015656e+01,1.6657514e+05,4.8988445e+01,0,nan,nan,nan,nan,1042.61880,2.7476647e-04,1775.52244,2.4556476e-04,-7.0880214e-03,-1.2634060e-02
0.2925681229826296,0.9997427729700197,0.000281993944846124,1921.544488123186,3.1829488e-03,499742,471.02732,463.88547,1.6403977e+05,4.6217388e+01,2.5951865e+03,1.3430226e+01,1.6975636e+05,4.7882580e+01,0,nan,nan,nan,nan,471.02732,2.5889321e-04,463.88547,2.9325442e-04,2.9496782e-02,-1.5738890e-02
0.29257395586250856,1.0002715587064015,0.0002838614590392971,1731.3632139560639,-3.1795814e-03,362816,1328.19818,1819.01811,1.5851464e+05,4.4900440e+01,3.9406367e+03,1.1554733e+01,1.6623397e+05,4.7174606e+01,0,nan,nan,nan,nan,1328.19818,2.5912852e-04,1819.01811,2.2881679e-04,-5.6299302e-03,3.8086355e-02
0.2927217535420823,1.000389416093161,0.0002846101985482648,1915.4097617537454,3.1761890e-03,495325,471.01095,463.89817,1.6400030e+05,4.6657856e+01,3.9717754e+03,1.4346710e+01,1.6990869e+05,4.8338921e+01,0,nan,nan,nan,nan,471.01095,2.6237025e-04,463.89817,2.9657566e-04,1.3609688e-02,-3.1182582e-03
0.2928502116542404,0.9998028734436989,0.00028202186780000804,1909.2750102118575,3.1442570e-03,490908,471.00121,463.87766,1.6383903e+05,4.6211372e+01,2.6040083e+03,1.3512666e+01,1.6972764e+05,4.7876343e+01,0,nan,nan,nan,nan,471.00121,2.5820622e-04,463.87766,2.9358806e-04,8.6261134e-04,-2.3940099e-02
0.29293043918096373,1.0002384353215006,0.0002823524625898063,1903.1402104393842,3.0640946e-03,486491,470.98657,463.85533,1.6392281e+05,4.6269093e+01,2.7505837e+03,1.3553802e+01,1.6981459e+05,4.7936142e+01,0,nan,nan,nan,nan,470.98657,2.5843119e-04,463.85533,2.9384828e-04,-1.4335215e-02,-4.9433243e-02
0.29304015175807796,1.0000701856820677,0.0002848040671448505,1719.0939201519593,-3.0342806e-03,353982,1328.20607,1818.98110,1.5782472e+05,4.5018066e+01,4.6600166e+03,1.1930603e+01,1.6608439e+05,4.7298191e+01,0,nan,nan,nan,nan,1328.20607,2.6123165e-04,1818.98110,2.3157918e-04,3.2845344e-03,-1.3174787e-03
0.2933200544889587,1.0002785751103032,0.0002836259954456299,1712.9593200546901,-2.9148257e-03,349565,1328.21095,1818.98894,1.5845239e+05,4.4877754e+01,3.7991116e+03,1.1505120e+01,1.6628909e+05,4.7150772e+01,0,nan,nan,nan,nan,1328.21095,2.5932322e-04,1818.98894,2.2913136e-04,8.2833795e-03,7.6716160e-03
0.2934086802561069,1.0000429569881968,0.00030349584406999796,1762.0384486804578,-2.9305790e-03,384902,1042.63575,1775.57062,1.5925594e+05,4.8331543e+01,1.2923108e+04,1.7487932e+01,1.6673355e+05,5.0600769e+01,0,nan,nan,nan,nan,1042.63575,2.8613835e-04,1775.57062,2.5493966e-04,1.3225573e-02,4.0901463e-02
0.2934465479947903,0.9996845294485855,0.0002919725419425488,1755.9036065481964,-3.0532498e-03,380485,1042.61508,1775.57412,1.5904217e+05,4.6452229e+01,5.9842939e+03,1.4433748e+01,1.6651523e+05,4.8633217e+01,0,nan,nan,nan,nan,1042.61508,2.7227303e-04,1775.57412,2.4291099e-04,-1.0203585e-02,4.3414649e-02
0.2936347506115453,0.9998304707052198,0.0002940425846333418,1743.634034750813,-3.1861248e-03,371651,1042.61497,1775.52971,1.5917853e+05,4.6783417e+01,7.1706479e+03,1.4982299e+01,1.6654612e+05,4.8979958e+01,0,nan,nan,nan,nan,1042.61497,2.7443614e-04,1775.52971,2.4550615e-04,-1.0334575e-02,-4.4543557e-03
0.2939570091848509,0.9999842082559689,0.0002821508622944615,1921.5458770093883,3.1829467e-03,499743,471.02014,463.88671,1.6417064e+05,4.6243065e+01,2.5929089e+03,1.3465548e+01,1.6979719e+05,4.7909180e+01,0,nan,nan,nan,nan,471.02014,2.5867054e-04,463.88671,2.9292124e-04,2.2138925e-02,-1.4102248e-02
0.29396283669643675,1.0000101416713896,0.00028384683199771907,1731.3646028368978,-3.1795888e-03,362817,1328.20121,1819.02119,1.5847038e+05,4.4898029e+01,3.9274458e+03,1.1553892e+01,1.6619017e+05,4.7172077e+01,0,nan,nan,nan,nan,1328.20121,2.5920194e-04,1819.02119,2.2881269e-04,-2.5105269e-03,4.2055167e-02
0.294110646030731,0.9997636726562912,0.0002847669317642361,1915.411150646234,3.1761932e-03,495326,471.01476,463.90657,1.6416445e+05,4.6683495e+01,3.9831172e+03,1.4384275e+01,1.6980217e+05,4.8365475e+01,0,nan,nan,nan,nan,471.01476,2.6125534e-04,463.90657,2.9613721e-04,1.7025825e-02,6.2683118e-03
0.29423911392177615,0.9999791774465772,0.0002821118647986668,1909.276399114125,3.1442710e-03,490909,471.00008,463.87524,1.6400127e+05,4.6226120e+01,2.5939189e+03,1.3462270e+01,1.6975758e+05,4.7891624e+01,0,nan,nan,nan,nan,471.00008,2.5803444e-04,463.87524,2.9329580e-04,-3.1452135e-05,-2.7228413e-02
0.2943193491319107,0.9998056465723976,0.0002823156420550482,1903.1415993493351,3.0641162e-03,486492,470.98751,463.85851,1.6389445e+05,4.6263020e+01,2.7726982e+03,1.3594975e+01,1.6974100e+05,4.7929855e+01,0,nan,nan,nan,nan,470.98751,2.5823398e-04,463.85851,2.9359481e-04,-1.3192697e-02,-4.6824493e-02
0.29442901722518366,0.9997807358712517,0.0002846712455181501,1719.0953090174264,-3.0343034e-03,353983,1328.20139,1818.98333,1.5772884e+05,4.4997078e+01,4.6454590e+03,1.1948872e+01,1.6603636e+05,4.7276142e+01,0,nan,nan,nan,nan,1328.20139,2.6133467e-04,1818.98333,2.3130969e-04,-1.5312566e-03,1.2307784e-03
0.2947089111087283,1.000729242055639,0.0002838733670820555,1712.96070891131,-2.9148574e-03,349566,1328.20692,1818.98125,1.5861950e+05,4.4916630e+01,3.7965647e+03,1.1562222e+01,1.6636302e+05,4.7191616e+01,0,nan,nan,nan,nan,1328.20692,2.5888951e-04,1818.98125,2.2912967e-04,4.1663572e-03,-9.3265314e-04
0.2947975999522896,1.000056553848835,0.0003035979645936601,1762.039837600154,-2.9305476e-03,384903,1042.63027,1775.57885,1.5929608e+05,4.8347824e+01,1.2912071e+04,1.7532272e+01,1.6673588e+05,5.0617813e+01,0,nan,nan,nan,nan,1042.63027,2.8620829e-04,1775.57885,2.5491777e-04,6.9388198e-03,4.9073383e-02
0.29483545977382164,1.0004496759300867,0.00029208969576563753,1755.9049954599755,-3.0532263e-03,380486,1042.61643,1775.56487,1.5915459e+05,4.6470905e+01,5.9473115e+03,1.4430373e+01,1.6664283e+05,4.8652771e+01,0,nan,nan,nan,nan,1042.61643,2.7227192e-04,1775.56487,2.4300808e-04,-8.5357698e-03,3.3543333e-02
0.29502364702466366,1.0006903944738208,0.00029432805582324485,1743.6354236472262,-3.1861167e-03,371652,1042.61612,1775.52155,1.5925650e+05,4.6828850e+01,7.1752729e+03,1.5035804e+01,1.6668942e+05,4.9027523e+01,0,nan,nan,nan,nan,1042.61612,2.7460995e-04,1775.52155,2.4561316e-04,-9.2254039e-03,-1.3196195e-02
0.2953458956199029,0.9998414949119955,0.00028190102090167686,1921.5472658958233,3.1829448e-03,499744,471.02511,463.88797,1.6396919e+05,4.6202072e+01,2.5824695e+03,1.3425817e+01,1.6977278e+05,4.7866707e+01,0,nan,nan,nan,nan,471.02511,2.5878302e-04,463.88797,2.9347101e-04,2.7391791e-02,-1.3391581e-02
0.29535171729685317,1.0001257556250434,0.0002838055426643471,1731.3659917174982,-3.1795965e-03,362818,1328.19643,1819.01971,1.5842555e+05,4.4891407e+01,3.9369634e+03,1.1550065e+01,1.6620905e+05,4.7165119e+01,0,nan,nan,nan,nan,1328.19643,2.5918093e-04,1819.01971,2.2898467e-04,-7.1717943e-03,4.0755089e-02
0.29549953875130086,0.9996588641980796,0.000284717336759411,1915.4125395389547,3.1761976e-03,495327,471.01374,463.89751,1.6401767e+05,4.6675293e+01,3.9706917e+03,1.4370762e+01,1.6978414e+05,4.8356983e+01,0,nan,nan,nan,nan,471.01374,2.6186960e-04,463.89751,2.9678235e-04,1.6192662e-02,-3.2870402e-03
0.2956280161884024,0.9999633848223648,0.0002819883321947459,1909.2777880163917,3.1442849e-03,490910,471.00328,463.88087,1.6390966e+05,4.6205879e+01,2.6065698e+03,1.3461637e+01,1.6975491e+05,4.7870655e+01,0,nan,nan,nan,nan,471.00328,2.5817525e-04,463.88087,2.9316280e-04,3.2356351e-03,-2.1438858e-02
0.2957082590828577,0.9999411614043116,0.0002823913260007271,1903.142988259286,3.0641379e-03,486493,470.98716,463.85826,1.6392947e+05,4.6275391e+01,2.7568545e+03,1.3574458e+01,1.6976389e+05,4.7942669e+01,0,nan,nan,nan,nan,470.98716,2.5840534e-04,463.85826,2.9375113e-04,-1.4324993e-02,-4.6998549e-02
0.2958178826922907,1.0000249300240345,0.0002848439831195241,1719.0966978828935,-3.0343262e-03,353984,1328.20715,1818.98823,1.5763661e+05,4.5024395e+01,4.6412529e+03,1.2057976e+01,1.6607695e+05,4.7304840e+01,0,nan,nan,nan,nan,1328.20715,2.6187298e-04,1818.98823,2.3220899e-04,5.2065100e-03,5.7778140e-03
0.29609776772826957,0.9995370339869514,0.0002836627851019529,1712.9620977679294,-2.9148890e-03,349567,1328.20708,1818.99304,1.5836873e+05,4.4883045e+01,3.8010391e+03,1.1551530e+01,1.6616383e+05,4.7156330e+01,0,nan,nan,nan,nan,1328.20708,2.5923332e-04,1818.99304,2.2933101e-04,4.5984490e-03,1.1893222e-02
0.2961865198808482,0.9998530151109409,0.00030356782352009785,1762.0412265200825,-2.9305159e-03,384904,1042.63554,1775.57477,1.5925534e+05,4.8343029e+01,1.2917435e+04,1.7512272e+01,1.6670198e+05,5.0612797e+01,0,nan,nan,nan,nan,1042.63554,2.8621350e-04,1775.57477,2.5504388e-04,1.2190535e-02,4.3993361e-02
0.29622437155285297,1.000203415488465,0.0002920517671528738,1755.9063843717545,-3.0532028e-03,380487,1042.61488,1775.56705,1.5925633e+05,4.6464909e+01,5.9282578e+03,1.4408256e+01,1.6660194e+05,4.8646496e+01,0,nan,nan,nan,nan,1042.61488,2.7204977e-04,1775.56705,2.4274649e-04,-1.0952731e-02,3.5864145e-02
0.2964125432044966,1.0005410969346515,0.0002943293628419044,1743.636812543406,-3.1861088e-03,371653,1042.61652,1775.52296,1.5920417e+05,4.6829075e+01,7.1402500e+03,1.5052800e+01,1.6666461e+05,4.9027760e+01,0,nan,nan,nan,nan,1042.61652,2.7459089e-04,1775.52296,2.4587748e-04,-7.7316351e-03,-1.2260571e-02
0.29673478205404535,1.000100591974816,0.0002820681883484099,1921.5486547822575,3.1829430e-03,499745,471.02592,463.88554,1.6417595e+05,4.6229420e+01,2.5909014e+03,1.3429828e+01,1.6981661e+05,4.7895042e+01,0,nan,nan,nan,nan,471.02592,2.5842118e-04,463.88554,2.9310287e-04,2.7326193e-02,-1.5512981e-02
0.2967405978972696,1.000123943556341,0.00028385283808028905,1731.3673805980986,-3.1796042e-03,362819,1328.20522,1819.02142,1.5850423e+05,4.4898796e+01,3.9555239e+03,1.1535138e+01,1.6620842e+05,4.7172882e+01,0,nan,nan,nan,nan,1328.20522,2.5929615e-04,1819.02142,2.2874867e-04,2.2712878e-03,4.2755157e-02
0.2968884312394948,0.9999244665512338,0.00028448777465121924,1915.4139284314429,3.1762018e-03,495328,471.01763,463.90443,1.6403888e+05,4.6637600e+01,3.9782180e+03,1.4279646e+01,1.6982902e+05,4.8317928e+01,0,nan,nan,nan,nan,471.01763,2.6199332e-04,463.90443,2.9640476e-04,2.0240529e-02,4.3205703e-03
0.2970169186887688,0.9996967707181574,0.00028210429402005595,1909.279176918892,3.1442991e-03,490911,470.99714,463.88099,1.6384341e+05,4.6224884e+01,2.5946360e+03,1.3511136e+01,1.6970966e+05,4.7890343e+01,0,nan,nan,nan,nan,470.99714,2.5841466e-04,463.88099,2.9359397e-04,-4.1427086e-03,-2.0722402e-02
0.2970971692666353,0.9996879859216307,0.00028224947965928163,1903.1443771694699,3.0641598e-03,486494,470.98892,463.85109,1.6385475e+05,4.6252113e+01,2.7805459e+03,1.3582493e+01,1.6972078e+05,4.7918552e+01,0,nan,nan,nan,nan,470.98892,2.5810904e-04,463.85109,2.9383713e-04,-1.2125318e-02,-5.4472633e-02
0.297206747925884,0.9998698139250093,0.0002847705667143226,1719.0980867481271,-3.0343493e-03,353985,1328.20042,1818.98037,1.5772448e+05,4.5012802e+01,4.6440640e+03,1.1959569e+01,1.6605123e+05,4.7292660e+01,0,nan,nan,nan,nan,1328.20042,2.6161733e-04,1818.98037,2.3198819e-04,-2.4852422e-03,-3.1372688e-03
0.29748662434781215,0.9993033008518382,0.00028366311304411115,1712.963486624549,-2.9149207e-03,349568,1328.20589,1818.98248,1.5840714e+05,4.4882824e+01,3.7985476e+03,1.1523827e+01,1.6612398e+05,4.7156101e+01,0,nan,nan,nan,nan,1328.20589,2.5942046e-04,1818.98248,2.2923129e-04,3.0842978e-03,-7.8509496e-05
0.29757543980986156,1.0006483232978258,0.00030363394006619935,1762.0426154400116,-2.9304842e-03,384905,1042.63462,1775.56881,1.5939873e+05,4.8353573e+01,1.2956531e+04,1.7501442e+01,1.6683462e+05,5.0623833e+01,0,nan,nan,nan,nan,1042.63462,2.8590593e-04,1775.56881,2.5495960e-04,1.1836673e-02,3.9092634e-02
0.2976132833327938,0.9997622592697732,0.00029187496588454137,1755.9077732835344,-3.0531792e-03,380488,1042.61205,1775.56755,1.5905392e+05,4.6436821e+01,5.9231060e+03,1.4415481e+01,1.6652859e+05,4.8617085e+01,0,nan,nan,nan,nan,1042.61205,2.7197870e-04,1775.56755,2.4277762e-04,-1.3098109e-02,3.6810715e-02
0.29780143961761496,0.9998917748133924,0.0002940699023677993,1743.638201439819,-3.1861006e-03,371654,1042.62087,1775.52109,1.5913555e+05,4.6787807e+01,7.1582520e+03,1.4982928e+01,1.6655648e+05,4.8984554e+01,0,nan,nan,nan,nan,1042.62087,2.7452304e-04,1775.52109,2.4549305e-04,-3.5555651e-03,-1.3729669e-02
0.2981236682562667,0.9999726187304576,0.00028189137418561114,1921.5500436684597,3.1829409e-03,499746,471.02358,463.89036,1.6383931e+05,4.6200397e+01,2.6027158e+03,1.3472076e+01,1.6979470e+05,4.7864971e+01,0,nan,nan,nan,nan,471.02358,2.5923099e-04,463.89036,2.9402890e-04,2.7278831e-02,-1.0452074e-02
0.2981294787311978,0.9997117703806879,0.00028368708447202873,1731.3687694789326,-3.1796116e-03,362820,1328.20049,1819.02313,1.5822028e+05,4.4872494e+01,3.9365364e+03,1.1549955e+01,1.6613959e+05,4.7145245e+01,0,nan,nan,nan,nan,1328.20049,2.5955468e-04,1819.02313,2.3026133e-04,-2.2142578e-03,4.2394068e-02
0.29827732372723403,1.0000285729656717,0.0002847819585125476,1915.4153173239306,3.1762060e-03,495329,471.01298,463.89861,1.6420594e+05,4.6685760e+01,3.9837566e+03,1.4326003e+01,1.6984647e+05,4.8367825e+01,0,nan,nan,nan,nan,471.01298,2.6180103e-04,463.89861,2.9616157e-04,1.5456130e-02,-1.9726623e-03
0.2984058209563045,1.000074337730246,0.00028202136903762574,1909.2805658211596,3.1443131e-03,490912,471.00019,463.87631,1.6393336e+05,4.6211300e+01,2.6009290e+03,1.3460781e+01,1.6977377e+05,4.7876270e+01,0,nan,nan,nan,nan,471.00019,2.5809853e-04,463.87631,2.9314455e-04,-5.9009547e-04,-2.5140189e-02
0.2984860792175823,0.9997834941226644,0.0002821308611558558,1903.1457660794208,3.0641814e-03,486495,470.98482,463.85868,1.6372695e+05,4.6232639e+01,2.7535308e+03,1.3559901e+01,1.6973688e+05,4.7898380e+01,0,nan,nan,nan,nan,470.98482,2.5836652e-04,463.85868,2.9409461e-04,-1.5459774e-02,-4.5591865e-02
0.2985956133923079,1.0004014093166254,0.00028492101090165446,1719.0994756135935,-3.0343721e-03,353986,1328.20819,1818.99187,1.5781538e+05,4.5036594e+01,4.6512930e+03,1.2029740e+01,1.6613956e+05,4.7317657e+01,0,nan,nan,nan,nan,1328.20819,2.6152513e-04,1818.99187,2.3131956e-04,5.1494935e-03,1.0460210e-02
0.2988754809666716,0.9995525765990712,0.00028335585656498626,1712.9648754811678,-2.9149523e-03,349569,1328.20501,1818.98887,1.5832973e+05,4.4833939e+01,3.7854419e+03,1.1443790e+01,1.6616444e+05,4.7104740e+01,0,nan,nan,nan,nan,1328.20501,2.5917590e-04,1818.98887,2.2897241e-04,2.2648126e-03,7.2585121e-03
0.2989643595055895,0.9994003342392914,0.00030358692807566434,1762.0440043597073,-2.9304528e-03,384906,1042.63439,1775.57459,1.5922778e+05,4.8346085e+01,1.2957159e+04,1.7506195e+01,1.6662656e+05,5.0615997e+01,0,nan,nan,nan,nan,1042.63439,2.8623658e-04,1775.57459,2.5513428e-04,1.1176012e-02,4.4881824e-02
0.2990021951127346,0.9999182800737825,0.0002920062856615398,1755.9091621953144,-3.0531557e-03,380489,1042.61416,1775.56785,1.5914683e+05,4.6457752e+01,5.9311270e+03,1.4414178e+01,1.6655472e+05,4.8639004e+01,0,nan,nan,nan,nan,1042.61416,2.7220024e-04,1775.56785,2.4282982e-04,-1.0900812e-02,3.6938131e-02
0.29919033603027856,0.9996016366742458,0.00029387707914336754,1743.6395903362318,-3.1860925e-03,371655,1042.61628,1775.51946,1.5892983e+05,4.6757141e+01,7.1756279e+03,1.4988415e+01,1.6650822e+05,4.8952450e+01,0,nan,nan,nan,nan,1042.61628,2.7461120e-04,1775.51946,2.4596447e-04,-8.6265542e-03,-1.5520543e-02
0.29951255469131866,1.0008916891213027,0.0002820664632573149,1921.5514325548947,3.1829390e-03,499747,471.02816,463.87898,1.6413691e+05,4.6229046e+01,2.5790847e+03,1.3451596e+01,1.6995059e+05,4.7894653e+01,0,nan,nan,nan,nan,471.02816,2.5869109e-04,463.87898,2.9340660e-04,3.0552896e-02,-2.3308443e-02
0.2995183593325237,1.0000949344593706,0.00028372472646565755,1731.370158359534,-3.1796193e-03,362821,1328.20328,1819.01819,1.5834377e+05,4.4878361e+01,3.9410857e+03,1.1503647e+01,1.6620295e+05,4.7151409e+01,0,nan,nan,nan,nan,1328.20328,2.5973713e-04,1819.01819,2.2981867e-04,7.2876905e-04,3.7685908e-02
0.29966621621588274,1.0007086807977552,0.0002846186761696652,1915.4167062164192,3.1762102e-03,495330,471.02591,463.89676,1.6423555e+05,4.6658932e+01,3.9655754e+03,1.4282359e+01,1.6996173e+05,4.8340027e+01,0,nan,nan,nan,nan,471.02591,2.6272683e-04,463.89676,2.9569992e-04,3.0560868e-02,-4.1590114e-03
0.2997947234557614,1.0007250161931887,0.0002820564295092961,1909.281954723659,3.1443273e-03,490913,471.00272,463.88224,1.6407494e+05,4.6217049e+01,2.5986567e+03,1.3442507e+01,1.6988423e+05,4.7882225e+01,0,nan,nan,nan,nan,471.00272,2.5798575e-04,463.88224,2.9298922e-04,3.4660820e-03,-1.8872863e-02
0.29987498940045043,0.9999001629364478,0.0002822899686595916,1903.1471549896037,3.0642033e-03,486496,470.98447,463.85752,1.6390517e+05,4.6258682e+01,2.7529900e+03,1.3585780e+01,1.6975656e+05,4.7925358e+01,0,nan,nan,nan,nan,470.98447,2.5800432e-04,463.85752,2.9356370e-04,-1.6787095e-02,-4.6542991e-02
0.2999844788603244,0.9998368718513844,0.0002845739167103116,1719.1008644790616,-3.0343949e-03,353987,1328.21038,1818.98547,1.5753495e+05,4.4981743e+01,4.6686089e+03,1.1942866e+01,1.6604586e+05,4.7260029e+01,0,nan,nan,nan,nan,1328.21038,2.6174082e-04,1818.98547,2.3225335e-04,8.1240414e-03,2.9546479e-03
0.30026433758553106,1.0004231905473568,0.00028375689529915233,1712.9662643377867,-2.9149840e-03,349570,1328.20795,1818.98408,1.5854825e+05,4.4897121e+01,3.7951018e+03,1.1515272e+01,1.6630816e+05,4.7171124e+01,0,nan,nan,nan,nan,1328.20795,2.5880858e-04,1818.98408,2.2934607e-04,4.6066078e-03,1.8864254e-03
0.3003532794346029,0.9997148305872532,0.0003034960129480706,1762.0453932796363,-2.9304211e-03,384907,1042.63499,1775.57543,1.5919664e+05,4.8331612e+01,1.2965054e+04,1.7490005e+01,1.6667900e+05,5.0600842e+01,0,nan,nan,nan,nan,1042.63499,2.8645556e-04,1775.57543,2.5518372e-04,1.1517169e-02,4.5373641e-02
0.3003911068922207,0.9997435788772219,0.00029180934287300334,1755.9105511070939,-3.0531322e-03,380490,1042.61647,1775.56045,1.5899114e+05,4.6426460e+01,5.8982178e+03,1.4387097e+01,1.6652577e+05,4.8606239e+01,0,nan,nan,nan,nan,1042.61647,2.7225737e-04,1775.56045,2.4299489e-04,-7.8256382e-03,2.8898394e-02
0.30057923221056626,0.999897090571159,0.00029403790665787674,1743.640979232412,-3.1860846e-03,371656,1042.61824,1775.52860,1.5915958e+05,4.6782742e+01,7.1362251e+03,1.4994020e+01,1.6655748e+05,4.8979256e+01,0,nan,nan,nan,nan,1042.61824,2.7463865e-04,1775.52860,2.4527247e-04,-6.6933711e-03,-5.7359613e-03
0.3009014411259159,1.000261137019492,0.00028241795696342656,1921.5528214413293,3.1829372e-03,499748,471.02336,463.89290,1.6419330e+05,4.6286606e+01,2.5944927e+03,1.3532161e+01,1.6984334e+05,4.7954288e+01,0,nan,nan,nan,nan,471.02336,2.5878850e-04,463.89290,2.9339016e-04,2.5005005e-02,-8.3164256e-03
0.3009072399343037,1.0004423059354957,0.00028387501548267195,1731.3715472401357,-3.1796270e-03,362822,1328.19770,1819.01777,1.5852214e+05,4.4902050e+01,3.9357554e+03,1.1550378e+01,1.6626036e+05,4.7176296e+01,0,nan,nan,nan,nan,1328.19770,2.5927316e-04,1819.01777,2.2885404e-04,-5.3577716e-03,3.8281564e-02
0.30105510870453145,1.0004316336878327,0.00028448498375277075,1915.418095108908,3.1762144e-03,495331,471.00369,463.89222,1.6400077e+05,4.6636951e+01,3.9648274e+03,1.4301740e+01,1.6991445e+05,4.8317257e+01,0,nan,nan,nan,nan,471.00369,2.6141646e-04,463.89222,2.9719700e-04,5.6637749e-03,-9.3417531e-03
0.30118362572329715,0.9998094364719134,0.0002819690775460364,1909.2833436259266,3.1443413e-03,490914,470.99893,463.87492,1.6392547e+05,4.6202740e+01,2.6127732e+03,1.3446726e+01,1.6972881e+05,4.7867401e+01,0,nan,nan,nan,nan,470.99893,2.5800325e-04,463.87492,2.9305113e-04,-2.0332050e-03,-2.7286140e-02
0.30126389935094267,1.0000645209059065,0.00028223672680400804,1903.1485438995542,3.0642250e-03,486497,470.98607,463.85596,1.6388967e+05,4.6249920e+01,2.7653320e+03,1.3534801e+01,1.6978434e+05,4.7916283e+01,0,nan,nan,nan,nan,470.98607,2.5836515e-04,463.85596,2.9367040e-04,-1.4779638e-02,-4.8881024e-02
0.30137334409528194,0.9996676995909413,0.0002845599543536484,1719.1022533442965,-3.0344180e-03,353988,1328.20299,1818.98132,1.5759409e+05,4.4979557e+01,4.6402183e+03,1.1935294e+01,1.6601783e+05,4.7257729e+01,0,nan,nan,nan,nan,1328.20299,2.6164006e-04,1818.98132,2.3182282e-04,5.6515727e-04,-1.9158949e-03
0.3016531942053007,1.00037621940859,0.00028353850915739974,1712.9676531944065,-2.9150157e-03,349571,1328.20767,1818.98841,1.5850292e+05,4.4862297e+01,3.7948899e+03,1.1476597e+01,1.6629934e+05,4.7134533e+01,0,nan,nan,nan,nan,1328.20767,2.5903879e-04,1818.98841,2.2909063e-04,5.1178993e-03,6.9058249e-03
0.3017421991307856,0.9995571286118851,0.0003036308238125512,1762.0467821993325,-2.9303897e-03,384908,1042.63166,1775.56767,1.5926067e+05,4.8353077e+01,1.2978854e+04,1.7495501e+01,1.6665269e+05,5.0623314e+01,0,nan,nan,nan,nan,1042.63166,2.8634063e-04,1775.56767,2.5522703e-04,8.5619213e-03,3.7534572e-02
0.30178001867216153,1.000265107157287,0.0002920196681185909,1755.9119400188738,-3.0531087e-03,380491,1042.61779,1775.56803,1.5916152e+05,4.6459957e+01,5.9066211e+03,1.4417905e+01,1.6661278e+05,4.8641312e+01,0,nan,nan,nan,nan,1042.61779,2.7196651e-04,1775.56803,2.4286586e-04,-6.9195111e-03,3.6974117e-02
0.3019681286236846,1.0001983182480514,0.00029404994364278604,1743.6423681288252,-3.1860764e-03,371657,1042.61577,1775.52893,1.5910833e+05,4.6784679e+01,7.1369595e+03,1.4991144e+01,1.6660772e+05,4.8981277e+01,0,nan,nan,nan,nan,1042.61577,2.7463108e-04,1775.52893,2.4599812e-04,-8.9107938e-03,-5.9512388e-03
0.3022903273272277,1.000126632354122,0.00028206879325125864,1921.5542103275307,3.1829351e-03,499749,471.02468,463.88968,1.6417584e+05,4.6229332e+01,2.5980330e+03,1.3423204e+01,1.6982033e+05,4.7894951e+01,0,nan,nan,nan,nan,471.02468,2.5850572e-04,463.88968,2.9303238e-04,2.7583461e-02,-1.1821049e-02
0.302296120768915,1.0000003323841735,0.0002839214503455721,1731.3729361209703,-3.1796345e-03,362823,1328.20363,1819.02409,1.5847177e+05,4.4909309e+01,3.9483130e+03,1.1594558e+01,1.6618661e+05,4.7183926e+01,0,nan,nan,nan,nan,1328.20363,2.5929903e-04,1819.02409,2.2877997e-04,-2.3180351e-06,4.5023784e-02
0.30244400119318016,1.0000190704497733,0.0002844802775658359,1915.4194840013965,3.1762186e-03,495332,471.02309,463.89975,1.6408362e+05,4.6636116e+01,3.9581992e+03,1.4278417e+01,1.6984416e+05,4.8316391e+01,0,nan,nan,nan,nan,471.02309,2.6139242e-04,463.89975,2.9619673e-04,2.6082912e-02,-9.3576848e-04
0.3025725279908329,0.9996273472263696,0.00028204218381931056,1909.2847325281941,3.1443553e-03,490915,470.99742,463.87805,1.6385903e+05,4.6214722e+01,2.6107688e+03,1.3500468e+01,1.6969792e+05,4.7879814e+01,0,nan,nan,nan,nan,470.99742,2.5821046e-04,463.87805,2.9334251e-04,-2.7310166e-03,-2.4234781e-02
0.30265280930188965,1.0003067927721827,0.00028218333848322943,1903.1499328095051,3.0642466e-03,486498,470.98749,463.86000,1.6391073e+05,4.6241142e+01,2.7512048e+03,1.3527325e+01,1.6982536e+05,4.7907188e+01,0,nan,nan,nan,nan,470.98749,2.5807924e-04,463.86000,2.9356554e-04,-1.3425878e-02,-4.4349164e-02
0.3027622095623883,0.9998008117632345,0.0002848010353891043,1719.1036422097636,-3.0344408e-03,353989,1328.20495,1818.98352,1.5772369e+05,4.5017681e+01,4.6622471e+03,1.1974746e+01,1.6604000e+05,4.7297787e+01,0,nan,nan,nan,nan,1328.20495,2.6151983e-04,1818.98352,2.3199222e-04,2.5296151e-03,6.5729674e-04
0.3030420508248426,1.0001565153411207,0.0002836005266764658,1712.969042051026,-2.9150473e-03,349572,1328.20240,1818.98311,1.5845447e+05,4.4871841e+01,3.7803286e+03,1.1536208e+01,1.6626181e+05,4.7144558e+01,0,nan,nan,nan,nan,1328.20240,2.5916356e-04,1818.98311,2.2920850e-04,-5.6798314e-04,3.0674227e-04
0.3031311190593442,0.9995344478947715,0.0003037417078523894,1762.048171119261,-2.9303581e-03,384909,1042.63104,1775.57223,1.5917808e+05,4.8370728e+01,1.3002866e+04,1.7542513e+01,1.6664888e+05,5.0641792e+01,0,nan,nan,nan,nan,1042.63104,2.8666214e-04,1775.57223,2.5549871e-04,8.4426273e-03,4.2320970e-02
0.3031689304516476,1.0000703085243925,0.00029188991630773014,1755.9133289306533,-3.0530852e-03,380492,1042.60956,1775.56811,1.5916167e+05,4.6439354e+01,5.9008418e+03,1.4375982e+01,1.6658048e+05,4.8619743e+01,0,nan,nan,nan,nan,1042.60956,2.7204023e-04,1775.56811,2.4263417e-04,-1.5924888e-02,3.6975551e-02
0.30335702480351756,1.0001141857292857,0.00029400895835251037,1743.643757025005,-3.1860685e-03,371658,1042.61604,1775.52199,1.5907948e+05,4.6778172e+01,7.1519209e+03,1.5008470e+01,1.6659377e+05,4.8974464e+01,0,nan,nan,nan,nan,1042.61604,2.7454633e-04,1775.52199,2.4592393e-04,-9.1713564e-03,-1.3556314e-02
0.3036792137613702,1.0000330253101415,0.00028232357817577783,1921.5555992139648,3.1829332e-03,499750,471.02563,463.88157,1.6406453e+05,4.6271038e+01,2.6028389e+03,1.3604324e+01,1.6980427e+05,4.7938164e+01,0,nan,nan,nan,nan,471.02563,2.5847432e-04,463.88157,2.9348815e-04,2.7224371e-02,-2.0698991e-02
0.30368500136933074,1.0000726799554835,0.0002839765728589525,1731.3743250015707,-3.1796421e-03,362824,1328.20056,1819.02124,1.5850588e+05,4.4917950e+01,3.9559744e+03,1.1584924e+01,1.6619833e+05,4.7193005e+01,0,nan,nan,nan,nan,1328.20056,2.5925841e-04,1819.02124,2.2884300e-04,-2.6842088e-03,4.1791618e-02
0.30383289368182886,1.0001903758327584,0.00028431562220530756,1915.4208728938852,3.1762228e-03,495333,471.01699,463.89707,1.6388742e+05,4.6609062e+01,3.9618855e+03,1.4269006e+01,1.6987303e+05,4.8288361e+01,0,nan,nan,nan,nan,471.01699,2.6165487e-04,463.89707,2.9710183e-04,1.9849565e-02,-4.4344091e-03
0.3039614304911993,0.9999645367608756,0.00028208713875769363,1909.2861214306945,3.1443695e-03,490916,471.00188,463.87448,1.6395528e+05,4.6222088e+01,2.5960654e+03,1.3500992e+01,1.6975517e+05,4.7887447e+01,0,nan,nan,nan,nan,471.00188,2.5818881e-04,463.87448,2.9315683e-04,1.9101194e-03,-2.7211728e-02
0.304041719486122,0.9998360673344074,0.0002821924750251836,1903.1513217196893,3.0642685e-03,486499,470.98741,463.85793,1.6370967e+05,4.6242607e+01,2.7618313e+03,1.3571286e+01,1.6974531e+05,4.7908703e+01,0,nan,nan,nan,nan,470.98741,2.5851722e-04,463.85793,2.9436674e-04,-1.2877571e-02,-4.6539903e-02
0.3041510750288122,1.00023370384492,0.00028463565244536975,1719.10503107523,-3.0344636e-03,353990,1328.19995,1818.98363,1.5771191e+05,4.4991558e+01,4.6493481e+03,1.1929004e+01,1.6611197e+05,4.7270340e+01,0,nan,nan,nan,nan,1328.19995,2.6116645e-04,1818.98363,2.3170457e-04,-2.9307341e-03,1.3037373e-03
0.3044309074443845,1.0001248357741217,0.00028349497902299816,1712.9704309076456,-2.9150790e-03,349573,1328.20936,1818.98739,1.5852478e+05,4.4854870e+01,3.7771475e+03,1.1439736e+01,1.6625553e+05,4.7126728e+01,0,nan,nan,nan,nan,1328.20936,2.5892508e-04,1818.98739,2.2889144e-04,6.6994056e-03,5.7512545e-03
0.30452003898835756,1.0000813350245208,0.0003038265150813744,1762.04956003919,-2.9303264e-03,384910,1042.63514,1775.57230,1.5932498e+05,4.8384216e+01,1.3005635e+04,1.7531025e+01,1.6674000e+05,5.0655918e+01,0,nan,nan,nan,nan,1042.63514,2.8677113e-04,1775.57230,2.5518410e-04,1.1555644e-02,4.2451423e-02
0.30455784223158844,1.0000348716827738,0.0002919065993304558,1755.9147178424332,-3.0530617e-03,380493,1042.61811,1775.56892,1.5920383e+05,4.6442051e+01,5.8913247e+03,1.4390059e+01,1.6657472e+05,4.8622562e+01,0,nan,nan,nan,nan,1042.61811,2.7178996e-04,1775.56892,2.4247322e-04,-6.9913915e-03,3.8073406e-02
0.3047459212157264,0.9998466072861444,0.00029401700451434727,1743.6451459214172,-3.1860603e-03,371659,1042.61975,1775.51835,1.5918630e+05,4.6779465e+01,7.1452310e+03,1.4962413e+01,1.6654925e+05,4.8975822e+01,0,nan,nan,nan,nan,1042.61975,2.7427133e-04,1775.51835,2.4506456e-04,-5.5128871e-03,-1.6215688e-02
0.3050680999635915,0.9998081140289844,0.000282065369816359,1921.556988100167,3.1829311e-03,499751,471.02981,463.89025,1.6401036e+05,4.6228668e+01,2.6084407e+03,1.3491703e+01,1.6976589e+05,4.7894268e+01,0,nan,nan,nan,nan,471.02981,2.5893169e-04,463.89025,2.9362825e-04,3.2716788e-02,-1.1767460e-02
0.3050738819699742,1.0003968044313176,0.0002838963292101519,1731.3757138821713,-3.1796498e-03,362825,1328.19880,1819.02155,1.5850558e+05,4.4905182e+01,3.9539980e+03,1.1570214e+01,1.6625191e+05,4.7179588e+01,0,nan,nan,nan,nan,1328.19880,2.5916492e-04,1819.02155,2.2878409e-04,-3.7060953e-03,4.2103034e-02
0.3052217861695681,0.9994503469364086,0.0002844149358296009,1915.422261786373,3.1762270e-03,495334,471.00061,463.90485,1.6390150e+05,4.6625278e+01,3.9492708e+03,1.4328041e+01,1.6974711e+05,4.8305164e+01,0,nan,nan,nan,nan,471.00061,2.6282071e-04,463.90485,2.9604216e-04,4.0394170e-03,4.2329966e-03
0.305350332758735,1.000452856860839,0.0002821453089498243,1909.287510332962,3.1443834e-03,490917,470.99886,463.87922,1.6403405e+05,4.6231628e+01,2.6096228e+03,1.3455311e+01,1.6983808e+05,4.7897327e+01,0,nan,nan,nan,nan,470.99886,2.5834597e-04,463.87922,2.9319094e-04,-1.2999873e-03,-2.2880824e-02
0.305430629437069,0.9998154906653423,0.0002823396158385018,1903.1527106296403,3.0642902e-03,486500,470.98495,463.86546,1.6390241e+05,4.6266689e+01,2.7641687e+03,1.3576985e+01,1.6974170e+05,4.7933651e+01,0,nan,nan,nan,nan,470.98495,2.5812440e-04,463.86546,2.9376743e-04,-1.6479297e-02,-3.8733624e-02
0.30553994049546385,1.0001716432520897,0.00028483405977815544,1719.1064199406967,-3.0344864e-03,353991,1328.20818,1818.99382,1.5766250e+05,4.5022942e+01,4.6702021e+03,1.1980102e+01,1.6610173e+05,4.7303314e+01,0,nan,nan,nan,nan,1328.20818,2.6175269e-04,1818.99382,2.3246581e-04,6.3018743e-03,1.1874437e-02
0.30581976429698476,1.0002772520488952,0.0002835037499696564,1712.9718197644982,-2.9151104e-03,349574,1328.20253,1818.98356,1.5841481e+05,4.4855980e+01,3.7917173e+03,1.1478677e+01,1.6627986e+05,4.7127895e+01,0,nan,nan,nan,nan,1328.20253,2.5916740e-04,1818.98356,2.2927356e-04,-3.0645455e-04,7.7558449e-04
0.3059089586843132,1.00032406722705,0.0003037344134430044,1762.050948958886,-2.9302950e-03,384911,1042.63677,1775.57722,1.5934430e+05,4.8369530e+01,1.3015738e+04,1.7526777e+01,1.6678041e+05,5.0640541e+01,0,nan,nan,nan,nan,1042.63677,2.8632555e-04,1775.57722,2.5511213e-04,1.3581934e-02,4.6765786e-02
0.30594675401152926,1.0003193557123902,0.0002918742454422095,1755.9161067542132,-3.0530381e-03,380494,1042.61435,1775.56486,1.5918758e+05,4.6436943e+01,5.8776279e+03,1.4367654e+01,1.6662225e+05,4.8617218e+01,0,nan,nan,nan,nan,1042.61435,2.7186036e-04,1775.56486,2.4260914e-04,-1.0856571e-02,3.3037119e-02
0.3061348173951046,0.9995039299858756,0.00029390163553418697,1743.6465348175966,-3.1860524e-03,371660,1042.61693,1775.52818,1.5905786e+05,4.6761127e+01,7.1403882e+03,1.4961181e+01,1.6649222e+05,4.8956623e+01,0,nan,nan,nan,nan,1042.61693,2.7449903e-04,1775.52818,2.4538956e-04,-8.2927691e-03,-6.9459099e-03
0.306456986399553,0.9997517762325454,0.0002820402032015467,1921.558376986603,3.1829292e-03,499752,471.02808,463.89571,1.6405731e+05,4.6224503e+01,2.5995154e+03,1.3469070e+01,1.6975614e+05,4.7889946e+01,0,nan,nan,nan,nan,471.02808,2.5874705e-04,463.89571,2.9313398e-04,3.0675704e-02,-4.9606403e-03
0.3064627628039037,1.000225586532178,0.0002838286712050022,1731.3771027630053,-3.1796573e-03,362826,1328.19962,1819.02024,1.5849506e+05,4.4894398e+01,3.9440278e+03,1.1532003e+01,1.6622317e+05,4.7168262e+01,0,nan,nan,nan,nan,1328.19962,2.5913210e-04,1819.02024,2.2876708e-04,-4.1726273e-03,4.1195512e-02
0.30661067865776204,1.0003587279443253,0.00028451168776130644,1915.4236506788611,3.1762312e-03,495335,471.02853,463.89709,1.6414528e+05,4.6641071e+01,3.9372471e+03,1.4251990e+01,1.6990116e+05,4.8321529e+01,0,nan,nan,nan,nan,471.02853,2.6174818e-04,463.89709,2.9624335e-04,3.2231189e-02,-3.8913020e-03
0.30673923525841895,1.0000667990457832,0.00028221427818283384,1909.2888992354617,3.1443976e-03,490918,471.00282,463.87668,1.6396895e+05,4.6242928e+01,2.5978254e+03,1.3484463e+01,1.6977256e+05,4.7909039e+01,0,nan,nan,nan,nan,471.00282,2.5828191e-04,463.87668,2.9364924e-04,3.1051405e-03,-2.5380703e-02
0.30681953938756124,1.0002795807030767,0.00028215852404663705,1903.1540995395908,3.0643118e-03,486501,470.99327,463.85673,1.6392766e+05,4.6236977e+01,2.7537068e+03,1.3512901e+01,1.6982038e+05,4.7902874e+01,0,nan,nan,nan,nan,470.99327,2.5827962e-04,463.85673,2.9355666e-04,-7.9663275e-03,-4.8518404e-02
0.30692880572974024,1.0002740057040946,0.00028470493608028034,1719.107808805931,-3.0345095e-03,353992,1328.20185,1818.97775,1.5780245e+05,4.5002552e+01,4.6692236e+03,1.1915537e+01,1.6611881e+05,4.7281891e+01,0,nan,nan,nan,nan,1328.20185,2.6118074e-04,1818.97775,2.3207703e-04,-6.1199942e-04,-5.6597227e-03
0.307208620916526,1.0001592361203684,0.00028349760494782145,1712.9732086211177,-2.9151421e-03,349575,1328.20698,1818.99131,1.5841119e+05,4.4854733e+01,3.7887800e+03,1.1487181e+01,1.6625922e+05,4.7126587e+01,0,nan,nan,nan,nan,1328.20698,2.5897942e-04,1818.99131,2.2919144e-04,4.0435540e-03,9.3057156e-03
0.3072978786130989,0.9996195886317492,0.00030379085356559187,1762.0523378788148,-2.9302633e-03,384912,1042.63225,1775.57087,1.5923208e+05,4.8378494e+01,1.3034792e+04,1.7581879e+01,1.6666288e+05,5.0649925e+01,0,nan,nan,nan,nan,1042.63225,2.8666490e-04,1775.57087,2.5523338e-04,1.0116244e-02,4.0570553e-02
0.30733566579101534,0.9996491801097164,0.0002917716984217595,1755.9174956659926,-3.0530146e-03,380495,1042.61280,1775.56874,1.5905797e+05,4.6420673e+01,5.8611597e+03,1.4368265e+01,1.6651077e+05,4.8600182e+01,0,nan,nan,nan,nan,1042.61280,2.7222859e-04,1775.56874,2.4270448e-04,-1.1953530e-02,3.7397154e-02
0.30752371380822296,1.0003702254764892,0.000294142069943024,1743.6479237140097,-3.1860443e-03,371661,1042.61858,1775.50983,1.5911623e+05,4.6799400e+01,7.1464517e+03,1.5054317e+01,1.6663658e+05,4.8996693e+01,0,nan,nan,nan,nan,1042.61858,2.7446364e-04,1775.50983,2.4561069e-04,-5.9521054e-03,-2.6046075e-02
0.3078458726017743,0.9997051618817195,0.00028209213673422893,1921.5597658728052,3.1829271e-03,499753,471.02141,463.87896,1.6402891e+05,4.6232960e+01,2.5849526e+03,1.3483633e+01,1.6974805e+05,4.7898712e+01,0,nan,nan,nan,nan,471.02141,2.5848966e-04,463.87896,2.9358576e-04,2.3249876e-02,-2.3646941e-02
0.30785164340500126,1.000333316370314,0.00028386318516976773,1731.3784916436064,-3.1796650e-03,362827,1328.20298,1819.02207,1.5850772e+05,4.4899784e+01,3.9621653e+03,1.1535992e+01,1.6624080e+05,4.7173920e+01,0,nan,nan,nan,nan,1328.20298,2.5942462e-04,1819.02207,2.2885621e-04,1.1473451e-04,4.3670315e-02
0.30799957114641074,0.9999189689451742,0.00028457523845540914,1915.4250395713498,3.1762354e-03,495336,471.01529,463.89455,1.6418512e+05,4.6651436e+01,3.9654590e+03,1.4288086e+01,1.6982623e+05,4.8332260e+01,0,nan,nan,nan,nan,471.01529,2.6139212e-04,463.89455,2.9588013e-04,1.7534805e-02,-6.9481367e-03
0.3081281375252729,0.9997870382854807,0.00028189426653941503,1909.2902881377286,3.1444116e-03,490919,471.00004,463.88112,1.6389317e+05,4.6190502e+01,2.5861145e+03,1.3427071e+01,1.6972508e+05,4.7854721e+01,0,nan,nan,nan,nan,471.00004,2.5804408e-04,463.88112,2.9319225e-04,-6.4475293e-04,-2.0708758e-02
0.3082084493375987,0.999887297710766,0.00028218817956613513,1903.1554884495408,3.0643335e-03,486502,470.98739,463.86047,1.6389270e+05,4.6241806e+01,2.7608120e+03,1.3535830e+01,1.6975366e+05,4.7907875e+01,0,nan,nan,nan,nan,470.98739,2.5822673e-04,463.86047,2.9353629e-04,-1.3144670e-02,-4.2938180e-02
0.30831767119684594,1.00024831234151,0.0002847156453298925,1719.109197671398,-3.0345323e-03,353993,1328.20281,1818.97736,1.5782350e+05,4.5004269e+01,4.6637148e+03,1.1911611e+01,1.6611464e+05,4.7283695e+01,0,nan,nan,nan,nan,1328.20281,2.6114707e-04,1818.97736,2.3167880e-04,-4.8133355e-05,-5.5150362e-03
0.3085974775360686,1.0006130105257522,0.0002836937134978204,1712.9745974777372,-2.9151738e-03,349576,1328.20263,1818.98173,1.5859214e+05,4.4885487e+01,3.7906816e+03,1.1490766e+01,1.6633362e+05,4.7158897e+01,0,nan,nan,nan,nan,1328.20263,2.5872441e-04,1818.98173,2.2911541e-04,-7.6323189e-04,-9.7596477e-04
0.30868679854211223,0.9993982367744756,0.00030377761098278956,1762.0537267987438,-2.9302316e-03,384913,1042.63444,1775.57754,1.5910770e+05,4.8376358e+01,1.3071605e+04,1.7570204e+01,1.6662586e+05,5.0647686e+01,0,nan,nan,nan,nan,1042.63444,2.8711528e-04,1775.57754,2.5561426e-04,1.1424656e-02,4.7274336e-02
0.30872457757095617,1.0001447517061366,0.0002918635734441829,1755.9188845777726,-3.0529911e-03,380496,1042.61340,1775.56705,1.5920062e+05,4.6435326e+01,5.8601235e+03,1.4375608e+01,1.6659347e+05,4.8615524e+01,0,nan,nan,nan,nan,1042.61340,2.7187922e-04,1775.56705,2.4255041e-04,-1.1719477e-02,3.5625760e-02
0.3089126102213413,0.9998279443712715,0.0002939767321212725,1743.6493126104228,-3.1860361e-03,371662,1042.61630,1775.53301,1.5902139e+05,4.6773109e+01,7.1403730e+03,1.4992664e+01,1.6654631e+05,4.8969170e+01,0,nan,nan,nan,nan,1042.61630,2.7504974e-04,1775.53301,2.4600854e-04,-8.0905491e-03,-1.5385923e-03
0.3092347590359168,0.9999179017400246,0.0002820602512678445,1921.5611547592393,3.1829253e-03,499754,471.03053,463.88899,1.6410645e+05,4.6227684e+01,2.6000288e+03,1.3453707e+01,1.6978398e+05,4.7893246e+01,0,nan,nan,nan,nan,471.03053,2.5884752e-04,463.88899,2.9308704e-04,3.3182319e-02,-1.2659950e-02
0.30924052400610014,0.9996577080751211,0.00028370501242626074,1731.3798805242075,-3.1796726e-03,362828,1328.20463,1819.02793,1.5820702e+05,4.4874691e+01,3.9590015e+03,1.1563903e+01,1.6612825e+05,4.7147556e+01,0,nan,nan,nan,nan,1328.20463,2.5970183e-04,1819.02793,2.2981587e-04,1.9651805e-03,4.9052708e-02
0.30938846363505945,1.0003512666280105,0.00028443574609049004,1915.4264284638384,3.1762396e-03,495337,471.00688,463.89936,1.6421316e+05,4.6628502e+01,3.9252771e+03,1.4214383e+01,1.6989944e+05,4.8308506e+01,0,nan,nan,nan,nan,471.00688,2.6154646e-04,463.89936,2.9588805e-04,8.9366166e-03,-1.7169750e-03
0.30951703979280865,0.9995720796439082,0.00028196733822179166,1909.291677039996,3.1444256e-03,490920,470.99830,463.87609,1.6386134e+05,4.6202477e+01,2.6013721e+03,1.3467900e+01,1.6968861e+05,4.7867130e+01,0,nan,nan,nan,nan,470.99830,2.5815945e-04,463.87609,2.9337409e-04,-1.9517273e-03,-2.5983104e-02
0.30959735952137635,0.9997982726303768,0.00028201741912302597,1903.1568773597246,3.0643553e-03,486503,470.98621,463.85852,1.6388131e+05,4.6213791e+01,2.7497454e+03,1.3451176e+01,1.6973842e+05,4.7878849e+01,0,nan,nan,nan,nan,470.98621,2.5807053e-04,463.85852,2.9357336e-04,-1.4671214e-02,-4.5738742e-02
0.30970653666349757,1.000053837257376,0.00028481360466356485,1719.1105865368647,-3.0345551e-03,353994,1328.20723,1818.98879,1.5774777e+05,4.5019779e+01,4.6804097e+03,1.1998555e+01,1.6608244e+05,4.7299992e+01,0,nan,nan,nan,nan,1328.20723,2.6127129e-04,1818.98879,2.3190866e-04,4.2760777e-03,7.1008825e-03
0.30998633415560983,1.0002724735109747,0.0002837093970481041,1712.9759863343568,-2.9152054e-03,349577,1328.20976,1818.98577,1.5851931e+05,4.4887688e+01,3.7959209e+03,1.1536267e+01,1.6627598e+05,4.7161213e+01,0,nan,nan,nan,nan,1328.20976,2.5921286e-04,1818.98577,2.2894169e-04,7.3320121e-03,4.1106925e-03
0.3100757182378402,0.9999024755700429,0.0003037670803674689,1762.0551157184395,-2.9302002e-03,384914,1042.63230,1775.56397,1.5923588e+05,4.8374641e+01,1.3097646e+04,1.7536337e+01,1.6670981e+05,5.0645893e+01,0,nan,nan,nan,nan,1042.63230,2.8658265e-04,1775.56397,2.5555401e-04,9.5639396e-03,3.3434995e-02
0.31011348935066996,1.0006964591822016,0.00029214518480228405,1755.9202734895523,-3.0529676e-03,380497,1042.61742,1775.56757,1.5925689e+05,4.6480171e+01,5.8343745e+03,1.4445580e+01,1.6668550e+05,4.8662476e+01,0,nan,nan,nan,nan,1042.61742,2.7173257e-04,1775.56757,2.4279693e-04,-7.7392142e-03,3.6218856e-02
0.31030150640117427,1.0005972607165565,0.0002941921360875976,1743.6507015066027,-3.1860282e-03,371663,1042.61819,1775.51991,1.5920914e+05,4.6807400e+01,7.1362681e+03,1.5004829e+01,1.6667453e+05,4.9005066e+01,0,nan,nan,nan,nan,1042.61819,2.7461004e-04,1775.51991,2.4535559e-04,-7.3684063e-03,-1.4464159e-02
0.310623645470514,1.0000021383515094,0.00028212886614206555,1921.562543645674,3.1829234e-03,499755,471.02665,463.88212,1.6405858e+05,4.6238884e+01,2.6008640e+03,1.3511677e+01,1.6979811e+05,4.7904846e+01,0,nan,nan,nan,nan,471.02665,2.5867255e-04,463.88212,2.9341699e-04,2.8701633e-02,-1.9480370e-02
0.31062940484025603,0.9998762393253411,0.00028385428395599137,1731.3812694050416,-3.1796801e-03,362829,1328.19847,1819.01493,1.5841370e+05,4.4898232e+01,3.9571533e+03,1.1581899e+01,1.6616431e+05,4.7172291e+01,0,nan,nan,nan,nan,1328.19847,2.5930512e-04,1819.01493,2.2938076e-04,-4.7996743e-03,3.4605186e-02
0.31077735612370816,1.000369637403497,0.00028456153366410896,1915.427817356327,3.1762437e-03,495338,471.01734,463.90586,1.6403806e+05,4.6649063e+01,3.9194458e+03,1.4313022e+01,1.6990233e+05,4.8329803e+01,0,nan,nan,nan,nan,471.01734,2.6205846e-04,463.90586,2.9693719e-04,2.0577757e-02,6.3710669e-03
0.31090594229317503,1.0005384696003818,0.0002820524024734603,1909.2930659424965,3.1444398e-03,490921,471.00074,463.88559,1.6401794e+05,4.6216415e+01,2.5841636e+03,1.3463140e+01,1.6985267e+05,4.7881573e+01,0,nan,nan,nan,nan,471.00074,2.5804309e-04,463.88559,2.9309196e-04,8.3115767e-04,-1.5938794e-02
0.3109862694727781,1.0004910366918893,0.0002822320890706484,1903.158266269676,3.0643770e-03,486504,470.98604,463.85299,1.6393097e+05,4.6248936e+01,2.7400544e+03,1.3544765e+01,1.6985592e+05,4.7915264e+01,0,nan,nan,nan,nan,470.98604,2.5802397e-04,463.85299,2.9366204e-04,-1.4818702e-02,-5.2237116e-02
0.31109540212992215,1.0006813707340223,0.00028481649241269294,1719.1119754023312,-3.0345779e-03,353995,1328.20178,1818.97912,1.5779753e+05,4.5020260e+01,4.6642183e+03,1.1984794e+01,1.6618675e+05,4.7300499e+01,0,nan,nan,nan,nan,1328.20178,2.6126453e-04,1818.97912,2.3183350e-04,-1.0852742e-03,-4.0354715e-03
0.31137519077446996,1.0004681058196214,0.00028356859173675524,1712.9773751909756,-2.9152371e-03,349578,1328.20539,1818.98285,1.5851417e+05,4.4865135e+01,3.7838818e+03,1.1445476e+01,1.6630748e+05,4.7137512e+01,0,nan,nan,nan,nan,1328.20539,2.5911658e-04,1818.98285,2.2911404e-04,2.7311037e-03,5.2448083e-04
0.31146463816685355,0.9999102561748655,0.00030370303492982683,1762.0565046383686,-2.9301685e-03,384915,1042.62955,1775.57245,1.5926931e+05,4.8364403e+01,1.3085244e+04,1.7522543e+01,1.6671097e+05,5.0635170e+01,0,nan,nan,nan,nan,1042.62955,2.8655518e-04,1775.57245,2.5529301e-04,6.6724471e-03,4.2233285e-02
0.3115024011303831,0.9998473543085463,0.0002918271120136951,1755.921662401332,-3.0529441e-03,380498,1042.61481,1775.56214,1.5917378e+05,4.6429607e+01,5.8254453e+03,1.4381009e+01,1.6654422e+05,4.8609539e+01,0,nan,nan,nan,nan,1042.61481,2.7182573e-04,1775.56214,2.4262024e-04,-1.0365086e-02,3.0454725e-02
0.3116904028142926,1.0004491973295921,0.0002941258211652779,1743.6520904030158,-3.1860201e-03,371664,1042.61489,1775.52181,1.5918086e+05,4.6796867e+01,7.1226675e+03,1.5005552e+01,1.6664992e+05,4.8994041e+01,0,nan,nan,nan,nan,1042.61489,2.7470078e-04,1775.52181,2.4522733e-04,-1.0480451e-02,-1.2765044e-02
0.31201253167182585,1.0000045429235356,0.0002820175290711748,1921.5639325318753,3.1829213e-03,499756,471.02098,463.88767,1.6414162e+05,4.6220581e+01,2.5780063e+03,1.3428505e+01,1.6979833e+05,4.7885887e+01,0,nan,nan,nan,nan,471.02098,2.5843710e-04,463.88767,2.9308168e-04,2.3061635e-02,-1.4228136e-02
0.31201828544135424,0.9997616819558879,0.000283966852303264,1731.3826582856427,-3.1796878e-03,362830,1328.20185,1819.01790,1.5837305e+05,4.4915966e+01,3.9505859e+03,1.1604088e+01,1.6614502e+05,4.7190926e+01,0,nan,nan,nan,nan,1328.20185,2.5948085e-04,1819.01790,2.2956749e-04,-1.1663315e-03,3.8245134e-02
0.3121662488451875,1.0001526164273942,0.00028444578184379574,1915.4292062490485,3.1762482e-03,495339,471.00551,463.89531,1.6409094e+05,4.6630028e+01,3.9265034e+03,1.4276211e+01,1.6986525e+05,4.8310081e+01,0,nan,nan,nan,nan,471.00551,2.6102964e-04,463.89531,2.9678698e-04,7.4123293e-03,-5.6747342e-03
0.31229484456071077,1.0002591144698052,0.00028202186627424643,1909.294454844764,3.1444537e-03,490922,470.99922,463.86468,1.6395083e+05,4.6211418e+01,2.6032561e+03,1.3450186e+01,1.6980528e+05,4.7876392e+01,0,nan,nan,nan,nan,470.99922,2.5804472e-04,463.86468,2.9352866e-04,-1.1154251e-03,-3.8952976e-02
0.31237517942372506,0.999637320624208,0.0002822750444205986,1903.159655179627,3.0643987e-03,486505,470.98688,463.85847,1.6381897e+05,4.6255947e+01,2.7631504e+03,1.3609000e+01,1.6971086e+05,4.7922523e+01,0,nan,nan,nan,nan,470.98688,2.5812755e-04,463.85847,2.9370000e-04,-1.3920790e-02,-4.6425972e-02
0.3124842675977103,0.999551735409166,0.0002847797448076942,1719.113364267799,-3.0346008e-03,353996,1328.20834,1818.98698,1.5770666e+05,4.5014481e+01,4.6811846e+03,1.1966261e+01,1.6599925e+05,4.7294426e+01,0,nan,nan,nan,nan,1328.20834,2.6145484e-04,1818.98698,2.3154788e-04,5.6764274e-03,5.1751402e-03
0.3127640473933301,1.0007690847773796,0.0002835823367407961,1712.9787640475945,-2.9152688e-03,349579,1328.20242,1818.98232,1.5845242e+05,4.4867031e+01,3.7872468e+03,1.1500053e+01,1.6635648e+05,4.7139507e+01,0,nan,nan,nan,nan,1328.20242,2.5933087e-04,1818.98232,2.2966052e-04,8.3678431e-05,1.5732381e-04
0.31285355809563986,0.9996368895105702,0.0003039021753869401,1762.0578935582973,-2.9301369e-03,384916,1042.63747,1775.56840,1.5926458e+05,4.8396065e+01,1.3099349e+04,1.7569201e+01,1.6666522e+05,5.0668320e+01,0,nan,nan,nan,nan,1042.63747,2.8671441e-04,1775.56840,2.5551542e-04,1.4311072e-02,3.7599470e-02
0.3128913129103239,1.0004549547460748,0.0002918955852655939,1755.923051313112,-3.0529206e-03,380499,1042.61548,1775.57126,1.5925544e+05,4.6440544e+01,5.8244409e+03,1.4351474e+01,1.6664558e+05,4.8620987e+01,0,nan,nan,nan,nan,1042.61548,2.7179555e-04,1775.57126,2.4265901e-04,-9.5114494e-03,4.0021118e-02
0.3130792989943533,1.0002135195261639,0.0002940139918129421,1743.6534792991959,-3.1860122e-03,371665,1042.61497,1775.52717,1.5907128e+05,4.6779095e+01,7.1338384e+03,1.4984569e+01,1.6661073e+05,4.8975430e+01,0,nan,nan,nan,nan,1042.61497,2.7454802e-04,1775.52717,2.4548691e-04,-9.5093148e-03,-7.4971649e-03
0.31340141810619604,0.9995139499224417,0.0002820178976076087,1921.5653214183096,3.1829195e-03,499757,471.02110,463.88929,1.6396448e+05,4.6220592e+01,2.5768579e+03,1.3458749e+01,1.6971484e+05,4.7885899e+01,0,nan,nan,nan,nan,471.02110,2.5909342e-04,463.88929,2.9369412e-04,2.3708904e-02,-1.2093747e-02
0.3134071662752831,1.000014977983138,0.0002838853942337048,1731.3840471664766,-3.1796952e-03,362831,1328.20311,1819.02428,1.5837469e+05,4.4903019e+01,3.9544592e+03,1.1585569e+01,1.6618688e+05,4.7177319e+01,0,nan,nan,nan,nan,1328.20311,2.6012532e-04,1819.02428,2.2911857e-04,7.9628109e-04,4.5538336e-02
0.3135551413329267,1.0000862383736446,0.00028454697974524424,1915.4305951415363,3.1762524e-03,495340,471.01996,463.88718,1.6416381e+05,4.6646549e+01,3.9260762e+03,1.4301060e+01,1.6985375e+05,4.8327202e+01,0,nan,nan,nan,nan,471.01996,2.6131980e-04,463.88718,2.9598270e-04,2.2070697e-02,-1.4853789e-02
0.3136837468282465,1.0003793225895714,0.0002822955376975819,1909.2958437470315,3.1444677e-03,490923,471.00647,463.89402,1.6404414e+05,4.6256268e+01,2.6063564e+03,1.3539430e+01,1.6982570e+05,4.7922859e+01,0,nan,nan,nan,nan,471.00647,2.5869699e-04,463.89402,2.9309839e-04,6.8856473e-03,-5.7762158e-03
0.31376408960704794,1.000387725835726,0.00028220755921867503,1903.1610440898103,3.0644205e-03,486506,470.98759,463.85618,1.6393527e+05,4.6244854e+01,2.7431265e+03,1.3534030e+01,1.6983814e+05,4.7911030e+01,0,nan,nan,nan,nan,470.98759,2.5800065e-04,463.85618,2.9353250e-04,-1.3405764e-02,-4.8151225e-02
0.3138731328326685,0.9998136815761622,0.0002846676081575882,1719.114753133034,-3.0346238e-03,353997,1328.19826,1818.97776,1.5765208e+05,4.4996788e+01,4.6804248e+03,1.1957191e+01,1.6604286e+05,4.7275833e+01,0,nan,nan,nan,nan,1328.19826,2.6133499e-04,1818.97776,2.3216518e-04,-5.0563347e-03,-5.7617221e-03
0.31415290401309903,1.0006199494609271,0.0002835019565616646,1712.9801529042143,-2.9153004e-03,349580,1328.21155,1818.98847,1.5843730e+05,4.4854031e+01,3.7898904e+03,1.1470406e+01,1.6633066e+05,4.7125851e+01,0,nan,nan,nan,nan,1328.21155,2.5908946e-04,1818.98847,2.2975796e-04,9.1219964e-03,6.4390358e-03
0.31424247779159487,0.9999003804432686,0.0003037985559639086,1762.0592824779933,-2.9301054e-03,384917,1042.63336,1775.57588,1.5927466e+05,4.8379505e+01,1.3103292e+04,1.7548283e+01,1.6670895e+05,5.0650986e+01,0,nan,nan,nan,nan,1042.63336,2.8640262e-04,1775.57588,2.5534682e-04,1.0667314e-02,4.6147875e-02
0.31428022468981,1.0001367459564934,0.00029164406417414156,1755.9244402248914,-3.0528971e-03,380500,1042.61789,1775.57058,1.5910292e+05,4.6400570e+01,5.7988989e+03,1.4331697e+01,1.6659273e+05,4.8579136e+01,0,nan,nan,nan,nan,1042.61789,2.7195137e-04,1775.57058,2.4260767e-04,-7.1844994e-03,3.9784428e-02
0.3144681954072439,1.000089399313441,0.0002940971589144183,1743.6548681956087,-3.1860040e-03,371666,1042.61764,1775.52411,1.5916425e+05,4.6792347e+01,7.1190322e+03,1.4988304e+01,1.6659012e+05,4.8989304e+01,0,nan,nan,nan,nan,1042.61764,2.7472820e-04,1775.52411,2.4512148e-04,-7.6721730e-03,-9.9238334e-03
0.31479030430818966,0.9998674503271543,0.0002822418797672282,1921.5667103045116,3.1829174e-03,499758,471.02720,463.88579,1.6409670e+05,4.6257252e+01,2.5905623e+03,1.3546968e+01,1.6977467e+05,4.7923874e+01,0,nan,nan,nan,nan,471.02720,2.5858721e-04,463.88579,2.9318166e-04,2.9393800e-02,-1.5402959e-02
0.3147960468763813,0.9999508549471262,0.00028390712622458684,1731.3854360470777,-3.1797029e-03,362832,1328.19854,1819.01779,1.5850917e+05,4.4906395e+01,3.9539761e+03,1.1564933e+01,1.6617598e+05,4.7180862e+01,0,nan,nan,nan,nan,1328.19854,2.5915657e-04,1819.01779,2.2884330e-04,-4.9062516e-03,3.8234521e-02
0.31494403382066594,0.9999666997717622,0.0002844885181989699,1915.431984034024,3.1762565e-03,495341,471.01492,463.90611,1.6406219e+05,4.6636906e+01,3.9219624e+03,1.4300314e+01,1.6983322e+05,4.8317211e+01,0,nan,nan,nan,nan,471.01492,2.6148837e-04,463.90611,2.9629457e-04,1.7325686e-02,5.8488953e-03
0.31507264909487276,0.9997997775795414,0.0002819662634099615,1909.2972326492982,3.1444817e-03,490924,470.99774,463.86691,1.6384667e+05,4.6202320e+01,2.5937886e+03,1.3431297e+01,1.6972733e+05,4.7866966e+01,0,nan,nan,nan,nan,470.99774,2.5843046e-04,463.86691,2.9343052e-04,-3.1398984e-03,-3.6034893e-02
0.3151529995570854,0.9997768732690676,0.0002823253516751215,1903.1624329997603,3.0644422e-03,486507,470.98648,463.86564,1.6392327e+05,4.6264126e+01,2.7552983e+03,1.3571029e+01,1.6973433e+05,4.7930996e+01,0,nan,nan,nan,nan,470.98648,2.5811643e-04,463.86564,2.9374938e-04,-1.4330366e-02,-3.8136981e-02
0.3152619983000019,0.999578532547225,0.0002847709465080082,1719.1161419985012,-3.0346466e-03,353998,1328.20535,1818.98820,1.5760833e+05,4.5013149e+01,4.6834624e+03,1.1988035e+01,1.6600392e+05,4.7293030e+01,0,nan,nan,nan,nan,1328.20535,2.6142818e-04,1818.98820,2.3223546e-04,3.3406569e-03,5.9662121e-03
0.31554176063264094,0.999896181779869,0.0002835523054073913,1712.9815417608338,-2.9153321e-03,349581,1328.20614,1818.98310,1.5837188e+05,4.4861717e+01,3.7990730e+03,1.1510415e+01,1.6620931e+05,4.7133926e+01,0,nan,nan,nan,nan,1328.20614,2.5969549e-04,1818.98310,2.2920367e-04,4.3124002e-03,6.9552177e-04
0.3156313977206082,0.999916793622376,0.0003040035103736182,1762.0606713979223,-2.9300738e-03,384918,1042.63161,1775.57274,1.5927505e+05,4.8412083e+01,1.3149167e+04,1.7584967e+01,1.6671147e+05,5.0685093e+01,0,nan,nan,nan,nan,1042.63161,2.8648993e-04,1775.57274,2.5563812e-04,8.4155556e-03,4.3372206e-02
0.3156691364697508,0.9996449230284483,0.00029176238456270366,1755.9258291366714,-3.0528735e-03,380501,1042.61416,1775.56803,1.5902880e+05,4.6419441e+01,5.8121968e+03,1.4365123e+01,1.6651095e+05,4.8598892e+01,0,nan,nan,nan,nan,1042.61416,2.7208985e-04,1775.56803,2.4280039e-04,-1.0599728e-02,3.6229949e-02
0.31585709182036226,1.0000297551701007,0.00029395517772608476,1743.6562570920219,-3.1859959e-03,371667,1042.61609,1775.52133,1.5915430e+05,4.6769772e+01,7.1105166e+03,1.4964105e+01,1.6658025e+05,4.8965672e+01,0,nan,nan,nan,nan,1042.61609,2.7430084e-04,1775.52133,2.4505742e-04,-9.8806527e-03,-1.3173706e-02
0.31617919074324163,0.9997633588201323,0.0002821143661224582,1921.5680991909467,3.1829155e-03,499759,471.02061,463.88638,1.6404303e+05,4.6236305e+01,2.6064343e+03,1.3503218e+01,1.6975681e+05,4.7902172e+01,0,nan,nan,nan,nan,471.02061,2.5895319e-04,463.88638,2.9302126e-04,2.2918003e-02,-1.4595114e-02
0.3161849274777072,1.0003562440333498,0.00028407481996571847,1731.386824927679,-3.1797106e-03,362833,1328.20448,1819.02400,1.5843030e+05,4.4932858e+01,3.9533354e+03,1.1640420e+01,1.6624311e+05,4.7208668e+01,0,nan,nan,nan,nan,1328.20448,2.5950480e-04,1819.02400,2.2920096e-04,9.3223149e-04,4.5681152e-02
0.31633292630931464,1.0001899292924772,0.0002842948095044062,1915.4333729265127,3.1762607e-03,495342,471.01474,463.90596,1.6402428e+05,4.6605095e+01,3.9171128e+03,1.4226547e+01,1.6987092e+05,4.8284248e+01,0,nan,nan,nan,nan,471.01474,2.6204583e-04,463.90596,2.9613046e-04,1.6962107e-02,5.2262936e-03
0.31646155159523914,0.9997978183473822,0.0002820294900285249,1909.2986215517985,3.1444959e-03,490925,471.00292,463.88709,1.6395189e+05,4.6212681e+01,2.5958455e+03,1.3420987e+01,1.6972702e+05,4.7877705e+01,0,nan,nan,nan,nan,471.00292,2.5839501e-04,463.88709,2.9333885e-04,2.8754661e-03,-1.4028564e-02
0.3165419095080324,0.9997126880967645,0.00028212963885439576,1903.1638219097113,3.0644638e-03,486508,470.98483,463.85242,1.6379094e+05,4.6232025e+01,2.7697417e+03,1.3540616e+01,1.6972331e+05,4.7897739e+01,0,nan,nan,nan,nan,470.98483,2.5810380e-04,463.85242,2.9397753e-04,-1.6436532e-02,-5.2658785e-02
0.3166508637664265,1.0001984849894907,0.00028474986544013426,1719.1175308639677,-3.0346694e-03,353999,1328.20302,1818.98829,1.5773803e+05,4.5009853e+01,4.6886523e+03,1.1980220e+01,1.6610700e+05,4.7289562e+01,0,nan,nan,nan,nan,1328.20302,2.6140266e-04,1818.98829,2.3151348e-04,3.5926909e-04,5.6685442e-03
0.3169306174843317,0.9997576791656002,0.00028347327228062786,1712.9829306176855,-2.9153635e-03,349582,1328.20218,1818.98849,1.5826328e+05,4.4848930e+01,3.7906306e+03,1.1489537e+01,1.6618525e+05,4.7120491e+01,0,nan,nan,nan,nan,1328.20218,2.5935893e-04,1818.98849,2.2962486e-04,-3.3664933e-04,5.6735761e-03
0.3170203176491668,0.999941930759886,0.0003039287921958139,1762.0620603178509,-2.9300421e-03,384919,1042.63592,1775.57765,1.5925141e+05,4.8400120e+01,1.3126975e+04,1.7562323e+01,1.6671542e+05,5.0672562e+01,0,nan,nan,nan,nan,1042.63592,2.8690355e-04,1775.57765,2.5566336e-04,1.2642456e-02,4.7490146e-02
0.3170580482494646,0.9999477821986291,0.00029182896232078344,1755.927218048451,-3.0528500e-03,380502,1042.61127,1775.56101,1.5911078e+05,4.6430069e+01,5.8081748e+03,1.4367726e+01,1.6656155e+05,4.8610023e+01,0,nan,nan,nan,nan,1042.61127,2.7204354e-04,1775.56101,2.4278394e-04,-1.3858115e-02,2.9640047e-02
0.3172459880001952,0.9993931488595336,0.00029387869827901254,1743.6576459882017,-3.1859879e-03,371668,1042.61502,1775.53128,1.5892150e+05,4.6757626e+01,7.1111079e+03,1.4988990e+01,1.6647428e+05,4.8952953e+01,0,nan,nan,nan,nan,1042.61502,2.7488969e-04,1775.53128,2.4569489e-04,-1.0243496e-02,-3.1863027e-03
0.31756807694546296,1.0003032040982789,0.0002819062919990944,1921.569488077149,3.1829134e-03,499760,471.02756,463.88543,1.6404917e+05,4.6202145e+01,2.5834434e+03,1.3408145e+01,1.6984828e+05,4.7866787e+01,0,nan,nan,nan,nan,471.02756,2.5873986e-04,463.88543,2.9348177e-04,3.0185819e-02,-1.6694887e-02
0.3175738083116354,1.0001304157129165,0.00028389308286412096,1731.388213808513,-3.1797180e-03,362834,1328.20177,1819.02001,1.5853578e+05,4.4904053e+01,3.9605330e+03,1.1539271e+01,1.6620536e+05,4.7178402e+01,0,nan,nan,nan,nan,1328.20177,2.5923376e-04,1819.02001,2.2872706e-04,-1.1882568e-03,4.1427426e-02
0.31772181879796335,1.0000730039131325,0.00028420320277907556,1915.4347618190013,3.1762649e-03,495343,471.01097,463.88346,1.6389567e+05,4.6590012e+01,3.9064873e+03,1.4224640e+01,1.6985084e+05,4.8268627e+01,0,nan,nan,nan,nan,471.01097,2.6191771e-04,463.88346,2.9682528e-04,1.3990260e-02,-1.8793667e-02
0.3178504538627749,1.0002096711150747,0.0002821349845055405,1909.300010454066,3.1445099e-03,490926,470.99861,463.87807,1.6396816e+05,4.6229973e+01,2.6094724e+03,1.3511458e+01,1.6979695e+05,4.7895618e+01,0,nan,nan,nan,nan,470.99861,2.5792184e-04,463.87807,2.9315011e-04,-1.7345551e-03,-2.4186339e-02
0.3179308194598889,1.000299855856885,0.00028228183598617894,1903.1652108196631,3.0644855e-03,486509,470.98962,463.85826,1.6386933e+05,4.6256931e+01,2.7487495e+03,1.3592060e+01,1.6982289e+05,4.7923546e+01,0,nan,nan,nan,nan,470.98962,2.5821477e-04,463.85826,2.9383218e-04,-1.0951901e-02,-4.6323564e-02
0.31803972923285106,1.0004061346626971,0.000284805087243983,1719.118919729434,-3.0346923e-03,354000,1328.20361,1818.98529,1.5778288e+05,4.5018616e+01,4.6856855e+03,1.1979609e+01,1.6614161e+05,4.7298767e+01,0,nan,nan,nan,nan,1328.20361,2.6128127e-04,1818.98529,2.3162024e-04,1.3497148e-03,2.5081334e-03
0.31831947410387296,1.0001758563305585,0.00028360138667569756,1712.984319474305,-2.9153952e-03,349583,1328.20583,1818.98763,1.5851980e+05,4.4868916e+01,3.7949824e+03,1.1480375e+01,1.6625370e+05,4.7141491e+01,0,nan,nan,nan,nan,1328.20583,2.5900608e-04,1818.98763,2.2873792e-04,3.1896317e-03,6.1568315e-03
0.3184092375781802,0.9994967134114371,0.0003038669135255895,1762.0634492377799,-2.9300104e-03,384920,1042.63395,1775.56472,1.5921191e+05,4.8390182e+01,1.3177671e+04,1.7573566e+01,1.6664094e+05,5.0662163e+01,0,nan,nan,nan,nan,1042.63395,2.8665634e-04,1775.56472,2.5560148e-04,1.0730229e-02,3.4808584e-02
0.3184469600291777,1.0001752449630887,0.0002916970715992531,1755.9286069602308,-3.0528265e-03,380503,1042.61592,1775.56696,1.5915341e+05,4.6409134e+01,5.7973022e+03,1.4330688e+01,1.6659959e+05,4.8588100e+01,0,nan,nan,nan,nan,1042.61592,2.7184468e-04,1775.56696,2.4250982e-04,-9.4438391e-03,3.5501946e-02
0.31863488441240406,1.0000991267901147,0.0002939736149557985,1743.659034884614,-3.1859798e-03,371669,1042.61262,1775.51970,1.5909942e+05,4.6772747e+01,7.1158071e+03,1.4981395e+01,1.6659195e+05,4.8968784e+01,0,nan,nan,nan,nan,1042.61262,2.7460384e-04,1775.51970,2.4550981e-04,-1.2823345e-02,-1.5392962e-02
0.31895696338051494,0.9997500492281638,0.0002820480883941558,1921.570876963584,3.1829115e-03,499761,471.02412,463.88603,1.6404495e+05,4.6225334e+01,2.6060781e+03,1.3466656e+01,1.6975417e+05,4.7890808e+01,0,nan,nan,nan,nan,471.02412,2.5855121e-04,463.88603,2.9350392e-04,2.6744585e-02,-1.5051924e-02
0.31896268891273427,1.0001835326277353,0.0002840340960943902,1731.389602689114,-3.1797257e-03,362835,1328.20215,1819.02181,1.5850764e+05,4.4926300e+01,3.9527268e+03,1.1608758e+01,1.6621398e+05,4.7201775e+01,0,nan,nan,nan,nan,1328.20215,2.5932185e-04,1819.02181,2.2890214e-04,-1.5732291e-03,4.2822979e-02
0.3191107112861573,0.9997777148990036,0.00028443472456941317,1915.4361507114895,3.1762691e-03,495344,471.03382,463.89753,1.6411792e+05,4.6627907e+01,3.9224683e+03,1.4250640e+01,1.6980047e+05,4.8307884e+01,0,nan,nan,nan,nan,471.03382,2.6229263e-04,463.89753,2.9601529e-04,3.7754338e-02,-3.7740292e-03
0.3192393561303106,0.9998889804244401,0.00028211856151912995,1909.3013993563336,3.1445238e-03,490927,471.00212,463.88066,1.6396594e+05,4.6227291e+01,2.5990012e+03,1.3514776e+01,1.6974253e+05,4.7892838e+01,0,nan,nan,nan,nan,471.00212,2.5806550e-04,463.88066,2.9307060e-04,2.0697913e-03,-2.1251647e-02
0.3193197296436665,0.9999666778783468,0.00028235273047160154,1903.166599729847,3.0645074e-03,486510,470.98535,463.85493,1.6385044e+05,4.6268517e+01,2.7545618e+03,1.3587897e+01,1.6976620e+05,4.7935547e+01,0,nan,nan,nan,nan,470.98535,2.5810121e-04,463.85493,2.9439040e-04,-1.5926182e-02,-4.9472127e-02
0.31942859469995677,1.0003543103819863,0.0002847184208000719,1719.1203085949012,-3.0347151e-03,354001,1328.20163,1818.98555,1.5772519e+05,4.5004951e+01,4.6909395e+03,1.1956824e+01,1.6613314e+05,4.7284412e+01,0,nan,nan,nan,nan,1328.20163,2.6128977e-04,1818.98555,2.3165898e-04,-1.1217436e-03,3.0831632e-03
0.31970833072432503,1.0011071144418078,0.0002836655691046382,1712.9857083309255,-2.9154269e-03,349584,1328.20905,1818.98572,1.5859630e+05,4.4878792e+01,3.7895042e+03,1.1485600e+01,1.6640745e+05,4.7151863e+01,0,nan,nan,nan,nan,1328.20905,2.5907313e-04,1818.98572,2.2909336e-04,6.4461892e-03,3.4311467e-03
0.3197981572743629,0.9997521228176011,0.00030390783070212033,1762.064838157476,-2.9299790e-03,384921,1042.62689,1775.57666,1.5924631e+05,4.8396614e+01,1.3181533e+04,1.7579470e+01,1.6668322e+05,5.0668896e+01,0,nan,nan,nan,nan,1042.62689,2.8672672e-04,1775.57666,2.5538143e-04,3.6278036e-03,4.6746522e-02
0.31983587180911854,0.9998728150324833,0.0002917270965474342,1755.9299958720107,-3.0528030e-03,380504,1042.61690,1775.56170,1.5916412e+05,4.6413952e+01,5.7872510e+03,1.4341769e+01,1.6654938e+05,4.8593143e+01,0,nan,nan,nan,nan,1042.61690,2.7166581e-04,1775.56170,2.4236192e-04,-8.1485445e-03,3.0534200e-02
0.32002378082483995,1.0003125309602838,0.0002938660814557441,1743.6604237810263,-3.1859716e-03,371670,1042.62011,1775.52557,1.5909697e+05,4.6755657e+01,7.0981890e+03,1.4947996e+01,1.6662756e+05,4.8950893e+01,0,nan,nan,nan,nan,1042.62011,2.7433276e-04,1775.52557,2.4572961e-04,-4.5435852e-03,-9.4390912e-03
0.3203458495822815,1.0000492760859105,0.00028212614725184624,1921.5722658497857,3.1829095e-03,499762,471.02279,463.89078,1.6404583e+05,4.6238075e+01,2.5875159e+03,1.3501559e+01,1.6980478e+05,4.7904011e+01,0,nan,nan,nan,nan,471.02279,2.5872339e-04,463.89078,2.9347080e-04,2.4904124e-02,-9.4205113e-03
0.32035156974598067,1.000394152194173,0.0002839632446087809,1731.3909915699473,-3.1797332e-03,362836,1328.20178,1819.02190,1.5854170e+05,4.4915035e+01,3.9490967e+03,1.1572005e+01,1.6624878e+05,4.7189941e+01,0,nan,nan,nan,nan,1328.20178,2.5916874e-04,1819.02190,2.2876261e-04,-1.5546164e-03,4.3193631e-02
0.320499603774806,0.9999605885202205,0.0002846513477438114,1915.4375396039782,3.1762733e-03,495345,471.01356,463.89999,1.6409380e+05,4.6663357e+01,3.9048442e+03,1.4345477e+01,1.6983131e+05,4.8344612e+01,0,nan,nan,nan,nan,471.01356,2.6146811e-04,463.89999,2.9636381e-04,1.5670504e-02,-3.5378971e-04
0.320628258630677,1.000206567441601,0.00028202819581967854,1909.302788258834,3.1445380e-03,490928,471.00108,463.87172,1.6399078e+05,4.6212486e+01,2.5937339e+03,1.3442201e+01,1.6979647e+05,4.7877499e+01,0,nan,nan,nan,nan,471.00108,2.5804646e-04,463.87172,2.9348346e-04,9.2273700e-04,-3.1134002e-02
0.320708639593704,0.999525650760478,0.0002822683850239171,1903.167988639797,3.0645290e-03,486511,470.99090,463.86550,1.6380966e+05,4.6254665e+01,2.7405884e+03,1.3603615e+01,1.6969122e+05,4.7921200e+01,0,nan,nan,nan,nan,470.99090,2.5835077e-04,463.86550,2.9364432e-04,-9.5118349e-03,-3.7981421e-02
0.3208174601670638,0.9997058743769204,0.00028490773085072216,1719.1216974603683,-3.0347379e-03,354002,1328.20510,1818.98303,1.5776347e+05,4.5034908e+01,4.6922764e+03,1.2044103e+01,1.6602558e+05,4.7315887e+01,0,nan,nan,nan,nan,1328.20510,2.6151273e-04,1818.98303,2.3158971e-04,2.0789374e-03,9.2609978e-04
0.3210971873438663,1.0001703580486914,0.0002836814392689716,1712.987097187545,-2.9154585e-03,349585,1328.20586,1818.98815,1.5852672e+05,4.4881020e+01,3.7909539e+03,1.1483974e+01,1.6625070e+05,4.7154205e+01,0,nan,nan,nan,nan,1328.20586,2.5893335e-04,1818.98815,2.2907564e-04,2.8163702e-03,6.9888961e-03
0.3211870772029215,1.0009084727130653,0.0003041974099411452,1762.0662270774046,-2.9299473e-03,384922,1042.63075,1775.56953,1.5940881e+05,4.8442638e+01,1.3188119e+04,1.7607870e+01,1.6687569e+05,5.0717079e+01,0,nan,nan,nan,nan,1042.63075,2.8672547e-04,1775.56953,2.5572427e-04,6.9370857e-03,3.9275717e-02
0.3212247835886046,1.000029169565581,0.00029178249624834817,1755.9313847837902,-3.0527795e-03,380505,1042.61351,1775.57666,1.5923211e+05,4.6422810e+01,5.7736704e+03,1.4328070e+01,1.6657558e+05,4.8602417e+01,0,nan,nan,nan,nan,1042.61351,2.7173950e-04,1775.57666,2.4239176e-04,-1.1248512e-02,4.6268824e-02
0.3214126770049006,1.0002170979801734,0.00029393398880187037,1743.6618126772064,-3.1859637e-03,371671,1042.61089,1775.52143,1.5914150e+05,4.6766483e+01,7.0873818e+03,1.4962194e+01,1.6661175e+05,4.8962227e+01,0,nan,nan,nan,nan,1042.61089,2.7439653e-04,1775.52143,2.4531208e-04,-1.4782586e-02,-1.3719398e-02
0.321734736016424,0.9993143313823928,0.00028196968078471216,1921.5736547362199,3.1829076e-03,499763,471.02401,463.88585,1.6395927e+05,4.6212383e+01,2.5897468e+03,1.3462689e+01,1.6967980e+05,4.7877388e+01,0,nan,nan,nan,nan,471.02401,2.5865933e-04,463.88585,2.9352249e-04,2.6305061e-02,-1.5735839e-02
0.3217404503463964,0.9995156647903868,0.00028401469926580457,1731.3923804505478,-3.1797409e-03,362837,1328.20269,1819.02150,1.5846311e+05,4.4923122e+01,3.9705127e+03,1.1624346e+01,1.6610259e+05,4.7198441e+01,0,nan,nan,nan,nan,1328.20269,2.5946498e-04,1819.02150,2.2896583e-04,-8.3783088e-05,4.2795300e-02
0.3218884962634547,0.9998260106805016,0.0002846925107425812,1915.4389284964668,3.1762775e-03,495346,471.01098,463.91176,1.6423912e+05,4.6670044e+01,3.9232263e+03,1.4343037e+01,1.6980823e+05,4.8351543e+01,0,nan,nan,nan,nan,471.01098,2.6069672e-04,463.91176,2.9580612e-04,1.2200546e-02,1.1780663e-02
0.32201716089730326,1.000024423572913,0.0002821190150334223,1909.3041771611006,3.1445520e-03,490929,471.00530,463.88740,1.6395036e+05,4.6227375e+01,2.6081558e+03,1.3526995e+01,1.6976556e+05,4.7892925e+01,0,nan,nan,nan,nan,471.00530,2.5805272e-04,463.88740,2.9315270e-04,5.1926221e-03,-1.4417660e-02
0.3220975495439685,0.9997869482666084,0.0002821264603705973,1903.1693775497472,3.0645507e-03,486512,470.99068,463.85534,1.6386225e+05,4.6231377e+01,2.7480752e+03,1.3519644e+01,1.6973547e+05,4.7897072e+01,0,nan,nan,nan,nan,470.99068,2.5836064e-04,463.85534,2.9347820e-04,-9.5959278e-03,-4.9618043e-02
0.3222063254008848,1.0005223577621216,0.0002848255602753092,1719.1230863256021,-3.0347609e-03,354003,1328.20473,1818.98982,1.5784995e+05,4.5021961e+01,4.6888530e+03,1.1961373e+01,1.6616133e+05,4.7302280e+01,0,nan,nan,nan,nan,1328.20473,2.6117996e-04,1818.98982,2.3148424e-04,2.5347325e-03,7.2343186e-03
0.3224860439627264,0.9998738053567343,0.00028368567817989423,1712.988486044164,-2.9154902e-03,349586,1328.20250,1818.98150,1.5831373e+05,4.4881405e+01,3.7971973e+03,1.1571692e+01,1.6620036e+05,4.7154610e+01,0,nan,nan,nan,nan,1328.20250,2.5939650e-04,1818.98150,2.2984542e-04,-7.1895140e-04,-1.0482691e-03
0.32257599713193486,1.0011076604333016,0.00030424369393083895,1762.0676159973336,-2.9299157e-03,384923,1042.63109,1775.57983,1.5947320e+05,4.8449909e+01,1.3220190e+04,1.7620411e+01,1.6690855e+05,5.0724689e+01,0,nan,nan,nan,nan,1042.63109,2.8688114e-04,1775.57983,2.5534065e-04,8.0650020e-03,4.9440518e-02
0.32261369536854545,0.999795331152737,0.0002917090952753406,1755.9327736955702,-3.0527560e-03,380506,1042.61255,1775.56061,1.5911228e+05,4.6411175e+01,5.7738257e+03,1.4347314e+01,1.6653678e+05,4.8590237e+01,0,nan,nan,nan,nan,1042.61255,2.7183414e-04,1775.56061,2.4260099e-04,-1.2255806e-02,2.9227056e-02
0.32280157341801896,0.9995473854371686,0.00029386803446997985,1743.6632015736195,-3.1859556e-03,371672,1042.61907,1775.52399,1.5905178e+05,4.6756012e+01,7.0967788e+03,1.4955253e+01,1.6650027e+05,4.8951263e+01,0,nan,nan,nan,nan,1042.61907,2.7449464e-04,1775.52399,2.4543662e-04,-5.5144895e-03,-1.1580179e-02
0.3231236222186453,0.9999073133899441,0.00028215228807430614,1921.575043622422,3.1829055e-03,499764,471.02793,463.88333,1.6396898e+05,4.6242252e+01,2.6001616e+03,1.3483344e+01,1.6978030e+05,4.7908340e+01,0,nan,nan,nan,nan,471.02793,2.5947340e-04,463.88333,2.9393670e-04,3.0992590e-02,-1.8951442e-02
0.323129331180553,1.000254498923563,0.0002839880442892879,1731.393769331382,-3.1797483e-03,362838,1328.19981,1819.01917,1.5857994e+05,4.4918858e+01,3.9676931e+03,1.1582428e+01,1.6622519e+05,4.7193958e+01,0,nan,nan,nan,nan,1328.19981,2.5906059e-04,1819.01917,2.2862683e-04,-3.8945924e-03,4.0029980e-02
0.32327738875210343,1.0000120351876178,0.000284650511166249,1915.4403173889555,3.1762817e-03,495347,471.01974,463.89411,1.6419539e+05,4.6663105e+01,3.9216592e+03,1.4290838e+01,1.6983961e+05,4.8344349e+01,0,nan,nan,nan,nan,471.01974,2.6127105e-04,463.89411,2.9650572e-04,2.1498069e-02,-6.6323620e-03
0.32340606316438425,1.0001164637490636,0.0002820435809932651,1909.3055660633677,3.1445660e-03,490930,470.99951,463.87624,1.6396789e+05,4.6215019e+01,2.6068484e+03,1.3473019e+01,1.6978122e+05,4.7880123e+01,0,nan,nan,nan,nan,470.99951,2.5802126e-04,463.87624,2.9318524e-04,-1.3881042e-03,-2.6108185e-02
0.32348645949468846,0.9999394432142517,0.0002821713275123615,1903.170766459698,3.0645723e-03,486513,470.98690,463.85538,1.6384295e+05,4.6238697e+01,2.7472168e+03,1.3545986e+01,1.6976125e+05,4.7904655e+01,0,nan,nan,nan,nan,470.98690,2.5828113e-04,463.85538,2.9397360e-04,-1.3231060e-02,-5.0221235e-02
0.3235951908673087,1.0003776028607247,0.0002848025147317044,1719.1244751910685,-3.0347838e-03,354004,1328.20551,1818.98477,1.5781480e+05,4.5018356e+01,4.6787246e+03,1.1966023e+01,1.6613742e+05,4.7298496e+01,0,nan,nan,nan,nan,1328.20551,2.6121203e-04,1818.98477,2.3153643e-04,2.4164976e-03,2.5894989e-03
0.32387490081441717,0.9998857486058051,0.00028355072642605547,1712.9898749010156,-2.9155216e-03,349587,1328.20646,1818.98522,1.5837681e+05,4.4859772e+01,3.8002581e+03,1.1511491e+01,1.6620128e+05,4.7131882e+01,0,nan,nan,nan,nan,1328.20646,2.5923163e-04,1818.98522,2.2957716e-04,4.2612590e-03,2.6558978e-03
0.3239649168276628,1.0000345813436828,0.00030407145413939427,1762.0690049170294,-2.9298842e-03,384924,1042.63218,1775.56881,1.5928592e+05,4.8422363e+01,1.3213288e+04,1.7625614e+01,1.6672927e+05,5.0695858e+01,0,nan,nan,nan,nan,1042.63218,2.8673047e-04,1775.56881,2.5550387e-04,9.2259562e-03,3.8967434e-02
0.32400260714825924,1.0004495025267193,0.00029192780595327546,1755.93416260735,-3.0527324e-03,380507,1042.61474,1775.56508,1.5922216e+05,4.6446018e+01,5.7538667e+03,1.4375019e+01,1.6664591e+05,4.8626713e+01,0,nan,nan,nan,nan,1042.61474,2.7162288e-04,1775.56508,2.4258392e-04,-1.0320561e-02,3.3859085e-02
0.32419046983068256,1.0000623239532471,0.0002939334636050215,1743.6645904700322,-3.1859474e-03,371673,1042.61046,1775.52283,1.5912980e+05,4.6766438e+01,7.0888750e+03,1.4952629e+01,1.6658612e+05,4.8962181e+01,0,nan,nan,nan,nan,1042.61046,2.7448003e-04,1775.52283,2.4540335e-04,-1.5093200e-02,-1.2455391e-02
0.3245125086536973,1.0000224931938202,0.0002822307598782776,1921.5764325088571,3.1829036e-03,499765,471.02048,463.87705,1.6408530e+05,4.6255062e+01,2.5955488e+03,1.3565837e+01,1.6979966e+05,4.7921608e+01,0,nan,nan,nan,nan,471.02048,2.5842316e-04,463.87705,2.9345657e-04,2.2239847e-02,-2.5390869e-02
0.324518211782333,0.9998558369141243,0.0002839758350017436,1731.3951582119837,-3.1797560e-03,362839,1328.20652,1819.02088,1.5856086e+05,4.4916878e+01,3.9814824e+03,1.1571779e+01,1.6615877e+05,4.7191875e+01,0,nan,nan,nan,nan,1328.20652,2.5932159e-04,1819.02088,2.2869841e-04,3.1151497e-03,4.1821282e-02
0.32466628124052443,1.0002843460525697,0.00028461232218716714,1915.4417062814439,3.1762859e-03,495348,471.01070,463.89714,1.6388094e+05,4.6656780e+01,3.8936289e+03,1.4427766e+01,1.6988564e+05,4.8337799e+01,0,nan,nan,nan,nan,471.01070,2.6226681e-04,463.89714,2.9669292e-04,1.3879835e-02,-3.8077154e-03
0.32479496543192,0.9997622515010093,0.0002818374090087745,1909.3069549656352,3.1445799e-03,490931,471.00494,463.87915,1.6386481e+05,4.6181244e+01,2.6051731e+03,1.3399773e+01,1.6972111e+05,4.7845131e+01,0,nan,nan,nan,nan,471.00494,2.5821349e-04,463.87915,2.9326740e-04,4.7789123e-03,-2.2923918e-02
0.3248753696784661,1.0002958783822582,0.00028219447795366177,1903.1721553698817,3.0645942e-03,486514,470.98530,463.85893,1.6392388e+05,4.6242470e+01,2.7471116e+03,1.3533595e+01,1.6982164e+05,4.7908558e+01,0,nan,nan,nan,nan,470.98530,2.5807737e-04,463.85893,2.9360416e-04,-1.5840549e-02,-4.5006659e-02
0.3249840563350975,1.0001450463474386,0.0002847407084217467,1719.1258640565363,-3.0348066e-03,354005,1328.20488,1818.98076,1.5772298e+05,4.5008629e+01,4.7004307e+03,1.1941842e+01,1.6609895e+05,4.7288277e+01,0,nan,nan,nan,nan,1328.20488,2.6148831e-04,1818.98076,2.3182886e-04,2.9651592e-03,-1.6922444e-03
0.3252637574341861,0.9997185005965581,0.00028367956557149774,1712.9912637576354,-2.9155533e-03,349588,1328.20947,1818.98870,1.5842302e+05,4.4879871e+01,3.8001467e+03,1.1524107e+01,1.6617244e+05,4.7152996e+01,0,nan,nan,nan,nan,1328.20947,2.5919708e-04,1818.98870,2.2931521e-04,6.8524750e-03,6.7340373e-03
0.3253538367566762,1.000007272066265,0.00030422045183189667,1762.0703938369584,-2.9298526e-03,384925,1042.63649,1775.56985,1.5933591e+05,4.8445976e+01,1.3237296e+04,1.7640373e+01,1.6672430e+05,5.0720573e+01,0,nan,nan,nan,nan,1042.63649,2.8664974e-04,1775.56985,2.5571577e-04,1.3452114e-02,3.9981361e-02
0.32539151892797236,1.00031995503477,0.0002917962311371149,1755.9355515191296,-3.0527089e-03,380508,1042.61363,1775.56484,1.5917214e+05,4.6425121e+01,5.7601587e+03,1.4358749e+01,1.6662447e+05,4.8604843e+01,0,nan,nan,nan,nan,1042.61363,2.7199546e-04,1775.56484,2.4240850e-04,-1.1615362e-02,3.3634964e-02
0.32557936601097026,1.000796211254316,0.00029414290532931147,1743.6659793662125,-3.1859395e-03,371674,1042.61530,1775.52442,1.5928989e+05,4.6799786e+01,7.0812222e+03,1.4967227e+01,1.6670844e+05,4.8997093e+01,0,nan,nan,nan,nan,1042.61530,2.7423570e-04,1775.52442,2.4526945e-04,-1.0152018e-02,-9.9780578e-03
0.32590139485500913,0.9997336028728285,0.00028198037611716886,1921.5778213950584,3.1829015e-03,499766,471.03244,463.90087,1.6386527e+05,4.6213970e+01,2.5880178e+03,1.3504940e+01,1.6975041e+05,4.7879040e+01,0,nan,nan,nan,nan,471.03244,2.5913739e-04,463.90087,2.9397543e-04,3.5730273e-02,3.4566195e-04
0.3259070926169443,1.0002102128378696,0.0002840986761195016,1731.3965470928183,-3.1797634e-03,362840,1328.20017,1819.02343,1.5851947e+05,4.4936260e+01,3.9731599e+03,1.1610439e+01,1.6621748e+05,4.7212246e+01,0,nan,nan,nan,nan,1328.20017,2.5910637e-04,1819.02343,2.2908102e-04,-3.6250139e-03,4.4015002e-02
0.32605517372849135,0.9998295064335447,0.00028445535444435654,1915.4430951739319,3.1762901e-03,495349,471.01685,463.90406,1.6416405e+05,4.6630989e+01,3.8923127e+03,1.4254617e+01,1.6980817e+05,4.8311077e+01,0,nan,nan,nan,nan,471.01685,2.6088185e-04,463.90406,2.9597382e-04,1.8943286e-02,4.4185044e-03
0.3261838679327411,0.9998270975041486,0.00028195264886839453,1909.308343868136,3.1445941e-03,490932,471.00163,463.88620,1.6391341e+05,4.6200130e+01,2.6019453e+03,1.3441405e+01,1.6973214e+05,4.7864700e+01,0,nan,nan,nan,nan,471.00163,2.5829321e-04,463.88620,2.9309391e-04,1.0873070e-03,-1.4876784e-02
0.32626427962941307,0.9997822794767908,0.0002823812205803108,1903.1735442798326,3.0646159e-03,486515,470.98991,463.85757,1.6384509e+05,4.6273033e+01,2.7504419e+03,1.3601554e+01,1.6973434e+05,4.7940228e+01,0,nan,nan,nan,nan,470.98991,2.5840109e-04,463.85757,2.9402637e-04,-1.0361977e-02,-4.7627673e-02
0.3263729218028857,0.9995645908650994,0.0002848604861649106,1719.1272529220041,-3.0348294e-03,354006,1328.20258,1818.98777,1.5764584e+05,4.5027603e+01,4.7126309e+03,1.2039632e+01,1.6600270e+05,4.7308212e+01,0,nan,nan,nan,nan,1328.20258,2.6184876e-04,1818.98777,2.3175204e-04,-3.5565320e-04,5.5924696e-03
0.32665261405372803,1.0003768794596821,0.0002833976562443345,1712.992652614255,-2.9155849e-03,349589,1328.20670,1818.98363,1.5826744e+05,4.4834988e+01,3.8050991e+03,1.1472857e+01,1.6628081e+05,4.7105839e+01,0,nan,nan,nan,nan,1328.20670,2.5917313e-04,1818.98363,2.2972717e-04,3.6858285e-03,1.1020523e-03
0.32674275668568953,0.9998335579297467,0.00030408821603977856,1762.0717827568874,-2.9298209e-03,384926,1042.63201,1775.57450,1.5925464e+05,4.8424786e+01,1.3246413e+04,1.7619295e+01,1.6669489e+05,5.0698391e+01,0,nan,nan,nan,nan,1042.63201,2.8716680e-04,1775.57450,2.5560672e-04,9.4334874e-03,4.4488225e-02
0.3267804307079132,0.999840743588193,0.0002917301321824087,1755.9369404309095,-3.0526854e-03,380509,1042.61883,1775.57150,1.5910391e+05,4.6414654e+01,5.7474131e+03,1.4390781e+01,1.6654481e+05,4.8593880e+01,0,nan,nan,nan,nan,1042.61883,2.7178021e-04,1775.57150,2.4240770e-04,-6.0636350e-03,4.0173210e-02
0.3269682624238609,0.9998468489186869,0.00029389524470987104,1743.6673682626254,-3.1859314e-03,371675,1042.62129,1775.53038,1.5917372e+05,4.6760399e+01,7.0721582e+03,1.4945344e+01,1.6655038e+05,4.8955864e+01,0,nan,nan,nan,nan,1042.62129,2.7411140e-04,1775.53038,2.4508496e-04,-4.0570381e-03,-4.1094795e-03
0.32729028128960636,0.9997029353455563,0.00028212430826965576,1921.579210281493,3.1828997e-03,499767,471.02013,463.88400,1.6398742e+05,4.6237507e+01,2.5979551e+03,1.3511577e+01,1.6974500e+05,4.7903423e+01,0,nan,nan,nan,nan,471.02013,2.5861108e-04,463.88400,2.9368352e-04,2.1974152e-02,-1.7660493e-02
0.32729597321826953,1.0000422914511728,0.00028395297044741055,1731.3979359734196,-3.1797711e-03,362841,1328.20174,1819.02067,1.5855169e+05,4.4913174e+01,3.9740332e+03,1.1546256e+01,1.6618942e+05,4.7187984e+01,0,nan,nan,nan,nan,1328.20174,2.5926309e-04,1819.02067,2.2870765e-04,-1.8592559e-03,4.1893713e-02
0.32744406621623057,0.9997054005308543,0.00028438372944039343,1915.4444840664196,3.1762943e-03,495350,471.01417,463.89129,1.6391856e+05,4.6619190e+01,3.9033513e+03,1.4302051e+01,1.6978688e+05,4.8298855e+01,0,nan,nan,nan,nan,471.01417,2.6182603e-04,463.89129,2.9655386e-04,1.7021302e-02,-1.0490582e-02
0.32757277020027686,1.0000689483940877,0.0002820024755107023,1909.3097327704036,3.1446081e-03,490933,471.00132,463.87357,1.6398962e+05,4.6208305e+01,2.6142253e+03,1.3450018e+01,1.6977322e+05,4.7873165e+01,0,nan,nan,nan,nan,471.00132,2.5796192e-04,463.87357,2.9316617e-04,1.3946026e-03,-2.8447410e-02
0.32765318958036005,0.9996407360070548,0.0002822222322490537,1903.1749331897836,3.0646375e-03,486516,470.99276,463.86079,1.6379619e+05,4.6246956e+01,2.7482068e+03,1.3592961e+01,1.6971020e+05,4.7913208e+01,0,nan,nan,nan,nan,470.99276,2.5858948e-04,463.86079,2.9386044e-04,-7.7082301e-03,-4.3389533e-02
0.32776178727021976,1.0005660410716557,0.00028487637226778863,1719.1286417874715,-3.0348522e-03,354007,1328.20345,1818.98896,1.5780181e+05,4.5030155e+01,4.7077856e+03,1.1982517e+01,1.6616919e+05,4.7310894e+01,0,nan,nan,nan,nan,1328.20345,2.6136759e-04,1818.98896,2.3142132e-04,6.9948495e-04,7.1969591e-03
0.32804147067258815,1.0003208305437898,0.0002837547471370032,1712.9940414708738,-2.9156166e-03,349590,1328.19912,1818.98165,1.5846927e+05,4.4891193e+01,3.7968884e+03,1.1524468e+01,1.6627042e+05,4.7164890e+01,0,nan,nan,nan,nan,1328.19912,2.5912243e-04,1818.98165,2.2944313e-04,-4.0911920e-03,-1.0347555e-03
0.32813167661424814,0.9997055335436335,0.0003040953930403944,1762.073171676816,-2.9297892e-03,384927,1042.62851,1775.56956,1.5924128e+05,4.8425793e+01,1.3276114e+04,1.7621796e+01,1.6667308e+05,5.0699444e+01,0,nan,nan,nan,nan,1042.62851,2.8688560e-04,1775.56956,2.5573920e-04,5.6289001e-03,3.9592400e-02
0.32816934248739926,0.9997570229231136,0.0002916513448314496,1755.938329342689,-3.0526619e-03,380510,1042.61165,1775.56642,1.5911003e+05,4.6402157e+01,5.7322837e+03,1.4332261e+01,1.6653102e+05,4.8580799e+01,0,nan,nan,nan,nan,1042.61165,2.7189293e-04,1775.56642,2.4250169e-04,-1.3110760e-02,3.5058402e-02
0.3283571588367522,1.0003815482594869,0.00029398822409787217,1743.6687571590383,-3.1859232e-03,371676,1042.61395,1775.51651,1.5909898e+05,4.6775215e+01,7.0823447e+03,1.5009538e+01,1.6663952e+05,4.8971375e+01,0,nan,nan,nan,nan,1042.61395,2.7431737e-04,1775.51651,2.4532163e-04,-1.0607928e-02,-1.8705238e-02
0.3286791674918277,0.9998027531732593,0.00028189747285544623,1921.5805991676953,3.1828976e-03,499768,471.02927,463.88658,1.6388266e+05,4.6200275e+01,2.5892117e+03,1.3449141e+01,1.6976175e+05,4.7864849e+01,0,nan,nan,nan,nan,471.02927,2.5915398e-04,463.88658,2.9387799e-04,3.2293670e-02,-1.4914479e-02
0.3286848540515166,0.9996844618785221,0.000283896400558951,1731.3993248542529,-3.1797786e-03,362842,1328.20173,1819.02394,1.5841088e+05,4.4904186e+01,3.9702871e+03,1.1565391e+01,1.6612981e+05,4.7178543e+01,0,nan,nan,nan,nan,1328.20173,2.5955998e-04,1819.02394,2.2878140e-04,-2.0316080e-03,4.5939546e-02
0.3288329587048793,0.9999251400621806,0.0002844503185186274,1915.4458729589082,3.1762985e-03,495351,471.02075,463.90130,1.6398706e+05,4.6630047e+01,3.9002026e+03,1.4277819e+01,1.6982398e+05,4.8310101e+01,0,nan,nan,nan,nan,471.02075,2.6243407e-04,463.90130,2.9629483e-04,2.4456754e-02,2.0724632e-04
0.3289616724671308,1.00018148165296,0.0002820303514526699,1909.3111216726704,3.1446221e-03,490934,470.99550,463.87530,1.6396011e+05,4.6212883e+01,2.5951646e+03,1.3477378e+01,1.6979234e+05,4.7877907e+01,0,nan,nan,nan,nan,470.99550,2.5792775e-04,463.87530,2.9311600e-04,-5.1444243e-03,-2.7158283e-02
0.32904209953130703,0.9994929276621948,0.0002821438456760488,1903.1763220997345,3.0646592e-03,486517,470.98684,463.86000,1.6383498e+05,4.6234074e+01,2.7494812e+03,1.3530361e+01,1.6968500e+05,4.7899868e+01,0,nan,nan,nan,nan,470.98684,2.5824973e-04,463.86000,2.9349991e-04,-1.4740552e-02,-4.4048328e-02
0.3291506527366437,1.000094171942815,0.0002848214420453276,1719.1300306529379,-3.0348750e-03,354008,1328.20701,1818.98760,1.5774511e+05,4.5021519e+01,4.6937017e+03,1.1961960e+01,1.6609098e+05,4.7301819e+01,0,nan,nan,nan,nan,1328.20701,2.6147053e-04,1818.98760,2.3165549e-04,4.1616657e-03,5.5556986e-03
0.3294303272914476,0.9997225186675858,0.0002834397078318253,1712.9954303274926,-2.9156483e-03,349591,1328.21094,1818.98762,1.5829677e+05,4.4841064e+01,3.7971204e+03,1.1460351e+01,1.6616992e+05,4.7112225e+01,0,nan,nan,nan,nan,1328.21094,2.5940291e-04,1818.98762,2.2954076e-04,8.8894228e-03,5.7762284e-03
0.32952059631043085,0.9994418339832217,0.0003040309352643339,1762.0745605965121,-2.9297578e-03,384928,1042.63367,1775.57044,1.5911381e+05,4.8415379e+01,1.3285848e+04,1.7626211e+01,1.6662861e+05,5.0688541e+01,0,nan,nan,nan,nan,1042.63367,2.8719282e-04,1775.57044,2.5602887e-04,1.1211749e-02,4.0119592e-02
0.3295582542673401,1.00038841581933,0.0002917110174346619,1755.939718254469,-3.0526384e-03,380511,1042.61064,1775.56194,1.5922983e+05,4.6411697e+01,5.7078594e+03,1.4303156e+01,1.6663634e+05,4.8590786e+01,0,nan,nan,nan,nan,1042.61064,2.7155833e-04,1775.56194,2.4252382e-04,-1.5066764e-02,3.0167596e-02
0.32974605524987055,1.0000462513647976,0.00029385151641845767,1743.6701460554514,-3.1859151e-03,371677,1042.61193,1775.52239,1.5906830e+05,4.6753490e+01,7.0752744e+03,1.4952914e+01,1.6658375e+05,4.8948624e+01,0,nan,nan,nan,nan,1042.61193,2.7458431e-04,1775.52239,2.4504267e-04,-1.3070968e-02,-1.2713086e-02
0.3300680539273344,0.999946387713994,0.00028211644114809853,1921.5819880541308,3.1828957e-03,499769,471.02044,463.88169,1.6412792e+05,4.6236111e+01,2.5965989e+03,1.3464123e+01,1.6978594e+05,4.7901974e+01,0,nan,nan,nan,nan,471.02044,2.5838718e-04,463.88169,2.9338614e-04,2.2208381e-02,-1.9710042e-02
0.330073734651933,1.0001313946658472,0.00028395963430322087,1731.4007137348533,-3.1797863e-03,362843,1328.20465,1819.02123,1.5854038e+05,4.4914146e+01,3.9553989e+03,1.1592731e+01,1.6620394e+05,4.7189011e+01,0,nan,nan,nan,nan,1328.20465,2.5929205e-04,1819.02123,2.2859687e-04,1.6293339e-03,4.2778451e-02
0.330221851193528,0.9997642579582036,0.00028450046636742035,1915.447261851397,3.1763026e-03,495352,471.01818,463.89809,1.6418267e+05,4.6638203e+01,3.9102754e+03,1.4228981e+01,1.6979644e+05,4.8318554e+01,0,nan,nan,nan,nan,471.01818,2.6113936e-04,463.89809,2.9627405e-04,2.0464787e-02,-2.6807527e-03
0.3303505747339841,1.0003086176017275,0.00028195010862632787,1909.3125105749373,3.1446361e-03,490935,471.00268,463.87749,1.6392402e+05,4.6199741e+01,2.5879326e+03,1.3436605e+01,1.6981395e+05,4.7864292e+01,0,nan,nan,nan,nan,471.00268,2.5835540e-04,463.87749,2.9337488e-04,2.6339542e-03,-2.4995811e-02
0.33043100971508466,0.9996349058323226,0.00028228406781063395,1903.1777110099183,3.0646811e-03,486518,470.98805,463.86470,1.6384608e+05,4.6257023e+01,2.7578247e+03,1.3605323e+01,1.6970900e+05,4.7923645e+01,0,nan,nan,nan,nan,470.98805,2.5807839e-04,463.86470,2.9366568e-04,-1.2641286e-02,-3.9022032e-02
0.3305395182030676,1.00001510499647,0.00028479098991559653,1719.1314195184043,-3.0348978e-03,354009,1328.20446,1818.98293,1.5769673e+05,4.5016750e+01,4.7112056e+03,1.1985667e+01,1.6607802e+05,4.7296810e+01,0,nan,nan,nan,nan,1328.20446,2.6155933e-04,1818.98293,2.3190505e-04,2.1857361e-03,4.3566950e-04
0.3308191841445026,0.999912427182572,0.00028360449134738337,1712.9968191843457,-2.9156797e-03,349592,1328.20919,1818.99082,1.5843853e+05,4.4866844e+01,3.8059749e+03,1.1489898e+01,1.6620042e+05,4.7139313e+01,0,nan,nan,nan,nan,1328.20919,2.5906580e-04,1818.99082,2.2920570e-04,5.9957891e-03,9.2534507e-03
0.33090951623898945,0.9999263430621499,0.00030418262307198643,1762.0759495164407,-2.9297261e-03,384929,1042.63152,1775.57689,1.5929248e+05,4.8439381e+01,1.3283719e+04,1.7635303e+01,1.6670884e+05,5.0713669e+01,0,nan,nan,nan,nan,1042.63152,2.8710513e-04,1775.57689,2.5571781e-04,8.6042266e-03,4.6971213e-02
0.33094716628011156,0.9999543150857266,0.0002916174751598704,1755.9411071664817,-3.0526146e-03,380512,1042.61498,1775.56750,1.5907577e+05,4.6396862e+01,5.7273867e+03,1.4331352e+01,1.6656420e+05,4.8575249e+01,0,nan,nan,nan,nan,1042.61498,2.7207215e-04,1775.56750,2.4238492e-04,-1.0627470e-02,3.6373783e-02
0.3311349514297035,0.9995440171974795,0.00029395426839163213,1743.6715349516312,-3.1859071e-03,371678,1042.62102,1775.51568,1.5896323e+05,4.6769863e+01,7.0904961e+03,1.4999694e+01,1.6650017e+05,4.8965767e+01,0,nan,nan,nan,nan,1042.62102,2.7442069e-04,1775.51568,2.4595243e-04,-3.1279665e-03,-1.9843733e-02
0.33145694012955573,0.9995695365389637,0.00028205614761859274,1921.583376940333,3.1828936e-03,499770,471.02528,463.89224,1.6404103e+05,4.6226177e+01,2.6049370e+03,1.3473193e+01,1.6972175e+05,4.7891682e+01,0,nan,nan,nan,nan,471.02528,2.5869056e-04,463.89224,2.9324924e-04,2.7140237e-02,-8.6011775e-03
0.3314626154858612,1.0001120415941083,0.00028395421337674216,1731.4021026156872,-3.1797937e-03,362844,1328.19981,1819.01919,1.5852786e+05,4.4913254e+01,3.9663269e+03,1.1570715e+01,1.6620059e+05,4.7188072e+01,0,nan,nan,nan,nan,1328.19981,2.5906178e-04,1819.01919,2.2898614e-04,-4.7026225e-03,3.9691184e-02
0.3316107436821767,1.0001988229064143,0.00028435085532431913,1915.4486507438855,3.1763068e-03,495353,471.01360,463.88915,1.6410147e+05,4.6613621e+01,3.8803850e+03,1.4237023e+01,1.6987002e+05,4.8293087e+01,0,nan,nan,nan,nan,471.01360,2.6111046e-04,463.88915,2.9641835e-04,1.5808031e-02,-1.3064119e-02
0.33173947700061035,1.0000798242415017,0.0002820257823428584,1909.313899477204,3.1446500e-03,490936,470.99903,463.87997,1.6396377e+05,4.6212147e+01,2.5967778e+03,1.3467767e+01,1.6977514e+05,4.7877148e+01,0,nan,nan,nan,nan,470.99903,2.5797152e-04,463.87997,2.9308995e-04,-1.0351816e-03,-2.1413628e-02
0.3318199196655769,0.9995706681191883,0.0002823893284353616,1903.1790999198688,3.0647027e-03,486519,470.98956,463.85902,1.6379656e+05,4.6274246e+01,2.7508228e+03,1.3673535e+01,1.6969798e+05,4.7941483e+01,0,nan,nan,nan,nan,470.98956,2.5826789e-04,463.85902,2.9370384e-04,-1.1706434e-02,-4.5019649e-02
0.33192838367017463,1.0005111218924323,0.0002846652651437265,1719.1328083838714,-3.0349207e-03,354010,1328.20164,1818.98634,1.5758959e+05,4.4996922e+01,4.7177036e+03,1.1977714e+01,1.6616056e+05,4.7275978e+01,0,nan,nan,nan,nan,1328.20164,2.6135278e-04,1818.98634,2.3215845e-04,-1.3812570e-03,2.9213750e-03
0.33220804076495336,1.0000723220068788,0.0002836877963746755,1712.9982080409661,-2.9157114e-03,349593,1328.20395,1818.98492,1.5837102e+05,4.4879738e+01,3.8097144e+03,1.1534468e+01,1.6622592e+05,4.7152855e+01,0,nan,nan,nan,nan,1328.20395,2.5919871e-04,1818.98492,2.2943621e-04,1.1415003e-03,3.2769961e-03
0.3322984361680028,1.0003695126712744,0.0003041617630026129,1762.0773384363697,-2.9296945e-03,384930,1042.63057,1775.57491,1.5933352e+05,4.8435886e+01,1.3335139e+04,1.7610918e+01,1.6678214e+05,5.0710011e+01,0,nan,nan,nan,nan,1042.63057,2.8700125e-04,1775.57491,2.5561370e-04,7.1053337e-03,4.4683672e-02
0.3323360780591429,1.0000906838352042,0.00029159540341599236,1755.9424960782608,-3.0525911e-03,380513,1042.61083,1775.56095,1.5902956e+05,4.6393387e+01,5.7027363e+03,1.4335277e+01,1.6658708e+05,4.8571617e+01,0,nan,nan,nan,nan,1042.61083,2.7190309e-04,1775.56095,2.4282227e-04,-1.3813886e-02,2.8850788e-02
0.33252384784191236,1.0000220148910002,0.0002941164394873761,1743.6729238480434,-3.1858990e-03,371679,1042.61405,1775.53014,1.5898867e+05,4.6795689e+01,7.0913481e+03,1.4997039e+01,1.6657988e+05,4.8992805e+01,0,nan,nan,nan,nan,1042.61405,2.7504127e-04,1775.53014,2.4650790e-04,-9.9526066e-03,-5.0965133e-03
0.3328458263313223,0.9998667295457813,0.00028202740530326194,1921.5847658265347,3.1828915e-03,499771,471.03301,463.88921,1.6405388e+05,4.6221405e+01,2.5906572e+03,1.3452010e+01,1.6977202e+05,4.7886742e+01,0,nan,nan,nan,nan,471.03301,2.5871926e-04,463.88921,2.9335436e-04,3.5602756e-02,-1.1605163e-02
0.3328514960869601,0.9998752480864301,0.00028401267241948646,1731.4034914962883,-3.1798014e-03,362845,1328.20067,1819.02176,1.5850745e+05,4.4922466e+01,3.9675686e+03,1.1582368e+01,1.6616112e+05,4.7197750e+01,0,nan,nan,nan,nan,1328.20067,2.5928469e-04,1819.02176,2.2888168e-04,-2.8580013e-03,4.3110263e-02
0.3329996361708254,1.0002027079401754,0.00028448119545889896,1915.4500396363742,3.1763110e-03,495354,471.01149,463.90169,1.6414386e+05,4.6634930e+01,3.8855513e+03,1.4266761e+01,1.6987047e+05,4.8315163e+01,0,nan,nan,nan,nan,471.01149,2.6120167e-04,463.90169,2.9641052e-04,1.4542873e-02,7.9693412e-04
0.3331283792681461,1.0000878336243082,0.0002820430295009811,1909.3152883794714,3.1446640e-03,490937,470.99738,463.87497,1.6391984e+05,4.6214977e+01,2.6128503e+03,1.3496865e+01,1.6977653e+05,4.7880081e+01,0,nan,nan,nan,nan,470.99738,2.5799041e-04,463.87497,2.9327432e-04,-2.3099701e-03,-2.7371254e-02
0.3332088296156144,1.0000984690877337,0.00028229638272855097,1903.1804888298188,3.0647244e-03,486520,470.98571,463.85157,1.6391883e+05,4.6258987e+01,2.7467942e+03,1.3572762e+01,1.6978748e+05,4.7925674e+01,0,nan,nan,nan,nan,470.98571,2.5806981e-04,463.85157,2.9372491e-04,-1.5458182e-02,-5.4462750e-02
0.33331724913728034,0.9999359561522185,0.0002847899523803978,1719.1341972493385,-3.0349435e-03,354011,1328.20799,1818.98693,1.5767816e+05,4.5016682e+01,4.7073726e+03,1.2012486e+01,1.6606522e+05,4.7296734e+01,0,nan,nan,nan,nan,1328.20799,2.6166288e-04,1818.98693,2.3208748e-04,5.6464369e-03,4.2043710e-03
0.3335968973838135,1.0002228161335365,0.0002836183478119377,1712.999596897585,-2.9157430e-03,349594,1328.20877,1818.98431,1.5848472e+05,4.4868465e+01,3.7972922e+03,1.1486465e+01,1.6624988e+05,4.7141010e+01,0,nan,nan,nan,nan,1328.20877,2.5901062e-04,1818.98431,2.2939911e-04,5.9702233e-03,1.9669246e-03
0.33368735609701616,1.0006903686383253,0.000304458379832491,1762.0787273562987,-2.9296628e-03,384931,1042.63613,1775.56391,1.5937766e+05,4.8482941e+01,1.3353306e+04,1.7684444e+01,1.6683502e+05,5.0759277e+01,0,nan,nan,nan,nan,1042.63613,2.8725297e-04,1775.56391,2.5577919e-04,1.3365927e-02,3.3797108e-02
0.3337249898381742,0.9996726727225602,0.0002915731567284744,1755.9438849900398,-3.0525676e-03,380514,1042.61302,1775.56822,1.5911827e+05,4.6389893e+01,5.7020562e+03,1.4300934e+01,1.6651759e+05,4.8567959e+01,0,nan,nan,nan,nan,1042.61302,2.7165978e-04,1775.56822,2.4246407e-04,-1.2223344e-02,3.6525961e-02
0.3339127442543489,0.9997846101715637,0.00029402549843662884,1743.6743127444558,-3.1858908e-03,371680,1042.61036,1775.52879,1.5904347e+05,4.6781242e+01,7.0963574e+03,1.5019493e+01,1.6654042e+05,4.8977680e+01,0,nan,nan,nan,nan,1042.61036,2.7478675e-04,1775.52879,2.4561500e-04,-1.5546579e-02,-5.6704571e-03
0.3342347127654648,1.000197069630578,0.00028193920229974785,1921.586154712969,3.1828897e-03,499772,471.01510,463.88946,1.6403845e+05,4.6206898e+01,2.5944329e+03,1.3406036e+01,1.6982791e+05,4.7871708e+01,0,nan,nan,nan,nan,471.01510,2.5852353e-04,463.88946,2.9346463e-04,1.7138321e-02,-1.1745945e-02
0.33424037692111597,1.0003417955317022,0.0002841353023877319,1731.4048803771225,-3.1798088e-03,362846,1328.20061,1819.02121,1.5836542e+05,4.4941833e+01,3.9795671e+03,1.1664042e+01,1.6623855e+05,4.7218102e+01,0,nan,nan,nan,nan,1328.20061,2.5989648e-04,1819.02121,2.3018174e-04,-1.6488774e-03,4.1638598e-02
0.33438852865901936,0.9998756104598904,0.0002843851516691862,1915.4514285288624,3.1763152e-03,495355,471.01336,463.89522,1.6399631e+05,4.6619125e+01,3.9149246e+03,1.4251653e+01,1.6981470e+05,4.8298790e+01,0,nan,nan,nan,nan,471.01336,2.6255567e-04,463.89522,2.9615554e-04,1.7099591e-02,-6.2422883e-03
0.33451728176942197,1.000079503516291,0.00028208173023347476,1909.3166772819727,3.1446782e-03,490938,470.99872,463.88550,1.6393844e+05,4.6221329e+01,2.6047053e+03,1.3492953e+01,1.6977514e+05,4.7886658e+01,0,nan,nan,nan,nan,470.99872,2.5816777e-04,463.88550,2.9326067e-04,-8.3762541e-04,-1.5501316e-02
0.33459773956656136,1.0005680802028987,0.0002823812057126244,1903.1818777397698,3.0647460e-03,486521,470.98750,463.86077,1.6400408e+05,4.6272858e+01,2.7573535e+03,1.3591993e+01,1.6986711e+05,4.7940048e+01,0,nan,nan,nan,nan,470.98750,2.5809248e-04,463.86077,2.9339123e-04,-1.3845168e-02,-4.2997010e-02
0.3347061143711013,1.0004877298476709,0.00028476099122843885,1719.1355861145723,-3.0349665e-03,354012,1328.19764,1818.98596,1.5773467e+05,4.5012150e+01,4.7217153e+03,1.1959836e+01,1.6615705e+05,4.7291977e+01,0,nan,nan,nan,nan,1328.19764,2.6146404e-04,1818.98596,2.3170873e-04,-4.9160002e-03,3.1638269e-03
0.33498575423550425,1.0004377867685867,0.0002837058199292974,1713.0009857544367,-2.9157745e-03,349595,1328.20624,1818.98543,1.5850588e+05,4.4882008e+01,3.7947578e+03,1.1504870e+01,1.6628453e+05,4.7155243e+01,0,nan,nan,nan,nan,1328.20624,2.5920625e-04,1818.98543,2.2932891e-04,3.4077268e-03,3.3520556e-03
0.3350762757927441,0.999590356256683,0.00030425998468858206,1762.0801162759944,-2.9296314e-03,384932,1042.63496,1775.58112,1.5920634e+05,4.8451157e+01,1.3347815e+04,1.7694641e+01,1.6665095e+05,5.0725998e+01,0,nan,nan,nan,nan,1042.63496,2.8713353e-04,1775.58112,2.5575788e-04,1.1808855e-02,5.1163957e-02
0.3351139016176603,0.9993569905853119,0.0002916836368691696,1755.9452739018193,-3.0525441e-03,380515,1042.62095,1775.57331,1.5910278e+05,4.6407516e+01,5.6964160e+03,1.4384662e+01,1.6646517e+05,4.8586411e+01,0,nan,nan,nan,nan,1042.62095,2.7165387e-04,1775.57331,2.4232824e-04,-4.2501758e-03,4.2082578e-02
0.33530164066723955,0.9996863543608784,0.00029389556134761863,1743.6757016408687,-3.1858827e-03,371681,1042.61611,1775.52950,1.5903033e+05,4.6760593e+01,7.0801279e+03,1.4952786e+01,1.6652414e+05,4.8956062e+01,0,nan,nan,nan,nan,1042.61611,2.7478201e-04,1775.52950,2.4541462e-04,-9.3093719e-03,-4.8498563e-03
0.33562359896700433,0.9996729411114886,0.00028191619606985805,1921.5875435991704,3.1828876e-03,499773,471.02489,463.88136,1.6401636e+05,4.6203075e+01,2.5854307e+03,1.3416708e+01,1.6973870e+05,4.7867744e+01,0,nan,nan,nan,nan,471.02489,2.5862196e-04,463.88136,2.9348896e-04,2.6621016e-02,-2.0690642e-02
0.3356292575222142,0.9999678300861073,0.00028398859776277086,1731.4062692577236,-3.1798165e-03,362847,1328.20394,1819.02651,1.5853809e+05,4.4918602e+01,3.9777021e+03,1.1591481e+01,1.6617630e+05,4.7193691e+01,0,nan,nan,nan,nan,1328.20394,2.5943271e-04,1819.02651,2.2872360e-04,8.4467139e-04,4.7935564e-02
0.3359061840369577,0.9997603162917293,0.00028207216412233613,1909.3180661842403,3.1446922e-03,490939,471.00382,463.87868,1.6392381e+05,4.6219772e+01,2.5980354e+03,1.3504306e+01,1.6972098e+05,4.7885044e+01,0,nan,nan,nan,nan,471.00382,2.5809210e-04,463.87868,2.9318934e-04,3.6816646e-03,-2.3064323e-02
0.3359866495179631,0.9998928834154851,0.0002822799315018319,1903.1832666497212,3.0647677e-03,486522,470.99000,463.86431,1.6385770e+05,4.6256237e+01,2.7495396e+03,1.3600869e+01,1.6975238e+05,4.7922825e+01,0,nan,nan,nan,nan,470.99000,2.5826533e-04,463.86431,2.9361216e-04,-1.0982139e-02,-3.9249416e-02
0.33609497983820835,1.0003265074562104,0.0002849221441772939,1719.1369749800394,-3.0349893e-03,354013,1328.21202,1818.98378,1.5776006e+05,4.5037678e+01,4.7140015e+03,1.2016015e+01,1.6613045e+05,4.7318794e+01,0,nan,nan,nan,nan,1328.21202,2.6180199e-04,1818.98378,2.3190001e-04,1.0083701e-02,1.5219774e-03
0.3363746108550455,1.000346650174897,0.00028360684815274627,1713.0023746110562,-2.9158061e-03,349596,1328.20744,1818.98435,1.5834259e+05,4.4866058e+01,3.8052012e+03,1.1507776e+01,1.6626831e+05,4.7138489e+01,0,nan,nan,nan,nan,1328.20744,2.5953157e-04,1818.98435,2.3055283e-04,4.9467767e-03,7.7299657e-04
0.3364651957217575,1.0006998294405394,0.0003043505495122527,1762.0815051959235,-2.9295997e-03,384933,1042.63029,1775.57378,1.5941162e+05,4.8465370e+01,1.3359815e+04,1.7660391e+01,1.6683523e+05,5.0740883e+01,0,nan,nan,nan,nan,1042.63029,2.8677535e-04,1775.57378,2.5565948e-04,7.4241608e-03,4.3382581e-02
0.33650281339760113,1.0001096555249092,0.00029152697480295094,1755.9466628135992,-3.0525206e-03,380516,1042.61380,1775.56657,1.5908906e+05,4.6382641e+01,5.7049546e+03,1.4311378e+01,1.6659070e+05,4.8560360e+01,0,nan,nan,nan,nan,1042.61380,2.7159468e-04,1775.56657,2.4236598e-04,-1.1154881e-02,3.5187777e-02
0.33669053684752726,1.0004904360494413,0.0002941035858378013,1743.677090537049,-3.1858748e-03,371682,1042.61495,1775.52192,1.5923433e+05,4.6793713e+01,7.0947915e+03,1.4981473e+01,1.6665817e+05,4.8990738e+01,0,nan,nan,nan,nan,1042.61495,2.7423137e-04,1775.52192,2.4523467e-04,-1.0555544e-02,-1.2478817e-02
0.33701248540137385,1.0003438286646513,0.00028206558150809945,1921.5889324856048,3.1828857e-03,499774,471.02214,463.88366,1.6397678e+05,4.6227505e+01,2.5920605e+03,1.3469074e+01,1.6985241e+05,4.7893055e+01,0,nan,nan,nan,nan,471.02214,2.5923096e-04,463.88366,2.9448455e-04,2.5212003e-02,-1.7706266e-02
0.337018138356143,1.0001390537396433,0.0002839808710814472,1731.4076581385575,-3.1798240e-03,362848,1328.19955,1819.01477,1.5849734e+05,4.4917355e+01,3.9922253e+03,1.1589075e+01,1.6620466e+05,4.7192379e+01,0,nan,nan,nan,nan,1328.19955,2.5916775e-04,1819.01477,2.2944386e-04,-3.6921715e-03,3.4176439e-02
0.3371663138673284,1.000391691862298,0.0002844431011983772,1915.4542063140707,3.1763238e-03,495357,471.00357,463.89400,1.6409556e+05,4.6628506e+01,3.8831794e+03,1.4283178e+01,1.6990192e+05,4.8308510e+01,0,nan,nan,nan,nan,471.00357,2.6162661e-04,463.89400,2.9578593e-04,5.3804563e-03,-6.5311277e-03
0.33729508630358396,1.0001746768499882,0.00028190420498689733,1909.3194550865069,3.1447061e-03,490940,470.99854,463.87756,1.6387994e+05,4.6192253e+01,2.6066558e+03,1.3435675e+01,1.6979136e+05,4.7856537e+01,0,nan,nan,nan,nan,470.99854,2.5820395e-04,463.87756,2.9322543e-04,-1.1185181e-03,-2.4307964e-02
0.33737555946891007,0.9996698068802803,0.00028228324531838625,1903.1846555596721,3.0647893e-03,486523,470.98644,463.85256,1.6382672e+05,4.6256748e+01,2.7336079e+03,1.3591616e+01,1.6971441e+05,4.7923355e+01,0,nan,nan,nan,nan,470.98644,2.5822376e-04,463.85256,2.9397846e-04,-1.4243511e-02,-5.2987654e-02
0.3374838453059965,0.9998118464105188,0.0002847895184208327,1719.1383638455072,-3.0350122e-03,354014,1328.20560,1818.98733,1.5773472e+05,4.5016766e+01,4.7154253e+03,1.1988320e+01,1.6604517e+05,4.7296825e+01,0,nan,nan,nan,nan,1328.20560,2.6141223e-04,1818.98733,2.3158664e-04,3.0770199e-03,4.8310887e-03
0.3377634674748151,1.0003386944679695,0.00028347701121328895,1713.003763467676,-2.9158378e-03,349597,1328.21231,1818.99898,1.5825927e+05,4.4845230e+01,3.8107656e+03,1.1526601e+01,1.6626592e+05,4.7116604e+01,0,nan,nan,nan,nan,1328.21231,2.5962887e-04,1818.99898,2.2962992e-04,1.0873460e-02,1.7454570e-02
0.33785411565054313,1.0005102743164265,0.00030436228109008705,1762.0828941158522,-2.9295681e-03,384934,1042.63026,1775.57246,1.5938327e+05,4.8467026e+01,1.3390257e+04,1.7659128e+01,1.6680289e+05,5.0742615e+01,0,nan,nan,nan,nan,1042.63026,2.8694561e-04,1775.57246,2.5580858e-04,7.5794011e-03,4.2198554e-02
0.33789172517754196,0.9996946826444028,0.00029167688540090135,1755.9480517253792,-3.0524970e-03,380517,1042.61083,1775.55556,1.5917222e+05,4.6406528e+01,5.6879775e+03,1.4330922e+01,1.6652173e+05,4.8585377e+01,0,nan,nan,nan,nan,1042.61083,2.7172401e-04,1775.55556,2.4232868e-04,-1.4631555e-02,2.4056006e-02
0.33807943326019085,0.9998829730824397,0.00029410415587359393,1743.6784794334617,-3.1858666e-03,371683,1042.61785,1775.52016,1.5911477e+05,4.6793831e+01,7.1082026e+03,1.4996451e+01,1.6655708e+05,4.8990860e+01,0,nan,nan,nan,nan,1042.61785,2.7453667e-04,1775.52016,2.4572152e-04,-7.3530730e-03,-1.4746426e-02
0.3384013716035952,1.0000195719372884,0.00028198218422440007,1921.590321371807,3.1828836e-03,499775,471.02988,463.89305,1.6393605e+05,4.6213776e+01,2.6003252e+03,1.3479896e+01,1.6979716e+05,4.7878834e+01,0,nan,nan,nan,nan,471.02988,2.5934994e-04,463.89305,2.9370043e-04,3.3309542e-02,-7.7755302e-03
0.3384070191900719,1.000159218001053,0.0002839669301521651,1731.4090470193914,-3.1798314e-03,362849,1328.19900,1819.02162,1.5851236e+05,4.4915131e+01,3.9869399e+03,1.1585752e+01,1.6620792e+05,4.7190041e+01,0,nan,nan,nan,nan,1328.19900,2.5920427e-04,1819.02162,2.2891699e-04,-5.1851566e-03,4.3192577e-02
0.33855520635597713,1.0001046301301182,0.0002842856860563124,1915.4555952065593,3.1763280e-03,495358,471.02865,463.89342,1.6390942e+05,4.6602650e+01,3.8812859e+03,1.4237322e+01,1.6985295e+05,4.8281715e+01,0,nan,nan,nan,nan,471.02865,2.6190269e-04,463.89342,2.9710471e-04,3.2153621e-02,-7.5682774e-03
0.33868398857066495,1.000213255269927,0.000282149298099125,1909.320843988774,3.1447201e-03,490941,470.99883,463.87543,1.6403939e+05,4.6232422e+01,2.5975356e+03,1.3506640e+01,1.6979794e+05,4.7898151e+01,0,nan,nan,nan,nan,470.99883,2.5788861e-04,463.87543,2.9295747e-04,-1.3901473e-03,-2.6791355e-02
0.33876446965223295,1.0001090569985112,0.0002822681312951544,1903.1860444698555,3.0648112e-03,486524,470.98703,463.85933,1.6395600e+05,4.6254246e+01,2.7247686e+03,1.3542947e+01,1.6978888e+05,4.7920761e+01,0,nan,nan,nan,nan,470.98703,2.5810787e-04,463.85933,2.9346909e-04,-1.4371243e-02,-4.4570524e-02
0.3388727107733306,1.000097422520914,0.0002847750926671277,1719.1397527109746,-3.0350350e-03,354015,1328.20288,1818.98872,1.5773670e+05,4.5014538e+01,4.7351006e+03,1.1978224e+01,1.6609280e+05,4.7294483e+01,0,nan,nan,nan,nan,1328.20288,2.6133718e-04,1818.98872,2.3162825e-04,-3.9587304e-04,7.0604905e-03
0.3391523243265059,0.9998460017000322,0.0002834514402384292,1713.0051523245277,-2.9158692e-03,349598,1328.19786,1818.97612,1.5821645e+05,4.4840900e+01,3.8208850e+03,1.1500426e+01,1.6618294e+05,4.7112049e+01,0,nan,nan,nan,nan,1328.19786,2.5923611e-04,1818.97612,2.3103197e-04,-4.7405283e-03,-8.8097984e-03
0.33924303557932944,0.9995259160846535,0.000304228540390537,1762.084283035781,-2.9295364e-03,384935,1042.63775,1775.57735,1.5917611e+05,4.8445503e+01,1.3397476e+04,1.7672356e+01,1.6663800e+05,5.0720081e+01,0,nan,nan,nan,nan,1042.63775,2.8723676e-04,1775.57735,2.5581438e-04,1.5343809e-02,4.6698738e-02
0.3392806371898587,0.9999214564246707,0.0002917744149914387,1755.9494406373915,-3.0524733e-03,380518,1042.61462,1775.57164,1.5915609e+05,4.6422092e+01,5.6806182e+03,1.4359895e+01,1.6655967e+05,4.8601669e+01,0,nan,nan,nan,nan,1042.61462,2.7173857e-04,1775.57164,2.4253457e-04,-1.0496372e-02,4.0778797e-02
0.3394683296733092,1.0002498987697368,0.00029399271869525324,1743.6798683298748,-3.1858585e-03,371684,1042.61617,1775.52882,1.5923719e+05,4.6776127e+01,7.0734302e+03,1.4955503e+01,1.6661828e+05,4.8972324e+01,0,nan,nan,nan,nan,1042.61617,2.7443079e-04,1775.52882,2.4503871e-04,-9.7760195e-03,-5.4202569e-03
0.3397902580391019,1.0004444683908842,0.00028232622887700335,1921.5917102582425,3.1828817e-03,499776,471.02120,463.88887,1.6421303e+05,4.6270111e+01,2.5916526e+03,1.3489231e+01,1.6986909e+05,4.7937195e+01,0,nan,nan,nan,nan,471.02120,2.5887974e-04,463.88887,2.9318497e-04,2.3209961e-02,-1.2389312e-02
0.3397958997913978,0.9999619389965321,0.00028389646671406394,1731.4104358999928,-3.1798391e-03,362850,1328.21136,1819.03048,1.5846908e+05,4.4903965e+01,3.9727441e+03,1.1566888e+01,1.6617506e+05,4.7178310e+01,0,nan,nan,nan,nan,1328.21136,2.5939869e-04,1819.03048,2.2891426e-04,8.5210977e-03,5.2343518e-02
0.33994409884553534,1.0003946653007882,0.00028428443995133,1915.456984099049,3.1763322e-03,495359,471.01276,463.90886,1.6399308e+05,4.6602383e+01,3.8854160e+03,1.4230628e+01,1.6990202e+05,4.8281441e+01,0,nan,nan,nan,nan,471.01276,2.6226771e-04,463.90886,2.9663366e-04,1.6295031e-02,8.5645607e-03
0.3400728908372912,0.9995028969087089,0.0002819371466517949,1909.3222328910406,3.1447341e-03,490942,470.99671,463.86667,1.6384664e+05,4.6197670e+01,2.5973296e+03,1.3471429e+01,1.6967738e+05,4.7862144e+01,0,nan,nan,nan,nan,470.99671,2.5791573e-04,463.86667,2.9336871e-04,-3.9736875e-03,-3.7203781e-02
0.34015337960227043,0.9997706713826552,0.00028234942574176984,1903.1874333798055,3.0648329e-03,486525,470.98709,463.85702,1.6381195e+05,4.6267540e+01,2.7342400e+03,1.3658417e+01,1.6973133e+05,4.7934536e+01,0,nan,nan,nan,nan,470.98709,2.5826378e-04,463.85702,2.9377695e-04,-1.3832267e-02,-4.7825448e-02
0.3402615762404363,1.0004787940748106,0.0002849043713367292,1719.1411415764417,-3.0350578e-03,354016,1328.20404,1818.98766,1.5787095e+05,4.5035027e+01,4.7131255e+03,1.1999857e+01,1.6615633e+05,4.7316010e+01,0,nan,nan,nan,nan,1328.20404,2.6111884e-04,1818.98766,2.3148753e-04,1.1050570e-03,5.6380532e-03
0.34054118094536534,0.9994634146498721,0.00028347890584700676,1713.0065411811465,-2.9159009e-03,349599,1328.20360,1818.98220,1.5827609e+05,4.4844955e+01,3.8136675e+03,1.1500056e+01,1.6611828e+05,4.7116310e+01,0,nan,nan,nan,nan,1328.20360,2.5920014e-04,1818.98220,2.2945763e-04,9.7881199e-04,-1.6290980e-04
0.34063195527551215,0.9999150674094235,0.00030449396639340294,1762.0856719554772,-2.9295050e-03,384936,1042.63114,1775.56132,1.5929586e+05,4.8487530e+01,1.3409581e+04,1.7690275e+01,1.6670205e+05,5.0764080e+01,0,nan,nan,nan,nan,1042.63114,2.8725207e-04,1775.56132,2.5629124e-04,7.9898238e-03,3.0748097e-02
0.3406695489697995,1.0002410230066072,0.0002917229507140896,1755.9508295491714,-3.0524498e-03,380519,1042.61027,1775.56233,1.5918658e+05,4.6413948e+01,5.6648418e+03,1.4332853e+01,1.6661306e+05,4.8593140e+01,0,nan,nan,nan,nan,1042.61027,2.7155728e-04,1775.56233,2.4246237e-04,-1.4420218e-02,3.1567704e-02
0.34085722608642754,1.000046480580286,0.00029399220694080187,1743.681257226288,-3.1858503e-03,371685,1042.61234,1775.51897,1.5910956e+05,4.6776066e+01,7.0664478e+03,1.4967702e+01,1.6658448e+05,4.8972263e+01,0,nan,nan,nan,nan,1042.61234,2.7437901e-04,1775.51897,2.4539189e-04,-1.3213034e-02,-1.6079787e-02
0.34117914424132323,1.0001283253105,0.00028206304995606575,1921.5930991444447,3.1828796e-03,499777,471.03216,463.89269,1.6409630e+05,4.6226921e+01,2.5972432e+03,1.3460079e+01,1.6981520e+05,4.7892452e+01,0,nan,nan,nan,nan,471.03216,2.5880092e-04,463.89269,2.9300983e-04,3.5137709e-02,-8.3503118e-03
0.341184780625326,0.99985827585965,0.0002839109486403236,1731.4118247808267,-3.1798466e-03,362851,1328.19416,1819.01374,1.5832930e+05,4.4906235e+01,3.9913662e+03,1.1613070e+01,1.6615778e+05,4.7180698e+01,0,nan,nan,nan,nan,1328.19416,2.5986979e-04,1819.01374,2.2970946e-04,-8.8293850e-03,3.2874700e-02
0.34133299133418404,1.0001598003252503,0.0002845236321320493,1915.4583729915375,3.1763364e-03,495360,471.01601,463.89176,1.6426742e+05,4.6641537e+01,3.8622224e+03,1.4274182e+01,1.6986191e+05,4.8322006e+01,0,nan,nan,nan,nan,471.01601,2.6092076e-04,463.89176,2.9585705e-04,1.8139482e-02,-9.0302518e-03
0.3414617931052817,1.0004080287763462,0.000281990746694144,1909.3236217933086,3.1447480e-03,490943,471.00684,463.89252,1.6401081e+05,4.6206459e+01,2.5886748e+03,1.3432442e+01,1.6983106e+05,4.7871254e+01,0,nan,nan,nan,nan,471.00684,2.5807275e-04,463.89252,2.9303471e-04,7.2483388e-03,-7.7064750e-03
0.34154228955276267,0.9997697653992688,0.00028211598814619144,1903.188822289756,3.0648545e-03,486526,470.98850,463.85754,1.6383178e+05,4.6229256e+01,2.7517031e+03,1.3513728e+01,1.6973108e+05,4.7894875e+01,0,nan,nan,nan,nan,470.98850,2.5814891e-04,463.85754,2.9376024e-04,-1.2385994e-02,-4.7496691e-02
0.3416504417068609,1.0001208790037517,0.00028482727581515037,1719.142530441908,-3.0350806e-03,354017,1328.20380,1818.98194,1.5774678e+05,4.5022892e+01,4.7280840e+03,1.1986945e+01,1.6609709e+05,4.7303265e+01,0,nan,nan,nan,nan,1328.20380,2.6157484e-04,1818.98194,2.3184482e-04,1.2737793e-03,-7.8326400e-04
0.3419300375655897,1.000377192590822,0.00028373521356118606,1713.0079300377668,-2.9159326e-03,349600,1328.20603,1818.98889,1.5854181e+05,4.4885208e+01,3.8149099e+03,1.1522767e+01,1.6626908e+05,4.7158604e+01,0,nan,nan,nan,nan,1328.20603,2.5893256e-04,1818.98889,2.2905860e-04,2.9141982e-03,8.0053704e-03
0.34202087520407076,0.9998568231928197,0.00030424301026155424,1762.0870608754058,-2.9294733e-03,384937,1042.63481,1775.57630,1.5922200e+05,4.8447311e+01,1.3401427e+04,1.7658915e+01,1.6669147e+05,5.0721977e+01,0,nan,nan,nan,nan,1042.63481,2.8717614e-04,1775.57630,2.5595020e-04,1.2318011e-02,4.6150278e-02
0.3420584607492856,0.9995445725156499,0.00029135004469514446,1755.952218460951,-3.0524263e-03,380520,1042.61199,1775.56142,1.5897395e+05,4.6354660e+01,5.6643716e+03,1.4266835e+01,1.6649720e+05,4.8531071e+01,0,nan,nan,nan,nan,1042.61199,2.7190990e-04,1775.56142,2.4247610e-04,-1.2242408e-02,2.9821821e-02
0.34224612249909114,0.9997130747122973,0.00029383947235260587,1743.6826461227006,-3.1858422e-03,371686,1042.61502,1775.51813,1.5906684e+05,4.6751793e+01,7.0711016e+03,1.4943066e+01,1.6652905e+05,4.8946850e+01,0,nan,nan,nan,nan,1042.61502,2.7435171e-04,1775.51813,2.4518094e-04,-1.0052975e-02,-1.7168563e-02
0.3425680304430898,1.000023375739773,0.00028206222757511915,1921.5944880306465,3.1828776e-03,499778,471.02111,463.89135,1.6401883e+05,4.6226727e+01,2.5927703e+03,1.3499077e+01,1.6979719e+05,4.7892254e+01,0,nan,nan,nan,nan,471.02111,2.5871486e-04,463.89135,2.9334170e-04,2.3430357e-02,-9.2014670e-03
0.34257366122642485,0.9999204514428441,0.0002838944256222991,1731.4132136614278,-3.1798542e-03,362852,1328.20160,1819.01940,1.5823188e+05,4.4903606e+01,3.9741931e+03,1.1647477e+01,1.6616805e+05,4.7177937e+01,0,nan,nan,nan,nan,1328.20160,2.5990169e-04,1819.01940,2.2984677e-04,-1.4255341e-03,3.9176945e-02
0.34272188382192326,0.999814088052762,0.00028408401829122074,1915.4597618840253,3.1763406e-03,495361,471.01881,463.90530,1.6385266e+05,4.6569412e+01,3.8869204e+03,1.4188430e+01,1.6980298e+05,4.8247284e+01,0,nan,nan,nan,nan,471.01881,2.6188485e-04,463.90530,2.9676358e-04,2.2240588e-02,4.6751890e-03
0.3428506953737269,0.9995904683001419,0.0002819281644804751,1909.325010695577,3.1447620e-03,490944,470.99686,463.87318,1.6385420e+05,4.6196217e+01,2.6107144e+03,1.3456486e+01,1.6969230e+05,4.7860641e+01,0,nan,nan,nan,nan,470.99686,2.5799559e-04,463.87318,2.9339443e-04,-3.9717746e-03,-2.9622035e-02
0.3429311995041644,1.0003987560697358,0.00028227788304832104,1903.1902111997074,3.0648762e-03,486527,470.98749,463.86126,1.6393970e+05,4.6255760e+01,2.7592349e+03,1.3557831e+01,1.6983777e+05,4.7922333e+01,0,nan,nan,nan,nan,470.98749,2.5804114e-04,463.86126,2.9342508e-04,-1.3711614e-02,-4.2890608e-02
0.34303930717328546,1.0006315915230448,0.0002847930306587615,1719.1439193073745,-3.0351034e-03,354018,1328.20721,1818.98763,1.5774867e+05,4.5017532e+01,4.7285366e+03,1.1983335e+01,1.6618212e+05,4.7297634e+01,0,nan,nan,nan,nan,1328.20721,2.6159995e-04,1818.98763,2.3177490e-04,4.8517291e-03,5.5991965e-03
0.3433188944188711,0.9991604167806071,0.0002835021906823465,1713.00931889462,-2.9159640e-03,349601,1328.21000,1818.98802,1.5830806e+05,4.4848057e+01,3.8152795e+03,1.1496356e+01,1.6606577e+05,4.7119572e+01,0,nan,nan,nan,nan,1328.21000,2.5935605e-04,1818.98802,2.2936689e-04,7.8926366e-03,5.9410287e-03
0.3434097951330841,0.9999436758124738,0.00030441070919095826,1762.0884497953348,-2.9294416e-03,384938,1042.63523,1775.57556,1.5924425e+05,4.8473751e+01,1.3443663e+04,1.7678816e+01,1.6670503e+05,5.0749653e+01,0,nan,nan,nan,nan,1042.63523,2.8735923e-04,1775.57556,2.5608620e-04,1.2625695e-02,4.5586951e-02
0.3434473725292264,0.9997595462232063,0.0002916276761068414,1755.9536073727309,-3.0524028e-03,380521,1042.61828,1775.57478,1.5911467e+05,4.6398876e+01,5.6618462e+03,1.4307786e+01,1.6653317e+05,4.8577362e+01,0,nan,nan,nan,nan,1042.61828,2.7160835e-04,1775.57478,2.4252222e-04,-6.4940588e-03,4.4392284e-02
0.34363501867937885,0.9998973113825376,0.0002942290650006495,1743.6840350188809,-3.1858343e-03,371687,1042.61757,1775.52127,1.5927741e+05,4.6813805e+01,7.0758623e+03,1.4975063e+01,1.6655983e+05,4.9011776e+01,0,nan,nan,nan,nan,1042.61757,2.7441880e-04,1775.52127,2.4537780e-04,-8.4079811e-03,-1.3433516e-02
0.3439569168772323,1.0005664869608968,0.00028221525753175264,1921.5958769170807,3.1828757e-03,499779,471.01728,463.88350,1.6416119e+05,4.6251747e+01,2.5736509e+03,1.3531466e+01,1.6988919e+05,4.7918179e+01,0,nan,nan,nan,nan,471.01728,2.5858282e-04,463.88350,2.9307092e-04,1.9494899e-02,-1.8475903e-02
0.34396254206035304,1.0002377314114759,0.00028389604185120247,1731.4146025422617,-3.1798617e-03,362853,1328.20343,1819.02830,1.5840444e+05,4.4903851e+01,3.9880142e+03,1.1568004e+01,1.6622073e+05,4.7178192e+01,0,nan,nan,nan,nan,1328.20343,2.5958955e-04,1819.02830,2.2978806e-04,7.6118932e-04,4.9076311e-02
0.3441107763101172,0.9996197392899847,0.0002843969734507525,1915.4611507765135,3.1763448e-03,495362,471.02342,463.88775,1.6403700e+05,4.6620651e+01,3.8949263e+03,1.4271874e+01,1.6976977e+05,4.8300373e+01,0,nan,nan,nan,nan,471.02342,2.6160813e-04,463.88775,2.9617516e-04,2.6424600e-02,-1.4259720e-02
0.3442395978731838,1.0001871241704337,0.0002820768382252888,1909.3263995980765,3.1447762e-03,490945,471.00375,463.88376,1.6390845e+05,4.6220581e+01,2.6056006e+03,1.3511610e+01,1.6979362e+05,4.7885887e+01,0,nan,nan,nan,nan,471.00375,2.5828727e-04,463.88376,2.9331885e-04,3.6613869e-03,-1.7816456e-02
0.3443201094560209,1.0002597077252198,0.00028238877671580914,1903.1916001096592,3.0648978e-03,486528,470.98767,463.85220,1.6391980e+05,4.6273907e+01,2.7459814e+03,1.3588693e+01,1.6981406e+05,4.7941132e+01,0,nan,nan,nan,nan,470.98767,2.5815918e-04,463.85220,2.9386635e-04,-1.3568593e-02,-5.3130284e-02
0.34442817264039116,1.0006152927608618,0.0002848048093392968,1719.1453081728416,-3.0351263e-03,354019,1328.20459,1818.98623,1.5771275e+05,4.5019455e+01,4.7359790e+03,1.1993787e+01,1.6617962e+05,4.7299652e+01,0,nan,nan,nan,nan,1328.20459,2.6142795e-04,1818.98623,2.3187813e-04,2.2861529e-03,4.4891685e-03
0.3447077510377312,0.9998264142719682,0.0002836842893989927,1713.010707751239,-2.9159957e-03,349602,1328.20373,1818.98443,1.5841030e+05,4.4876572e+01,3.8221863e+03,1.1527374e+01,1.6617539e+05,4.7149529e+01,0,nan,nan,nan,nan,1328.20373,2.5923169e-04,1818.98443,2.2924716e-04,1.0170601e-03,2.0356136e-03
0.34479871506186976,1.0001900462608089,0.00030456041241186735,1762.0898387152636,-2.9294100e-03,384939,1042.63230,1775.57651,1.5935334e+05,4.8497303e+01,1.3446242e+04,1.7719294e+01,1.6674512e+05,5.0774315e+01,0,nan,nan,nan,nan,1042.63230,2.8708644e-04,1775.57651,2.5588705e-04,9.2661185e-03,4.6885319e-02
0.34483628430916724,0.9993529800467379,0.00029154414408452635,1755.9549962845108,-3.0523792e-03,380522,1042.61086,1775.56169,1.5900780e+05,4.6385628e+01,5.6718521e+03,1.4296426e+01,1.6646561e+05,4.8563496e+01,0,nan,nan,nan,nan,1042.61086,2.7199279e-04,1775.56169,2.4270028e-04,-1.3812440e-02,3.0271407e-02
0.3450239150915877,0.9996453557113887,0.0002940537729636594,1743.685423915293,-3.1858261e-03,371688,1042.61741,1775.52485,1.5915053e+05,4.6785946e+01,7.0801064e+03,1.4992435e+01,1.6651795e+05,4.8982605e+01,0,nan,nan,nan,nan,1042.61741,2.7456554e-04,1775.52485,2.4519308e-04,-8.2771583e-03,-9.8010991e-03
0.34534580307899887,0.9998034119889615,0.00028200685688334467,1921.5972658032824,3.1828736e-03,499780,471.02607,463.88014,1.6389917e+05,4.6217541e+01,2.5944802e+03,1.3462656e+01,1.6975942e+05,4.7882736e+01,0,nan,nan,nan,nan,471.02607,2.5923198e-04,463.88014,2.9381900e-04,2.8557638e-02,-2.2132808e-02
0.3453514226609965,1.0007418253924976,0.00028414374079942337,1731.4159914228624,-3.1798694e-03,362854,1328.19978,1819.01952,1.5859452e+05,4.4943027e+01,3.9899050e+03,1.1613661e+01,1.6630447e+05,4.7219349e+01,0,nan,nan,nan,nan,1328.19978,2.5916565e-04,1819.01952,2.2915460e-04,-3.6392801e-03,4.0571492e-02
0.34549966879785643,1.0002265623856452,0.0002844218544099843,1915.4625396690012,3.1763490e-03,495363,471.02049,463.89810,1.6414975e+05,4.6624672e+01,3.8708167e+03,1.4248994e+01,1.6987262e+05,4.8304539e+01,0,nan,nan,nan,nan,471.02049,2.6116933e-04,463.89810,2.9617999e-04,2.2959778e-02,-2.6152709e-03
0.3456285001402648,0.9997232754408197,0.00028192240940556635,1909.3277885003436,3.1447902e-03,490946,470.99952,463.88931,1.6384762e+05,4.6195286e+01,2.6075605e+03,1.3442780e+01,1.6971491e+05,4.7859680e+01,0,nan,nan,nan,nan,470.99952,2.5815758e-04,463.88931,2.9343029e-04,-3.8283473e-04,-1.2093004e-02
0.34570901940605836,1.0006331127066037,0.00028221221326312233,1903.1929890196093,3.0649195e-03,486529,470.98298,463.86236,1.6397534e+05,4.6244949e+01,2.7374238e+03,1.3510732e+01,1.6987734e+05,4.7911133e+01,0,nan,nan,nan,nan,470.98298,2.5811227e-04,463.86236,2.9337150e-04,-1.7862370e-02,-4.1656207e-02
0.3458170381074982,1.0001722184268607,0.00028499901482297697,1719.1466970383087,-3.0351491e-03,354020,1328.20774,1818.98669,1.5776734e+05,4.5050213e+01,4.7385908e+03,1.2015686e+01,1.6610625e+05,4.7331966e+01,0,nan,nan,nan,nan,1328.20774,2.6160813e-04,1818.98669,2.3218049e-04,5.2177454e-03,4.9971309e-03
0.34609660765659134,1.0001569171367988,0.00028377666922450905,1713.0120966078578,-2.9160273e-03,349603,1328.21059,1818.98732,1.5850078e+05,4.4890896e+01,3.8129570e+03,1.1547700e+01,1.6622923e+05,4.7164577e+01,0,nan,nan,nan,nan,1328.21059,2.5938902e-04,1818.98732,2.2911964e-04,9.0682358e-03,5.4533165e-03
0.3461876349906561,0.9997338157078611,0.0003044669869872141,1762.0912276351924,-2.9293783e-03,384940,1042.63395,1775.56983,1.5918670e+05,4.8482132e+01,1.3476062e+04,1.7726601e+01,1.6666806e+05,5.0758430e+01,0,nan,nan,nan,nan,1042.63395,2.8748022e-04,1775.56983,2.5609188e-04,1.1830520e-02,4.0115185e-02
0.34622519632148396,1.000365843237227,0.00029156540240380996,1755.9563851965231,-3.0523555e-03,380523,1042.61547,1775.56747,1.5917559e+05,4.6389057e+01,5.6568052e+03,1.4289178e+01,1.6663448e+05,4.8567081e+01,0,nan,nan,nan,nan,1042.61547,2.7171406e-04,1775.56747,2.4225689e-04,-9.6467808e-03,3.6430653e-02
0.34641281150379655,0.999635589211068,0.00029387780916172477,1743.6868128117053,-3.1858180e-03,371689,1042.62030,1775.51624,1.5908094e+05,4.6757980e+01,7.0731079e+03,1.4958895e+01,1.6651642e+05,4.8953323e+01,0,nan,nan,nan,nan,1042.62030,2.7442534e-04,1775.51624,2.4528379e-04,-4.4984436e-03,-1.9478984e-02
0.3467346892809925,0.9999642637005792,0.00028196584240306756,1921.5986546894844,3.1828715e-03,499781,471.02739,463.89662,1.6390645e+05,4.6210766e+01,2.5923677e+03,1.3482984e+01,1.6978653e+05,4.7875713e+01,0,nan,nan,nan,nan,471.02739,2.5920026e-04,463.89662,2.9360314e-04,3.0515393e-02,-4.3754322e-03
0.34674030349424356,0.9999388105290908,0.00028398633823700385,1731.4173803036956,-3.1798768e-03,362855,1328.20022,1819.01810,1.5841741e+05,4.4918118e+01,3.9918071e+03,1.1626459e+01,1.6617100e+05,4.7193184e+01,0,nan,nan,nan,nan,1328.20022,2.5946487e-04,1819.01810,2.2946413e-04,-2.4925175e-03,3.7839990e-02
0.34688856128650514,0.9994569508923475,0.00028377781981521813,1915.4639285614899,3.1763532e-03,495364,471.00771,463.89508,1.6332639e+05,4.6519043e+01,3.8648865e+03,1.4212220e+01,1.6974170e+05,4.8195103e+01,0,nan,nan,nan,nan,471.00771,2.6283215e-04,463.89508,2.9824092e-04,1.0960510e-02,-6.4299405e-03
0.34701740240689105,0.9998285449608597,0.0002820173134126178,1909.3291774026102,3.1448042e-03,490947,471.00033,463.88571,1.6392678e+05,4.6210846e+01,2.5920435e+03,1.3462307e+01,1.6973281e+05,4.7875801e+01,0,nan,nan,nan,nan,471.00033,2.5830339e-04,463.88571,2.9314376e-04,6.6198758e-04,-1.6002875e-02
0.3470979295889265,0.9997520694350127,0.00028239835129234634,1903.1943779297922,3.0649414e-03,486530,470.98590,463.85657,1.6383752e+05,4.6275421e+01,2.7510042e+03,1.3651443e+01,1.6972769e+05,4.7942703e+01,0,nan,nan,nan,nan,470.98590,2.5818040e-04,463.85657,2.9381461e-04,-1.4672188e-02,-4.8108257e-02
0.3472059035741498,1.0001373291210287,0.0002850406515674149,1719.1480859037754,-3.0351719e-03,354021,1328.20545,1818.98441,1.5781642e+05,4.5056858e+01,4.7393813e+03,1.1999272e+01,1.6610067e+05,4.7338943e+01,0,nan,nan,nan,nan,1328.20545,2.6138735e-04,1818.98441,2.3207538e-04,2.6457771e-03,1.8716755e-03
0.3474854645089632,1.0000479464371268,0.0002835929290291998,1713.0134854647101,-2.9160588e-03,349604,1328.20009,1818.98596,1.5844000e+05,4.4861534e+01,3.8147083e+03,1.1458915e+01,1.6621005e+05,4.7133732e+01,0,nan,nan,nan,nan,1328.20009,2.5909601e-04,1818.98596,2.2905986e-04,-2.7539260e-03,4.2063389e-03
0.3475765546868388,1.0000583192762504,0.0003044299444452932,1762.0926165548885,-2.9293469e-03,384941,1042.62990,1775.56813,1.5925884e+05,4.8475925e+01,1.3487984e+04,1.7698769e+01,1.6672108e+05,5.0751930e+01,0,nan,nan,nan,nan,1042.62990,2.8733900e-04,1775.56813,2.5603248e-04,7.1430816e-03,3.7990008e-02
0.3476141081014248,0.9998701222136981,0.00029152502686438436,1755.957774108303,-3.0523320e-03,380524,1042.60842,1775.56514,1.5894859e+05,4.6382675e+01,5.6686177e+03,1.4350859e+01,1.6655206e+05,4.8560402e+01,0,nan,nan,nan,nan,1042.60842,2.7196680e-04,1775.56514,2.4261067e-04,-1.6462898e-02,3.3746775e-02
0.3478017079169149,1.0006017564085954,0.0002938894478147862,1743.6882017081184,-3.1858098e-03,371690,1042.60963,1775.53212,1.5921058e+05,4.6759853e+01,7.0684141e+03,1.4937070e+01,1.6667747e+05,4.8955292e+01,0,nan,nan,nan,nan,1042.60963,2.7425966e-04,1775.53212,2.4500248e-04,-1.6138159e-02,-1.9622261e-03
0.3481235757158174,0.9998516959291991,0.0002821750199506315,1921.6000435759192,3.1828696e-03,499782,471.02349,463.88534,1.6398783e+05,4.6244987e+01,2.5935781e+03,1.3502969e+01,1.6976720e+05,4.7911171e+01,0,nan,nan,nan,nan,471.02349,2.5907732e-04,463.88534,2.9407899e-04,2.5611755e-02,-1.6298557e-02
0.3481291843281724,1.000337308297154,0.0002841234060648501,1731.4187691845295,-3.1798843e-03,362856,1328.20070,1819.02206,1.5860153e+05,4.4939800e+01,3.9867588e+03,1.1641560e+01,1.6623722e+05,4.7215958e+01,0,nan,nan,nan,nan,1328.20070,2.5915800e-04,1819.02206,2.2859090e-04,-2.7282059e-03,4.3521259e-02
0.3482774537756086,1.000065259412492,0.00028427144569635775,1915.465317453979,3.1763574e-03,495365,471.01444,463.89727,1.6395189e+05,4.6599907e+01,3.8750168e+03,1.4217729e+01,1.6984481e+05,4.8278877e+01,0,nan,nan,nan,nan,471.01444,2.6181765e-04,463.89727,2.9640229e-04,1.7365988e-02,-4.0917625e-03
0.3484063046744268,0.9997901293600632,0.000281879009974316,1909.3305663048777,3.1448181e-03,490948,470.99885,463.87487,1.6387038e+05,4.6188194e+01,2.6060464e+03,1.3428708e+01,1.6972633e+05,4.7852333e+01,0,nan,nan,nan,nan,470.99885,2.5806759e-04,463.87487,2.9326061e-04,-1.1307062e-03,-2.7498513e-02
0.34848683953987347,0.9997812975714949,0.0002821498836546576,1903.195766839743,3.0649630e-03,486531,470.98529,463.85571,1.6386277e+05,4.6234680e+01,2.7510901e+03,1.3517053e+01,1.6973255e+05,4.7900494e+01,0,nan,nan,nan,nan,470.98529,2.5807283e-04,463.85571,2.9379566e-04,-1.5677709e-02,-4.9082864e-02
0.3485947690412555,1.0001398030699913,0.00028486691973640275,1719.1494747692425,-3.0351947e-03,354022,1328.20454,1818.98969,1.5766197e+05,4.5029453e+01,4.7274326e+03,1.2012540e+01,1.6610131e+05,4.7310154e+01,0,nan,nan,nan,nan,1328.20454,2.6174955e-04,1818.98969,2.3202268e-04,2.1161304e-03,7.3060393e-03
0.34887432112873284,1.0000619557410964,0.00028387351510339215,1713.01487432133,-2.9160904e-03,349605,1328.20681,1818.98182,1.5854184e+05,4.4905628e+01,3.8200547e+03,1.1564296e+01,1.6621130e+05,4.7180061e+01,0,nan,nan,nan,nan,1328.20681,2.5897133e-04,1818.98182,2.2909537e-04,4.0123938e-03,-3.3087929e-04
0.3490030198811386,0.9996169044394341,0.00029149672843063664,1755.9591630200828,-3.0523085e-03,380525,1042.61543,1775.56838,1.5907389e+05,4.6378216e+01,5.6341450e+03,1.4295048e+01,1.6651005e+05,4.8555733e+01,0,nan,nan,nan,nan,1042.61543,2.7197629e-04,1775.56838,2.4227855e-04,-9.8168189e-03,3.7044480e-02
0.3491906043295785,0.9998140061623861,0.0002939637932729424,1743.689590604531,-3.1858017e-03,371691,1042.61624,1775.52257,1.5906669e+05,4.6771713e+01,7.0675171e+03,1.4988220e+01,1.6654634e+05,4.8967705e+01,0,nan,nan,nan,nan,1042.61624,2.7450587e-04,1775.52257,2.4530618e-04,-9.5061790e-03,-1.1767942e-02
0.349512461917584,0.9997729283841786,0.00028187176575443377,1921.601432462121,3.1828675e-03,499783,471.02170,463.88639,1.6389805e+05,4.6195229e+01,2.5902124e+03,1.3433197e+01,1.6975362e+05,4.7859619e+01,0,nan,nan,nan,nan,471.02170,2.5920160e-04,463.88639,2.9374569e-04,2.4443019e-02,-1.4935862e-02
0.3495180649299531,1.0002728491919524,0.00028402299825187573,1731.4201580651313,-3.1798920e-03,362857,1328.20853,1819.03068,1.5856844e+05,4.4923908e+01,3.9955183e+03,1.1577342e+01,1.6622650e+05,4.7199268e+01,0,nan,nan,nan,nan,1328.20853,2.5925858e-04,1819.03068,2.2874771e-04,4.7055744e-03,5.2378193e-02
0.3496663462642573,1.0004010444738565,0.00028438705331623705,1915.4667063464676,3.1763616e-03,495366,471.02631,463.89500,1.6412916e+05,4.6618801e+01,3.8624487e+03,1.4250440e+01,1.6990162e+05,4.8298454e+01,0,nan,nan,nan,nan,471.02631,2.6154128e-04,463.89500,2.9596654e-04,2.9179836e-02,-6.4216503e-03
0.34979520694287203,0.9997569566404982,0.0002819575516653139,1909.3319552071462,3.1448321e-03,490949,471.00011,463.87305,1.6376789e+05,4.6201077e+01,2.5953508e+03,1.3495165e+01,1.6972073e+05,4.7865677e+01,0,nan,nan,nan,nan,471.00011,2.5836047e-04,463.87305,2.9373498e-04,-2.1986908e-04,-2.9971240e-02
0.34987574949172995,0.9999303476201961,0.000282202056392749,1903.197155749695,3.0649847e-03,486532,470.98902,463.86011,1.6382328e+05,4.6243210e+01,2.7490530e+03,1.3535580e+01,1.6975777e+05,4.7909328e+01,0,nan,nan,nan,nan,470.98902,2.5843128e-04,463.86011,2.9398920e-04,-1.1753924e-02,-4.4354424e-02
0.34998363450904435,1.0001125601851042,0.00028479158970706996,1719.1508636347103,-3.0352175e-03,354023,1328.20298,1818.98566,1.5773078e+05,4.5017605e+01,4.7387993e+03,1.1981027e+01,1.6609702e+05,4.7297710e+01,0,nan,nan,nan,nan,1328.20298,2.6142606e-04,1818.98566,2.3185724e-04,2.7650851e-04,3.4039209e-03
0.3502631779804236,0.9999445257396526,0.00028366780862507215,1713.0162631781816,-2.9161219e-03,349606,1328.20815,1818.99256,1.5846048e+05,4.4872795e+01,3.8177122e+03,1.1520185e+01,1.6619069e+05,4.7145565e+01,0,nan,nan,nan,nan,1328.20815,2.5907409e-04,1818.99256,2.2890318e-04,5.6112851e-03,1.1201849e-02
0.3503919316608517,0.9998967252456189,0.0002915031179533149,1755.9605519318625,-3.0522849e-03,380526,1042.62110,1775.56902,1.5907189e+05,4.6379272e+01,5.6373486e+03,1.4291197e+01,1.6655681e+05,4.8556843e+01,0,nan,nan,nan,nan,1042.62110,2.7176543e-04,1775.56902,2.4256734e-04,-4.1437787e-03,3.8094409e-02
0.35057950074269684,1.000149867739826,0.00029382707695152033,1743.6909795009442,-3.1857935e-03,371692,1042.61538,1775.52497,1.5914314e+05,4.6749992e+01,7.0644849e+03,1.4933009e+01,1.6660241e+05,4.8944962e+01,0,nan,nan,nan,nan,1042.61538,2.7415538e-04,1775.52497,2.4507460e-04,-1.0343943e-02,-8.8005373e-03
0.35090134811980533,0.9996077906323017,0.000282189334475665,1921.6028213483232,3.1828654e-03,499784,471.02933,463.89244,1.6402869e+05,4.6247215e+01,2.6041113e+03,1.3537934e+01,1.6972538e+05,4.7913483e+01,0,nan,nan,nan,nan,471.02933,2.5877086e-04,463.89244,2.9349825e-04,3.1171054e-02,-7.8337183e-03
0.35090694576479076,0.9999340950811028,0.00028397616908889005,1731.4215469459662,-3.1798994e-03,362858,1328.19931,1819.01377,1.5845802e+05,4.4916508e+01,3.9941116e+03,1.1606994e+01,1.6617022e+05,4.7191490e+01,0,nan,nan,nan,nan,1328.19931,2.5923949e-04,1819.01377,2.2909555e-04,-4.0870775e-03,3.4079656e-02
0.35105523875245126,1.0002740220754978,0.0002843786715575498,1915.4680952389558,3.1763657e-03,495367,471.00826,463.89995,1.6406645e+05,4.6617367e+01,3.8682769e+03,1.4231340e+01,1.6987984e+05,4.8296970e+01,0,nan,nan,nan,nan,471.00826,2.6107361e-04,463.89995,2.9700375e-04,1.0507920e-02,-1.3067439e-03
0.35118410921040777,0.9999999348202117,0.00028206144779297523,1909.3333441094137,3.1448461e-03,490950,470.99749,463.87917,1.6392381e+05,4.6218105e+01,2.6097061e+03,1.3499379e+01,1.6976202e+05,4.7883324e+01,0,nan,nan,nan,nan,470.99749,2.5811163e-04,463.87917,2.9328035e-04,-2.7447178e-03,-2.2643661e-02
0.35126465944267693,0.9996462197080355,0.00028217531149150383,1903.198544659646,3.0650063e-03,486533,470.98985,463.86756,1.6381250e+05,4.6238800e+01,2.7426992e+03,1.3534256e+01,1.6970944e+05,4.7904762e+01,0,nan,nan,nan,nan,470.98985,2.5831829e-04,463.86756,2.9374726e-04,-1.0893866e-02,-3.5831671e-02
0.35137249997637776,1.0001272724812946,0.0002847110129165239,1719.1522525001776,-3.0352403e-03,354024,1328.20690,1818.98102,1.5763227e+05,4.5004925e+01,4.7430488e+03,1.1986517e+01,1.6609969e+05,4.7284389e+01,0,nan,nan,nan,nan,1328.20690,2.6172481e-04,1818.98102,2.3222118e-04,5.0121415e-03,-2.5149323e-03
0.35165203459928307,1.0006288531874823,0.0002837066896029943,1713.0176520348004,-2.9161535e-03,349607,1328.20189,1818.98511,1.5852302e+05,4.4878651e+01,3.8208445e+03,1.1512278e+01,1.6630334e+05,4.7151718e+01,0,nan,nan,nan,nan,1328.20189,2.5879877e-04,1818.98511,2.2907309e-04,-1.3260226e-03,3.2512108e-03
0.35178084367362317,1.00002093984853,0.0002914481650622241,1755.9619408438753,-3.0522612e-03,380527,1042.61145,1775.56776,1.5909892e+05,4.6370583e+01,5.6293291e+03,1.4263103e+01,1.6657766e+05,4.8547737e+01,0,nan,nan,nan,nan,1042.61145,2.7203350e-04,1775.56776,2.4243526e-04,-1.4571504e-02,3.6314078e-02
0.35196839715536044,1.0002122938839064,0.00029391468622506944,1743.6923683973569,-3.1857854e-03,371693,1042.61947,1775.51589,1.5919895e+05,4.6763954e+01,7.0704053e+03,1.4947728e+01,1.6661291e+05,4.8959583e+01,0,nan,nan,nan,nan,1042.61947,2.7416804e-04,1775.51589,2.4509375e-04,-5.7812794e-03,-1.9437287e-02
0.3522902345548573,1.0002082053170416,0.0002820716003565505,1921.6042102347583,3.1828636e-03,499785,471.02552,463.88442,1.6414334e+05,4.6227867e+01,2.5962129e+03,1.3437111e+01,1.6982711e+05,4.7893433e+01,0,nan,nan,nan,nan,471.02552,2.5854225e-04,463.88442,2.9313166e-04,2.7918059e-02,-1.7319348e-02
0.3522958265987203,0.9997810810254093,0.0002839495446007811,1731.4229358268,-3.1799069e-03,362859,1328.20177,1819.02338,1.5840622e+05,4.4912304e+01,3.9961316e+03,1.1612022e+01,1.6614480e+05,4.7187069e+01,0,nan,nan,nan,nan,1328.20177,2.5943131e-04,1819.02338,2.2898680e-04,-1.3346361e-03,4.4215899e-02
0.3524441312401905,0.9990025557137001,0.0002841838835310938,1915.4694841314436,3.1763699e-03,495368,471.00131,463.89530,1.6377123e+05,4.6585381e+01,3.8706348e+03,1.4265347e+01,1.6966370e+05,4.8263828e+01,0,nan,nan,nan,nan,471.00131,2.6270931e-04,463.89530,2.9651227e-04,4.4487133e-03,-6.3490602e-03
0.352573011477034,1.000219419571882,0.00028202587327139436,1909.3347330116803,3.1448600e-03,490951,470.99955,463.87750,1.6401673e+05,4.6212284e+01,2.6089575e+03,1.3450074e+01,1.6979931e+05,4.7877293e+01,0,nan,nan,nan,nan,470.99955,2.5783910e-04,463.87750,2.9305767e-04,-6.2366010e-04,-2.4163486e-02
0.3526535693927144,0.9999314197604633,0.00028225047696605455,1903.199933569596,3.0650280e-03,486534,470.98813,463.85310,1.6387359e+05,4.6251091e+01,2.7387405e+03,1.3579309e+01,1.6975777e+05,4.7917496e+01,0,nan,nan,nan,nan,470.98813,2.5820965e-04,463.85310,2.9378544e-04,-1.2766019e-02,-5.2216429e-02
0.3527613654434848,1.000477065471435,0.000285048167041046,1719.1536413656447,-3.0352632e-03,354025,1328.20115,1818.98155,1.5779005e+05,4.5058289e+01,4.7549766e+03,1.2051517e+01,1.6615802e+05,4.7340454e+01,0,nan,nan,nan,nan,1328.20115,2.6146582e-04,1818.98155,2.3199768e-04,-1.2487475e-03,-1.1304406e-03
0.3530408914516556,0.9997556604912671,0.00028357621592729103,1713.0190408916528,-2.9161850e-03,349608,1328.20840,1818.98429,1.5833231e+05,4.4857727e+01,3.8323638e+03,1.1483746e+01,1.6615714e+05,4.7129730e+01,0,nan,nan,nan,nan,1328.20840,2.5938972e-04,1818.98429,2.2976758e-04,6.8158852e-03,2.0304238e-03
0.35316975545310925,0.999913086064109,0.0002913788375405482,1755.9633297556547,-3.0522377e-03,380528,1042.60987,1775.56435,1.5901419e+05,4.6359592e+01,5.6410093e+03,1.4269638e+01,1.6655984e+05,4.8536236e+01,0,nan,nan,nan,nan,1042.60987,2.7180294e-04,1775.56435,2.4252621e-04,-1.5503883e-02,3.2782745e-02
0.35335729333564814,0.9995274390064146,0.00029382615332146866,1743.6937572935371,-3.1857775e-03,371694,1042.61666,1775.52650,1.5907347e+05,4.6749897e+01,7.0494141e+03,1.4954036e+01,1.6649892e+05,4.8944866e+01,0,nan,nan,nan,nan,1042.61666,2.7437645e-04,1775.52650,2.4511651e-04,-8.4159439e-03,-7.9947263e-03
0.35367912075616914,1.0003577451133652,0.0002820525639475388,1921.6055991209596,3.1828615e-03,499786,471.02429,463.88813,1.6407331e+05,4.6224689e+01,2.5984238e+03,1.3461073e+01,1.6985230e+05,4.7890141e+01,0,nan,nan,nan,nan,471.02429,2.5860273e-04,463.88813,2.9330936e-04,2.6472304e-02,-1.2800455e-02
0.35368470719913603,0.9997172113634791,0.0002840108036546327,1731.4243247074005,-3.1799146e-03,362860,1328.19926,1819.01745,1.5849561e+05,4.4921997e+01,3.9997510e+03,1.1591198e+01,1.6613422e+05,4.7197258e+01,0,nan,nan,nan,nan,1328.19926,2.5924022e-04,1819.01745,2.2909661e-04,-4.4970238e-03,3.7932344e-02
0.35383302372838443,1.0004032766191882,0.00028453175428406634,1915.4708730239317,3.1763741e-03,495369,471.02961,463.89790,1.6421248e+05,4.6642345e+01,3.8514680e+03,1.4246814e+01,1.6990138e+05,4.8322849e+01,0,nan,nan,nan,nan,471.02961,2.6282418e-04,463.89790,2.9582618e-04,3.3635385e-02,-2.9659180e-03
0.35396191374366026,0.9999922366502063,0.0002821081380885197,1909.336121913947,3.1448740e-03,490952,471.00348,463.88256,1.6392259e+05,4.6225780e+01,2.5984680e+03,1.3486352e+01,1.6976078e+05,4.7891270e+01,0,nan,nan,nan,nan,471.00348,2.5819338e-04,463.88256,2.9353422e-04,3.1711757e-03,-1.9224405e-02
0.35404247934320665,1.0001910377908392,0.00028233853607264654,1903.2013224795464,3.0650496e-03,486535,470.98263,463.86251,1.6388262e+05,4.6265495e+01,2.7449541e+03,1.3607126e+01,1.6980175e+05,4.7932419e+01,0,nan,nan,nan,nan,470.98263,2.5821532e-04,463.86251,2.9365093e-04,-1.8725198e-02,-4.1858699e-02
0.3541502309099087,1.0001544853162712,0.0002849062915601374,1719.1550302311111,-3.0352860e-03,354026,1328.20273,1818.98480,1.5769934e+05,4.5035931e+01,4.7547080e+03,1.2026566e+01,1.6610467e+05,4.7316959e+01,0,nan,nan,nan,nan,1328.20273,2.6149343e-04,1818.98480,2.3223036e-04,2.1304966e-04,2.0511076e-03
0.3544297480718793,0.9995938938876188,0.00028351285999074743,1713.020429748273,-2.9162166e-03,349609,1328.20935,1818.99535,1.5823466e+05,4.4847408e+01,3.8387488e+03,1.1508091e+01,1.6612917e+05,4.7118893e+01,0,nan,nan,nan,nan,1328.20935,2.5961275e-04,1818.99535,2.2971483e-04,7.4602570e-03,1.3462287e-02
0.3545586672330501,0.9996103532965304,0.00029132638896699046,1755.9647186674347,-3.0522142e-03,380529,1042.61477,1775.56347,1.5904258e+05,4.6351288e+01,5.6260923e+03,1.4249843e+01,1.6650958e+05,4.8527542e+01,0,nan,nan,nan,nan,1042.61477,2.7158772e-04,1775.56347,2.4235509e-04,-1.0603428e-02,3.1884812e-02
0.3547461897487665,1.000228533933864,0.0002939681438128564,1743.6951461899503,-3.1857693e-03,371695,1042.61558,1775.52058,1.5927553e+05,4.6772526e+01,7.0609453e+03,1.4946006e+01,1.6661581e+05,4.8968552e+01,0,nan,nan,nan,nan,1042.61558,2.7412717e-04,1775.52058,2.4496164e-04,-9.6331583e-03,-1.4245200e-02
0.35506800695839047,1.00016024624397,0.0002819992996815475,1921.6069880071618,3.1828594e-03,499787,471.02308,463.88977,1.6405358e+05,4.6215904e+01,2.5920039e+03,1.3436178e+01,1.6981855e+05,4.7881039e+01,0,nan,nan,nan,nan,471.02308,2.5875313e-04,463.88977,2.9331900e-04,2.5508611e-02,-1.1770671e-02
0.3550735880323824,0.9998459937802223,0.0002840334628338893,1731.4257135882337,-3.1799220e-03,362861,1328.20089,1819.02566,1.5852253e+05,4.4925594e+01,4.0071545e+03,1.1613765e+01,1.6615566e+05,4.7201035e+01,0,nan,nan,nan,nan,1328.20089,2.5920419e-04,1819.02566,2.2877083e-04,-2.4350346e-03,4.7115520e-02
0.35522191621703314,1.0003292844592966,0.00028444486225044516,1915.4722619164204,3.1763783e-03,495370,471.02052,463.89591,1.6426847e+05,4.6628048e+01,3.8660149e+03,1.4216285e+01,1.6988861e+05,4.8308033e+01,0,nan,nan,nan,nan,471.02052,2.6115126e-04,463.89591,2.9605898e-04,2.3526235e-02,-5.1120934e-03
0.35535081601074126,1.0001580575077014,0.0002820753853718787,1909.337510816214,3.1448880e-03,490953,471.00074,463.87779,1.6398220e+05,4.6220417e+01,2.5973135e+03,1.3494314e+01,1.6978897e+05,4.7885719e+01,0,nan,nan,nan,nan,471.00074,2.5821396e-04,463.87779,2.9315506e-04,1.1213874e-03,-2.4854166e-02
0.35543138929415363,1.0000304733366063,0.00028216198771424986,1903.2027113894974,3.0650713e-03,486536,470.98686,463.85622,1.6386291e+05,4.6236546e+01,2.7452112e+03,1.3524727e+01,1.6977441e+05,4.7902424e+01,0,nan,nan,nan,nan,470.98686,2.5812571e-04,463.85622,2.9366388e-04,-1.3772083e-02,-4.8489992e-02
0.35553909637633263,0.9998882918365171,0.00028484505782566547,1719.1564190965776,-3.0353088e-03,354027,1328.20514,1818.98783,1.5766892e+05,4.5026314e+01,4.7519990e+03,1.2008361e+01,1.6606070e+05,4.7306854e+01,0,nan,nan,nan,nan,1328.20514,2.6169891e-04,1818.98783,2.3197723e-04,2.7424875e-03,5.5222861e-03
0.3558186049244796,0.999983878809938,0.0002837002652992024,1713.0218186051256,-2.9162480e-03,349610,1328.20788,1818.98090,1.5846439e+05,4.4876762e+01,3.8394575e+03,1.1515044e+01,1.6619291e+05,4.7149731e+01,0,nan,nan,nan,nan,1328.20788,2.5923652e-04,1818.98090,2.2952618e-04,5.0844946e-03,-1.4696149e-03
0.35594757901276386,1.0000324409991417,0.0002915471906018875,1755.9661075792144,-3.0521906e-03,380530,1042.61513,1775.56434,1.5906323e+05,4.6386463e+01,5.6191216e+03,1.4327974e+01,1.6658005e+05,4.8564365e+01,0,nan,nan,nan,nan,1042.61513,2.7180725e-04,1775.56434,2.4260332e-04,-9.4808089e-03,3.2837611e-02
0.3561350861614301,0.9992738709785004,0.00029373850204539596,1743.696535086363,-3.1857612e-03,371696,1042.61381,1775.52287,1.5899298e+05,4.6736012e+01,7.0548242e+03,1.4938058e+01,1.6645691e+05,4.8930328e+01,0,nan,nan,nan,nan,1042.61381,2.7456359e-04,1775.52287,2.4515507e-04,-1.2751227e-02,-1.1810151e-02
0.35645689339344244,1.0005866123345641,0.0002820218271834344,1921.6083768935969,3.1828575e-03,499788,471.02088,463.88486,1.6408211e+05,4.6219536e+01,2.5872917e+03,1.3448838e+01,1.6989073e+05,4.7884804e+01,0,nan,nan,nan,nan,471.02088,2.5851926e-04,463.88486,2.9345226e-04,2.2841906e-02,-1.6520957e-02
0.35646246886631194,1.0004665102344885,0.0002840011697892718,1731.4271024690677,-3.1799295e-03,362862,1328.20889,1819.01842,1.5853455e+05,4.4920498e+01,4.0045352e+03,1.1595570e+01,1.6625883e+05,4.7195683e+01,0,nan,nan,nan,nan,1328.20889,2.5946612e-04,1819.01842,2.2896456e-04,6.5834741e-03,3.9203595e-02
0.3566108087061366,1.0000984378524562,0.0002844366230072499,1915.4736508089095,3.1763825e-03,495371,471.01650,463.90047,1.6414186e+05,4.6626640e+01,3.8642534e+03,1.4248447e+01,1.6984920e+05,4.8306576e+01,0,nan,nan,nan,nan,471.01650,2.6184591e-04,463.90047,2.9577711e-04,2.0100182e-02,1.5432076e-04
0.35673971827873174,1.0004762605303552,0.00028195832703477015,1909.338899718482,3.1449019e-03,490954,471.00019,463.87718,1.6399689e+05,4.6201248e+01,2.6030798e+03,1.3407313e+01,1.6984303e+05,4.7865856e+01,0,nan,nan,nan,nan,471.00019,2.5796978e-04,463.87718,2.9313855e-04,-4.6774509e-04,-2.4841230e-02
0.3568202992448736,0.9995199536900706,0.00028218399331972105,1903.204100299448,3.0650930e-03,486537,470.98887,463.85934,1.6381777e+05,4.6240128e+01,2.7438572e+03,1.3542165e+01,1.6968764e+05,4.7906136e+01,0,nan,nan,nan,nan,470.98887,2.5833995e-04,463.85934,2.9374007e-04,-1.2394329e-02,-4.4841096e-02
0.35692796184343967,0.9998921270561627,0.00028473426548523945,1719.1578079620447,-3.0353316e-03,354028,1328.20472,1818.99131,1.5756412e+05,4.5008865e+01,4.7661274e+03,1.1999076e+01,1.6606159e+05,4.7288525e+01,0,nan,nan,nan,nan,1328.20472,2.6174259e-04,1818.99131,2.3233914e-04,2.3055482e-03,8.8219075e-03
0.3572074615433397,0.999474604554157,0.0002834652509350559,1713.0232074617445,-2.9162797e-03,349611,1328.20560,1818.98772,1.5820602e+05,4.4839294e+01,3.8318557e+03,1.1494903e+01,1.6610719e+05,4.7110367e+01,0,nan,nan,nan,nan,1328.20560,2.5949295e-04,1818.98772,2.2983058e-04,3.1329077e-03,5.1946249e-03
0.3573364910253076,0.998875514053831,0.000291284787304898,1755.967496491227,-3.0521669e-03,380531,1042.61283,1775.57113,1.5889711e+05,4.6344761e+01,5.6254897e+03,1.4297205e+01,1.6638748e+05,4.8520702e+01,0,nan,nan,nan,nan,1042.61283,2.7193158e-04,1775.57113,2.4241948e-04,-1.2162742e-02,4.0013470e-02
0.3575239825745484,1.0008249586758162,0.0002941997949047897,1743.697923982776,-3.1857530e-03,371697,1042.61448,1775.52135,1.5934902e+05,4.6809444e+01,7.0711938e+03,1.4970980e+01,1.6671539e+05,4.9007206e+01,0,nan,nan,nan,nan,1042.61448,2.7407683e-04,1775.52135,2.4542230e-04,-1.0283501e-02,-1.3736025e-02
0.357845779594982,0.9999272087497282,0.0002821592066715034,1921.6097657797984,3.1828554e-03,499789,471.02665,463.88377,1.6397884e+05,4.6241997e+01,2.6028257e+03,1.3540469e+01,1.6977856e+05,4.7908070e+01,0,nan,nan,nan,nan,471.02665,2.5890296e-04,463.88377,2.9409112e-04,2.8855350e-02,-1.8217025e-02
0.3578513494676372,0.9998936148852311,0.0002840093616327384,1731.428491349669,-3.1799371e-03,362863,1328.19864,1819.02610,1.5847227e+05,4.4921806e+01,4.0175657e+03,1.1590333e+01,1.6616367e+05,4.7197060e+01,0,nan,nan,nan,nan,1328.19864,2.5953897e-04,1819.02610,2.2882226e-04,-5.5994545e-03,4.8027303e-02
0.3579997011947853,0.9998847512465062,0.00028454271187681855,1915.4750397013981,3.1763867e-03,495372,471.01712,463.89427,1.6423559e+05,4.6643974e+01,3.8625361e+03,1.4261156e+01,1.6981270e+05,4.8324535e+01,0,nan,nan,nan,nan,471.01712,2.6134308e-04,463.89427,2.9576663e-04,1.9596776e-02,-6.8656178e-03
0.358128620547177,1.00036788780053,0.0002819805044219111,1909.3402886207505,3.1449159e-03,490955,471.00050,463.87731,1.6401012e+05,4.6204891e+01,2.6104407e+03,1.3423220e+01,1.6982466e+05,4.7869633e+01,0,nan,nan,nan,nan,471.00050,2.5816681e-04,463.87731,2.9314440e-04,4.7714304e-04,-2.4512429e-02
0.35820920919559285,1.000356159963997,0.00028214285828357934,1903.2054892093988,3.0651146e-03,486538,470.98363,463.85548,1.6376256e+05,4.6233360e+01,2.7410781e+03,1.3560024e+01,1.6982952e+05,4.7899128e+01,0,nan,nan,nan,nan,470.98363,2.5838192e-04,463.85548,2.9420445e-04,-1.7572653e-02,-4.8970964e-02
0.35831682731054537,1.0005632811563043,0.00028499843301018615,1719.1591968275118,-3.0353544e-03,354029,1328.20334,1818.98360,1.5781353e+05,4.5050690e+01,4.7460718e+03,1.2058127e+01,1.6617330e+05,4.7332470e+01,0,nan,nan,nan,nan,1328.20334,2.6140519e-04,1818.98360,2.3187231e-04,9.7939745e-04,5.8213843e-04
0.3585963183957116,1.0003100484021,0.00028357058042668824,1713.0245963185969,-2.9163111e-03,349612,1328.20825,1818.98832,1.5838022e+05,4.4855667e+01,3.8320107e+03,1.1487565e+01,1.6624495e+05,4.7127567e+01,0,nan,nan,nan,nan,1328.20825,2.5942168e-04,1818.98832,2.2998317e-04,6.1046174e-03,5.3746509e-03
0.35872540280524845,0.9997998898302118,0.0002914650543007578,1755.9688854030069,-3.0521434e-03,380532,1042.61201,1775.56926,1.5912125e+05,4.6373478e+01,5.6184033e+03,1.4248816e+01,1.6654161e+05,4.8550774e+01,0,nan,nan,nan,nan,1042.61201,2.7161147e-04,1775.56926,2.4247156e-04,-1.2933408e-02,3.7834268e-02
0.3589128789867573,0.9998453064886199,0.00029385916234290837,1743.6993128791883,-3.1857449e-03,371698,1042.61708,1775.52069,1.5917847e+05,4.6755276e+01,7.0464375e+03,1.4935807e+01,1.6655231e+05,4.8950497e+01,0,nan,nan,nan,nan,1042.61708,2.7422822e-04,1775.52069,2.4511674e-04,-8.4347846e-03,-1.4029847e-02
0.35923466579652086,1.0004343483158566,0.00028220516542875744,1921.611154666,3.1828533e-03,499790,471.02552,463.88372,1.6416178e+05,4.6249474e+01,2.5982471e+03,1.3492755e+01,1.6986447e+05,4.7915817e+01,0,nan,nan,nan,nan,471.02552,2.5855604e-04,463.88372,2.9327878e-04,2.7606813e-02,-1.7955720e-02
0.35924023030156604,1.0001313194087076,0.00028395262109889304,1731.429880230503,-3.1799446e-03,362864,1328.20320,1819.01493,1.5851738e+05,4.4912853e+01,4.0095249e+03,1.1527489e+01,1.6620325e+05,4.7187653e+01,0,nan,nan,nan,nan,1328.20320,2.5948795e-04,1819.01493,2.2937913e-04,4.0024176e-04,3.4963351e-02
0.3593885936825245,1.0002898882347864,0.0002842939700909102,1915.4764285938859,3.1763909e-03,495373,471.00834,463.89945,1.6392672e+05,4.6603146e+01,3.8564851e+03,1.4247376e+01,1.6988130e+05,4.8282234e+01,0,nan,nan,nan,nan,471.00834,2.6277293e-04,463.89945,2.9668372e-04,1.1875021e-02,-2.0539747e-03
0.3595175228138032,0.9997419018213144,0.00028206873310372005,1909.341677523017,3.1449299e-03,490956,471.00820,463.87904,1.6388609e+05,4.6219364e+01,2.6103020e+03,1.3514549e+01,1.6971844e+05,4.7884624e+01,0,nan,nan,nan,nan,471.00820,2.5819259e-04,463.87904,2.9337828e-04,8.1151715e-03,-2.3290331e-02
0.3595981193793705,0.9999355269095329,0.0002820770653318464,1903.2068781195826,3.0651365e-03,486539,470.99207,463.86438,1.6378436e+05,4.6222561e+01,2.7549475e+03,1.3510861e+01,1.6975803e+05,4.7887936e+01,0,nan,nan,nan,nan,470.99207,2.5847153e-04,463.86438,2.9394848e-04,-8.5391728e-03,-4.0228598e-02
0.359705692777197,1.000053394260036,0.00028499654643444905,1719.1605856929784,-3.0353772e-03,354030,1328.20318,1818.98494,1.5776777e+05,4.5050465e+01,4.7540933e+03,1.2027577e+01,1.6608888e+05,4.7332230e+01,0,nan,nan,nan,nan,1328.20318,2.6137562e-04,1818.98494,2.3196767e-04,3.6297838e-04,2.4836184e-03
0.3599851750152542,0.9996358853111821,0.00028343256128919803,1713.0259851752164,-2.9163428e-03,349613,1328.20759,1818.98461,1.5803386e+05,4.4833542e+01,3.8483406e+03,1.1552723e+01,1.6613184e+05,4.7104324e+01,0,nan,nan,nan,nan,1328.20759,2.6004406e-04,1818.98461,2.3132317e-04,5.7565272e-03,-7.3668605e-04
0.36011431458473453,0.9996269139536846,0.00029137050220761815,1755.9702743147864,-3.0521199e-03,380533,1042.61775,1775.56076,1.5905803e+05,4.6358482e+01,5.6233062e+03,1.4257045e+01,1.6651295e+05,4.8535072e+01,0,nan,nan,nan,nan,1042.61775,2.7157448e-04,1775.56076,2.4243550e-04,-6.7901840e-03,2.8799288e-02
0.36030177539896613,0.9999560064560302,0.00029392999290689674,1743.7007017756005,-3.1857367e-03,371699,1042.61529,1775.52459,1.5913378e+05,4.6766579e+01,7.0670503e+03,1.4970902e+01,1.6657086e+05,4.8962330e+01,0,nan,nan,nan,nan,1042.61529,2.7420145e-04,1775.52459,2.4547733e-04,-9.5481128e-03,-1.0722511e-02
0.3606235519978327,0.9997577780257789,0.00028221570276942647,1921.6125435522013,3.1828512e-03,499791,471.02663,463.89640,1.6404136e+05,4.6251141e+01,2.5993289e+03,1.3569255e+01,1.6974938e+05,4.7917545e+01,0,nan,nan,nan,nan,471.02663,2.5866533e-04,463.89640,2.9320945e-04,2.9596798e-02,-4.2200787e-03
0.3606291111361767,0.9998312217248808,0.00028408854087845205,1731.4312691113375,-3.1799520e-03,362865,1328.20378,1819.02277,1.5844980e+05,4.4934376e+01,4.0086072e+03,1.1625102e+01,1.6615345e+05,4.7210262e+01,0,nan,nan,nan,nan,1328.20378,2.5976737e-04,1819.02277,2.2918030e-04,3.2952154e-04,4.4030253e-02
0.3607774861707185,1.0004171949798248,0.00028449579262054375,1915.477817486374,3.1763951e-03,495374,471.02931,463.90112,1.6430791e+05,4.6636173e+01,3.8740691e+03,1.4219687e+01,1.6990272e+05,4.8316448e+01,0,nan,nan,nan,nan,471.02931,2.6097143e-04,463.90112,2.9569372e-04,3.2443706e-02,4.4917702e-04
0.3609064250808842,1.0001640700218832,0.00028189845770326417,1909.3430664252842,3.1449439e-03,490957,470.99242,463.88162,1.6385889e+05,4.6191475e+01,2.5846335e+03,1.3434916e+01,1.6979014e+05,4.7855728e+01,0,nan,nan,nan,nan,470.99242,2.5821853e-04,463.88162,2.9334624e-04,-7.0374310e-03,-2.0017691e-02
0.3609870293298627,1.0000216256033185,0.00028232422733103207,1903.208267029533,3.0651581e-03,486540,470.98631,463.85778,1.6393491e+05,4.6263035e+01,2.7424868e+03,1.3586623e+01,1.6977256e+05,4.7929871e+01,0,nan,nan,nan,nan,470.98631,2.5821751e-04,463.85778,2.9352910e-04,-1.4777672e-02,-4.7173794e-02
0.36109455824430403,1.0000016576531685,0.0002850547172996241,1719.1619745584455,-3.0354001e-03,354031,1328.20233,1818.98248,1.5774789e+05,4.5059723e+01,4.7608452e+03,1.2065837e+01,1.6608053e+05,4.7341961e+01,0,nan,nan,nan,nan,1328.20233,2.6176078e-04,1818.98248,2.3196933e-04,-3.4149335e-04,4.1613504e-04
0.361374031867172,0.9998922087074347,0.00028363596760796805,1713.0273740320683,-2.9163742e-03,349614,1328.19695,1818.97488,1.5828283e+05,4.4865433e+01,3.8475142e+03,1.1500772e+01,1.6617336e+05,4.7137825e+01,0,nan,nan,nan,nan,1328.19695,2.5923437e-04,1818.97488,2.3026210e-04,-6.3310824e-03,-7.9763103e-03
0.361503226597506,1.0002369826924113,0.00029149035969316977,1755.9716632267991,-3.0520961e-03,380534,1042.61559,1775.56910,1.5923017e+05,4.6377594e+01,5.6303252e+03,1.4256184e+01,1.6661472e+05,4.8555080e+01,0,nan,nan,nan,nan,1042.61559,2.7136077e-04,1775.56910,2.4207891e-04,-9.7750844e-03,3.8108315e-02
0.3616906718120845,1.0001592481702741,0.0002940319858823233,1743.7020906720136,-3.1857286e-03,371700,1042.61471,1775.52640,1.5914831e+05,4.6782837e+01,7.0552319e+03,1.4977688e+01,1.6660484e+05,4.8979351e+01,0,nan,nan,nan,nan,1042.61471,2.7442817e-04,1775.52640,2.4548246e-04,-1.0602005e-02,-8.2775308e-03
0.36201243843288466,0.9997180089875813,0.00028194132262452515,1921.6139324386363,3.1828494e-03,499792,471.02856,463.88803,1.6396209e+05,4.6206116e+01,2.6009719e+03,1.3441861e+01,1.6974241e+05,4.7870899e+01,0,nan,nan,nan,nan,471.02856,2.5910494e-04,463.88803,2.9337470e-04,3.1397488e-02,-1.3653467e-02
0.36201799173727556,0.9993254767507846,0.0002838710351007245,1731.4326579919386,-3.1799597e-03,362866,1328.20162,1819.02187,1.5829919e+05,4.4899994e+01,4.0137544e+03,1.1580342e+01,1.6606950e+05,4.7174141e+01,0,nan,nan,nan,nan,1328.20162,2.5975655e-04,1819.02187,2.2968734e-04,-1.1188119e-03,4.2603474e-02
0.3621663786584577,0.9997153032088983,0.0002842578153197012,1915.4792063788618,3.1763993e-03,495375,471.01189,463.89967,1.6378245e+05,4.6597107e+01,3.8682844e+03,1.4280070e+01,1.6978331e+05,4.8275974e+01,0,nan,nan,nan,nan,471.01189,2.6184449e-04,463.89967,2.9767130e-04,1.5396412e-02,-1.3494669e-03
0.36229532734751047,1.0003644532132738,0.00028204027738393077,1909.3444553275508,3.1449578e-03,490958,471.00029,463.88090,1.6394188e+05,4.6214722e+01,2.5807590e+03,1.3490391e+01,1.6982420e+05,4.7879814e+01,0,nan,nan,nan,nan,471.00029,2.5811588e-04,463.88090,2.9317004e-04,2.5028051e-04,-2.1731939e-02
0.3623759392808097,1.0002837046146755,0.0002822316202415927,1903.209655939484,3.0651798e-03,486541,470.98820,463.85876,1.6392538e+05,4.6247837e+01,2.7418606e+03,1.3557397e+01,1.6981697e+05,4.7914124e+01,0,nan,nan,nan,nan,470.98820,2.5791090e-04,463.85876,2.9385480e-04,-1.2461117e-02,-4.5666210e-02
0.3624834237120922,1.0002675903851461,0.0002848306772667625,1719.1633634239133,-3.0354229e-03,354032,1328.21003,1818.98753,1.5767462e+05,4.5024380e+01,4.7549019e+03,1.2019111e+01,1.6612495e+05,4.7304825e+01,0,nan,nan,nan,nan,1328.21003,2.6176986e-04,1818.98753,2.3196675e-04,7.9773096e-03,5.1420354e-03
0.36276288848603144,0.9995871605336952,0.00028364013102005395,1713.0287628886872,-2.9164059e-03,349615,1328.20973,1818.98828,1.5827220e+05,4.4865799e+01,3.8526841e+03,1.1537400e+01,1.6612159e+05,4.7138210e+01,0,nan,nan,nan,nan,1328.20973,2.5929051e-04,1818.98828,2.2985965e-04,7.6728985e-03,5.8102715e-03
0.3628921383774468,0.9989936011743019,0.0002913587078895345,1755.973052138579,-3.0520726e-03,380535,1042.61295,1775.56416,1.5894808e+05,4.6356689e+01,5.6220527e+03,1.4271112e+01,1.6640777e+05,4.8533195e+01,0,nan,nan,nan,nan,1042.61295,2.7174997e-04,1775.56416,2.4251173e-04,-1.2195091e-02,3.3039648e-02
0.3630795682247481,1.000572255690573,0.00029385985975923775,1743.7034795684262,-3.1857204e-03,371701,1042.61756,1775.51653,1.5916281e+05,4.6755482e+01,7.0528516e+03,1.4944443e+01,1.6667375e+05,4.8950714e+01,0,nan,nan,nan,nan,1042.61756,2.7406984e-04,1775.51653,2.4509762e-04,-8.3051566e-03,-1.8742401e-02
0.3634013246360155,1.0003894353994651,0.0002818908831854218,1921.6153213248394,3.1828473e-03,499793,471.02038,463.89273,1.6402802e+05,4.6197792e+01,2.5767537e+03,1.3392795e+01,1.6985620e+05,4.7862274e+01,0,nan,nan,nan,nan,471.02038,2.5867875e-04,463.89273,2.9346338e-04,2.3267128e-02,-7.9012867e-03
0.36340687257074966,1.0003985629870793,0.00028421824801152563,1731.4340468727721,-3.1799672e-03,362867,1328.19992,1819.01759,1.5854712e+05,4.4954941e+01,4.0212244e+03,1.1657170e+01,1.6624792e+05,4.7231873e+01,0,nan,nan,nan,nan,1328.19992,2.5963542e-04,1819.01759,2.2923239e-04,-3.9253458e-03,3.8568515e-02
0.3635552711471064,1.0001265126087868,0.0002843802260952719,1915.4805952713505,3.1764035e-03,495376,471.01472,463.89682,1.6416548e+05,4.6617115e+01,3.8627651e+03,1.4202955e+01,1.6985294e+05,4.8296707e+01,0,nan,nan,nan,nan,471.01472,2.6091491e-04,463.89682,2.9627926e-04,1.6370125e-02,-3.6365876e-03
0.3636842296141367,1.0005156477875936,0.00028217222760104345,1909.3458442298174,3.1449718e-03,490959,471.00258,463.87715,1.6401277e+05,4.6236351e+01,2.6036924e+03,1.3473366e+01,1.6984991e+05,4.7902225e+01,0,nan,nan,nan,nan,471.00258,2.5819649e-04,463.87715,2.9328596e-04,2.5028447e-03,-2.4687663e-02
0.36376484923175667,1.0000759983803025,0.00028225169420943496,1903.211044849435,3.0652015e-03,486542,470.98987,463.86225,1.6382962e+05,4.6251106e+01,2.7314399e+03,1.3593470e+01,1.6978162e+05,4.7917511e+01,0,nan,nan,nan,nan,470.98987,2.5833480e-04,463.86225,2.9383958e-04,-1.0539912e-02,-4.2444155e-02
0.3638722894122569,0.9998435107220611,0.00028478810201682105,1719.1647522896135,-3.0354455e-03,354033,1328.20104,1818.98534,1.5767250e+05,4.5017719e+01,4.7432329e+03,1.2001016e+01,1.6605478e+05,4.7297829e+01,0,nan,nan,nan,nan,1328.20104,2.6166605e-04,1818.98534,2.3162460e-04,-1.0318293e-03,2.6369889e-03
0.364151745338404,1.0001274038212271,0.00028369424869603693,1713.0301517455396,-2.9164373e-03,349616,1328.20595,1818.98413,1.5844105e+05,4.4874069e+01,3.8363679e+03,1.1502369e+01,1.6621030e+05,4.7146900e+01,0,nan,nan,nan,nan,1328.20595,2.5931062e-04,1818.98413,2.2970625e-04,3.7355223e-03,9.2805829e-04
0.3642810501569329,0.9993942563604734,0.00029131243670923654,1755.9744410503586,-3.0520491e-03,380536,1042.61089,1775.56877,1.5902086e+05,4.6349373e+01,5.6304155e+03,1.4252183e+01,1.6647466e+05,4.8525532e+01,0,nan,nan,nan,nan,1042.61089,2.7160425e-04,1775.56877,2.4236167e-04,-1.4271238e-02,3.7516374e-02
0.3644684646378664,0.9999543703384788,0.00029375265153475826,1743.7048684648394,-3.1857123e-03,371702,1042.61562,1775.52121,1.5910533e+05,4.6738461e+01,7.0319131e+03,1.4914796e+01,1.6657095e+05,4.8932892e+01,0,nan,nan,nan,nan,1042.61562,2.7426222e-04,1775.52121,2.4506400e-04,-1.0464392e-02,-1.3896651e-02
0.3647902108382368,0.9999319281190663,0.00028217915013441333,1921.6167102110417,3.1828452e-03,499794,471.02390,463.88215,1.6403642e+05,4.6244976e+01,2.5937129e+03,1.3542013e+01,1.6977831e+05,4.7911160e+01,0,nan,nan,nan,nan,471.02390,2.5854926e-04,463.88215,2.9349516e-04,2.6159763e-02,-1.9808382e-02
0.36479575340467785,0.999484324408185,0.0002840045768086847,1731.435435753606,-3.1799746e-03,362868,1328.19981,1819.01604,1.5845872e+05,4.4921177e+01,4.0204717e+03,1.1619997e+01,1.6609611e+05,4.7196396e+01,0,nan,nan,nan,nan,1328.19981,2.5938975e-04,1819.01604,2.2922968e-04,-3.8399685e-03,3.6419593e-02
0.3649441636366646,0.9996799168374345,0.00028439089671602655,1915.48198416384,3.1764077e-03,495377,471.02259,463.90356,1.6421203e+05,4.6618805e+01,3.8697500e+03,1.4199188e+01,1.6977689e+05,4.8298462e+01,0,nan,nan,nan,nan,471.02259,2.6116834e-04,463.90356,2.9579454e-04,2.5054466e-02,3.5875535e-03
0.36507313188258195,1.000090028354672,0.00028192119662628635,1909.3472331320859,3.1449858e-03,490960,470.99622,463.88043,1.6392520e+05,4.6195229e+01,2.5974026e+03,1.3427248e+01,1.6977769e+05,4.7859619e+01,0,nan,nan,nan,nan,470.99622,2.5801492e-04,463.88043,2.9337351e-04,-3.3884998e-03,-2.1275904e-02
0.36515375918179416,1.000514169477901,0.0002823532438517133,1903.212433759385,3.0652231e-03,486543,470.98650,463.84923,1.6395592e+05,4.6267727e+01,2.7449182e+03,1.3593724e+01,1.6985594e+05,4.7934731e+01,0,nan,nan,nan,nan,470.98650,2.5823311e-04,463.84923,2.9378032e-04,-1.4114317e-02,-5.6658145e-02
0.3652611548793626,0.9993634849965598,0.0002848005476357889,1719.1661411550806,-3.0354683e-03,354034,1328.20466,1818.98556,1.5762138e+05,4.5019756e+01,4.7676919e+03,1.1992174e+01,1.6597533e+05,4.7299969e+01,0,nan,nan,nan,nan,1328.20466,2.6178910e-04,1818.98556,2.3212418e-04,1.7759303e-03,3.0688813e-03
0.3655406019579459,1.0016460724895557,0.00028392302459851154,1713.031540602159,-2.9164690e-03,349617,1328.20180,1818.98132,1.5874888e+05,4.4909966e+01,3.8506501e+03,1.1505956e+01,1.6646161e+05,4.7184616e+01,0,nan,nan,nan,nan,1328.20180,2.5875721e-04,1818.98132,2.2894930e-04,-1.7243902e-03,-9.1746333e-04
0.3656699621697044,0.9996123122637001,0.0002914010448319133,1755.9758299623713,-3.0520253e-03,380537,1042.61474,1775.56082,1.5910897e+05,4.6363510e+01,5.6224697e+03,1.4261438e+01,1.6651112e+05,4.8540337e+01,0,nan,nan,nan,nan,1042.61474,2.7161060e-04,1775.56082,2.4223518e-04,-9.9926665e-03,2.9916910e-02
0.36585736105075706,0.9992551279238274,0.00029383816526730856,1743.7062573612523,-3.1857041e-03,371703,1042.61852,1775.51957,1.5907644e+05,4.6752098e+01,7.0551260e+03,1.4947457e+01,1.6645459e+05,4.8947170e+01,0,nan,nan,nan,nan,1042.61852,2.7434705e-04,1775.51957,2.4516488e-04,-6.7218258e-03,-1.5429786e-02
0.3661790972723793,1.0000693788417274,0.00028204730159947636,1921.6180990974758,3.1828433e-03,499795,471.02444,463.87580,1.6407909e+05,4.6223312e+01,2.5851423e+03,1.3457226e+01,1.6980144e+05,4.7888714e+01,0,nan,nan,nan,nan,471.02444,2.5846562e-04,463.87580,2.9358233e-04,2.5950260e-02,-2.6833389e-02
0.36618463423860736,0.9996660000666838,0.00028394187032164587,1731.43682463444,-3.1799821e-03,362869,1328.19841,1819.02055,1.5838797e+05,4.4911293e+01,4.0240056e+03,1.1579809e+01,1.6612642e+05,4.7186008e+01,0,nan,nan,nan,nan,1328.19841,2.5964039e-04,1819.02055,2.2962979e-04,-4.5024357e-03,4.0902685e-02
0.3663330561253133,1.00062961909137,0.0002844974476289331,1915.4833730563287,3.1764118e-03,495378,471.01743,463.88940,1.6418016e+05,4.6636223e+01,3.8556252e+03,1.4272137e+01,1.6993797e+05,4.8316502e+01,0,nan,nan,nan,nan,471.01743,2.6149960e-04,463.88940,2.9621608e-04,1.9910738e-02,-1.2593802e-02
0.36646203415057244,1.0001395670953117,0.0002821178872911094,1909.3486220343539,3.1449997e-03,490961,471.00361,463.87968,1.6397859e+05,4.6227474e+01,2.6194111e+03,1.3486154e+01,1.6978614e+05,4.7893024e+01,0,nan,nan,nan,nan,471.00361,2.5810112e-04,463.87968,2.9320596e-04,3.3525894e-03,-2.2044526e-02
0.36654266913274114,0.9999071956744443,0.00028223577047567635,1903.213822669336,3.0652448e-03,486544,470.98968,463.86193,1.6388131e+05,4.6248459e+01,2.7384275e+03,1.3546980e+01,1.6975281e+05,4.7914764e+01,0,nan,nan,nan,nan,470.98968,2.5831236e-04,463.86193,2.9363268e-04,-1.1171279e-02,-4.2148799e-02
0.3666500203457872,1.0004430175819774,0.00028505207395281994,1719.167530020547,-3.0354911e-03,354035,1328.20499,1818.98670,1.5788775e+05,4.5059593e+01,4.7706040e+03,1.2034730e+01,1.6615488e+05,4.7341820e+01,0,nan,nan,nan,nan,1328.20499,2.6145283e-04,1818.98670,2.3156067e-04,2.1456107e-03,4.6638865e-03
0.3669294588105455,0.9996726565957087,0.0002838696012950123,1713.0329294590117,-2.9165004e-03,349618,1328.20851,1818.98815,1.5842784e+05,4.4901226e+01,3.8501780e+03,1.1593943e+01,1.6613258e+05,4.7175434e+01,0,nan,nan,nan,nan,1328.20851,2.5935192e-04,1818.98815,2.2958244e-04,6.1015612e-03,6.5184538e-03
0.36705887394919046,0.9998314458369669,0.0002914500204028057,1755.9772188741508,-3.0520018e-03,380538,1042.61573,1775.56940,1.5907005e+05,4.6371342e+01,5.6103740e+03,1.4275060e+01,1.6654778e+05,4.8548534e+01,0,nan,nan,nan,nan,1042.61573,2.7159086e-04,1775.56940,2.4266538e-04,-9.0608625e-03,3.7929989e-02
0.36724625746364836,0.9999263312726021,0.0002942068120351911,1743.7076462576651,-3.1856960e-03,371704,1042.61698,1775.51751,1.5916442e+05,4.6810791e+01,7.0583223e+03,1.5061053e+01,1.6656652e+05,4.9008614e+01,0,nan,nan,nan,nan,1042.61698,2.7438300e-04,1775.51751,2.4542626e-04,-8.5741393e-03,-1.7450156e-02
0.3675679834741459,1.0005103601947367,0.00028238700003546663,1921.6194879836776,3.1828412e-03,499796,471.02491,463.90380,1.6411656e+05,4.6278927e+01,2.5926538e+03,1.3570353e+01,1.6987609e+05,4.7946331e+01,0,nan,nan,nan,nan,471.02491,2.5888529e-04,463.90380,2.9397049e-04,2.7841438e-02,3.3131102e-03
0.3675735148397049,1.0003745652783655,0.0002842242604410037,1731.438213515041,-3.1799898e-03,362870,1328.21381,1819.03495,1.5857722e+05,4.4955994e+01,4.0086914e+03,1.1671395e+01,1.6624430e+05,4.7232975e+01,0,nan,nan,nan,nan,1328.21381,2.5992340e-04,1819.03495,2.2882767e-04,1.1210178e-02,5.8045954e-02
0.3677219486130525,1.0010877842857224,0.00028455933119168203,1915.4847619488164,3.1764160e-03,495379,471.01451,463.91075,1.6423066e+05,4.6646309e+01,3.8681262e+03,1.4251684e+01,1.7001558e+05,4.8326954e+01,0,nan,nan,nan,nan,471.01451,2.6180304e-04,463.91075,2.9632595e-04,1.8820697e-02,9.9482816e-03
0.36785093641765343,0.9997896578419635,0.00028203683206112437,1909.350010936621,3.1450137e-03,490962,471.00259,463.87380,1.6382778e+05,4.6214203e+01,2.6036187e+03,1.3532982e+01,1.6972678e+05,4.7879276e+01,0,nan,nan,nan,nan,471.00259,2.5821337e-04,463.87380,2.9340279e-04,2.7556031e-03,-2.8513204e-02
0.3679315790843706,0.9995349834337487,0.00028217194384490973,1903.2152115792876,3.0652664e-03,486545,470.98667,463.85650,1.6378423e+05,4.6237972e+01,2.7360203e+03,1.3543416e+01,1.6968955e+05,4.7903904e+01,0,nan,nan,nan,nan,470.98667,2.5832036e-04,463.85650,2.9380119e-04,-1.4421849e-02,-4.8495613e-02
0.3680388858122118,0.999653916722721,0.00028494225872967944,1719.1689188860134,-3.0355139e-03,354036,1328.20186,1818.98336,1.5767755e+05,4.5042305e+01,4.7643008e+03,1.1983112e+01,1.6602409e+05,4.7323658e+01,0,nan,nan,nan,nan,1328.20186,2.6174262e-04,1818.98336,2.3246752e-04,-1.1220443e-03,8.0687576e-04
0.3683183154300881,1.000420722440602,0.00028372780971799063,1713.0343183156313,-2.9165321e-03,349619,1328.20502,1818.98270,1.5844961e+05,4.4878510e+01,3.8586355e+03,1.1488143e+01,1.6625583e+05,4.7151566e+01,0,nan,nan,nan,nan,1328.20502,2.5925212e-04,1818.98270,2.2951388e-04,2.1229337e-03,-3.2371732e-05
0.3684477857291313,0.9994356097681972,0.00029142307618231276,1755.9786077859308,-3.0519783e-03,380539,1042.61567,1775.56862,1.5910698e+05,4.6367100e+01,5.6045581e+03,1.4267493e+01,1.6648198e+05,4.8544090e+01,0,nan,nan,nan,nan,1042.61567,2.7152276e-04,1775.56862,2.4242562e-04,-8.7731676e-03,3.7434112e-02
0.3686351538767667,0.9998320213369728,0.0002938879847562531,1743.7090351540783,-3.1856878e-03,371705,1042.61475,1775.52821,1.5905895e+05,4.6760090e+01,7.0761567e+03,1.4953355e+01,1.6655094e+05,4.8955540e+01,0,nan,nan,nan,nan,1042.61475,2.7428838e-04,1775.52821,2.4556962e-04,-1.0804432e-02,-6.2537137e-03
0.3689568696754577,1.0000962475490367,0.0002820280366484397,1921.6208768698789,3.1828391e-03,499797,471.02332,463.88361,1.6406878e+05,4.6220039e+01,2.5909661e+03,1.3447190e+01,1.6980558e+05,4.7885323e+01,0,nan,nan,nan,nan,471.02332,2.5877272e-04,463.88361,2.9331652e-04,2.5679847e-02,-1.8108599e-02
0.3689623956736344,0.9999408522074372,0.0002840876134055342,1731.439602395875,-3.1799972e-03,362871,1328.19842,1819.01270,1.5847902e+05,4.4934418e+01,4.0243506e+03,1.1631153e+01,1.6617238e+05,4.7210304e+01,0,nan,nan,nan,nan,1328.19842,2.5939185e-04,1819.01270,2.2949291e-04,-4.7499621e-03,3.2388385e-02
0.36911084110101877,1.0003298577480428,0.0002845475646433344,1915.4861508413044,3.1764202e-03,495380,471.00199,463.89606,1.6433838e+05,4.6644325e+01,3.8566860e+03,1.4251209e+01,1.6988667e+05,4.8324898e+01,0,nan,nan,nan,nan,471.00199,2.6037023e-04,463.89606,2.9566349e-04,2.9479912e-03,-4.8097954e-03
0.3692398386842797,0.9998082488653838,0.0002820261074624219,1909.3513998388876,3.1450277e-03,490963,471.00209,463.88068,1.6389711e+05,4.6212456e+01,2.6022427e+03,1.3481741e+01,1.6972998e+05,4.7877468e+01,0,nan,nan,nan,nan,471.00209,2.5822970e-04,463.88068,2.9336719e-04,2.2894735e-03,-2.1000125e-02
0.36932048903508985,1.0000812160324335,0.0002821984130728045,1903.2166004892383,3.0652881e-03,486546,470.99110,463.86716,1.6387908e+05,4.6242294e+01,2.7421284e+03,1.3507031e+01,1.6978220e+05,4.7908379e+01,0,nan,nan,nan,nan,470.99110,2.5823415e-04,463.86716,2.9389234e-04,-9.5191868e-03,-3.6332633e-02
0.3694277512793175,1.000567830335531,0.000285141397903473,1719.1703077514805,-3.0355367e-03,354037,1328.20253,1818.98207,1.5787850e+05,4.5073860e+01,4.7648892e+03,1.2060165e+01,1.6617616e+05,4.7356812e+01,0,nan,nan,nan,nan,1328.20253,2.6153884e-04,1818.98207,2.3188062e-04,-7.9839188e-04,-2.6953514e-04
0.36970717228246,0.9998534229729534,0.00028372427705279115,1713.0357071724836,-2.9165635e-03,349620,1328.21456,1818.99965,1.5840038e+05,4.4877659e+01,3.8643525e+03,1.1518779e+01,1.6616048e+05,4.7150677e+01,0,nan,nan,nan,nan,1328.21456,2.5965416e-04,1818.99965,2.2933535e-04,1.3547242e-02,1.8541390e-02
0.36983669774099326,1.0002646037137992,0.0002913984617187398,1755.9799966979426,-3.0519546e-03,380540,1042.60927,1775.56239,1.5917606e+05,4.6363224e+01,5.5923569e+03,1.4234402e+01,1.6662022e+05,4.8540035e+01,0,nan,nan,nan,nan,1042.60927,2.7138009e-04,1775.56239,2.4225705e-04,-1.5868701e-02,3.1232841e-02
0.3700240502894303,0.9998754853531793,0.000294074434362005,1743.710424050491,-3.1856797e-03,371706,1042.61728,1775.52429,1.5918802e+05,4.6789799e+01,7.0576899e+03,1.5002983e+01,1.6655830e+05,4.8986637e+01,0,nan,nan,nan,nan,1042.61728,2.7451958e-04,1775.52429,2.4525067e-04,-8.6477268e-03,-1.0886651e-02
0.37034575587767904,1.0002032386926447,0.0002820375559305508,1921.622265756081,3.1828370e-03,499798,471.03156,463.88833,1.6412125e+05,4.6221542e+01,2.5870723e+03,1.3435496e+01,1.6982353e+05,4.7886883e+01,0,nan,nan,nan,nan,471.03156,2.5873687e-04,463.88833,2.9323829e-04,3.3899080e-02,-1.2977369e-02
0.37035127650710853,0.999743172126059,0.0002840639307321499,1731.4409912767085,-3.1800047e-03,362872,1328.20241,1819.02566,1.5839097e+05,4.4930710e+01,4.0423770e+03,1.1668992e+01,1.6613967e+05,4.7206413e+01,0,nan,nan,nan,nan,1328.20241,2.5995576e-04,1819.02566,2.2929857e-04,-5.0169649e-04,4.7162559e-02
0.3704997335889857,1.0002067309278229,0.0002842860403831163,1915.4875397337923,3.1764244e-03,495381,471.01998,463.89433,1.6413069e+05,4.6601395e+01,3.8448210e+03,1.4185404e+01,1.6986555e+05,4.8280422e+01,0,nan,nan,nan,nan,471.01998,2.6205470e-04,463.89433,2.9605473e-04,2.3601105e-02,-7.8373635e-03
0.37062874095136067,1.0002685516574346,0.000281968484819238,1909.3527887411547,3.1450416e-03,490964,471.00243,463.88179,1.6397681e+05,4.6203022e+01,2.5906863e+03,1.3424483e+01,1.6980817e+05,4.7867695e+01,0,nan,nan,nan,nan,471.00243,2.5809093e-04,463.88179,2.9316213e-04,2.8785467e-03,-1.9928223e-02
0.3707093989855821,1.0000533926342834,0.0002824442505530477,1903.2179893991888,3.0653097e-03,486547,470.98376,463.85623,1.6379680e+05,4.6282555e+01,2.7532676e+03,1.3674179e+01,1.6977741e+05,4.7950092e+01,0,nan,nan,nan,nan,470.98376,2.5833928e-04,463.85623,2.9417558e-04,-1.6926002e-02,-4.8659302e-02
0.37081661674665156,0.99960184870059,0.00028478480254874117,1719.1716966169479,-3.0355596e-03,354038,1328.20675,1818.98958,1.5766264e+05,4.5017563e+01,4.7752178e+03,1.2005355e+01,1.6601600e+05,4.7297665e+01,0,nan,nan,nan,nan,1328.20675,2.6163313e-04,1818.98958,2.3164426e-04,4.4541983e-03,7.7671232e-03
0.37109602890200255,0.999872458696306,0.0002836167793553718,1713.0370960291032,-2.9165952e-03,349621,1328.19804,1818.97357,1.5832158e+05,4.4860371e+01,3.8695632e+03,1.1494075e+01,1.6616258e+05,4.7132507e+01,0,nan,nan,nan,nan,1328.19804,2.5924324e-04,1818.97357,2.3001868e-04,-4.4481456e-03,-9.4000222e-03
0.3712256095200246,1.0001332087236534,0.00029141243536448335,1755.9813856097217,-3.0519310e-03,380541,1042.61637,1775.56671,1.5917358e+05,4.6365486e+01,5.6035439e+03,1.4238557e+01,1.6659848e+05,4.8542404e+01,0,nan,nan,nan,nan,1042.61637,2.7134825e-04,1775.56671,2.4219262e-04,-8.9688804e-03,3.5564054e-02
0.37141294670163916,1.0001978444284192,0.0002940266608464743,1743.7118129469031,-3.1856715e-03,371707,1042.61444,1775.52482,1.5913769e+05,4.6782234e+01,7.0613105e+03,1.5003926e+01,1.6661212e+05,4.8978718e+01,0,nan,nan,nan,nan,1042.61444,2.7440500e-04,1775.52482,2.4522058e-04,-1.1323638e-02,-9.4114197e-03
0.37173464207990037,1.0000143881707853,0.00028192497477361645,1921.6236546422833,3.1828349e-03,499799,471.02105,463.88847,1.6404925e+05,4.6203033e+01,2.5896184e+03,1.3396625e+01,1.6979125e+05,4.7867706e+01,0,nan,nan,nan,nan,471.02105,2.5882697e-04,463.88847,2.9328128e-04,2.3836771e-02,-1.3002047e-02
0.3717401573403549,0.9998533896516216,0.0002839867803681885,1731.4423801575417,-3.1800121e-03,362873,1328.19719,1819.01230,1.5839256e+05,4.4918552e+01,4.0331711e+03,1.1629034e+01,1.6615816e+05,4.7193638e+01,0,nan,nan,nan,nan,1328.19719,2.5945634e-04,1819.01230,2.2959310e-04,-6.2387376e-03,3.2580346e-02
0.3718886260776344,0.9997843754231008,0.0002843319755287461,1915.488928626281,3.1764286e-03,495382,471.01490,463.89323,1.6413214e+05,4.6608875e+01,3.8637341e+03,1.4211195e+01,1.6979362e+05,4.8288170e+01,0,nan,nan,nan,nan,471.01490,2.6082256e-04,463.89323,2.9633392e-04,1.6812211e-02,-7.9459250e-03
0.3720176432188964,1.0002323476550772,0.0002819758946653677,1909.3541776434222,3.1450556e-03,490965,471.00255,463.89012,1.6397269e+05,4.6204250e+01,2.6008323e+03,1.3437809e+01,1.6980206e+05,4.7868965e+01,0,nan,nan,nan,nan,471.00255,2.5793776e-04,463.89012,2.9302129e-04,2.5896921e-03,-1.0753989e-02
0.37209830893561957,1.0000323573278826,0.0002822156562453008,1903.2193783091388,3.0653314e-03,486548,470.98876,463.85298,1.6387866e+05,4.6245079e+01,2.7465852e+03,1.3545430e+01,1.6977377e+05,4.7911266e+01,0,nan,nan,nan,nan,470.98876,2.5825022e-04,463.85298,2.9376181e-04,-1.1833459e-02,-5.2810427e-02
0.37220548221375793,0.9999539351509183,0.0002850797752800565,1719.173085482415,-3.0355824e-03,354039,1328.20458,1818.98179,1.5770678e+05,4.5064266e+01,4.7730356e+03,1.2122952e+01,1.6607475e+05,4.7346733e+01,0,nan,nan,nan,nan,1328.20458,2.6180199e-04,1818.98179,2.3197746e-04,1.9019310e-03,-7.9065294e-04
0.37248488575437444,1.000525630413775,0.0002838253213004158,1713.0384848859555,-2.9166266e-03,349622,1328.20257,1818.98493,1.5850366e+05,4.4893066e+01,3.8699458e+03,1.1520245e+01,1.6627006e+05,4.7166862e+01,0,nan,nan,nan,nan,1328.20257,2.5894798e-04,1818.98493,2.2935528e-04,-3.1321132e-04,2.9471775e-03
0.37261452153279606,1.000250813453428,0.00029146843087250924,1755.9827745217344,-3.0519073e-03,380542,1042.61694,1775.57618,1.5912430e+05,4.6374435e+01,5.6071787e+03,1.4300392e+01,1.6661822e+05,4.8551773e+01,0,nan,nan,nan,nan,1042.61694,2.7146851e-04,1775.57618,2.4225835e-04,-8.3321203e-03,4.5007385e-02
0.3728018431140757,0.9999999263997242,0.00029387025691987356,1743.7132018433156,-3.1856634e-03,371708,1042.62031,1775.51936,1.5904980e+05,4.6757385e+01,7.0539082e+03,1.4967229e+01,1.6657928e+05,4.8952702e+01,0,nan,nan,nan,nan,1042.62031,2.7458207e-04,1775.51936,2.4565469e-04,-4.3361532e-03,-1.6112940e-02
0.37312352851404285,1.000050562531585,0.00028221274900438125,1921.6250435287175,3.1828331e-03,499800,471.02254,463.89357,1.6414128e+05,4.6250141e+01,2.5896125e+03,1.3456392e+01,1.6979719e+05,4.7916508e+01,0,nan,nan,nan,nan,471.02254,2.5880468e-04,463.89357,2.9323320e-04,2.4429739e-02,-8.0403080e-03
0.3731290379421356,1.0000259953312345,0.00028419120805251054,1731.4437690381435,-3.1800198e-03,362874,1328.20061,1819.02130,1.5852089e+05,4.4950939e+01,4.0302109e+03,1.1630701e+01,1.6618702e+05,4.7227661e+01,0,nan,nan,nan,nan,1328.20061,2.5939566e-04,1819.02130,2.2931273e-04,-3.0403193e-03,4.2891432e-02
0.3732775185662831,0.9999106476117895,0.00028447085260342383,1915.4903175187696,3.1764328e-03,495383,471.02115,463.88937,1.6414411e+05,4.6631588e+01,3.8539197e+03,1.4256189e+01,1.6981488e+05,4.8311699e+01,0,nan,nan,nan,nan,471.02115,2.6110842e-04,463.88937,2.9594719e-04,2.3180524e-02,-1.2708417e-02
0.3734065454868869,0.9995659127767872,0.00028193524210148413,1909.3555665456902,3.1450696e-03,490966,470.99782,463.86891,1.6381841e+05,4.6197601e+01,2.5968660e+03,1.3466870e+01,1.6968897e+05,4.7862080e+01,0,nan,nan,nan,nan,470.99782,2.5803130e-04,463.86891,2.9366609e-04,-2.7120854e-03,-3.4039937e-02
0.37348721888656655,1.000263432611369,0.0002824660595211661,1903.2207672190898,3.0653530e-03,486549,470.98882,463.86129,1.6398053e+05,4.6286095e+01,2.7394309e+03,1.3560668e+01,1.6981292e+05,4.7953754e+01,0,nan,nan,nan,nan,470.98882,2.5838081e-04,463.86129,2.9414878e-04,-1.2563358e-02,-4.3955483e-02
0.3735943476808643,1.0003487560011768,0.00028489226596835056,1719.174474347882,-3.0356052e-03,354040,1328.20672,1818.98655,1.5778873e+05,4.5034702e+01,4.7717627e+03,1.1998990e+01,1.6614061e+05,4.7315670e+01,0,nan,nan,nan,nan,1328.20672,2.6156387e-04,1818.98655,2.3181659e-04,4.5131249e-03,4.1687205e-03
0.37387374260629225,0.9994108215119725,0.00028369215040922375,1713.0398737428075,-2.9166581e-03,349623,1328.20981,1818.98792,1.5834189e+05,4.4871723e+01,3.8639641e+03,1.1544556e+01,1.6608375e+05,4.7144432e+01,0,nan,nan,nan,nan,1328.20981,2.5930360e-04,1818.98792,2.2915914e-04,6.6937483e-03,6.7493971e-03
0.37400343331228214,1.0003832046705468,0.000291424092563678,1755.984163433514,-3.0518838e-03,380543,1042.61208,1775.55813,1.5920812e+05,4.6367420e+01,5.6018262e+03,1.4238081e+01,1.6664042e+05,4.8544430e+01,0,nan,nan,nan,nan,1042.61208,2.7148187e-04,1775.55813,2.4217543e-04,-1.2679812e-02,2.6172725e-02
0.37419073952696635,0.9993559283453954,0.0002937891878831932,1743.7145907397285,-3.1856552e-03,371709,1042.61803,1775.52882,1.5902848e+05,4.6744526e+01,7.0545156e+03,1.4928885e+01,1.6647214e+05,4.8939236e+01,0,nan,nan,nan,nan,1042.61803,2.7457555e-04,1775.52882,2.4531744e-04,-7.1856841e-03,-6.1129159e-03
0.3745124147162642,0.9992213840575142,0.00028197064467926335,1921.6264324149197,3.1828310e-03,499801,471.03361,463.88567,1.6394083e+05,4.6210400e+01,2.5934495e+03,1.3473142e+01,1.6965619e+05,4.7875340e+01,0,nan,nan,nan,nan,471.03361,2.5894423e-04,463.88567,2.9341783e-04,3.6637180e-02,-1.6242450e-02
0.37451791877697327,0.9995603961418326,0.00028394174305986826,1731.4451579189783,-3.1800272e-03,362875,1328.20352,1819.01727,1.5833850e+05,4.4911522e+01,4.0319661e+03,1.1595105e+01,1.6610981e+05,4.7186253e+01,0,nan,nan,nan,nan,1328.20352,2.5970672e-04,1819.01727,2.3055820e-04,5.1460334e-04,3.6049623e-02
0.3746664110549318,0.9997323870106444,0.0002844703153423761,1915.4917064112583,3.1764370e-03,495384,471.01497,463.90750,1.6414894e+05,4.6631439e+01,3.8635171e+03,1.4262591e+01,1.6978439e+05,4.8311546e+01,0,nan,nan,nan,nan,471.01497,2.6107708e-04,463.90750,2.9629312e-04,1.7367989e-02,7.2643058e-03
0.37479544775442264,0.9999870977803131,0.0002821424659740173,1909.3569554479577,3.1450836e-03,490967,471.00021,463.87648,1.6397492e+05,4.6231571e+01,2.6082251e+03,1.3498628e+01,1.6976052e+05,4.7897270e+01,0,nan,nan,nan,nan,471.00021,2.5807097e-04,463.87648,2.9321975e-04,-5.8265174e-05,-2.5224328e-02
0.37487612883842303,0.9998098020464945,0.0002822696847879795,1903.2221561290417,3.0653747e-03,486550,470.98571,463.85725,1.6383472e+05,4.6253891e+01,2.7420459e+03,1.3597474e+01,1.6973584e+05,4.7920395e+01,0,nan,nan,nan,nan,470.98571,2.5806250e-04,463.85725,2.9371024e-04,-1.5423041e-02,-4.7742508e-02
0.3749832131481984,0.9999870344316861,0.00028473281870875124,1719.1758632133494,-3.0356280e-03,354041,1328.20107,1818.98691,1.5758339e+05,4.5009575e+01,4.7641865e+03,1.2011720e+01,1.6608081e+05,4.7289268e+01,0,nan,nan,nan,nan,1328.20107,2.6176969e-04,1818.98691,2.3208704e-04,-1.4687688e-03,4.2630066e-03
0.37526259922515237,0.9995859304454944,0.00028369124672460855,1713.0412625994263,-2.9166897e-03,349624,1328.20537,1818.98461,1.5837780e+05,4.4871296e+01,3.8720146e+03,1.1501783e+01,1.6611180e+05,4.7143986e+01,0,nan,nan,nan,nan,1328.20537,2.5916251e-04,1818.98461,2.2949581e-04,2.7517516e-03,2.3935575e-03
0.37539234509222297,1.0001041513112152,0.00029153072545182244,1755.9855523452939,-3.0518603e-03,380544,1042.61585,1775.57054,1.5922688e+05,4.6384422e+01,5.6105674e+03,1.4267831e+01,1.6659408e+05,4.8562233e+01,0,nan,nan,nan,nan,1042.61585,2.7132899e-04,1775.57054,2.4218437e-04,-9.9902852e-03,3.8801502e-02
0.3755796359400847,0.9998522129540889,0.0002937502222886868,1743.7159796361416,-3.1856471e-03,371710,1042.61512,1775.52994,1.5906731e+05,4.6738358e+01,7.0416826e+03,1.4922055e+01,1.6655494e+05,4.8932785e+01,0,nan,nan,nan,nan,1042.61512,2.7449752e-04,1775.52994,2.4513592e-04,-1.0423048e-02,-4.1200183e-03
0.3759013009184855,0.999884947514373,0.000282084130862584,1921.627821301122,3.1828289e-03,499802,471.02189,463.89212,1.6402778e+05,4.6228943e+01,2.5985864e+03,1.3443460e+01,1.6976864e+05,4.7894550e+01,0,nan,nan,nan,nan,471.02189,2.5872010e-04,463.89212,2.9387666e-04,2.3555897e-02,-8.4561184e-03
0.3759067996109028,0.9996991521941232,0.0002842223972805115,1731.4465467998123,-3.1800347e-03,362876,1328.20145,1819.02810,1.5850930e+05,4.4955967e+01,4.0474836e+03,1.1660830e+01,1.6613306e+05,4.7232948e+01,0,nan,nan,nan,nan,1328.20145,2.5960081e-04,1819.02810,2.2896324e-04,-2.2348056e-03,5.0164666e-02
0.3760553035435805,0.9995535275164625,0.0002843074912988062,1915.493095303747,3.1764412e-03,495385,471.01320,463.89569,1.6395020e+05,4.6604694e+01,3.8609695e+03,1.4267293e+01,1.6975381e+05,4.8283840e+01,0,nan,nan,nan,nan,471.01320,2.6128622e-04,463.89569,2.9677505e-04,1.5402752e-02,-5.4209526e-03
0.37618434978821824,0.9998718918154443,0.0002819998083500776,1909.3583443499915,3.1450973e-03,490968,471.00147,463.87427,1.6394645e+05,4.6208206e+01,2.5906062e+03,1.3468564e+01,1.6974100e+05,4.7873062e+01,0,nan,nan,nan,nan,471.00147,2.5811835e-04,463.87427,2.9312822e-04,1.7029719e-03,-2.8418563e-02
0.37626503878937,0.999937306396484,0.0002821333608717058,1903.2235450389926,3.0653963e-03,486551,470.99219,463.86552,1.6388027e+05,4.6231537e+01,2.7434395e+03,1.3512180e+01,1.6975742e+05,4.7897236e+01,0,nan,nan,nan,nan,470.99219,2.5822400e-04,463.86552,2.9355404e-04,-8.2839075e-03,-3.8438961e-02
0.37637207884813473,0.9997551031087205,0.0002848318696821506,1719.1772520790494,-3.0356506e-03,354042,1328.20237,1818.98423,1.5763372e+05,4.5025311e+01,4.7692998e+03,1.1990300e+01,1.6604258e+05,4.7305801e+01,0,nan,nan,nan,nan,1328.20237,2.6146902e-04,1818.98423,2.3292413e-04,-1.3336756e-04,1.6021228e-03
0.3767812571054492,0.9999406030395945,0.0002914654396864767,1755.986941257307,-3.0518365e-03,380545,1042.61164,1775.56587,1.5905375e+05,4.6374081e+01,5.6169829e+03,1.4314639e+01,1.6656698e+05,4.8551403e+01,0,nan,nan,nan,nan,1042.61164,2.7152826e-04,1775.56587,2.4235815e-04,-1.2947454e-02,3.4152977e-02
0.3769685323536578,0.9998813203269284,0.00029386376215355105,1743.7173685325552,-3.1856389e-03,371711,1042.61752,1775.51341,1.5896261e+05,4.6756458e+01,7.0692378e+03,1.5005794e+01,1.6655992e+05,4.8951736e+01,0,nan,nan,nan,nan,1042.61752,2.7461772e-04,1775.51341,2.4580670e-04,-7.2715920e-03,-2.2261837e-02
0.3772901871202521,1.000112287594292,0.0002822002948092565,1921.6292101873237,3.1828268e-03,499803,471.02325,463.88151,1.6409589e+05,4.6247925e+01,2.5963623e+03,1.3508053e+01,1.6980703e+05,4.7914215e+01,0,nan,nan,nan,nan,471.02325,2.5848782e-04,463.88151,2.9339374e-04,2.4854818e-02,-2.0268820e-02
0.37729568044483097,0.9993019012649519,0.00028355047772072163,1731.4479356806462,-3.1800421e-03,362877,1328.19394,1819.02031,1.5789684e+05,4.4849743e+01,4.0297039e+03,1.1584275e+01,1.6606725e+05,4.7121346e+01,0,nan,nan,nan,nan,1328.19394,2.6017838e-04,1819.02031,2.3161825e-04,-8.5112974e-03,3.8045008e-02
0.37744419603131973,0.9995859895156162,0.0002843814172614636,1915.4944841962347,3.1764454e-03,495386,471.01590,463.90743,1.6421494e+05,4.6616760e+01,3.8576743e+03,1.4195023e+01,1.6975912e+05,4.8296337e+01,0,nan,nan,nan,nan,471.01590,2.6109052e-04,463.90743,2.9569643e-04,1.7821895e-02,7.2731799e-03
0.37757325205529924,0.9999835322410712,0.0002820808070954678,1909.3597332522586,3.1451113e-03,490969,470.99710,463.87430,1.6392684e+05,4.6221493e+01,2.6027888e+03,1.3470790e+01,1.6976000e+05,4.7886826e+01,0,nan,nan,nan,nan,470.99710,2.5797627e-04,463.87430,2.9354202e-04,-2.9433626e-03,-2.8042657e-02
0.3776539487394075,0.9992452510362261,0.00028216089313877734,1903.2249339489426,3.0654180e-03,486552,470.98589,463.85025,1.6375967e+05,4.6236031e+01,2.7276953e+03,1.3577175e+01,1.6963986e+05,4.7901890e+01,0,nan,nan,nan,nan,470.98589,2.5814713e-04,463.85025,2.9389697e-04,-1.5015718e-02,-5.5247307e-02
0.37776094431524176,1.0002477815940065,0.0002849093137025752,1719.1786409445165,-3.0356734e-03,354043,1328.20642,1818.98780,1.5779573e+05,4.5037624e+01,4.7677959e+03,1.2003331e+01,1.6612469e+05,4.7318745e+01,0,nan,nan,nan,nan,1328.20642,2.6139844e-04,1818.98780,2.3173659e-04,3.6486648e-03,5.8188215e-03
0.37817016888584476,1.0000020973204962,0.00029146015969356307,1755.9883301690875,-3.0518130e-03,380546,1042.61435,1775.56628,1.5916023e+05,4.6373280e+01,5.6201016e+03,1.4260584e+01,1.6657736e+05,4.8550564e+01,0,nan,nan,nan,nan,1042.61435,2.7166883e-04,1775.56628,2.4227907e-04,-1.0979769e-02,3.4929641e-02
0.3783574287672309,0.9994241215153181,0.00029377395396798327,1743.7187574289687,-3.1856308e-03,371712,1042.61615,1775.52415,1.5894470e+05,4.6742214e+01,7.0382109e+03,1.4958132e+01,1.6648391e+05,4.8936817e+01,0,nan,nan,nan,nan,1042.61615,2.7475588e-04,1775.52415,2.4597286e-04,-8.7502683e-03,-1.1468338e-02
0.3786790733224734,0.9992231354755462,0.0002821346022393794,1921.630599073526,3.1828247e-03,499804,471.02425,463.88601,1.6385791e+05,4.6237099e+01,2.6030291e+03,1.3513613e+01,1.6965586e+05,4.7903000e+01,0,nan,nan,nan,nan,471.02425,2.5994054e-04,463.88601,2.9378492e-04,2.8040983e-02,-1.5867908e-02
0.37868456127807804,0.9992038483375545,0.00028400174729603997,1731.4493245614794,-3.1800496e-03,362878,1328.20400,1819.02156,1.5845117e+05,4.4921181e+01,4.0361909e+03,1.1616201e+01,1.6605117e+05,4.7196400e+01,0,nan,nan,nan,nan,1328.20400,2.5954892e-04,1819.02156,2.2900967e-04,7.8086852e-04,4.2709932e-02
0.3788330885195137,0.9998879386708432,0.0002843496833331924,1915.4958730887229,3.1764496e-03,495387,471.02511,463.89270,1.6420148e+05,4.6611507e+01,3.8657769e+03,1.4200800e+01,1.6981020e+05,4.8290894e+01,0,nan,nan,nan,nan,471.02511,2.6122193e-04,463.89270,2.9580676e-04,2.7689882e-02,-8.1107076e-03
0.378962154322835,0.9995996210328362,0.00028218439501507354,1909.3611221545261,3.1451252e-03,490970,471.00326,463.89007,1.6391592e+05,4.6238476e+01,2.5987949e+03,1.3496054e+01,1.6969488e+05,4.7904423e+01,0,nan,nan,nan,nan,471.00326,2.5834778e-04,463.89007,2.9340686e-04,3.0049542e-03,-1.0470740e-02
0.379042858689672,1.0003551627195224,0.00028236538114378935,1903.226322858893,3.0654396e-03,486553,470.98582,463.86040,1.6398311e+05,4.6269520e+01,2.7447246e+03,1.3599849e+01,1.6982822e+05,4.7936584e+01,0,nan,nan,nan,nan,470.98582,2.5799300e-04,463.86040,2.9348794e-04,-1.5198668e-02,-4.3569732e-02
0.3791498097816657,1.0005698570769268,0.0002849330676302575,1719.180029809983,-3.0356962e-03,354044,1328.20825,1818.98647,1.5783381e+05,4.5041462e+01,4.7584946e+03,1.1974749e+01,1.6617847e+05,4.7322777e+01,0,nan,nan,nan,nan,1328.20825,2.6157559e-04,1818.98647,2.3222463e-04,5.3002890e-03,3.4814619e-03
0.3794291695503489,1.0004368149028373,0.0002838620374495578,1713.0454291697515,-2.9167843e-03,349627,1328.20556,1818.98500,1.5852209e+05,4.4897457e+01,3.8772717e+03,1.1554217e+01,1.6625005e+05,4.7171474e+01,0,nan,nan,nan,nan,1328.20556,2.5901498e-04,1818.98500,2.2891753e-04,2.7739382e-03,3.1657137e-03
0.37955908089861623,1.0004204601451934,0.00029138015432611953,1755.9897190811002,-3.0517892e-03,380547,1042.61556,1775.56804,1.5913478e+05,4.6360588e+01,5.6128447e+03,1.4244561e+01,1.6664719e+05,4.8537277e+01,0,nan,nan,nan,nan,1042.61556,2.7161834e-04,1775.56804,2.4229565e-04,-9.4540752e-03,3.7059642e-02
0.37974632518034923,1.000362030002477,0.0002939151021783893,1743.7201463253818,-3.1856226e-03,371713,1042.61399,1775.52495,1.5918162e+05,4.6764706e+01,7.0693076e+03,1.4952987e+01,1.6664028e+05,4.8960369e+01,0,nan,nan,nan,nan,1042.61399,2.7419016e-04,1775.52495,2.4536857e-04,-1.1696236e-02,-9.5822569e-03
0.38006795975729835,0.9999067862203899,0.00028196197225702457,1921.6319879599607,3.1828228e-03,499805,471.02473,463.88612,1.6398931e+05,4.6208752e+01,2.5950876e+03,1.3442522e+01,1.6977172e+05,4.7873631e+01,0,nan,nan,nan,nan,471.02473,2.5889504e-04,463.88612,2.9335858e-04,2.7303891e-02,-1.5548070e-02
0.38007344187849446,1.0002297660457888,0.0002841309904051915,1731.4507134420799,-3.1800573e-03,362879,1328.19505,1819.01522,1.5855762e+05,4.4941685e+01,4.0297744e+03,1.1616506e+01,1.6622189e+05,4.7217941e+01,0,nan,nan,nan,nan,1328.19505,2.5937243e-04,1819.01522,2.2919512e-04,-8.9604761e-03,3.5172079e-02
0.38022198100793536,0.9993246812422185,0.00028430689086162043,1915.4972619812113,3.1764538e-03,495388,471.01233,463.89751,1.6401781e+05,4.6604431e+01,3.8676746e+03,1.4228814e+01,1.6971436e+05,4.8283566e+01,0,nan,nan,nan,nan,471.01233,2.6187400e-04,463.89751,2.9583060e-04,1.4825896e-02,-3.4908426e-03
0.38035105659082546,1.0000928157528655,0.00028199815704007695,1909.3625110567941,3.1451392e-03,490971,470.99912,463.87021,1.6401072e+05,4.6207970e+01,2.5971260e+03,1.3424220e+01,1.6977864e+05,4.7872822e+01,0,nan,nan,nan,nan,470.99912,2.5798389e-04,463.87021,2.9315369e-04,-1.4322498e-03,-3.2615848e-02
0.3804317686399372,1.0002312972381604,0.0002822232860822771,1903.2277117688432,3.0654613e-03,486554,470.98772,463.85556,1.6389519e+05,4.6246216e+01,2.7377620e+03,1.3562718e+01,1.6980712e+05,4.7912445e+01,0,nan,nan,nan,nan,470.98772,2.5798377e-04,463.85556,2.9376507e-04,-1.3513948e-02,-5.0109584e-02
0.3805386752480896,0.9999484732313572,0.0002848580347258511,1719.1814186754493,-3.0357190e-03,354045,1328.20014,1818.99086,1.5770400e+05,4.5029678e+01,4.7592720e+03,1.2007790e+01,1.6607556e+05,4.7310394e+01,0,nan,nan,nan,nan,1328.20014,2.6162073e-04,1818.99086,2.3196987e-04,-2.4515411e-03,8.5597616e-03
0.380818026402039,1.0002354669172508,0.0002839145625047495,1713.0468180266032,-2.9168157e-03,349628,1328.20807,1818.98824,1.5853712e+05,4.4905479e+01,3.8836345e+03,1.1550832e+01,1.6621555e+05,4.7179905e+01,0,nan,nan,nan,nan,1328.20807,2.5930419e-04,1818.98824,2.2910736e-04,5.2810521e-03,6.5255896e-03
0.38094799267832935,0.9997687266188889,0.00029153018357801344,1755.99110799288,-3.0517657e-03,380548,1042.61664,1775.56601,1.5917344e+05,4.6384499e+01,5.6187241e+03,1.4298300e+01,1.6653877e+05,4.8562309e+01,0,nan,nan,nan,nan,1042.61664,2.7159741e-04,1775.56601,2.4214030e-04,-8.7923948e-03,3.5042860e-02
0.38113522159301283,1.0005076712286443,0.0002939870492813762,1743.7215352217945,-3.1856145e-03,371714,1042.61697,1775.53466,1.5933536e+05,4.6776192e+01,7.0422886e+03,1.4939261e+01,1.6666467e+05,4.8972397e+01,0,nan,nan,nan,nan,1042.61697,2.7402869e-04,1775.53466,2.4486845e-04,-8.2707228e-03,7.2810944e-04
0.3814568459588372,1.0004134551380177,0.0002821343979955872,1921.6333768461623,3.1828207e-03,499806,471.02550,463.88628,1.6403280e+05,4.6236950e+01,2.5971548e+03,1.3488277e+01,1.6985753e+05,4.7902847e+01,0,nan,nan,nan,nan,471.02550,2.5892659e-04,463.88628,2.9367316e-04,2.8578760e-02,-1.5815292e-02
0.38146232271265035,0.9994074073830158,0.00028389246919085555,1731.452102322914,-3.1800647e-03,362880,1328.20698,1819.02429,1.5836973e+05,4.4904018e+01,4.0400144e+03,1.1579521e+01,1.6608545e+05,4.7178368e+01,0,nan,nan,nan,nan,1328.20698,2.5974397e-04,1819.02429,2.2891100e-04,4.5977808e-03,4.6229057e-02
0.38161087349635636,1.0006586982412713,0.00028439443331858565,1915.4986508736997,3.1764579e-03,495389,471.01364,463.89030,1.6410150e+05,4.6618729e+01,3.8497908e+03,1.4262972e+01,1.6994072e+05,4.8298378e+01,0,nan,nan,nan,nan,471.01364,2.6166759e-04,463.89030,2.9614355e-04,1.5947642e-02,-1.0789120e-02
0.3817399588583612,0.9999637697523291,0.0002819878630838176,1909.3638999590617,3.1451532e-03,490972,471.00027,463.87881,1.6393139e+05,4.6206295e+01,2.5962666e+03,1.3464018e+01,1.6975678e+05,4.7871086e+01,0,nan,nan,nan,nan,471.00027,2.5806684e-04,463.87881,2.9345538e-04,2.7690097e-04,-2.3384934e-02
0.38182067859133895,0.99985041484425,0.00028224935556660203,1903.2291006787946,3.0654829e-03,486555,470.98552,463.85225,1.6386583e+05,4.6250473e+01,2.7522283e+03,1.3565928e+01,1.6974241e+05,4.7916855e+01,0,nan,nan,nan,nan,470.98552,2.5823445e-04,463.85225,2.9377366e-04,-1.5319126e-02,-5.2388523e-02
0.38192754071519663,0.9998330539295806,0.0002849698205912192,1719.1828075409164,-3.0357419e-03,354046,1328.20765,1818.97255,1.5765308e+05,4.5047428e+01,4.7796719e+03,1.2046133e+01,1.6605669e+05,4.7329044e+01,0,nan,nan,nan,nan,1328.20765,2.6184585e-04,1818.97255,2.3293246e-04,5.3999061e-03,-1.1191009e-02
0.3822068832544122,0.9993758962964259,0.0002838265391213203,1713.0482068834556,-2.9168471e-03,349629,1328.20325,1818.98741,1.5840297e+05,4.4891281e+01,3.8978601e+03,1.1530334e+01,1.6607167e+05,4.7164986e+01,0,nan,nan,nan,nan,1328.20325,2.5923597e-04,1818.98741,2.2939687e-04,2.0942009e-04,5.9528584e-03
0.3823369046908738,0.9996853089417032,0.0002914469532188345,1755.9924969048925,-3.0517420e-03,380549,1042.61442,1775.56363,1.5910684e+05,4.6371292e+01,5.6066538e+03,1.4251336e+01,1.6652500e+05,4.8548485e+01,0,nan,nan,nan,nan,1042.61442,2.7160559e-04,1775.56363,2.4235059e-04,-1.0957591e-02,3.2660298e-02
0.3825241180061312,1.000338163406941,0.0002941322061440911,1743.7229241182076,-3.1856063e-03,371715,1042.61960,1775.51093,1.5914770e+05,4.6799332e+01,7.0418779e+03,1.4986276e+01,1.6663658e+05,4.8996620e+01,0,nan,nan,nan,nan,1042.61960,2.7451213e-04,1775.51093,2.4583074e-04,-5.7787769e-03,-2.5190791e-02
0.38284573216014905,0.9999127738239839,0.00028191097587692,1921.6347657323636,3.1828186e-03,499807,471.02986,463.88180,1.6391986e+05,4.6200279e+01,2.5879009e+03,1.3436955e+01,1.6977231e+05,4.7864853e+01,0,nan,nan,nan,nan,471.02986,2.5912264e-04,463.88180,2.9384118e-04,3.3210676e-02,-2.0392926e-02
0.3828512035465792,0.9995172618625229,0.0002841562775069378,1731.453491203748,-3.1800722e-03,362881,1328.20312,1819.02020,1.5849886e+05,4.4945805e+01,4.0419033e+03,1.1622100e+01,1.6610395e+05,4.7222275e+01,0,nan,nan,nan,nan,1328.20312,2.5973713e-04,1819.02020,2.2905633e-04,-5.4944667e-04,4.1420609e-02
0.38299976598500507,0.999868197575765,0.0002844878823724577,1915.5000397661884,3.1764621e-03,495390,471.01853,463.90441,1.6425266e+05,4.6633995e+01,3.8573682e+03,1.4239743e+01,1.6980627e+05,4.8314190e+01,0,nan,nan,nan,nan,471.01853,2.6087326e-04,463.90441,2.9553374e-04,2.1056065e-02,3.9942204e-03
0.3831288611254422,1.0000768922582048,0.00028228742177137443,1909.3652888613287,3.1451671e-03,490973,470.99919,463.87755,1.6396944e+05,4.6255394e+01,2.5979294e+03,1.3533914e+01,1.6977603e+05,4.7921955e+01,0,nan,nan,nan,nan,470.99919,2.5845654e-04,463.87755,2.9341673e-04,-6.8128627e-04,-2.4200127e-02
0.3832095885431954,0.9998173278807456,0.00028224567237718955,1903.2304895887464,3.0655046e-03,486556,470.99166,463.86335,1.6378061e+05,4.6249851e+01,2.7394890e+03,1.3606573e+01,1.6973673e+05,4.7916210e+01,0,nan,nan,nan,nan,470.99166,2.5854027e-04,463.86335,2.9364831e-04,-8.4151486e-03,-4.0621281e-02
0.38331640618253005,0.9997794527798908,0.0002849201382971643,1719.1841964063838,-3.0357647e-03,354047,1328.20125,1818.98306,1.5765555e+05,4.5039661e+01,4.7816504e+03,1.2026690e+01,1.6604808e+05,4.7320881e+01,0,nan,nan,nan,nan,1328.20125,2.6174387e-04,1818.98306,2.3208819e-04,-1.4347984e-03,6.0994329e-04
0.38359573987395346,0.9998610527921707,0.0002838303982842672,1713.0495957400751,-2.9168788e-03,349630,1328.20571,1818.98404,1.5851250e+05,4.4891609e+01,3.8948789e+03,1.1526659e+01,1.6615127e+05,4.7165329e+01,0,nan,nan,nan,nan,1328.20571,2.5895715e-04,1818.98404,2.2902434e-04,3.0154237e-03,2.1371846e-03
0.3837258164708146,1.0002590037835777,0.0002915639593870468,1755.9938858166724,-3.0517185e-03,380550,1042.61815,1775.57650,1.5925059e+05,4.6389946e+01,5.6340918e+03,1.4294586e+01,1.6662070e+05,4.8568012e+01,0,nan,nan,nan,nan,1042.61815,2.7150556e-04,1775.57650,2.4205357e-04,-6.5876348e-03,4.6015691e-02
0.3839130144187948,0.9999197766650614,0.0002938008629812296,1743.7243130146203,-3.1855982e-03,371716,1042.61603,1775.53552,1.5911639e+05,4.6746651e+01,7.0610244e+03,1.4926843e+01,1.6656703e+05,4.8941467e+01,0,nan,nan,nan,nan,1042.61603,2.7442921e-04,1775.53552,2.4541360e-04,-8.9445086e-03,5.9636746e-04
0.38423461836191564,0.9995512192966398,0.00028211183797669176,1921.6361546185653,3.1828166e-03,499808,471.01551,463.88912,1.6392492e+05,4.6233143e+01,2.5916482e+03,1.3523848e+01,1.6971072e+05,4.7898899e+01,0,nan,nan,nan,nan,471.01551,2.5900968e-04,463.88912,2.9358119e-04,1.7566876e-02,-1.2291014e-02
0.38424008438050805,0.9993938865398991,0.0002839355887638455,1731.4548800845819,-3.1800796e-03,362882,1328.19655,1819.01929,1.5822962e+05,4.4910973e+01,4.0488157e+03,1.1634593e+01,1.6608370e+05,4.7185673e+01,0,nan,nan,nan,nan,1328.19655,2.5997069e-04,1819.01929,2.3004225e-04,-6.1931992e-03,3.9180230e-02
0.3843886584736538,0.9998598238399323,0.00028430596349084597,1915.501428658677,3.1764663e-03,495391,471.01502,463.89252,1.6406595e+05,4.6604118e+01,3.8517312e+03,1.4204255e+01,1.6980464e+05,4.8283241e+01,0,nan,nan,nan,nan,471.01502,2.6126124e-04,463.89252,2.9615266e-04,1.7235925e-02,-8.7678256e-03
0.38451776339206845,0.9994689869717839,0.00028195405739850945,1909.3666777635954,3.1451811e-03,490974,471.00305,463.88363,1.6390242e+05,4.6200783e+01,2.5935735e+03,1.3462075e+01,1.6967288e+05,4.7865372e+01,0,nan,nan,nan,nan,471.00305,2.5813654e-04,463.88363,2.9308459e-04,2.6051688e-03,-1.8233920e-02
0.3845984984932329,1.0000222224125788,0.0002823120248142735,1903.2318784986965,3.0655263e-03,486557,470.98866,463.85348,1.6390359e+05,4.6260712e+01,2.7580571e+03,1.3573790e+01,1.6977145e+05,4.7927460e+01,0,nan,nan,nan,nan,470.98866,2.5852871e-04,463.85348,2.9376522e-04,-1.2246091e-02,-5.1513307e-02
0.38470527188246706,1.0003628679106755,0.00028502321138365794,1719.1855852720837,-3.0357873e-03,354048,1328.21012,1818.98846,1.5773481e+05,4.5056034e+01,4.7878130e+03,1.2066775e+01,1.6614528e+05,4.7338081e+01,0,nan,nan,nan,nan,1328.21012,2.6190505e-04,1818.98846,2.3199167e-04,8.0752531e-03,6.3150241e-03
0.38498459672587126,0.9999212305894153,0.0002838990800734784,1713.050984596927,-2.9169102e-03,349631,1328.19382,1818.96789,1.5842598e+05,4.4902191e+01,3.8819907e+03,1.1555237e+01,1.6616023e+05,4.7176453e+01,0,nan,nan,nan,nan,1328.19382,2.5931146e-04,1818.96789,2.3014372e-04,-9.9518839e-03,-1.6100395e-02
0.38511472848313133,1.0002678584317715,0.00029140178756355425,1755.9952747286848,-3.0516947e-03,380551,1042.61527,1775.56457,1.5911506e+05,4.6364182e+01,5.6289077e+03,1.4252154e+01,1.6662231e+05,4.8541039e+01,0,nan,nan,nan,nan,1042.61527,2.7155911e-04,1775.56457,2.4239809e-04,-1.0016042e-02,3.3549216e-02
0.38530191083123133,1.0000768259915338,0.00029397840022588067,1743.7257019110327,-3.1855900e-03,371717,1042.61304,1775.53362,1.5909328e+05,4.6774944e+01,7.0630630e+03,1.4972054e+01,1.6659334e+05,4.8971085e+01,0,nan,nan,nan,nan,1042.61304,2.7439924e-04,1775.53362,2.4571491e-04,-1.2880030e-02,-3.4268008e-04
0.3856235045645917,0.9999927895448714,0.00028191001118245943,1921.637543504768,3.1828145e-03,499809,471.02590,463.88917,1.6401119e+05,4.6200008e+01,2.5788301e+03,1.3408787e+01,1.6978548e+05,4.7864571e+01,0,nan,nan,nan,nan,471.02590,2.5855683e-04,463.88917,2.9352983e-04,2.8086472e-02,-1.1905122e-02
0.38562896521511936,0.9996487236445823,0.0002841477468525157,1731.4562689654165,-3.1800871e-03,362883,1328.19937,1819.02383,1.5841352e+05,4.4944599e+01,4.0467681e+03,1.1683228e+01,1.6612631e+05,4.7221004e+01,0,nan,nan,nan,nan,1328.19937,2.5948772e-04,1819.02383,2.2932334e-04,-3.9051003e-03,4.5102347e-02
0.38577755096184774,0.9997531145350089,0.00028438070014528906,1915.5028175511652,3.1764705e-03,495392,471.00043,463.90006,1.6406342e+05,4.6616322e+01,3.8644722e+03,1.4228362e+01,1.6978633e+05,4.8295879e+01,0,nan,nan,nan,nan,471.00043,2.6160665e-04,463.90006,2.9593837e-04,2.0307805e-03,-3.9859273e-04
0.38590666542609176,0.9998365576774882,0.00028202553355843776,1909.3680666656294,3.1451948e-03,490975,470.99854,463.88214,1.6393733e+05,4.6212513e+01,2.6028696e+03,1.3470448e+01,1.6973533e+05,4.7877522e+01,0,nan,nan,nan,nan,470.99854,2.5796573e-04,463.88214,2.9318876e-04,-1.6867771e-03,-1.9798504e-02
0.38598740844372514,1.000170829752413,0.00028232222195250504,1903.233267408647,3.0655479e-03,486558,470.98605,463.85440,1.6385130e+05,4.6262363e+01,2.7490920e+03,1.3554311e+01,1.6979662e+05,4.7929173e+01,0,nan,nan,nan,nan,470.98605,2.5835171e-04,463.85440,2.9406298e-04,-1.4675276e-02,-5.0967850e-02
0.38609413734957343,1.000163995956921,0.0002848393961902988,1719.1869741375508,-3.0358101e-03,354049,1328.20317,1818.98376,1.5768512e+05,4.5027058e+01,4.7689741e+03,1.2000568e+01,1.6611255e+05,4.7307640e+01,0,nan,nan,nan,nan,1328.20317,2.6167859e-04,1818.98376,2.3211533e-04,7.5001532e-04,8.0824940e-04
0.38637345357756203,0.9993901551644582,0.00028357053400679036,1713.0523734537787,-2.9169417e-03,349632,1328.21957,1819.00087,1.5815972e+05,4.4849953e+01,3.8825461e+03,1.1537648e+01,1.6607095e+05,4.7121567e+01,0,nan,nan,nan,nan,1328.21957,2.5995789e-04,1819.00087,2.3023528e-04,1.8992228e-02,1.9545292e-02
0.38650364026307216,0.9999321403101102,0.0002916024600869911,1755.9966636404647,-3.0516712e-03,380552,1042.60970,1775.55567,1.5915177e+05,4.6396141e+01,5.6422808e+03,1.4290007e+01,1.6656652e+05,4.8574501e+01,0,nan,nan,nan,nan,1042.60970,2.7168405e-04,1775.55567,2.4262028e-04,-1.5686976e-02,2.3499606e-02
0.3866908072436672,0.9990811234892105,0.0002937392947449412,1743.7270908074452,-3.1855819e-03,371718,1042.62021,1775.50977,1.5887695e+05,4.6736942e+01,7.0622324e+03,1.4968880e+01,1.6642762e+05,4.8931297e+01,0,nan,nan,nan,nan,1042.62021,2.7504776e-04,1775.50977,2.4588357e-04,-4.0837782e-03,-2.6347863e-02
0.38701239076772254,1.0000690074455196,0.0002819709281883832,1921.6389323909711,3.1828124e-03,499810,471.02376,463.88986,1.6398684e+05,4.6209938e+01,2.5829299e+03,1.3438852e+01,1.6979822e+05,4.7874855e+01,0,nan,nan,nan,nan,471.02376,2.5862240e-04,463.88986,2.9382002e-04,2.5687145e-02,-1.1319098e-02
0.38701784604927525,0.9999127987797446,0.0002840724773669043,1731.4576578462506,-3.1800945e-03,362884,1328.20533,1819.02025,1.5847634e+05,4.4932766e+01,4.0590952e+03,1.1641796e+01,1.6617047e+05,4.7208572e+01,0,nan,nan,nan,nan,1328.20533,2.5940529e-04,1819.02025,2.2905201e-04,2.1278427e-03,4.1693635e-02
0.38716644345049644,0.9996207759489354,0.00028427004361439393,1915.5042064436539,3.1764747e-03,495393,471.01670,463.89319,1.6408041e+05,4.6598122e+01,3.8587473e+03,1.4197489e+01,1.6976366e+05,4.8277031e+01,0,nan,nan,nan,nan,471.01670,2.6115248e-04,463.89319,2.9619326e-04,1.9145397e-02,-8.1312582e-03
0.3872955676933998,1.0002285105510627,0.00028198461331913375,1909.3694555678967,3.1452088e-03,490976,471.00296,463.87894,1.6395939e+05,4.6205818e+01,2.6081631e+03,1.3440937e+01,1.6980191e+05,4.7870586e+01,0,nan,nan,nan,nan,471.00296,2.5804044e-04,463.87894,2.9338576e-04,2.3290212e-03,-2.3215743e-02
0.3873763183946721,0.9999341241668714,0.00028233250386167335,1903.234656318598,3.0655696e-03,486559,470.98472,463.85901,1.6387102e+05,4.6264030e+01,2.7281277e+03,1.3625996e+01,1.6975639e+05,4.7930904e+01,0,nan,nan,nan,nan,470.98472,2.5811035e-04,463.85901,2.9365896e-04,-1.6230464e-02,-4.5405447e-02
0.38748300281690684,0.9998023980474804,0.0002848174781570658,1719.1883630030181,-3.0358329e-03,354050,1328.20773,1818.98610,1.5766767e+05,4.5023678e+01,4.7791665e+03,1.2019194e+01,1.6605280e+05,4.7304085e+01,0,nan,nan,nan,nan,1328.20773,2.6167108e-04,1818.98610,2.3205249e-04,5.4743886e-03,3.7711668e-03
0.38776231019710394,1.000108481604269,0.00028360721868707226,1713.0537623103983,-2.9169733e-03,349633,1328.20166,1818.99108,1.5825100e+05,4.4855480e+01,3.9081331e+03,1.1515860e+01,1.6618930e+05,4.7127373e+01,0,nan,nan,nan,nan,1328.20166,2.5931001e-04,1818.99108,2.3002728e-04,-1.2438884e-03,8.6137839e-03
0.3878925522756159,1.0000543657766656,0.00029169517625630867,1755.9980525524772,-3.0516475e-03,380553,1042.61141,1775.57187,1.5919069e+05,4.6410931e+01,5.6228613e+03,1.4314566e+01,1.6658700e+05,4.8589985e+01,0,nan,nan,nan,nan,1042.61141,2.7173018e-04,1775.57187,2.4239183e-04,-1.3553599e-02,4.0720798e-02
0.3880797036563308,1.0001306988975565,0.0002938865038160005,1743.7284797038578,-3.1855737e-03,371719,1042.61812,1775.52668,1.5916155e+05,4.6760399e+01,7.0733706e+03,1.4952456e+01,1.6660262e+05,4.8955864e+01,0,nan,nan,nan,nan,1042.61812,2.7428847e-04,1775.52668,2.4523927e-04,-7.3645278e-03,-7.9292255e-03
0.38840127696903437,1.0003353203777028,0.0002820407803807118,1921.6403212771725,3.1828103e-03,499811,471.02279,463.88912,1.6411719e+05,4.6221329e+01,2.5886355e+03,1.3431583e+01,1.6984322e+05,4.7886658e+01,0,nan,nan,nan,nan,471.02279,2.5855738e-04,463.88912,2.9315185e-04,2.4884686e-02,-1.1889663e-02
0.388406726649691,1.0001385012287045,0.00028413743480566576,1731.459046726851,-3.1801022e-03,362885,1328.19551,1819.02058,1.5851097e+05,4.4943119e+01,4.0472578e+03,1.1652836e+01,1.6620827e+05,4.7219448e+01,0,nan,nan,nan,nan,1328.19551,2.5938894e-04,1819.02058,2.2896870e-04,-8.2981596e-03,4.1376784e-02
0.3885553357063145,1.000223606905524,0.0002842758711740955,1915.5055953359097,3.1764787e-03,495394,471.01847,463.89572,1.6408556e+05,4.6599026e+01,3.8530415e+03,1.4208055e+01,1.6986583e+05,4.8277966e+01,0,nan,nan,nan,nan,471.01847,2.6134247e-04,463.89572,2.9608048e-04,2.1553727e-02,-5.3702383e-03
0.388684469961845,1.00033637991418,0.0002820781252718662,1909.3708444701651,3.1452228e-03,490977,470.99900,463.86477,1.6396561e+05,4.6221149e+01,2.5950801e+03,1.3502595e+01,1.6982027e+05,4.7886475e+01,0,nan,nan,nan,nan,470.99900,2.5799821e-04,463.86477,2.9314662e-04,-1.2745315e-03,-3.8104061e-02
0.3887652283456191,1.0001339242496687,0.00028219001487051355,1903.2360452285488,3.0655912e-03,486560,470.98621,463.86194,1.6391280e+05,4.6240665e+01,2.7463486e+03,1.3513251e+01,1.6979025e+05,4.7906696e+01,0,nan,nan,nan,nan,470.98621,2.5807729e-04,463.86194,2.9368576e-04,-1.4482805e-02,-4.2911883e-02
0.3888718682840139,0.9999295297757197,0.00028491055483401373,1719.1897518684852,-3.0358557e-03,354051,1328.19937,1818.98204,1.5774245e+05,4.5038475e+01,4.7673887e+03,1.2015288e+01,1.6607422e+05,4.7319633e+01,0,nan,nan,nan,nan,1328.19937,2.6165543e-04,1818.98204,2.3202032e-04,-2.9055723e-03,-9.6387282e-04
0.3891511670494765,1.0000477123572031,0.0002836461642640923,1713.0551511672506,-2.9170047e-03,349634,1328.20697,1818.98533,1.5817338e+05,4.4861370e+01,3.9050554e+03,1.1551245e+01,1.6617819e+05,4.7133556e+01,0,nan,nan,nan,nan,1328.20697,2.5984176e-04,1818.98533,2.3087506e-04,5.0194063e-03,2.7301183e-03
0.3892814640553297,0.9997957853276906,0.00029159127047545357,1755.999441464257,-3.0516239e-03,380554,1042.61454,1775.56461,1.5914312e+05,4.6394440e+01,5.6232144e+03,1.4285334e+01,1.6654406e+05,4.8572716e+01,0,nan,nan,nan,nan,1042.61454,2.7155605e-04,1775.56461,2.4252472e-04,-1.0254481e-02,3.3945382e-02
0.3894686003022798,1.000125257856262,0.0002940425552398705,1743.7298686005038,-3.1855654e-03,371720,1042.61590,1775.52374,1.5922572e+05,4.6785275e+01,7.0710542e+03,1.4980573e+01,1.6660186e+05,4.8981903e+01,0,nan,nan,nan,nan,1042.61590,2.7446667e-04,1775.52374,2.4501033e-04,-9.5776878e-03,-1.0900346e-02
0.3897901634036316,0.9996007729804025,0.00028205596975084253,1921.641710163607,3.1828084e-03,499812,471.02382,463.88719,1.6395994e+05,4.6223763e+01,2.5840742e+03,1.3491978e+01,1.6971830e+05,4.7889179e+01,0,nan,nan,nan,nan,471.02382,2.5873710e-04,463.88719,2.9345168e-04,2.6295595e-02,-1.4434326e-02
0.3897956074836205,0.9995915824983974,0.00028388982760668203,1731.460435607685,-3.1801097e-03,362886,1328.20630,1819.02478,1.5825503e+05,4.4904034e+01,4.0570903e+03,1.1622052e+01,1.6611766e+05,4.7178383e+01,0,nan,nan,nan,nan,1328.20630,2.5997462e-04,1819.02478,2.2961089e-04,3.9726445e-03,4.5690972e-02
0.3899442281940537,0.9998786247395165,0.00028427951541462425,1915.5069842283974,3.1764829e-03,495395,471.02150,463.89912,1.6409989e+05,4.6599567e+01,3.8600681e+03,1.4188655e+01,1.6980705e+05,4.8278526e+01,0,nan,nan,nan,nan,471.02150,2.6169367e-04,463.89912,2.9574797e-04,2.4275733e-02,-1.3383061e-03
0.39007337222938077,1.0002603846826867,0.0002820110338634433,1909.3722333724327,3.1452368e-03,490978,471.00076,463.89168,1.6403567e+05,4.6210171e+01,2.6068840e+03,1.3429874e+01,1.6980742e+05,4.7875099e+01,0,nan,nan,nan,nan,471.00076,2.5811206e-04,463.89168,2.9299044e-04,1.2212509e-03,-8.7617738e-03
0.3901541382965661,1.0000480905404832,0.00028209011085924646,1903.2374341384998,3.0656129e-03,486561,470.98571,463.86230,1.6385523e+05,4.6224289e+01,2.7344458e+03,1.3490230e+01,1.6977562e+05,4.7889725e+01,0,nan,nan,nan,nan,470.98571,2.5821704e-04,463.86230,2.9368349e-04,-1.4813618e-02,-4.2125143e-02
0.3902607339839502,0.9996847147019292,0.0002846787813785739,1719.1911407341852,-3.0358783e-03,354052,1328.20501,1818.98731,1.5743094e+05,4.5001915e+01,4.7859287e+03,1.2003489e+01,1.6603386e+05,4.7281223e+01,0,nan,nan,nan,nan,1328.20501,2.6208640e-04,1818.98731,2.3309259e-04,2.6449042e-03,4.1920529e-03
0.39054002390207676,0.999512894931946,0.0002839582218671918,1713.0565400241032,-2.9170362e-03,349635,1328.20738,1818.98183,1.5829397e+05,4.4910454e+01,3.9131880e+03,1.1659006e+01,1.6608831e+05,4.7185127e+01,0,nan,nan,nan,nan,1328.20738,2.5967357e-04,1818.98183,2.3047091e-04,4.9611693e-03,-8.9816737e-04
0.3906703760681012,1.0004481938279335,0.0002914490149336365,1756.0008303762697,-3.0516002e-03,380555,1042.61249,1775.57256,1.5920214e+05,4.6371841e+01,5.6261284e+03,1.4246990e+01,1.6665286e+05,4.8549057e+01,0,nan,nan,nan,nan,1042.61249,2.7138906e-04,1775.57256,2.4208812e-04,-1.2961294e-02,4.1221015e-02
0.3908574967149434,0.9996406054305702,0.000293761042918906,1743.7312574969164,-3.1855572e-03,371721,1042.61481,1775.52537,1.5908973e+05,4.6740520e+01,7.0424902e+03,1.4931554e+01,1.6652128e+05,4.8935051e+01,0,nan,nan,nan,nan,1042.61481,2.7429452e-04,1775.52537,2.4514177e-04,-1.0217072e-02,-8.9913979e-03
0.39117904960494343,1.0005641653119164,0.0002823383284919686,1921.6430990498084,3.1828063e-03,499813,471.02658,463.88470,1.6424425e+05,4.6269981e+01,2.5960977e+03,1.3516044e+01,1.6988167e+05,4.7937061e+01,0,nan,nan,nan,nan,471.02658,2.5849658e-04,463.88470,2.9310703e-04,2.8491847e-02,-1.6791323e-02
0.3911844883175487,0.9996543787209833,0.0002840394227745951,1731.461824488519,-3.1801171e-03,362887,1328.19657,1819.01495,1.5821253e+05,4.4927773e+01,4.0643147e+03,1.1730534e+01,1.6612839e+05,4.7203327e+01,0,nan,nan,nan,nan,1328.19657,2.6009596e-04,1819.01495,2.3035317e-04,-5.8997851e-03,3.4118809e-02
0.39133312068202,0.9994636730969026,0.00028414083291682975,1915.5083731208854,3.1764871e-03,495396,471.01185,463.90623,1.6389530e+05,4.6576782e+01,3.8464756e+03,1.4201897e+01,1.6973639e+05,4.8254917e+01,0,nan,nan,nan,nan,471.01185,2.6181524e-04,463.90623,2.9628555e-04,1.4544588e-02,5.8180569e-03
0.391462274496007,1.0000956761015825,0.0002819732564711838,1909.3736222746993,3.1452507e-03,490979,470.99896,463.87805,1.6390544e+05,4.6203987e+01,2.6099070e+03,1.3449216e+01,1.6977950e+05,4.7868698e+01,0,nan,nan,nan,nan,470.99896,2.5818704e-04,463.87805,2.9345352e-04,-1.2767998e-03,-2.4162024e-02
0.39154304824728536,1.0002825096878747,0.0002821374417078562,1903.2388230484505,3.0656345e-03,486562,470.99110,463.86043,1.6396377e+05,4.6232029e+01,2.7266682e+03,1.3486937e+01,1.6981538e+05,4.7897743e+01,0,nan,nan,nan,nan,470.99110,2.5812077e-04,463.86043,2.9340474e-04,-9.8871468e-03,-4.3877985e-02
0.3916495994503748,0.9998108703923109,0.00028488952765258843,1719.1925295996516,-3.0359011e-03,354053,1328.20405,1818.98550,1.5768098e+05,4.5035313e+01,4.7860005e+03,1.2030074e+01,1.6605512e+05,4.7316315e+01,0,nan,nan,nan,nan,1328.20405,2.6176800e-04,1818.98550,2.3225049e-04,1.9023221e-03,2.5723232e-03
0.39192888075444865,1.0001409658819576,0.00028389815549357953,1713.0579288809556,-2.9170676e-03,349636,1328.20663,1818.98596,1.5854191e+05,4.4900681e+01,3.9089917e+03,1.1545896e+01,1.6619169e+05,4.7174862e+01,0,nan,nan,nan,nan,1328.20663,2.5917563e-04,1818.98596,2.2894674e-04,3.8538999e-03,4.1255890e-03
0.39205928784758726,1.0004337382904782,0.00029146311375759145,1756.0022192880492,-3.0515767e-03,380556,1042.61707,1775.56442,1.5927969e+05,4.6374123e+01,5.6320547e+03,1.4241046e+01,1.6665058e+05,4.8551441e+01,0,nan,nan,nan,nan,1042.61707,2.7124779e-04,1775.56442,2.4203266e-04,-9.0205017e-03,3.3468105e-02
0.39224639312806175,1.000262968787757,0.00029394691351547145,1743.7326463933296,-3.1855491e-03,371722,1042.62069,1775.52780,1.5920120e+05,4.6770142e+01,7.0708516e+03,1.4933192e+01,1.6662511e+05,4.8966061e+01,0,nan,nan,nan,nan,1042.62069,2.7432691e-04,1775.52780,2.4528813e-04,-4.3162978e-03,-6.9372249e-03
0.39256793580625526,1.0003277759030753,0.00028226794294133574,1921.6444879360097,3.1828042e-03,499814,471.02620,463.88928,1.6416800e+05,4.6258385e+01,2.5899290e+03,1.3542489e+01,1.6984131e+05,4.7925053e+01,0,nan,nan,nan,nan,471.02620,2.5850287e-04,463.88928,2.9301274e-04,2.8177388e-02,-1.1808236e-02
0.3925733691514782,1.0002627704038096,0.0002840728805455197,1731.4632133693528,-3.1801246e-03,362888,1328.20834,1819.02385,1.5854166e+05,4.4933147e+01,4.0504504e+03,1.1610524e+01,1.6622981e+05,4.7208973e+01,0,nan,nan,nan,nan,1328.20834,2.5934147e-04,1819.02385,2.2928904e-04,5.0606504e-03,4.4791345e-02
0.39272201317044164,0.9999805591787488,0.00028431787955529857,1915.5097620133738,3.1764912e-03,495397,471.01751,463.89698,1.6403203e+05,4.6605751e+01,3.8540864e+03,1.4240803e+01,1.6982398e+05,4.8284931e+01,0,nan,nan,nan,nan,471.01751,2.6203613e-04,463.89698,2.9582792e-04,2.0502461e-02,-4.3575414e-03
0.39285117653025736,1.0001179297771166,0.0002820380061110948,1909.3750111767336,3.1452645e-03,490980,470.99935,463.87887,1.6393581e+05,4.6214619e+01,2.6007632e+03,1.3492884e+01,1.6978333e+05,4.7879707e+01,0,nan,nan,nan,nan,470.99935,2.5813640e-04,463.87887,2.9304952e-04,-4.6379046e-04,-2.2856081e-02
0.39293195819755056,0.9994790479440102,0.00028219187274186293,1903.2402119584008,3.0656562e-03,486563,470.98411,463.85422,1.6381444e+05,4.6240932e+01,2.7339968e+03,1.3573970e+01,1.6967892e+05,4.7906971e+01,0,nan,nan,nan,nan,470.98411,2.5820467e-04,463.85422,2.9362072e-04,-1.6714953e-02,-5.1162414e-02
0.3930384649167994,0.9996298925982342,0.00028484995464695664,1719.193918465118,-3.0359239e-03,354054,1328.20364,1818.98710,1.5765208e+05,4.5029144e+01,4.7899922e+03,1.2033117e+01,1.6602538e+05,4.7309830e+01,0,nan,nan,nan,nan,1328.20364,2.6138322e-04,1818.98710,2.3221536e-04,1.0733324e-04,4.6154605e-03
0.3933177373739912,0.9993048163786855,0.00028375796782734234,1713.0593177375752,-2.9170993e-03,349637,1328.20343,1818.98529,1.5829823e+05,4.4878235e+01,3.9156121e+03,1.1524427e+01,1.6605175e+05,4.7151283e+01,0,nan,nan,nan,nan,1328.20343,2.5982643e-04,1818.98529,2.2961230e-04,5.3520623e-04,2.9509186e-03
0.3934481998603587,1.0006744818922584,0.00029155223398313993,1756.003608200062,-3.0515529e-03,380557,1042.61443,1775.56141,1.5922608e+05,4.6388332e+01,5.6250513e+03,1.4268545e+01,1.6669081e+05,4.8566322e+01,0,nan,nan,nan,nan,1042.61443,2.7141193e-04,1775.56141,2.4240253e-04,-1.0407606e-02,2.9790239e-02
0.3936352895411801,0.9994964116102946,0.00029410874458832937,1743.7340352897427,-3.1855409e-03,371723,1042.61391,1775.51191,1.5913117e+05,4.6795937e+01,7.0706924e+03,1.5001741e+01,1.6649758e+05,4.8993065e+01,0,nan,nan,nan,nan,1042.61391,2.7417601e-04,1775.51191,2.4546779e-04,-1.2071644e-02,-2.3305677e-02
0.3939568220084766,1.0003289906911235,0.00028211873529523983,1921.645876822212,3.1828021e-03,499815,471.02135,463.88820,1.6405350e+05,4.6233879e+01,2.5942373e+03,1.3502384e+01,1.6984131e+05,4.7899662e+01,0,nan,nan,nan,nan,471.02135,2.5915733e-04,463.88820,2.9318163e-04,2.4319129e-02,-1.3059463e-02
0.3939622499856341,0.9994635746407794,0.00028398897977231996,1731.464602250187,-3.1801320e-03,362889,1328.20202,1819.01761,1.5831852e+05,4.4919964e+01,4.0539543e+03,1.1638900e+01,1.6609731e+05,4.7195122e+01,0,nan,nan,nan,nan,1328.20202,2.5973629e-04,1819.01761,2.3028582e-04,-6.1735662e-04,3.7187539e-02
0.39411090565909035,0.9997164375863328,0.0002842133869514158,1915.5111509058625,3.1764954e-03,495398,471.01170,463.90348,1.6404280e+05,4.6588566e+01,3.8547888e+03,1.4165549e+01,1.6977892e+05,4.8267132e+01,0,nan,nan,nan,nan,471.01170,2.6124739e-04,463.90348,2.9637659e-04,1.4065452e-02,2.7821711e-03
0.3942400787977931,0.999890679623914,0.00028205035649080774,1909.376400079001,3.1452784e-03,490981,470.99998,463.87831,1.6393348e+05,4.6216660e+01,2.6025251e+03,1.3439146e+01,1.6974480e+05,4.7881817e+01,0,nan,nan,nan,nan,470.99998,2.5791017e-04,463.87831,2.9364493e-04,-6.9127840e-05,-2.3891890e-02
0.39432086814849754,0.9999941845924465,0.00028226923970632275,1903.2416008683517,3.0656778e-03,486564,470.98786,463.86187,1.6386170e+05,4.6253597e+01,2.7305942e+03,1.3593707e+01,1.6976633e+05,4.7920090e+01,0,nan,nan,nan,nan,470.98786,2.5835581e-04,463.86187,2.9366394e-04,-1.2460960e-02,-4.2546857e-02
0.3944273303841328,1.0003316952535222,0.0002849968779526839,1719.1953073305854,-3.0359467e-03,354055,1328.20108,1818.98547,1.5783288e+05,4.5052452e+01,4.7640913e+03,1.2028337e+01,1.6614225e+05,4.7334320e+01,0,nan,nan,nan,nan,1328.20108,2.6145508e-04,1818.98547,2.3157026e-04,-2.0229227e-03,2.7471201e-03
0.3947065942263631,0.9995587367111278,0.0002838244888995376,1713.0607065944275,-2.9171307e-03,349638,1328.20730,1818.98431,1.5846495e+05,4.4888489e+01,3.9129609e+03,1.1516846e+01,1.6609295e+05,4.7162056e+01,0,nan,nan,nan,nan,1328.20730,2.5914633e-04,1818.98431,2.2949654e-04,4.0344051e-03,2.0784326e-03
0.39483711164029955,1.00005765828885,0.0002915474538876951,1756.004997111842,-3.0515294e-03,380558,1042.61776,1775.57490,1.5913316e+05,4.6387604e+01,5.6282300e+03,1.4321914e+01,1.6658817e+05,4.8565559e+01,0,nan,nan,nan,nan,1042.61776,2.7138097e-04,1775.57490,2.4227347e-04,-6.6343769e-03,4.4026893e-02
0.3950241859538437,1.0002648751122447,0.0002939381470331578,1743.7354241861553,-3.1855328e-03,371724,1042.61516,1775.52408,1.5919853e+05,4.6768837e+01,7.0622144e+03,1.4941161e+01,1.6662575e+05,4.8964695e+01,0,nan,nan,nan,nan,1042.61516,2.7434767e-04,1775.52408,2.4540178e-04,-1.0025825e-02,-1.0777766e-02
0.3953457082106979,0.9999896464433643,0.0002819920841214071,1921.6472657084141,3.1828000e-03,499816,471.02226,463.88608,1.6395672e+05,4.6213066e+01,2.5981682e+03,1.3470940e+01,1.6978350e+05,4.7878098e+01,0,nan,nan,nan,nan,471.02226,2.5897985e-04,463.88608,2.9364185e-04,2.5213756e-02,-1.6039278e-02
0.3953511308188805,0.9997077161603933,0.0002842282597256993,1731.4659911310202,-3.1801395e-03,362890,1328.19728,1819.01787,1.5850728e+05,4.4957901e+01,4.0603428e+03,1.1672772e+01,1.6613820e+05,4.7234978e+01,0,nan,nan,nan,nan,1328.19728,2.5966688e-04,1819.01787,2.2918715e-04,-6.3120825e-03,3.8183093e-02
0.39549979814773906,1.0001253898751075,0.00028430359882009287,1915.512539798351,3.1764996e-03,495399,471.03077,463.88815,1.6402266e+05,4.6603302e+01,3.8408210e+03,1.4230439e+01,1.6984819e+05,4.8282394e+01,0,nan,nan,nan,nan,471.03077,2.6238454e-04,463.88815,2.9625461e-04,3.4082241e-02,-1.4239672e-02
0.39562898106532884,1.0006352078731475,0.0002821957999395549,1909.3777889812686,3.1452924e-03,490982,471.00242,463.88121,1.6410688e+05,4.6240498e+01,2.5929900e+03,1.3488780e+01,1.6987125e+05,4.7906521e+01,0,nan,nan,nan,nan,471.00242,2.5787746e-04,463.88121,2.9306739e-04,2.0459241e-03,-2.0303156e-02
0.3957097780994445,1.0001382558552283,0.0002822513565683879,1903.2429897783027,3.0656995e-03,486565,470.99066,463.86317,1.6386597e+05,4.6250652e+01,2.7344753e+03,1.3590611e+01,1.6979073e+05,4.7917042e+01,0,nan,nan,nan,nan,470.99066,2.5821358e-04,463.86317,2.9350049e-04,-9.8881274e-03,-4.0106442e-02
0.3958161960840698,1.0000674629692212,0.00028498845036286567,1719.1966961962853,-3.0359693e-03,354056,1328.20169,1818.98307,1.5776702e+05,4.5051205e+01,4.7818550e+03,1.2034847e+01,1.6609867e+05,4.7333012e+01,0,nan,nan,nan,nan,1328.20169,2.6155217e-04,1818.98307,2.3193000e-04,-1.0139297e-03,1.0372518e-03
0.3960954510782809,0.9994108842743903,0.00028380995709260953,1713.0620954512794,-2.9171621e-03,349639,1328.20732,1818.98720,1.5841184e+05,4.4885933e+01,3.9198894e+03,1.1553640e+01,1.6606741e+05,4.7159363e+01,0,nan,nan,nan,nan,1328.20732,2.5920168e-04,1818.98720,2.2920928e-04,5.1325690e-03,5.2353167e-03
0.3962260236526163,1.0001180895860031,0.0002915179428444136,1756.0063860238542,-3.0515057e-03,380559,1042.61530,1775.56211,1.5919158e+05,4.6382938e+01,5.6417793e+03,1.4284038e+01,1.6659838e+05,4.8560677e+01,0,nan,nan,nan,nan,1042.61530,2.7139878e-04,1775.56211,2.4223910e-04,-9.7285360e-03,3.0427208e-02
0.39641308236696204,0.9994395350628508,0.0002939019534617447,1743.7368130825685,-3.1855246e-03,371725,1042.62275,1775.53119,1.5909458e+05,4.6763126e+01,7.0766206e+03,1.4990208e+01,1.6648842e+05,4.8958714e+01,0,nan,nan,nan,nan,1042.62275,2.7445532e-04,1775.53119,2.4517975e-04,-2.1757795e-03,-3.1770309e-03
0.3967345944124645,1.000838101725031,0.0002825274660812472,1921.648654594616,3.1827979e-03,499817,471.02349,463.88761,1.6425542e+05,4.6300751e+01,2.5780139e+03,1.3622688e+01,1.6992734e+05,4.7968941e+01,0,nan,nan,nan,nan,471.02349,2.5859452e-04,463.88761,2.9297633e-04,2.5156219e-02,-1.3294986e-02
0.3967400116521276,1.000608583288039,0.0002842520706986275,1731.4673800118535,-3.1801469e-03,362891,1328.20125,1819.02154,1.5861203e+05,4.4961758e+01,4.0570420e+03,1.1632774e+01,1.6628825e+05,4.7239033e+01,0,nan,nan,nan,nan,1328.20125,2.5940291e-04,1819.02154,2.2908904e-04,-1.9246268e-03,4.2621404e-02
0.39688869063638776,0.9995943893613063,0.0002842860537910286,1915.5139286908397,3.1765038e-03,495400,471.00472,463.90306,1.6389567e+05,4.6600376e+01,3.8622915e+03,1.4273397e+01,1.6975781e+05,4.8279362e+01,0,nan,nan,nan,nan,471.00472,2.6197013e-04,463.90306,2.9627193e-04,7.0401230e-03,2.5445849e-03
0.3970178833328646,0.9998967290041237,0.00028195820697325815,1909.3791778835362,3.1453064e-03,490983,471.00040,463.87518,1.6388680e+05,4.6201580e+01,2.6104858e+03,1.3465295e+01,1.6974592e+05,4.7866199e+01,0,nan,nan,nan,nan,471.00040,2.5806698e-04,463.87518,2.9327208e-04,-1.7894217e-04,-2.6971038e-02
0.39709868781665136,0.9997815943627653,0.00028209534439661637,1903.2443786880199,3.0657209e-03,486566,470.98329,463.85546,1.6387109e+05,4.6225079e+01,2.7289971e+03,1.3505074e+01,1.6973014e+05,4.7890541e+01,0,nan,nan,nan,nan,470.98329,2.5802912e-04,463.85546,2.9359350e-04,-1.7665679e-02,-5.0252177e-02
0.3972050615511762,0.999943457070297,0.00028506785429438926,1719.1980850617524,-3.0359922e-03,354057,1328.20629,1818.98387,1.5778792e+05,4.5063850e+01,4.7859722e+03,1.2020362e+01,1.6607839e+05,4.7346291e+01,0,nan,nan,nan,nan,1328.20629,2.6160799e-04,1818.98387,2.3229324e-04,3.8890794e-03,1.1659990e-03
0.3974843079299717,0.9999995952361882,0.00028387374929107664,1713.0634843081311,-2.9171936e-03,349640,1328.20066,1818.98352,1.5835058e+05,4.4895760e+01,3.9189880e+03,1.1568124e+01,1.6616425e+05,4.7169689e+01,0,nan,nan,nan,nan,1328.20066,2.5925928e-04,1818.98352,2.2997989e-04,-1.9668601e-03,5.7453057e-04
0.3976149354325571,1.0001295456187216,0.00029155056239799554,1756.0077749356342,-3.0514821e-03,380560,1042.61314,1775.56640,1.5915423e+05,4.6388161e+01,5.6421045e+03,1.4287144e+01,1.6660039e+05,4.8566147e+01,0,nan,nan,nan,nan,1042.61314,2.7186616e-04,1775.56640,2.4227679e-04,-1.1719333e-02,3.5250228e-02
0.3978019787798527,1.0003004628133032,0.0002939696970642115,1743.7382019789814,-3.1855165e-03,371726,1042.61050,1775.52259,1.5918345e+05,4.6773949e+01,7.0784878e+03,1.4962484e+01,1.6663200e+05,4.8970043e+01,0,nan,nan,nan,nan,1042.61050,2.7428698e-04,1775.52259,2.4516549e-04,-1.4684522e-02,-1.2452058e-02
0.39812348061468583,0.9997705445427415,0.00028205452899197014,1921.650043480818,3.1827958e-03,499818,471.02492,463.89007,1.6409303e+05,4.6223186e+01,2.6058457e+03,1.3457170e+01,1.6974589e+05,4.7888584e+01,0,nan,nan,nan,nan,471.02492,2.5854685e-04,463.89007,2.9312831e-04,2.7316561e-02,-1.1387069e-02
0.3981288924867382,0.9996555006253325,0.0002841142411288256,1731.468768892688,-3.1801544e-03,362892,1328.20297,1819.02217,1.5844281e+05,4.4940048e+01,4.0523181e+03,1.1637772e+01,1.6613020e+05,4.7216221e+01,0,nan,nan,nan,nan,1328.20297,2.5960858e-04,1819.02217,2.2925407e-04,2.8622642e-04,4.3551799e-02
0.3982775831245817,0.9999709148546378,0.0002844502062368002,1915.515317583328,3.1765080e-03,495401,471.01435,463.89794,1.6423230e+05,4.6627228e+01,3.8577681e+03,1.4197539e+01,1.6982156e+05,4.8307182e+01,0,nan,nan,nan,nan,471.01435,2.6139242e-04,463.89794,2.9581942e-04,1.6592149e-02,-3.1267609e-03
0.39840678536734264,1.0009748200843587,0.0002821365157828171,1909.3805667855706,3.1453201e-03,490984,470.99996,463.87123,1.6408739e+05,4.6230808e+01,2.5879141e+03,1.3488806e+01,1.6992898e+05,4.7896481e+01,0,nan,nan,nan,nan,470.99996,2.5813462e-04,463.87123,2.9315811e-04,-1.4431021e-03,-3.1122167e-02
0.39848759776759834,0.99943189824315,0.0002822364830311535,1903.2457675979708,3.0657426e-03,486567,470.98915,463.86206,1.6379125e+05,4.6248188e+01,2.7380312e+03,1.3550035e+01,1.6967073e+05,4.7914490e+01,0,nan,nan,nan,nan,470.98915,2.5819821e-04,463.86206,2.9401042e-04,-1.2268266e-02,-4.1772079e-02
0.39859392701828256,1.0003240956128483,0.00028511505641075563,1719.1994739272195,-3.0360150e-03,354058,1328.20134,1818.98083,1.5780688e+05,4.5071392e+01,4.7819102e+03,1.2106294e+01,1.6614194e+05,4.7354218e+01,0,nan,nan,nan,nan,1328.20134,2.6145866e-04,1818.98083,2.3221840e-04,-2.0083997e-03,-2.4595328e-03
0.39887316478234425,0.9999218612530895,0.00028388561554062606,1713.0648731649835,-2.9172250e-03,349641,1328.20688,1818.98753,1.5842956e+05,4.4897373e+01,3.9198318e+03,1.1575559e+01,1.6615038e+05,4.7171387e+01,0,nan,nan,nan,nan,1328.20688,2.5934796e-04,1818.98753,2.2912945e-04,3.7491547e-03,6.3243480e-03
0.3990038474448738,1.0004818993791966,0.0002915597315416205,1756.0091638476465,-3.0514584e-03,380561,1042.61729,1775.56232,1.5925511e+05,4.6389656e+01,5.6453745e+03,1.4279567e+01,1.6665920e+05,4.8567707e+01,0,nan,nan,nan,nan,1042.61729,2.7128661e-04,1775.56232,2.4224201e-04,-7.2523239e-03,3.1609263e-02
0.3991908754251199,1.0001209216777267,0.00029401581652726107,1743.7395908756266,-3.1855081e-03,371727,1042.61918,1775.52233,1.5909509e+05,4.6781330e+01,7.0917207e+03,1.5001175e+01,1.6660225e+05,4.8977776e+01,0,nan,nan,nan,nan,1042.61918,2.7438451e-04,1775.52233,2.4582155e-04,-5.6589004e-03,-1.2572281e-02
0.39951236681690716,1.00024690316046,0.00028212088199799435,1921.6514323670203,3.1827937e-03,499819,471.02803,463.88412,1.6411397e+05,4.6234009e+01,2.5921650e+03,1.3477367e+01,1.6982656e+05,4.7899796e+01,0,nan,nan,nan,nan,471.02803,2.5852874e-04,463.88412,2.9311332e-04,3.0000286e-02,-1.8305440e-02
0.39951777332157723,0.9996644749866321,0.00028407334441383743,1731.470157773523,-3.1801618e-03,362893,1328.19840,1819.01758,1.5843964e+05,4.4933678e+01,4.0675781e+03,1.1629026e+01,1.6613205e+05,4.7209526e+01,0,nan,nan,nan,nan,1328.19840,2.5966659e-04,1819.01758,2.2966680e-04,-4.4037863e-03,3.7921913e-02
0.39966647561232094,0.9996511742194405,0.00028418184855227635,1915.5167064758157,3.1765122e-03,495402,471.02769,463.88748,1.6384278e+05,4.6583187e+01,3.8603069e+03,1.4240732e+01,1.6976708e+05,4.8261555e+01,0,nan,nan,nan,nan,471.02769,2.6193805e-04,463.88748,2.9679280e-04,3.1159731e-02,-1.4518510e-02
0.39979568763419593,1.000134333702277,0.00028221698399924435,1909.3819556878375,3.1453341e-03,490985,471.00013,463.88184,1.6402686e+05,4.6244011e+01,2.5994421e+03,1.3536489e+01,1.6978636e+05,4.7910156e+01,0,nan,nan,nan,nan,471.00013,2.5800843e-04,463.88184,2.9298087e-04,2.1314017e-04,-1.9453911e-02
0.3998765077185453,0.9991864028415484,0.0002821199092116738,1903.2471565079218,3.0657642e-03,486568,470.98700,463.85622,1.6365281e+05,4.6229076e+01,2.7287261e+03,1.3568464e+01,1.6962902e+05,4.7894688e+01,0,nan,nan,nan,nan,470.98700,2.5846311e-04,463.85622,2.9406234e-04,-1.3755763e-02,-4.9028955e-02
0.39998279248561663,1.0002799079805071,0.000284932525605919,1719.2008627926868,-3.0360378e-03,354059,1328.20660,1818.98728,1.5775569e+05,4.5042625e+01,4.7917432e+03,1.2033156e+01,1.6613491e+05,4.7323994e+01,0,nan,nan,nan,nan,1328.20660,2.6173698e-04,1818.98728,2.3183136e-04,3.8892690e-03,4.8226290e-03
0.40026202140188616,0.9999186953259381,0.0002839596263914924,1713.066262021603,-2.9172567e-03,349642,1328.20683,1818.98243,1.5836412e+05,4.4908821e+01,3.9263528e+03,1.1645475e+01,1.6614889e+05,4.7183411e+01,0,nan,nan,nan,nan,1328.20683,2.5950794e-04,1818.98243,2.2985775e-04,4.9220040e-03,8.1847575e-05
0.40039275922481465,0.999909585191997,0.0002914992116995831,1756.0105527594264,-3.0514349e-03,380562,1042.61644,1775.57018,1.5912434e+05,4.6380054e+01,5.6389443e+03,1.4310978e+01,1.6656397e+05,4.8557659e+01,0,nan,nan,nan,nan,1042.61644,2.7159753e-04,1775.57018,2.4219774e-04,-8.4029101e-03,3.8961854e-02
0.40057977183732874,0.9997248033372256,0.00029392653600593464,1743.7409797720388,-3.1854999e-03,371728,1042.61706,1775.52268,1.5913980e+05,4.6767181e+01,7.0887910e+03,1.4969373e+01,1.6653644e+05,4.8962955e+01,0,nan,nan,nan,nan,1042.61706,2.7431516e-04,1775.52268,2.4537748e-04,-8.5557457e-03,-1.2190801e-02
0.400901253018219,1.0001915888956634,0.00028204752088379183,1921.6528212532216,3.1827916e-03,499820,471.02224,463.88790,1.6397205e+05,4.6221935e+01,2.5905835e+03,1.3464660e+01,1.6981697e+05,4.7887283e+01,0,nan,nan,nan,nan,471.02224,2.5875511e-04,463.88790,2.9402741e-04,2.4607932e-02,-1.3814869e-02
0.4009066541555054,0.999986831345252,0.00028425966980762297,1731.4715466543569,-3.1801693e-03,362894,1328.20550,1819.02250,1.5853391e+05,4.4963242e+01,4.0571211e+03,1.1651175e+01,1.6618597e+05,4.7240593e+01,0,nan,nan,nan,nan,1328.20550,2.5971650e-04,1819.02250,2.2942715e-04,2.4134058e-03,4.4200923e-02
0.40105536810096964,0.9995738071898815,0.00028405217864967456,1915.5180953683043,3.1765164e-03,495403,471.01566,463.91140,1.6390320e+05,4.6561882e+01,3.8672859e+03,1.4149894e+01,1.6975375e+05,4.8239479e+01,0,nan,nan,nan,nan,471.01566,2.6226079e-04,463.91140,2.9636148e-04,1.9015359e-02,1.0764549e-02
0.4011845899008222,1.0003620879219275,0.00028194157637523065,1909.3833445901041,3.1453480e-03,490986,471.00132,463.88535,1.6395623e+05,4.6198891e+01,2.5868962e+03,1.3434115e+01,1.6982506e+05,4.7863415e+01,0,nan,nan,nan,nan,471.00132,2.5811992e-04,463.88535,2.9315395e-04,1.7108921e-03,-1.5062154e-02
0.4012654176694923,1.0002871102504076,0.0002821745278422528,1903.2485454178727,3.0657859e-03,486569,470.98568,463.85825,1.6391317e+05,4.6238022e+01,2.7334058e+03,1.3526178e+01,1.6981583e+05,4.7903950e+01,0,nan,nan,nan,nan,470.98568,2.5798925e-04,463.85825,2.9356094e-04,-1.5440401e-02,-4.6143070e-02
0.401371658185553,0.999742389895684,0.00028499209604029114,1719.2022516583868,-3.0360604e-03,354060,1328.20164,1818.97881,1.5756580e+05,4.5052124e+01,4.7905713e+03,1.2087908e+01,1.6604595e+05,4.7333977e+01,0,nan,nan,nan,nan,1328.20164,2.6194705e-04,1818.97881,2.3304843e-04,-1.5260275e-03,-4.6177334e-03
0.4016508782535769,1.0003575727897622,0.00028386172979899386,1713.0676508784547,-2.9172881e-03,349643,1328.20911,1818.99412,1.5839197e+05,4.4893078e+01,3.9361372e+03,1.1566187e+01,1.6622086e+05,4.7166874e+01,0,nan,nan,nan,nan,1328.20911,2.5992477e-04,1818.99412,2.2982740e-04,7.5280704e-03,1.1608673e-02
0.4017816712375861,0.9999061810796497,0.0002914747497326325,1756.0119416714392,-3.0514111e-03,380563,1042.61341,1775.57042,1.5915325e+05,4.6376198e+01,5.6512378e+03,1.4280513e+01,1.6656352e+05,4.8553616e+01,0,nan,nan,nan,nan,1042.61341,2.7156487e-04,1775.57042,2.4233513e-04,-1.2474280e-02,3.9310295e-02
0.40196866824999233,0.999956079379233,0.0002941266381239343,1743.7423686684515,-3.1854918e-03,371729,1042.62153,1775.52681,1.5910572e+05,4.6799061e+01,7.0896206e+03,1.4990326e+01,1.6657514e+05,4.8996338e+01,0,nan,nan,nan,nan,1042.62153,2.7483783e-04,1775.52681,2.4557539e-04,-3.7463279e-03,-6.7589949e-03
0.4022901392204403,0.999616581513867,0.0002819470598968407,1921.6542101394239,3.1827895e-03,499821,471.02133,463.89045,1.6396033e+05,4.6205406e+01,2.6040581e+03,1.3407392e+01,1.6971914e+05,4.7870167e+01,0,nan,nan,nan,nan,471.02133,2.5872450e-04,463.89045,2.9365605e-04,2.3469599e-02,-1.0446465e-02
0.40229553498943493,0.999928971259147,0.00028407769115287,1731.4729355351908,-3.1801767e-03,362895,1328.19956,1819.01969,1.5851180e+05,4.4934555e+01,4.0518784e+03,1.1612516e+01,1.6617672e+05,4.7210453e+01,0,nan,nan,nan,nan,1328.19956,2.5949592e-04,1819.01969,2.2923540e-04,-3.6670624e-03,4.0320035e-02
0.40244426058961835,1.0001096828212293,0.0002846129292343533,1915.519484260793,3.1765206e-03,495404,471.01263,463.90020,1.6425189e+05,4.6653744e+01,3.8517712e+03,1.4276530e+01,1.6984456e+05,4.8334656e+01,0,nan,nan,nan,nan,471.01263,2.6080175e-04,463.90020,2.9603770e-04,1.4165605e-02,-7.5291388e-04
0.4025734921683579,0.9994484502567668,0.0002819005082525308,1909.3847334923717,3.1453620e-03,490987,471.00001,463.87158,1.6385845e+05,4.6192177e+01,2.5963096e+03,1.3450275e+01,1.6967002e+05,4.7856461e+01,0,nan,nan,nan,nan,471.00001,2.5804035e-04,463.87158,2.9330800e-04,-1.4199254e-04,-3.0814486e-02
0.4026543276204393,1.000366985321959,0.00028237719665938214,1903.2499343278237,3.0658075e-03,486570,470.98769,463.85462,1.6394134e+05,4.6271221e+01,2.7309751e+03,1.3552613e+01,1.6982936e+05,4.7938347e+01,0,nan,nan,nan,nan,470.98769,2.5858262e-04,463.85462,2.9397430e-04,-1.3293579e-02,-5.0659917e-02
0.40276052365266,0.9999695323490932,0.00028510980237038825,1719.203640523854,-3.0360832e-03,354061,1328.20480,1818.98583,1.5783506e+05,4.5070820e+01,4.7862598e+03,1.2055837e+01,1.6608400e+05,4.7353619e+01,0,nan,nan,nan,nan,1328.20480,2.6158884e-04,1818.98583,2.3181767e-04,2.1703525e-03,3.9579198e-03
0.4030397351059488,0.9999801583959189,0.0002839073116141741,1713.0690397353071,-2.9173195e-03,349644,1328.20036,1818.98182,1.5840189e+05,4.4900036e+01,3.9478376e+03,1.1578332e+01,1.6615720e+05,4.7174179e+01,0,nan,nan,nan,nan,1328.20036,2.5933463e-04,1818.98182,2.2969017e-04,-2.1757232e-03,-8.3376159e-04
0.40317058324990285,1.00052150782017,0.0002915149210945476,1756.0133305834515,-3.0513874e-03,380564,1042.61473,1775.56639,1.5914725e+05,4.6382614e+01,5.6640698e+03,1.4269787e+01,1.6666612e+05,4.8560337e+01,0,nan,nan,nan,nan,1042.61473,2.7172710e-04,1775.56639,2.4248996e-04,-9.8109208e-03,3.4853984e-02
0.4033575646631107,0.9998536158246857,0.0002938608961107235,1743.7437575648646,-3.1854836e-03,371730,1042.61260,1775.52326,1.5901970e+05,4.6756828e+01,7.1076084e+03,1.4960250e+01,1.6655823e+05,4.8952122e+01,0,nan,nan,nan,nan,1042.61260,2.7464604e-04,1775.52326,2.4554858e-04,-1.3372629e-02,-1.1343051e-02
0.40367902542266165,1.000118622054978,0.0002822580538356295,1921.655599025626,3.1827874e-03,499822,471.02637,463.88433,1.6412272e+05,4.6256321e+01,2.5899246e+03,1.3548993e+01,1.6980417e+05,4.7922913e+01,0,nan,nan,nan,nan,471.02637,2.5857685e-04,463.88433,2.9337039e-04,2.8370215e-02,-1.7596710e-02
0.40368441582290904,0.9995293322030554,0.00028398746692223143,1731.4743244160243,-3.1801842e-03,362896,1328.20442,1819.02110,1.5842545e+05,4.4920391e+01,4.0601243e+03,1.1587714e+01,1.6611069e+05,4.7195568e+01,0,nan,nan,nan,nan,1328.20442,2.5974127e-04,1819.02110,2.2922392e-04,1.5524541e-03,4.2441286e-02
0.40383315307826706,0.9996406398074112,0.0002841922587850756,1915.5208731532816,3.1765248e-03,495405,471.01010,463.90435,1.6399886e+05,4.6584740e+01,3.8484407e+03,1.4179686e+01,1.6976472e+05,4.8263165e+01,0,nan,nan,nan,nan,471.01010,2.6152411e-04,463.90435,2.9636925e-04,1.2171715e-02,4.0105996e-03
0.403962394203063,0.9995609028362479,0.0002818742282932103,1909.3861223944064,3.1453758e-03,490988,470.99875,463.87397,1.6384867e+05,4.6187881e+01,2.6042932e+03,1.3416720e+01,1.6968916e+05,4.7852009e+01,0,nan,nan,nan,nan,470.99875,2.5816172e-04,463.87397,2.9337773e-04,-1.5144048e-03,-2.8494177e-02
0.4040432375704768,1.0002446294237346,0.0002822596247467247,1903.2513232377737,3.0658292e-03,486571,470.99213,463.87163,1.6388550e+05,4.6251938e+01,2.7312771e+03,1.3562719e+01,1.6980855e+05,4.7918373e+01,0,nan,nan,nan,nan,470.99213,2.5832112e-04,463.87163,2.9367057e-04,-8.2202237e-03,-3.2349974e-02
0.40414938911908393,0.9997914686821868,0.0002849012682520778,1719.2050293893203,-3.0361060e-03,354062,1328.20399,1818.99070,1.5775283e+05,4.5037945e+01,4.7774194e+03,1.2030522e+01,1.6605475e+05,4.7319077e+01,0,nan,nan,nan,nan,1328.20399,2.6145001e-04,1818.99070,2.3164928e-04,1.7921916e-03,8.8189663e-03
0.40442859195923153,0.9998010889509844,0.0002838158450173041,1713.0704285921604,-2.9173510e-03,349645,1328.21320,1818.99211,1.5837125e+05,4.4885315e+01,3.9410869e+03,1.1541716e+01,1.6612652e+05,4.7158714e+01,0,nan,nan,nan,nan,1328.21320,2.5960326e-04,1818.99211,2.2929860e-04,1.1678705e-02,1.0735746e-02
0.4045594950298437,0.9998710463708064,0.0002915852723027,1756.0147194952315,-3.0513639e-03,380565,1042.61883,1775.56685,1.5920872e+05,4.6393841e+01,5.6762852e+03,1.4305378e+01,1.6655788e+05,4.8572090e+01,0,nan,nan,nan,nan,1042.61883,2.7154057e-04,1775.56685,2.4215014e-04,-5.5429009e-03,3.5593592e-02
0.404746461076002,0.9998772403856928,0.0002938194137788552,1743.7451464612775,-3.1854755e-03,371731,1042.62012,1775.51563,1.5897052e+05,4.6750278e+01,7.1046265e+03,1.4963808e+01,1.6656236e+05,4.8945263e+01,0,nan,nan,nan,nan,1042.62012,2.7461260e-04,1775.51563,2.4599402e-04,-4.8111356e-03,-1.9873431e-02
0.4050679116239735,0.9999580813042585,0.00028218643554219473,1921.6569879118274,3.1827854e-03,499823,471.02241,463.88359,1.6403014e+05,4.6244530e+01,2.6034194e+03,1.3546821e+01,1.6977672e+05,4.7910698e+01,0,nan,nan,nan,nan,471.02241,2.5873628e-04,463.88359,2.9322202e-04,2.4740411e-02,-1.8125918e-02
0.40507329665615543,1.0002690753088996,0.0002839997330108547,1731.4757132968575,-3.1801916e-03,362897,1328.20128,1819.02375,1.5851008e+05,4.4922428e+01,4.0520500e+03,1.1588876e+01,1.6623400e+05,4.7197712e+01,0,nan,nan,nan,nan,1328.20128,2.5938405e-04,1819.02375,2.2913175e-04,-1.7466922e-03,4.4807095e-02
0.40522204556691577,0.9999169055424122,0.0002842249911941309,1915.5222620457703,3.1765290e-03,495406,471.02312,463.88909,1.6391709e+05,4.6590050e+01,3.8682246e+03,1.4227832e+01,1.6981145e+05,4.8268665e+01,0,nan,nan,nan,nan,471.02312,2.6170304e-04,463.88909,2.9655729e-04,2.6275501e-02,-1.3132568e-02
0.40535129647059875,0.999934304577483,0.0002820708472368272,1909.387511296674,3.1453897e-03,490989,471.00265,463.88670,1.6397883e+05,4.6220116e+01,2.6041948e+03,1.3494215e+01,1.6975259e+05,4.7885403e+01,0,nan,nan,nan,nan,471.00265,2.5806681e-04,463.88670,2.9310360e-04,2.3537336e-03,-1.4744370e-02
0.40543214752142376,1.0004333455354957,0.00028217706920342505,1903.2527121477247,3.0658508e-03,486572,470.98810,463.85702,1.6391316e+05,4.6238407e+01,2.7315347e+03,1.3523913e+01,1.6984055e+05,4.7904350e+01,0,nan,nan,nan,nan,470.98810,2.5814518e-04,463.85702,2.9354368e-04,-1.1889834e-02,-4.7477569e-02
0.4055382548183385,1.0001082684150695,0.0002848931158318828,1719.2064182550196,-3.0361286e-03,354063,1328.20390,1818.98465,1.5777172e+05,4.5036743e+01,4.7875620e+03,1.2013387e+01,1.6610769e+05,4.7317814e+01,0,nan,nan,nan,nan,1328.20390,2.6164585e-04,1818.98465,2.3161806e-04,1.8234659e-03,2.4694202e-03
0.4058174488116034,0.9997692306821102,0.0002837507273121554,1713.0718174490128,-2.9173824e-03,349646,1328.20041,1818.97320,1.5833231e+05,4.4874767e+01,3.9423069e+03,1.1526934e+01,1.6612030e+05,4.7147633e+01,0,nan,nan,nan,nan,1328.20041,2.5915954e-04,1818.97320,2.3023099e-04,-2.7590990e-03,-1.0259368e-02
0.4059484070421604,0.9998698291584524,0.00029148650310114243,1756.0161084072438,-3.0513401e-03,380566,1042.61543,1775.56186,1.5915350e+05,4.6378155e+01,5.6807280e+03,1.4277819e+01,1.6655778e+05,4.8555664e+01,0,nan,nan,nan,nan,1042.61543,2.7147861e-04,1775.56186,2.4222625e-04,-9.8342150e-03,3.0547662e-02
0.40613535772172327,1.0007818876865684,0.00029391873569837695,1743.7465353579232,-3.1854671e-03,371732,1042.61569,1775.53573,1.5912048e+05,4.6766129e+01,7.0884365e+03,1.4982256e+01,1.6671322e+05,4.8961857e+01,0,nan,nan,nan,nan,1042.61569,2.7433934e-04,1775.53573,2.4538997e-04,-8.4279794e-03,1.6721271e-03
0.40645679782574007,0.9998560143940786,0.00028208029486948125,1921.6583767980292,3.1827833e-03,499824,471.02459,463.89000,1.6407288e+05,4.6227077e+01,2.5921194e+03,1.3462733e+01,1.6975919e+05,4.7892616e+01,0,nan,nan,nan,nan,471.02459,2.5858576e-04,463.89000,2.9345823e-04,2.6858013e-02,-1.1635412e-02
0.4064621774900843,0.9994143422587225,0.00028402353742433133,1731.4771021776914,-3.1801991e-03,362898,1328.20622,1819.01684,1.5841952e+05,4.4926304e+01,4.0635735e+03,1.1630608e+01,1.6609234e+05,4.7201778e+01,0,nan,nan,nan,nan,1328.20622,2.5954042e-04,1819.01684,2.2940226e-04,3.0690120e-03,3.7502754e-02
0.406610938054655,1.0000877409186342,0.00028444981081395047,1915.523650938258,3.1765332e-03,495407,471.02234,463.89759,1.6408927e+05,4.6626850e+01,3.8515596e+03,1.4290583e+01,1.6984027e+05,4.8306793e+01,0,nan,nan,nan,nan,471.02234,2.6243684e-04,463.89759,2.9587292e-04,2.5055323e-02,-3.8177625e-03
0.4067401987381345,0.9997654788560488,0.000281895638330996,1909.3889001989414,3.1454037e-03,490990,471.00369,463.88367,1.6384422e+05,4.6191422e+01,2.5983198e+03,1.3426031e+01,1.6972398e+05,4.7855671e+01,0,nan,nan,nan,nan,471.00369,2.5840959e-04,463.88367,2.9337429e-04,4.1654040e-03,-1.8145366e-02
0.40682105747328023,1.0000165804424153,0.0002821974725781451,1903.2541010576765,3.0658725e-03,486573,470.98890,463.85574,1.6380780e+05,4.6241741e+01,2.7460520e+03,1.3561975e+01,1.6976977e+05,4.7907803e+01,0,nan,nan,nan,nan,470.98890,2.5823168e-04,463.85574,2.9397712e-04,-1.1862128e-02,-4.9667951e-02
0.40692712028567257,0.9999893967031962,0.0002849349479746699,1719.207807120487,-3.0361514e-03,354064,1328.20027,1818.99082,1.5774878e+05,4.5043446e+01,4.7808218e+03,1.2019049e+01,1.6608827e+05,4.7324856e+01,0,nan,nan,nan,nan,1328.20027,2.6144195e-04,1818.99082,2.3177209e-04,-3.0105999e-03,9.2719439e-03
0.4072063056632942,0.9992646408717358,0.0002837829934671697,1713.0732063058645,-2.9174138e-03,349647,1328.20215,1818.98674,1.5828053e+05,4.4879623e+01,3.9494282e+03,1.1546795e+01,1.6603553e+05,4.7152737e+01,0,nan,nan,nan,nan,1328.20215,2.5995992e-04,1818.98674,2.2957569e-04,-2.8241787e-04,4.7015427e-03
0.4073373188221012,0.9999800692225108,0.0002915468233662815,1756.0174973190237,-3.0513166e-03,380567,1042.61801,1775.57195,1.5918061e+05,4.6387775e+01,5.6748003e+03,1.4286970e+01,1.6657625e+05,4.8565742e+01,0,nan,nan,nan,nan,1042.61801,2.7167404e-04,1775.57195,2.4227837e-04,-7.8687146e-03,4.1195344e-02
0.4075242541348416,0.9997327966749489,0.0002938443352938662,1743.7479242543363,-3.1854589e-03,371733,1042.61260,1775.52483,1.5906072e+05,4.6754341e+01,7.1077656e+03,1.4949792e+01,1.6653864e+05,4.8949516e+01,0,nan,nan,nan,nan,1042.61260,2.7460358e-04,1775.52483,2.4564084e-04,-1.3767159e-02,-9.8901410e-03
0.4078456840270519,0.999786609701276,0.00028228047565323375,1921.6597656842305,3.1827812e-03,499825,471.02810,463.88736,1.6411817e+05,4.6259834e+01,2.5899636e+03,1.3550604e+01,1.6974720e+05,4.7926552e+01,0,nan,nan,nan,nan,471.02810,2.5864664e-04,463.88736,2.9312013e-04,3.0502722e-02,-1.3613242e-02
0.40785105832401314,0.9995158207720728,0.0002839731661494448,1731.4784910585254,-3.1802065e-03,362899,1328.20019,1819.02495,1.5847284e+05,4.4918438e+01,4.0613958e+03,1.1581506e+01,1.6610961e+05,4.7193520e+01,0,nan,nan,nan,nan,1328.20019,2.5945826e-04,1819.02495,2.2905896e-04,-3.7174199e-03,4.6732254e-02
0.40799983054284894,0.9996219007609622,0.0002841926182895036,1915.5250398307462,3.1765373e-03,495408,471.01138,463.89237,1.6370772e+05,4.6584641e+01,3.8393149e+03,1.4298558e+01,1.6976097e+05,4.8263062e+01,0,nan,nan,nan,nan,471.01138,2.6198197e-04,463.89237,2.9705596e-04,1.3532733e-02,-8.4941220e-03
0.40812910077215714,0.9999225268597968,0.00028193319794499606,1909.3902891009755,3.1454174e-03,490991,470.99667,463.87394,1.6390345e+05,4.6197586e+01,2.5842654e+03,1.3453266e+01,1.6975069e+05,4.7862064e+01,0,nan,nan,nan,nan,470.99667,2.5798552e-04,463.87394,2.9326655e-04,-3.6190462e-03,-2.8614560e-02
0.4082099674242272,0.9996988888121425,0.0002822433152020335,1903.2554899676275,3.0658941e-03,486574,470.98775,463.85743,1.6385111e+05,4.6249241e+01,2.7385269e+03,1.3532177e+01,1.6971580e+05,4.7915577e+01,0,nan,nan,nan,nan,470.98775,2.5826914e-04,463.85743,2.9390474e-04,-1.3158560e-02,-4.6893127e-02
0.40831598575277894,0.999974143166201,0.00028478812837767835,1719.209195985954,-3.0361742e-03,354065,1328.20664,1818.97983,1.5767703e+05,4.5020321e+01,4.7819443e+03,1.2004679e+01,1.6608606e+05,4.7300560e+01,0,nan,nan,nan,nan,1328.20664,2.6166928e-04,1818.97983,2.3258988e-04,4.7800359e-03,-3.7789720e-03
0.40859516251498496,1.0000970865312453,0.0002840167386850355,1713.0745951627162,-2.9174453e-03,349648,1328.20830,1818.98207,1.5853522e+05,4.4916340e+01,3.9497109e+03,1.1568357e+01,1.6617294e+05,4.7191315e+01,0,nan,nan,nan,nan,1328.20830,2.5930328e-04,1818.98207,2.2933417e-04,5.1744855e-03,-3.6289560e-04
0.4087262308339632,1.000082338202133,0.00029155267426681235,1756.0188862310356,-3.0512928e-03,380568,1042.61532,1775.56519,1.5913297e+05,4.6388737e+01,5.6806938e+03,1.4283846e+01,1.6659338e+05,4.8566746e+01,0,nan,nan,nan,nan,1042.61532,2.7193158e-04,1775.56519,2.4251263e-04,-1.0083151e-02,3.3429075e-02
0.4089131505475052,1.000058522329276,0.0002938749185846092,1743.749313150749,-3.1854508e-03,371734,1042.61812,1775.52295,1.5916233e+05,4.6759258e+01,7.0890537e+03,1.4934759e+01,1.6659309e+05,4.8954666e+01,0,nan,nan,nan,nan,1042.61812,2.7433733e-04,1775.52295,2.4511400e-04,-7.1960040e-03,-1.1898955e-02
0.40923457022927323,1.0005660066829412,0.0002821367549471564,1921.6611545704327,3.1827791e-03,499826,471.02248,463.87514,1.6417075e+05,4.6236221e+01,2.5718818e+03,1.3472121e+01,1.6987933e+05,4.7902092e+01,0,nan,nan,nan,nan,471.02248,2.5853849e-04,463.87514,2.9322159e-04,2.4274983e-02,-2.7938858e-02
0.40923993915862444,0.9998760428622556,0.0002842165855316724,1731.47987993936,-3.1802140e-03,362900,1328.20396,1819.02471,1.5853339e+05,4.4957054e+01,4.0609690e+03,1.1642687e+01,1.6616988e+05,4.7234089e+01,0,nan,nan,nan,nan,1328.20396,2.5935992e-04,1819.02471,2.2915741e-04,5.4534223e-05,4.6462096e-02
0.40938872303058815,0.9997961234710702,0.00028427961816970495,1915.526428723234,3.1765415e-03,495409,471.00681,463.90189,1.6399644e+05,4.6598850e+01,3.8431729e+03,1.4241117e+01,1.6979038e+05,4.8277786e+01,0,nan,nan,nan,nan,471.00681,2.6174940e-04,463.90189,2.9624681e-04,9.1502620e-03,1.0165045e-03
0.40951800303946584,1.0002620071457218,0.00028205392627159533,1909.3916780032428,3.1454314e-03,490992,470.99945,463.88361,1.6399645e+05,4.6217381e+01,2.6080020e+03,1.3431476e+01,1.6980836e+05,4.7882572e+01,0,nan,nan,nan,nan,470.99945,2.5821620e-04,463.88361,2.9315677e-04,-6.4567785e-04,-1.7994205e-02
0.4095988773742647,0.999844352446612,0.00028232950135595073,1903.2568788775775,3.0659158e-03,486575,470.99265,463.85561,1.6383609e+05,4.6263359e+01,2.7371221e+03,1.3614699e+01,1.6974047e+05,4.7930202e+01,0,nan,nan,nan,nan,470.99265,2.5831212e-04,463.85561,2.9381004e-04,-8.0560977e-03,-4.8918445e-02
0.4097048512198853,0.9996673294723906,0.00028477301282921116,1719.2105848514211,-3.0361970e-03,354066,1328.20838,1818.99211,1.5768106e+05,4.5018017e+01,4.7711436e+03,1.1960220e+01,1.6603542e+05,4.7298141e+01,0,nan,nan,nan,nan,1328.20838,2.6186678e-04,1818.99211,2.3202706e-04,6.1905403e-03,1.0035732e-02
0.4099840191347539,1.0005343392525603,0.00028389997545718,1713.075984019336,-2.9174769e-03,349649,1328.20293,1818.98222,1.5849806e+05,4.4897636e+01,3.9496196e+03,1.1532249e+01,1.6624470e+05,4.7171661e+01,0,nan,nan,nan,nan,1328.20293,2.5926609e-04,1818.98222,2.2973424e-04,-1.2051955e-04,-8.0697739e-04
0.4101151428458252,1.0001743718283664,0.0002914783614620903,1756.0202751430475,-3.0512691e-03,380569,1042.61256,1775.56615,1.5918352e+05,4.6376942e+01,5.6806167e+03,1.4257069e+01,1.6660881e+05,4.8554398e+01,0,nan,nan,nan,nan,1042.61256,2.7158952e-04,1775.56615,2.4219701e-04,-1.2782411e-02,3.4947466e-02
0.41030204696062356,1.0000042647052019,0.0002937569792902509,1743.7507020471621,-3.1854426e-03,371735,1042.61504,1775.51937,1.5894125e+05,4.6740543e+01,7.1019595e+03,1.4959682e+01,1.6658423e+05,4.8935070e+01,0,nan,nan,nan,nan,1042.61504,2.7443984e-04,1775.51937,2.4582553e-04,-9.6821636e-03,-1.5954938e-02
0.41062345643240405,0.999835144489801,0.00028210317402783855,1921.6625434566358,3.1827770e-03,499827,471.02796,463.89978,1.6404828e+05,4.6230667e+01,2.5968103e+03,1.3479995e+01,1.6975505e+05,4.7896336e+01,0,nan,nan,nan,nan,471.02796,2.5875241e-04,463.89978,2.9339039e-04,3.0729845e-02,-5.6970498e-04
0.4106288199934621,0.9996342800387324,0.0002840675881368391,1731.4812688201948,-3.1802214e-03,362901,1328.19983,1819.02250,1.5845806e+05,4.4933598e+01,4.0826387e+03,1.1643703e+01,1.6613011e+05,4.7209446e+01,0,nan,nan,nan,nan,1328.19983,2.5942846e-04,1819.02250,2.2909961e-04,-3.5354695e-03,4.3838240e-02
0.41077761552014636,1.0004018817751006,0.0002843086495812765,1915.5278176157235,3.1765457e-03,495410,471.01864,463.89190,1.6426602e+05,4.6603561e+01,3.8428533e+03,1.4138620e+01,1.6989306e+05,4.8282665e+01,0,nan,nan,nan,nan,471.01864,2.6126191e-04,463.89190,2.9560656e-04,2.1033606e-02,-9.6661383e-03
0.4109069053070016,0.9994668949123638,0.00028211296978667604,1909.3930669055103,3.1454454e-03,490993,471.00341,463.87834,1.6389272e+05,4.6227070e+01,2.5918413e+03,1.3495214e+01,1.6967344e+05,4.7892609e+01,0,nan,nan,nan,nan,471.00341,2.5853488e-04,463.87834,2.9351306e-04,3.7590654e-03,-2.3509553e-02
0.4109877870919263,1.0002202858631102,0.0002822209101469479,1903.2582677872952,3.0659372e-03,486576,470.99109,463.86409,1.6391953e+05,4.6245556e+01,2.7270867e+03,1.3546500e+01,1.6980427e+05,4.7911758e+01,0,nan,nan,nan,nan,470.99109,2.5823462e-04,463.86409,2.9362147e-04,-1.0461287e-02,-4.0528174e-02
0.41109371692005003,1.0002064338254502,0.000284886951407415,1719.2119737171213,-3.0362196e-03,354067,1328.20478,1818.98611,1.5778700e+05,4.5036121e+01,4.7631855e+03,1.2007601e+01,1.6612530e+05,4.7317162e+01,0,nan,nan,nan,nan,1328.20478,2.6162490e-04,1818.98611,2.3182693e-04,2.3002701e-03,3.6697311e-03
0.41137287598712646,0.9990927223428981,0.0002834985828407227,1713.0773728761883,-2.9175084e-03,349650,1328.21076,1818.98964,1.5793067e+05,4.4833912e+01,3.9564282e+03,1.1567981e+01,1.6600428e+05,4.7104713e+01,0,nan,nan,nan,nan,1328.21076,2.5992695e-04,1818.98964,2.3096733e-04,8.6288629e-03,6.2268889e-03
0.411504054625766,1.000141748075146,0.000291490681301175,1756.0216640548274,-3.0512456e-03,380570,1042.61644,1775.56389,1.5906614e+05,4.6378929e+01,5.6949443e+03,1.4296031e+01,1.6660347e+05,4.8556477e+01,0,nan,nan,nan,nan,1042.61644,2.7181016e-04,1775.56389,2.4251846e-04,-8.0147423e-03,3.2535221e-02
0.41169094360566305,0.999621454230401,0.00029386888490697373,1743.7520909438072,-3.1854343e-03,371736,1042.61672,1775.53076,1.5896467e+05,4.6758400e+01,7.1450054e+03,1.4980713e+01,1.6652064e+05,4.8953766e+01,0,nan,nan,nan,nan,1042.61672,2.7454810e-04,1775.53076,2.4598249e-04,-8.5939392e-03,-4.1356003e-03
0.4120123426346254,1.0004231210239902,0.0002820864738123172,1921.663932342838,3.1827749e-03,499828,471.01952,463.88159,1.6408327e+05,4.6227879e+01,2.5902312e+03,1.3473930e+01,1.6985469e+05,4.7893444e+01,0,nan,nan,nan,nan,471.01952,2.5860235e-04,463.88159,2.9319586e-04,2.1798035e-02,-2.0235365e-02
0.4120177008267092,0.9997970720377425,0.0002841275695278078,1731.482657701028,-3.1802289e-03,362902,1328.20412,1819.01659,1.5854767e+05,4.4943195e+01,4.0670408e+03,1.1618093e+01,1.6615758e+05,4.7219528e+01,0,nan,nan,nan,nan,1328.20412,2.5956132e-04,1819.01659,2.2907236e-04,7.9895888e-04,3.7420705e-02
0.41216650777641917,1.0002896130995917,0.00028449962118421226,1915.5292065079798,3.1765497e-03,495411,471.02500,463.90256,1.6425675e+05,4.6634811e+01,3.8462500e+03,1.4241802e+01,1.6987381e+05,4.8315041e+01,0,nan,nan,nan,nan,471.02500,2.6125074e-04,463.90256,2.9572228e-04,2.7997162e-02,2.2976149e-03
0.4122958073417067,0.9997197519945683,0.0002819871332855761,1909.394455807545,3.1454591e-03,490994,471.00171,463.87618,1.6383053e+05,4.6206463e+01,2.5890439e+03,1.3482838e+01,1.6971641e+05,4.7871262e+01,0,nan,nan,nan,nan,471.00171,2.5832173e-04,463.87618,2.9358323e-04,1.5938013e-03,-2.5919313e-02
0.4123766970419638,0.9995794388415292,0.0002821989471994629,1903.2596566972452,3.0659589e-03,486577,470.98488,463.85877,1.6384864e+05,4.6241943e+01,2.7387683e+03,1.3562305e+01,1.6969544e+05,4.7908020e+01,0,nan,nan,nan,nan,470.98488,2.5808104e-04,463.85877,2.9354324e-04,-1.6359545e-02,-4.5091115e-02
0.41248258238715574,0.9999428357888431,0.00028486519488265,1719.2133625825884,-3.0362424e-03,354068,1328.20599,1818.98342,1.5776839e+05,4.5032772e+01,4.7646929e+03,1.2006015e+01,1.6608184e+05,4.7313641e+01,0,nan,nan,nan,nan,1328.20599,2.6157673e-04,1818.98342,2.3183173e-04,3.3652573e-03,8.9338550e-04
0.41276173283881723,1.0000136790256289,0.0002839468133179816,1713.07876173304,-2.9175398e-03,349651,1328.20377,1818.98459,1.5843975e+05,4.4904568e+01,3.9544341e+03,1.1561117e+01,1.6615642e+05,4.7178944e+01,0,nan,nan,nan,nan,1328.20377,2.5942919e-04,1818.98459,2.2942136e-04,4.2921558e-04,3.0468046e-03
0.4128929666380827,1.0002597961528643,0.0002915535799504985,1756.0230529668397,-3.0512218e-03,380571,1042.61418,1775.56682,1.5918666e+05,4.6388958e+01,5.6964067e+03,1.4291118e+01,1.6662322e+05,4.8566978e+01,0,nan,nan,nan,nan,1042.61418,2.7153996e-04,1775.56682,2.4227382e-04,-1.1646770e-02,3.5392731e-02
0.4130798400178719,1.0002343199784869,0.00029414941157749995,1743.7534798402194,-3.1854261e-03,371737,1042.61341,1775.52761,1.5921638e+05,4.6803089e+01,7.1191274e+03,1.5039289e+01,1.6662292e+05,4.9000553e+01,0,nan,nan,nan,nan,1042.61341,2.7446213e-04,1775.52761,2.4509939e-04,-1.2018240e-02,-7.2955941e-03
0.4134012288359372,1.0000754899372775,0.0002823769988743844,1921.6653212290394,3.1827728e-03,499829,471.02708,463.89568,1.6405917e+05,4.6275433e+01,2.5894336e+03,1.3618500e+01,1.6979547e+05,4.7942715e+01,0,nan,nan,nan,nan,471.02708,2.5869696e-04,463.89568,2.9347383e-04,2.9816009e-02,-5.4295422e-03
0.41340658165995625,1.0001271448072155,0.00028409923730898714,1731.4840465818613,-3.1802363e-03,362903,1328.20070,1819.02298,1.5853183e+05,4.4938828e+01,4.0768032e+03,1.1628297e+01,1.6621284e+05,4.7214943e+01,0,nan,nan,nan,nan,1328.20070,2.5948448e-04,1819.02298,2.2885927e-04,-2.3359759e-03,4.4194765e-02
0.4135554002646131,0.9996234448150895,0.0002844299132833732,1915.530595400468,3.1765539e-03,495412,471.01311,463.89081,1.6410545e+05,4.6623337e+01,3.8568403e+03,1.4249991e+01,1.6976050e+05,4.8303150e+01,0,nan,nan,nan,nan,471.01311,2.6134058e-04,463.89081,2.9629373e-04,1.4581370e-02,-1.0951119e-02
0.4136847096092424,1.0002574656447591,0.0002820174454825112,1909.3958447098125,3.1454731e-03,490995,471.00084,463.87659,1.6394331e+05,4.6211445e+01,2.5996987e+03,1.3469332e+01,1.6980773e+05,4.7876419e+01,0,nan,nan,nan,nan,471.00084,2.5816861e-04,463.87659,2.9326518e-04,1.0147832e-03,-2.6113346e-02
0.41376560699382026,1.0005005508477913,0.0002823079469790729,1903.261045607197,3.0659805e-03,486578,470.98883,463.84914,1.6397067e+05,4.6259804e+01,2.7300945e+03,1.3557619e+01,1.6985178e+05,4.7926521e+01,0,nan,nan,nan,nan,470.98883,2.5806139e-04,463.84914,2.9360666e-04,-1.1831567e-02,-5.5828977e-02
0.4138714480870934,0.9998014590742267,0.0002848036403438144,1719.2147514482883,-3.0362650e-03,354069,1328.20187,1818.98033,1.5762697e+05,4.5023129e+01,4.7832466e+03,1.2008244e+01,1.6605869e+05,4.7303509e+01,0,nan,nan,nan,nan,1328.20187,2.6153802e-04,1818.98033,2.3242882e-04,-6.6516496e-04,-2.9036882e-03
0.41415058969073504,0.9994682390403148,0.00028399732738300685,1713.080150589892,-2.9175712e-03,349652,1328.20526,1818.98182,1.5836267e+05,4.4912319e+01,3.9665317e+03,1.1608738e+01,1.6606494e+05,4.7187092e+01,0,nan,nan,nan,nan,1328.20526,2.5953996e-04,1818.98182,2.2993929e-04,3.0134416e-03,-5.6781364e-04
0.4142818786508542,1.0000580738386555,0.0002916507037399174,1756.0244418788525,-3.0511981e-03,380572,1042.61875,1775.57990,1.5918156e+05,4.6404438e+01,5.6940195e+03,1.4334682e+01,1.6658972e+05,4.8583183e+01,0,nan,nan,nan,nan,1042.61875,2.7167547e-04,1775.57990,2.4232182e-04,-6.5251347e-03,4.9577501e-02
0.41446873643099025,0.999857025143462,0.000294059045706859,1743.7548687366325,-3.1854180e-03,371738,1042.61825,1775.52687,1.5919547e+05,4.6788765e+01,7.1209307e+03,1.4993019e+01,1.6656027e+05,4.8985558e+01,0,nan,nan,nan,nan,1042.61825,2.7460940e-04,1775.52687,2.4501109e-04,-7.3433402e-03,-7.7865231e-03
0.41479011503724905,1.0000307397458297,0.00028205603791008,1921.6667101152407,3.1827707e-03,499830,471.03246,463.88349,1.6388175e+05,4.6222782e+01,2.5973921e+03,1.3525230e+01,1.6978767e+05,4.7888165e+01,0,nan,nan,nan,nan,471.03246,2.5930049e-04,463.88349,2.9417357e-04,3.5564795e-02,-1.9409081e-02
0.41479546249388444,0.9999504604856018,0.0002842667613446538,1731.4854354626952,-3.1802438e-03,362904,1328.20046,1819.02226,1.5851216e+05,4.4965446e+01,4.0732581e+03,1.1628112e+01,1.6618392e+05,4.7242905e+01,0,nan,nan,nan,nan,1328.20046,2.5961563e-04,1819.02226,2.2954744e-04,-3.2976803e-03,4.3475609e-02
0.41494429275235234,0.9995562785856082,0.00028419555526994244,1915.5319842929557,3.1765581e-03,495413,471.00592,463.89686,1.6395909e+05,4.6584866e+01,3.8528835e+03,1.4204941e+01,1.6974891e+05,4.8263298e+01,0,nan,nan,nan,nan,471.00592,2.6135059e-04,463.89686,2.9628910e-04,8.0782212e-03,-3.5449762e-03
0.4150736118763234,1.000299634727448,0.0002821317124923963,1909.3972336120796,3.1454870e-03,490996,471.00337,463.88363,1.6404656e+05,4.6230186e+01,2.5933457e+03,1.3499619e+01,1.6981495e+05,4.7895832e+01,0,nan,nan,nan,nan,471.00337,2.5798171e-04,463.88363,2.9301443e-04,3.5806787e-03,-1.7014705e-02
0.415154516945222,1.0000449733821006,0.0002824998781246094,1903.2624345171484,3.0660022e-03,486579,470.98732,463.85776,1.6384922e+05,4.6291245e+01,2.7368271e+03,1.3722151e+01,1.6977442e+05,4.7959099e+01,0,nan,nan,nan,nan,470.98732,2.5834577e-04,463.85776,2.9380151e-04,-1.3685227e-02,-4.7198724e-02
0.4152603135541991,0.9998511071024225,0.0002848074418411247,1719.2161403137554,-3.0362878e-03,354070,1328.20388,1818.98783,1.5768330e+05,4.5023815e+01,4.7733901e+03,1.2006749e+01,1.6606727e+05,4.7304234e+01,0,nan,nan,nan,nan,1328.20388,2.6155525e-04,1818.98783,2.3169334e-04,1.4812372e-03,5.5735665e-03
0.4155394465437894,1.0002304760200096,0.0002840452324719107,1713.081539446745,-2.9176027e-03,349653,1328.20592,1818.98392,1.5860839e+05,4.4919666e+01,3.9534570e+03,1.1539051e+01,1.6619073e+05,4.7194809e+01,0,nan,nan,nan,nan,1328.20592,2.5902881e-04,1818.98392,2.2955997e-04,2.6398646e-03,1.8675483e-03
0.415670790430795,0.9998779414834054,0.00029162110577160224,1756.0258307906324,-3.0511746e-03,380573,1042.61272,1775.56768,1.5907911e+05,4.6399746e+01,5.7117168e+03,1.4349009e+01,1.6655978e+05,4.8578278e+01,0,nan,nan,nan,nan,1042.61272,2.7187675e-04,1775.56768,2.4237628e-04,-1.2455413e-02,3.6679629e-02
0.41585763284365385,0.9996661255923878,0.0002938964830134139,1743.7562576330452,-3.1854098e-03,371739,1042.61468,1775.52081,1.5900284e+05,4.6762947e+01,7.1226245e+03,1.4966423e+01,1.6652866e+05,4.8958530e+01,0,nan,nan,nan,nan,1042.61468,2.7478690e-04,1775.52081,2.4547384e-04,-1.1202374e-02,-1.3872784e-02
0.41617900123901563,1.000024910647946,0.0002819940131735924,1921.6680990014424,3.1827686e-03,499831,471.02099,463.88619,1.6401706e+05,4.6212563e+01,2.5929275e+03,1.3451229e+01,1.6978648e+05,4.7877579e+01,0,nan,nan,nan,nan,471.02099,2.5859821e-04,463.88619,2.9334531e-04,2.2818068e-02,-1.4866971e-02
0.41618434332781395,1.0004386037664894,0.0002842064925455929,1731.4868243435292,-3.1802512e-03,362905,1328.19999,1819.01774,1.5847284e+05,4.4956032e+01,4.0716863e+03,1.1720575e+01,1.6626548e+05,4.7233013e+01,0,nan,nan,nan,nan,1328.19999,2.5951338e-04,1819.01774,2.2959849e-04,-2.4798934e-03,3.7436008e-02
0.41633318524009155,0.9997651596988099,0.0002844063395925238,1915.5333731854435,3.1765623e-03,495414,471.02820,463.90486,1.6406505e+05,4.6619373e+01,3.8592043e+03,1.4249002e+01,1.6978420e+05,4.8299046e+01,0,nan,nan,nan,nan,471.02820,2.6144867e-04,463.90486,2.9607987e-04,3.2404926e-02,3.9739483e-03
0.4164625139110285,1.000217203644655,0.00028181075034700915,1909.3986225141143,3.1455008e-03,490997,470.99484,463.87260,1.6389925e+05,4.6177601e+01,2.5936174e+03,1.3381839e+01,1.6980100e+05,4.7841358e+01,0,nan,nan,nan,nan,470.99484,2.5798727e-04,463.87260,2.9344921e-04,-5.3688763e-03,-3.0134825e-02
0.41654342689525947,1.0002532823165915,0.00028228665419358724,1903.2638234270985,3.0660238e-03,486580,470.98989,463.86546,1.6392423e+05,4.6256306e+01,2.7247671e+03,1.3576967e+01,1.6980977e+05,4.7922894e+01,0,nan,nan,nan,nan,470.98989,2.5813206e-04,463.86546,2.9366347e-04,-1.0848394e-02,-3.8843967e-02
0.4166491790206237,1.000098516308495,0.0002848755219155285,1719.2175291792219,-3.0363107e-03,354071,1328.20240,1818.98648,1.5773644e+05,4.5034672e+01,4.7844761e+03,1.2028111e+01,1.6610869e+05,4.7315639e+01,0,nan,nan,nan,nan,1328.20240,2.6153302e-04,1818.98648,2.3166291e-04,7.4403077e-05,4.6427515e-03
0.4169283033968437,0.99973048689902,0.0002838721473586763,1713.082928303598,-2.9176341e-03,349654,1328.20902,1818.99465,1.5832298e+05,4.4892067e+01,3.9795586e+03,1.1575926e+01,1.6610681e+05,4.7165810e+01,0,nan,nan,nan,nan,1328.20902,2.5955567e-04,1818.99465,2.2978109e-04,6.2604980e-03,1.3207057e-02
0.41705970244311175,0.9998999717935595,0.0002915258943441625,1756.0272197026447,-3.0511508e-03,380574,1042.61229,1775.55558,1.5900948e+05,4.6384628e+01,5.7164102e+03,1.4320410e+01,1.6656355e+05,4.8562443e+01,0,nan,nan,nan,nan,1042.61229,2.7182812e-04,1775.55558,2.4273551e-04,-1.3125278e-02,2.3266818e-02
0.41724652948960284,1.000209760062206,0.0002940656664297959,1743.757646529691,-3.1854014e-03,371740,1042.61684,1775.52004,1.5918506e+05,4.6789932e+01,7.1542520e+03,1.5004597e+01,1.6661941e+05,4.8986774e+01,0,nan,nan,nan,nan,1042.61684,2.7437811e-04,1775.52004,2.4516004e-04,-8.9276396e-03,-1.4592675e-02
0.41756788744123696,1.0005246438199147,0.0002820721385409201,1921.6694878876447,3.1827665e-03,499832,471.02379,463.88748,1.6413055e+05,4.6225315e+01,2.5888171e+03,1.3442748e+01,1.6987114e+05,4.7890789e+01,0,nan,nan,nan,nan,471.02379,2.5874635e-04,463.88748,2.9317159e-04,2.5708614e-02,-1.4177947e-02
0.41757322416196985,1.0003181033311117,0.00028423943423071203,1731.4882132243633,-3.1802587e-03,362906,1328.20088,1819.02207,1.5858445e+05,4.4961357e+01,4.0766470e+03,1.1654749e+01,1.6624589e+05,4.7238613e+01,0,nan,nan,nan,nan,1328.20088,2.5947695e-04,1819.02207,2.2894326e-04,-2.6119901e-03,4.3171491e-02
0.4177220777282855,0.9994690686409998,0.0002843796071326906,1915.5347620779316,3.1765664e-03,495415,471.01186,463.89037,1.6402575e+05,4.6614944e+01,3.8456460e+03,1.4274824e+01,1.6973373e+05,4.8294456e+01,0,nan,nan,nan,nan,471.01186,2.6099480e-04,463.89037,2.9645406e-04,1.3451791e-02,-1.0887407e-02
0.41785141617856425,1.0000906571065682,0.000282035899829818,1909.4000114163819,3.1455148e-03,490998,471.00168,463.88200,1.6390230e+05,4.6214512e+01,2.5831404e+03,1.3489792e+01,1.6977956e+05,4.7879593e+01,0,nan,nan,nan,nan,471.00168,2.5831471e-04,463.88200,2.9319321e-04,1.7692556e-03,-1.9321762e-02
0.4179323368457517,0.999709152616986,0.0002822096327535731,1903.265212337049,3.0660455e-03,486581,470.98937,463.86236,1.6380942e+05,4.6243671e+01,2.7350562e+03,1.3555286e+01,1.6971738e+05,4.7909809e+01,0,nan,nan,nan,nan,470.98937,2.5835936e-04,463.86236,2.9375011e-04,-1.1410061e-02,-4.2289209e-02
0.41803804471987893,0.999956172491585,0.00028498316399718925,1719.218918044921,-3.0363332e-03,354072,1328.20460,1818.97600,1.5776903e+05,4.5051781e+01,4.7696587e+03,1.2029612e+01,1.6608538e+05,4.7333611e+01,0,nan,nan,nan,nan,1328.20460,2.6149774e-04,1818.97600,2.3224905e-04,1.7277107e-03,-7.2749630e-03
0.4183171602485345,1.0000585154734085,0.00028400577517752594,1713.0843171604497,-2.9176655e-03,349655,1328.20533,1818.97729,1.5851731e+05,4.4912971e+01,3.9743911e+03,1.1572003e+01,1.6616048e+05,4.7187775e+01,0,nan,nan,nan,nan,1328.20533,2.5914470e-04,1818.97729,2.2956953e-04,2.2993716e-03,-6.1817770e-03
0.4184486144558832,1.0001745820178782,0.0002917831355380061,1756.0286086146575,-3.0511271e-03,380575,1042.61175,1775.56447,1.5922739e+05,4.6425575e+01,5.7275576e+03,1.4373397e+01,1.6660936e+05,4.8605316e+01,0,nan,nan,nan,nan,1042.61175,2.7147430e-04,1775.56447,2.4225246e-04,-1.3508882e-02,3.3786379e-02
0.4186354259024935,0.9998868932043377,0.00029413774439688607,1743.759035426104,-3.1853933e-03,371741,1042.61696,1775.52146,1.5919711e+05,4.6801449e+01,7.1407085e+03,1.5008031e+01,1.6656583e+05,4.8998840e+01,0,nan,nan,nan,nan,1042.61696,2.7454042e-04,1775.52146,2.4524060e-04,-8.6572338e-03,-1.2657993e-02
0.4189567736434583,0.9996668912663216,0.00028174110044047805,1921.6708767738469,3.1827644e-03,499833,471.02184,463.89155,1.6365575e+05,4.6171017e+01,2.5918386e+03,1.3447123e+01,1.6972531e+05,4.7834530e+01,0,nan,nan,nan,nan,471.02184,2.5969392e-04,463.89155,2.9405134e-04,2.5008600e-02,-9.9011827e-03
0.4189621049958987,0.9997468677084932,0.0002841125799289962,1731.4896021051973,-3.1802661e-03,362907,1328.20112,1819.01859,1.5841789e+05,4.4941414e+01,4.0803909e+03,1.1674526e+01,1.6615141e+05,4.7217655e+01,0,nan,nan,nan,nan,1328.20112,2.5956586e-04,1819.01859,2.2928895e-04,-2.1746641e-03,3.9537944e-02
0.41911097021738897,0.999993027533408,0.0002843969013311688,1915.5361509704207,3.1765706e-03,495416,471.01020,463.89329,1.6410605e+05,4.6617729e+01,3.8486074e+03,1.4251095e+01,1.6982253e+05,4.8297340e+01,0,nan,nan,nan,nan,471.01020,2.6068557e-04,463.89329,2.9630304e-04,1.2000843e-02,-8.0797859e-03
0.41924031821235985,0.9997107359523164,0.00028205649111966543,1909.4014003184157,3.1455285e-03,490999,471.00109,463.87551,1.6390375e+05,4.6217892e+01,2.6073540e+03,1.3520574e+01,1.6971511e+05,4.7883099e+01,0,nan,nan,nan,nan,471.00109,2.5811014e-04,463.87551,2.9308957e-04,8.0009107e-04,-2.6600599e-02
0.41932124656295855,0.9997574880172885,0.00028221411624512787,1903.2666012467662,3.0660669e-03,486582,470.98794,463.85559,1.6378942e+05,4.6244408e+01,2.7343704e+03,1.3549415e+01,1.6972556e+05,4.7910568e+01,0,nan,nan,nan,nan,470.98794,2.5854132e-04,463.85559,2.9383684e-04,-1.3546377e-02,-4.9044006e-02
0.41942691018721234,0.9999982947624925,0.0002849891157610138,1719.2203069103884,-3.0363561e-03,354073,1328.20463,1818.99362,1.5777472e+05,4.5052807e+01,4.7728115e+03,1.2055944e+01,1.6609270e+05,4.7334694e+01,0,nan,nan,nan,nan,1328.20463,2.6168325e-04,1818.99362,2.3179642e-04,2.0792119e-03,1.1383086e-02
0.41970601710022526,1.000550494629812,0.0002840067352310625,1713.0857060173014,-2.9176970e-03,349656,1328.20800,1818.99243,1.5850578e+05,4.4912903e+01,3.9718557e+03,1.1583402e+01,1.6624142e+05,4.7187702e+01,0,nan,nan,nan,nan,1328.20800,2.5929936e-04,1818.99243,2.2942069e-04,5.1138317e-03,1.0910854e-02
0.41983752623559634,0.9997845484928994,0.000291576950473336,1756.0299975264372,-3.0511036e-03,380576,1042.61659,1775.57389,1.5911545e+05,4.6392792e+01,5.7330625e+03,1.4312307e+01,1.6654447e+05,4.8570992e+01,0,nan,nan,nan,nan,1042.61659,2.7177439e-04,1775.57389,2.4229623e-04,-8.4996801e-03,4.3147754e-02
0.4200243223153848,0.9994816552175413,0.00029421200041135435,1743.7604243225169,-3.1853851e-03,371742,1042.61567,1775.52758,1.5908120e+05,4.6813324e+01,7.1559922e+03,1.5113850e+01,1.6649852e+05,4.9011265e+01,0,nan,nan,nan,nan,1042.61567,2.7449353e-04,1775.52758,2.4530804e-04,-9.7379405e-03,-6.9429106e-03
0.4203456598456796,1.0002088193711776,0.00028185927435232674,1921.672265660049,3.1827623e-03,499834,471.02274,463.87571,1.6382631e+05,4.6190327e+01,2.5788159e+03,1.3431997e+01,1.6981712e+05,4.7854542e+01,0,nan,nan,nan,nan,471.02274,2.5889318e-04,463.87571,2.9472238e-04,2.4338530e-02,-2.7530394e-02
0.42035098582914576,0.9997970835307928,0.00028410177614961635,1731.4909909860305,-3.1802736e-03,362908,1328.20178,1819.01809,1.5849822e+05,4.4939819e+01,4.0634014e+03,1.1658215e+01,1.6616019e+05,4.7215984e+01,0,nan,nan,nan,nan,1328.20178,2.5950882e-04,1819.01809,2.2930335e-04,-1.4433510e-03,3.8640372e-02
0.42049986270694717,1.0003178067479273,0.00028436003813137446,1915.5375398629103,3.1765748e-03,495417,471.01324,463.90044,1.6419941e+05,4.6611641e+01,3.8456482e+03,1.4194635e+01,1.6987752e+05,4.8291031e+01,0,nan,nan,nan,nan,471.01324,2.6083822e-04,463.90044,2.9607402e-04,1.4852075e-02,-2.6270878e-04
0.4206292204798956,1.0002199012278206,0.00028229683726111636,1909.4027892206832,3.1455425e-03,491000,471.00013,463.88170,1.6396617e+05,4.6257290e+01,2.5944866e+03,1.3540648e+01,1.6980159e+05,4.7923916e+01,0,nan,nan,nan,nan,471.00013,2.5835758e-04,463.88170,2.9357121e-04,-1.2590903e-04,-2.0144377e-02
0.42071015651390553,1.0000587687900195,0.00028218305355689577,1903.2679901567171,3.0660885e-03,486583,470.99001,463.86300,1.6393373e+05,4.6239311e+01,2.7217576e+03,1.3512965e+01,1.6977669e+05,4.7905289e+01,0,nan,nan,nan,nan,470.99001,2.5797368e-04,463.86300,2.9348792e-04,-1.1566156e-02,-4.1145332e-02
0.42081577565500117,0.9999415605861326,0.00028488729346668357,1719.2216957758562,-3.0363789e-03,354074,1328.20163,1818.97981,1.5779000e+05,4.5036800e+01,4.7751016e+03,1.2004438e+01,1.6608361e+05,4.7317875e+01,0,nan,nan,nan,nan,1328.20163,2.6138983e-04,1818.97981,2.3197009e-04,-1.2263014e-03,-3.1799867e-03
0.42109487395282486,0.9998110331063405,0.0002840048503133496,1713.087094874154,-2.9177284e-03,349657,1328.20473,1818.99122,1.5835308e+05,4.4912392e+01,3.9784556e+03,1.1641584e+01,1.6611775e+05,4.7187164e+01,0,nan,nan,nan,nan,1328.20473,2.5971382e-04,1818.99122,2.2965769e-04,2.2181990e-03,9.1842068e-03
0.42122643824814077,1.0000122924650745,0.00029169234393938893,1756.0313864384498,-3.0510798e-03,380577,1042.61178,1775.56735,1.5909647e+05,4.6411175e+01,5.7574692e+03,1.4351498e+01,1.6658248e+05,4.8590237e+01,0,nan,nan,nan,nan,1042.61178,2.7200131e-04,1775.56735,2.4278720e-04,-1.3669164e-02,3.6178522e-02
0.42141321896133377,1.000036091602662,0.0002940541647906446,1743.7618132191628,-3.1853768e-03,371743,1042.61559,1775.51702,1.5918169e+05,4.6788265e+01,7.1508262e+03,1.5000724e+01,1.6659108e+05,4.8985035e+01,0,nan,nan,nan,nan,1042.61559,2.7441853e-04,1775.51702,2.4516729e-04,-1.0303293e-02,-1.7901497e-02
0.42173454604790095,0.99999474365804,0.0002820973695103899,1921.6736545462513,3.1827602e-03,499835,471.02909,463.89897,1.6401466e+05,4.6229298e+01,2.5863357e+03,1.3491700e+01,1.6978059e+05,4.7894913e+01,0,nan,nan,nan,nan,471.02909,2.5888649e-04,463.89897,2.9355503e-04,3.2373250e-02,-1.9175689e-03
0.42173986666307395,0.999987417414577,0.0002841268383327669,1731.4923798668644,-3.1802810e-03,362909,1328.19889,1819.02779,1.5849089e+05,4.4943909e+01,4.0886360e+03,1.1668006e+01,1.6619228e+05,4.7220280e+01,0,nan,nan,nan,nan,1328.19889,2.5921137e-04,1819.02779,2.2887992e-04,-4.9715559e-03,4.9545113e-02
0.4218887551946864,1.000252455629636,0.00028445456043788947,1915.538928755398,3.1765790e-03,495418,471.01619,463.90682,1.6417366e+05,4.6627083e+01,3.8378516e+03,1.4220821e+01,1.6986625e+05,4.8307034e+01,0,nan,nan,nan,nan,471.01619,2.6121564e-04,463.90682,2.9656125e-04,1.9259851e-02,6.9470517e-03
0.42201812274743133,0.9998482123280362,0.00028190746852914535,1909.4041781229507,3.1455564e-03,491001,470.99799,463.86998,1.6387998e+05,4.6193497e+01,2.6115750e+03,1.3434442e+01,1.6973855e+05,4.7857826e+01,0,nan,nan,nan,nan,470.99799,2.5800211e-04,463.86998,2.9344740e-04,-2.4479411e-03,-3.3094510e-02
0.422099066465762,0.9998720725001752,0.0002822856608544514,1903.269379066669,3.0661102e-03,486584,470.98510,463.85490,1.6382417e+05,4.6256119e+01,2.7323538e+03,1.3564726e+01,1.6974498e+05,4.7922703e+01,0,nan,nan,nan,nan,470.98510,2.5808479e-04,463.85490,2.9413096e-04,-1.5496381e-02,-5.0368123e-02
0.4222046413549375,0.9999765209806879,0.00028488200611139234,1719.2230846415562,-3.0364015e-03,354075,1328.20806,1818.98507,1.5780909e+05,4.5036060e+01,4.7578560e+03,1.1982071e+01,1.6608975e+05,4.7317093e+01,0,nan,nan,nan,nan,1328.20806,2.6163115e-04,1818.98507,2.3177586e-04,5.9791133e-03,2.2583776e-03
0.4224837308051974,0.9998042292380463,0.00028399534690064514,1713.0884837310064,-2.9177598e-03,349658,1328.20553,1818.97837,1.5841120e+05,4.4910675e+01,3.9804602e+03,1.1571550e+01,1.6611583e+05,4.7185360e+01,0,nan,nan,nan,nan,1328.20553,2.5964971e-04,1818.97837,2.3024780e-04,2.4997108e-03,-4.7936346e-03
0.42261535026091224,0.9993574559529024,0.00029151896407648016,1756.0327753504625,-3.0510561e-03,380578,1042.61749,1775.56387,1.5894358e+05,4.6383610e+01,5.7538506e+03,1.4329907e+01,1.6647347e+05,4.8561378e+01,0,nan,nan,nan,nan,1042.61749,2.7220600e-04,1775.56387,2.4279168e-04,-7.6355133e-03,3.1818282e-02
0.42280211537399737,1.0000264044996963,0.0002941578014713906,1743.7632021155755,-3.1853686e-03,371744,1042.61675,1775.52316,1.5921159e+05,4.6804813e+01,7.1762739e+03,1.5020445e+01,1.6658967e+05,4.9002357e+01,0,nan,nan,nan,nan,1042.61675,2.7438474e-04,1775.52316,2.4539995e-04,-8.8878078e-03,-1.1570959e-02
0.4231234322492128,1.0001254579004524,0.0002823506285625612,1921.6750434324526,3.1827581e-03,499836,471.02222,463.87637,1.6405275e+05,4.6270748e+01,2.5831953e+03,1.3600015e+01,1.6980261e+05,4.7937859e+01,0,nan,nan,nan,nan,471.02222,2.5884580e-04,463.87637,2.9374132e-04,2.4806403e-02,-2.6945341e-02
0.42312874749791296,0.9999868149952511,0.00028404887047194904,1731.4937687476993,-3.1802885e-03,362910,1328.20397,1819.02294,1.5850877e+05,4.4931698e+01,4.0859934e+03,1.1601802e+01,1.6619264e+05,4.7207451e+01,0,nan,nan,nan,nan,1328.20397,2.5957788e-04,1819.02294,2.2907632e-04,8.7215565e-04,4.4417113e-02
0.42327764768288034,1.0001412070277869,0.00028432844256706723,1915.5403176478862,3.1765832e-03,495419,471.02059,463.90737,1.6409630e+05,4.6606361e+01,3.8288496e+03,1.4226501e+01,1.6984717e+05,4.8285564e+01,0,nan,nan,nan,nan,471.02059,2.6115563e-04,463.90737,2.9649620e-04,2.4111535e-02,6.8022381e-03
0.42340702478122694,1.000112292861245,0.0002820007214127774,1909.4055670249845,3.1455702e-03,491002,471.00449,463.88612,1.6399877e+05,4.6208794e+01,2.5998086e+03,1.3447845e+01,1.6978342e+05,4.7873669e+01,0,nan,nan,nan,nan,471.00449,2.5809093e-04,463.88612,2.9303634e-04,4.8469678e-03,-1.5233752e-02
0.423487976416709,0.9997803359593807,0.00028232727986226744,1903.27076797662,3.0661318e-03,486585,470.99023,463.86385,1.6382769e+05,4.6262939e+01,2.7304629e+03,1.3593647e+01,1.6972939e+05,4.7929768e+01,0,nan,nan,nan,nan,470.99023,2.5838279e-04,463.86385,2.9399525e-04,-1.0185486e-02,-4.0000666e-02
0.42359350682158914,0.9996842761805554,0.0002848466743075269,1719.2244735070228,-3.0364243e-03,354076,1328.20587,1818.98767,1.5764275e+05,4.5030563e+01,4.7465835e+03,1.2039221e+01,1.6604155e+05,4.7311317e+01,0,nan,nan,nan,nan,1328.20587,2.6198223e-04,1818.98767,2.3239119e-04,3.9005911e-03,4.3541999e-03
0.4238725876568882,0.9992986520506012,0.0002838175197025138,1713.089872587858,-2.9177913e-03,349659,1328.20425,1818.98666,1.5815538e+05,4.4882339e+01,4.0064270e+03,1.1594769e+01,1.6603105e+05,4.7155594e+01,0,nan,nan,nan,nan,1328.20425,2.5988178e-04,1818.98666,2.3028109e-04,1.8475277e-03,4.3574860e-03
0.42400426227322896,0.9997870239659016,0.0002917428490870723,1756.0341642624749,-3.0510323e-03,380579,1042.60618,1775.56158,1.5908061e+05,4.6419247e+01,5.7552822e+03,1.4351952e+01,1.6654509e+05,4.8598690e+01,0,nan,nan,nan,nan,1042.60618,2.7207407e-04,1775.56158,2.4282245e-04,-1.9335171e-02,2.9993221e-02
0.4241910117871157,0.9997571159552952,0.00029405861966165953,1743.7645910119886,-3.1853605e-03,371745,1042.61810,1775.51981,1.5913167e+05,4.6789089e+01,7.1791758e+03,1.5003171e+01,1.6654502e+05,4.8985897e+01,0,nan,nan,nan,nan,1042.61810,2.7456359e-04,1775.51981,2.4531907e-04,-7.6673124e-03,-1.5041625e-02
0.4245123184505246,1.0002709504041796,0.000282216669639847,1921.676432318654,3.1827560e-03,499837,471.02789,463.89535,1.6416953e+05,4.6248749e+01,2.5896074e+03,1.3502789e+01,1.6982711e+05,4.7915062e+01,0,nan,nan,nan,nan,471.02789,2.5854961e-04,463.89535,2.9352415e-04,3.0007241e-02,-5.2380231e-03
0.42451762833184115,1.0001463545996516,0.00028417490543746957,1731.4951576285332,-3.1802959e-03,362911,1328.20188,1819.01982,1.5855178e+05,4.4951759e+01,4.0884797e+03,1.1625908e+01,1.6621961e+05,4.7228527e+01,0,nan,nan,nan,nan,1328.20188,2.5948026e-04,1819.01982,2.2916569e-04,-1.4286510e-03,4.1026443e-02
0.42466654017061956,0.9997934083525452,0.0002842953268233803,1915.541706540374,3.1765874e-03,495420,471.00836,463.88757,1.6411388e+05,4.6600880e+01,3.8451162e+03,1.4194326e+01,1.6978794e+05,4.8279888e+01,0,nan,nan,nan,nan,471.00836,2.6091383e-04,463.88757,2.9649236e-04,1.0323847e-02,-1.4231051e-02
0.4247959270487627,0.999495997204847,0.0002820843686619065,1909.406955927252,3.1455841e-03,491003,471.00026,463.88186,1.6382241e+05,4.6222511e+01,2.6041614e+03,1.3537284e+01,1.6967884e+05,4.7887882e+01,0,nan,nan,nan,nan,471.00026,2.5825429e-04,463.88186,2.9342427e-04,5.2485103e-04,-1.9612508e-02
0.4248768863667465,1.0004313596750378,0.00028227367724486255,1903.27215688657,3.0661535e-03,486586,470.98741,463.85659,1.6399767e+05,4.6254150e+01,2.7251250e+03,1.3540558e+01,1.6983991e+05,4.7920662e+01,0,nan,nan,nan,nan,470.98741,2.5796579e-04,463.85659,2.9346114e-04,-1.3231517e-02,-4.8915926e-02
0.4249823725215268,1.0001439723355652,0.0002848468583506853,1719.2258623727228,-3.0364469e-03,354077,1328.20355,1818.98659,1.5773370e+05,4.5030685e+01,4.7532437e+03,1.2015964e+01,1.6611823e+05,4.7311447e+01,0,nan,nan,nan,nan,1328.20355,2.6159431e-04,1818.98659,2.3179089e-04,9.4980799e-04,4.5164167e-03
0.4252614445085783,1.0001345155016952,0.0002840459698379093,1713.0912614447097,-2.9178227e-03,349660,1328.20661,1818.98425,1.5848941e+05,4.4918262e+01,3.9801672e+03,1.1601738e+01,1.6616916e+05,4.7193333e+01,0,nan,nan,nan,nan,1328.20661,2.5933216e-04,1818.98425,2.2947576e-04,3.9230608e-03,2.3774987e-03
0.4253931740531698,1.0000682790453261,0.0002916595414548047,1756.0355531742548,-3.0510088e-03,380580,1042.62163,1775.57545,1.5899670e+05,4.6406010e+01,5.7544795e+03,1.4371898e+01,1.6659202e+05,4.8584831e+01,0,nan,nan,nan,nan,1042.62163,2.7237786e-04,1775.57545,2.4273156e-04,-2.5868765e-03,4.4316459e-02
0.4255799084321552,0.9998021660335268,0.00029410553534375177,1743.7659799086337,-3.1853521e-03,371746,1042.61821,1775.52435,1.5926403e+05,4.6796616e+01,7.1548765e+03,1.4987209e+01,1.6655273e+05,4.8993774e+01,0,nan,nan,nan,nan,1042.61821,2.7441932e-04,1775.52435,2.4503903e-04,-7.7681970e-03,-9.7751087e-03
0.42590120465274595,0.9997446078393293,0.00028188733908531596,1921.6778212048562,3.1827539e-03,499838,471.02635,463.88526,1.6390108e+05,4.6194721e+01,2.5799165e+03,1.3429680e+01,1.6973756e+05,4.7859093e+01,0,nan,nan,nan,nan,471.02635,2.5920055e-04,463.88526,2.9367348e-04,2.9163158e-02,-1.6804857e-02
0.42590650916577066,1.0005322952585671,0.00028416235845746035,1731.4965465093671,-3.1803034e-03,362912,1328.19742,1819.02061,1.5856686e+05,4.4949902e+01,4.0864150e+03,1.1649420e+01,1.6628420e+05,4.7226574e+01,0,nan,nan,nan,nan,1328.19742,2.5921394e-04,1819.02061,2.2899265e-04,-6.2243580e-03,4.1927975e-02
0.4260554324255281,0.999840911078259,0.0002842123889708819,1915.543095432629,3.1765914e-03,495421,471.02478,463.89786,1.6399003e+05,4.6587246e+01,3.8489722e+03,1.4197111e+01,1.6979583e+05,4.8265759e+01,0,nan,nan,nan,nan,471.02478,2.6215916e-04,463.89786,2.9605700e-04,2.8177634e-02,-3.2814818e-03
0.4261848290834678,0.999865130697405,0.0002820348951609044,1909.4083448292868,3.1455979e-03,491004,470.99854,463.87040,1.6386978e+05,4.6214413e+01,2.6163743e+03,1.3505132e+01,1.6974155e+05,4.7879498e+01,0,nan,nan,nan,nan,470.99854,2.5824117e-04,463.87040,2.9337403e-04,-1.4252323e-03,-3.2255758e-02
0.4262657960839533,0.999932774458011,0.00028241516664064887,1903.2735457962872,3.0661749e-03,486587,470.98804,463.85427,1.6389702e+05,4.6277332e+01,2.7318704e+03,1.3635958e+01,1.6975525e+05,4.7944683e+01,0,nan,nan,nan,nan,470.98804,2.5807606e-04,463.85427,2.9381402e-04,-1.2965622e-02,-5.0476197e-02
0.4263712379886325,0.9996189023802496,0.0002848632860439376,1719.2272512381899,-3.0364697e-03,354078,1328.20319,1818.98968,1.5782717e+05,4.5033367e+01,4.7507847e+03,1.1989217e+01,1.6603136e+05,4.7314270e+01,0,nan,nan,nan,nan,1328.20319,2.6128834e-04,1818.98968,2.3146182e-04,2.1774295e-05,8.2589630e-03
0.4266503013616333,0.9994562131170645,0.00028388054829082596,1713.0926503015628,-2.9178541e-03,349661,1328.20983,1818.99160,1.5816828e+05,4.4891903e+01,4.0022654e+03,1.1595636e+01,1.6605572e+05,4.7165638e+01,0,nan,nan,nan,nan,1328.20983,2.5984182e-04,1818.99160,2.3058846e-04,7.8322478e-03,9.5227435e-03
0.42678208606571355,1.0000898392341548,0.0002917218797388355,1756.0369420862673,-3.0509850e-03,380581,1042.61542,1775.56302,1.5908688e+05,4.6415947e+01,5.7718555e+03,1.4347919e+01,1.6659567e+05,4.8595234e+01,0,nan,nan,nan,nan,1042.61542,2.7196587e-04,1775.56302,2.4270063e-04,-9.4904406e-03,3.1450417e-02
0.42696880484436406,1.000045287826162,0.000294148838418947,1743.7673688050459,-3.1853439e-03,371747,1042.61301,1775.53004,1.5916441e+05,4.6803562e+01,7.1787905e+03,1.5014438e+01,1.6659344e+05,4.9001049e+01,0,nan,nan,nan,nan,1042.61301,2.7459784e-04,1775.53004,2.4523702e-04,-1.2783041e-02,-3.7447975e-03
0.4272900908549673,1.000003113183674,0.0002822569075115778,1921.6792100910584,3.1827518e-03,499839,471.02454,463.88700,1.6416584e+05,4.6255230e+01,2.6050625e+03,1.3468945e+01,1.6978127e+05,4.7921783e+01,0,nan,nan,nan,nan,471.02454,2.5850118e-04,463.88700,2.9327476e-04,2.6679154e-02,-1.4331817e-02
0.42729538999969885,0.9993412479122014,0.000284067848354001,1731.497935390201,-3.1803108e-03,362913,1328.20663,1819.02984,1.5835645e+05,4.4935078e+01,4.0921104e+03,1.1689636e+01,1.6608673e+05,4.7211002e+01,0,nan,nan,nan,nan,1328.20663,2.5971472e-04,1819.02984,2.2921593e-04,3.5031275e-03,5.2139577e-02
0.42744432491417683,1.0003616696732218,0.0002846749348808024,1915.5444843251175,3.1765956e-03,495422,471.01428,463.89579,1.6439520e+05,4.6663010e+01,3.8575659e+03,1.4254392e+01,1.6988409e+05,4.8344257e+01,0,nan,nan,nan,nan,471.01428,2.6073444e-04,463.89579,2.9553013e-04,1.6193695e-02,-5.4029510e-03
0.42757373135054877,0.9996436918083552,0.0002820205588218348,1909.4097337315538,3.1456118e-03,491005,471.00224,463.88258,1.6393977e+05,4.6212082e+01,2.5886575e+03,1.3483132e+01,1.6970400e+05,4.7877075e+01,0,nan,nan,nan,nan,471.00224,2.5802371e-04,463.88258,2.9295826e-04,1.7960375e-03,-1.8867727e-02
0.4276547060349003,1.0000123463892614,0.0002821739152830688,1903.2749347062381,3.0661966e-03,486588,470.99137,463.86248,1.6392247e+05,4.6237793e+01,2.7266245e+03,1.3523320e+01,1.6976875e+05,4.7903721e+01,0,nan,nan,nan,nan,470.99137,2.5812842e-04,463.86248,2.9338282e-04,-9.5357383e-03,-4.1502595e-02
0.42776010345573956,0.9997578308358769,0.0002847932800289434,1719.228640103657,-3.0364925e-03,354079,1328.20109,1818.98182,1.5764228e+05,4.5022392e+01,4.7525176e+03,1.2003638e+01,1.6605477e+05,4.7302738e+01,0,nan,nan,nan,nan,1328.20109,2.6144984e-04,1818.98182,2.3237636e-04,-2.1924265e-03,-1.3126750e-03
0.4280391582149147,1.0000459261014318,0.00028399518679615243,1713.094039158416,-2.9178855e-03,349662,1328.20354,1818.98361,1.5834594e+05,4.4909832e+01,4.0007336e+03,1.1600121e+01,1.6615297e+05,4.7184475e+01,0,nan,nan,nan,nan,1328.20354,2.5984916e-04,1818.98361,2.2989900e-04,1.2184229e-03,1.4652614e-03
0.428170998078258,1.0003722049149197,0.00029188874704795493,1756.03833099828,-3.0509613e-03,380582,1042.61077,1775.57111,1.5925392e+05,4.6442513e+01,5.7713252e+03,1.4345861e+01,1.6664277e+05,4.8623047e+01,0,nan,nan,nan,nan,1042.61077,2.7186074e-04,1775.57111,2.4269073e-04,-1.4707630e-02,3.9898921e-02
0.4283577012574824,1.000120402196458,0.00029409157425568425,1743.768757701459,-3.1853358e-03,371748,1042.61717,1775.51759,1.5907605e+05,4.6794514e+01,7.2122476e+03,1.5021089e+01,1.6660617e+05,4.8991573e+01,0,nan,nan,nan,nan,1042.61717,2.7456705e-04,1775.51759,2.4575813e-04,-8.4213484e-03,-1.7475018e-02
0.42867897705673386,1.000006591488935,0.00028205538427023864,1921.6805989772602,3.1827497e-03,499840,471.02240,463.88512,1.6407314e+05,4.6222160e+01,2.5971387e+03,1.3463157e+01,1.6978167e+05,4.7887520e+01,0,nan,nan,nan,nan,471.02240,2.5844778e-04,463.88512,2.9326431e-04,2.4380110e-02,-1.6637009e-02
0.42868427083317295,1.000196203373466,0.0002842785010567876,1731.4993242710345,-3.1803183e-03,362914,1328.19996,1819.01373,1.5853320e+05,4.4968525e+01,4.0790598e+03,1.1634760e+01,1.6622930e+05,4.7246143e+01,0,nan,nan,nan,nan,1328.19996,2.5971816e-04,1819.01373,2.2958378e-04,-3.5510974e-03,3.3814281e-02
0.42883321740373503,0.9998645532281932,0.0002845725242595723,1915.545873217607,3.1765997e-03,495423,471.01178,463.89823,1.6403341e+05,4.6646175e+01,3.8625369e+03,1.4321052e+01,1.6979950e+05,4.8326817e+01,0,nan,nan,nan,nan,471.01178,2.6202976e-04,463.89823,2.9621259e-04,1.4496896e-02,-2.5642733e-03
0.42896263338525387,0.9999949467354958,0.0002818899568640994,1909.4111226335885,3.1456256e-03,491006,470.99817,463.87178,1.6392500e+05,4.6190693e+01,2.5909766e+03,1.3401672e+01,1.6976367e+05,4.7854916e+01,0,nan,nan,nan,nan,470.99817,2.5801471e-04,463.87178,2.9341032e-04,-2.4490519e-03,-3.1092331e-02
0.4290436159858473,0.9998811013891183,0.00028219756163042243,1903.276323616189,3.0662182e-03,486589,470.98820,463.85958,1.6387341e+05,4.6241673e+01,2.7308157e+03,1.3562056e+01,1.6974647e+05,4.7907738e+01,0,nan,nan,nan,nan,470.98820,2.5808826e-04,463.85958,2.9365890e-04,-1.2919319e-02,-4.5073476e-02
0.4291489691552218,1.0001215867234794,0.00028501546822931297,1719.2300289693565,-3.0365151e-03,354080,1328.20586,1818.98685,1.5781469e+05,4.5057606e+01,4.7475425e+03,1.2049666e+01,1.6611552e+05,4.7339737e+01,0,nan,nan,nan,nan,1328.20586,2.6166230e-04,1818.98685,2.3192714e-04,3.4204330e-03,4.4545508e-03
0.42942801506660544,1.000292475765452,0.00028400823014422294,1713.0954280152678,-2.9179170e-03,349663,1328.20432,1818.98687,1.5845080e+05,4.4911701e+01,4.0048503e+03,1.1585009e+01,1.6619320e+05,4.7186440e+01,0,nan,nan,nan,nan,1328.20432,2.5927476e-04,1818.98687,2.2963612e-04,2.0851754e-03,5.0876797e-03
0.42955991009102945,0.9999896329721529,0.000291888359214337,1756.0397199102927,-3.0509376e-03,380583,1042.60732,1775.56342,1.5915578e+05,4.6442467e+01,5.7877373e+03,1.4404524e+01,1.6657909e+05,4.8623001e+01,0,nan,nan,nan,nan,1042.60732,2.7183822e-04,1775.56342,2.4271919e-04,-1.7957959e-02,3.1760044e-02
0.42974659790297665,1.0000124327141569,0.00029416230786430696,1743.7701465981045,-3.1853274e-03,371749,1042.61159,1775.52372,1.5909978e+05,4.6805820e+01,7.1853687e+03,1.5004494e+01,1.6658841e+05,4.9003418e+01,0,nan,nan,nan,nan,1042.61159,2.7521965e-04,1775.52372,2.4577806e-04,-1.4211054e-02,-1.1208658e-02
0.4300678632580457,1.0001792436459795,0.00028206465620167476,1921.6819878634615,3.1827476e-03,499841,471.02563,463.88767,1.6412072e+05,4.6223629e+01,2.5888804e+03,1.3449363e+01,1.6981080e+05,4.7889042e+01,0,nan,nan,nan,nan,471.02563,2.5865628e-04,463.88767,2.9300898e-04,2.8056938e-02,-1.4119185e-02
0.43007315166642,0.9996798665669889,0.0002841538995386047,1731.5007131518678,-3.1803257e-03,362915,1328.20389,1819.02984,1.5851442e+05,4.4948944e+01,4.0810322e+03,1.1656825e+01,1.6614395e+05,4.7225571e+01,0,nan,nan,nan,nan,1328.20389,2.5934062e-04,1819.02984,2.2896366e-04,1.9938138e-04,5.1990494e-02
0.43022210989238374,1.0001495865052428,0.00028439023022274466,1915.5472621100957,3.1766039e-03,495424,471.00479,463.89710,1.6411216e+05,4.6616253e+01,3.8600642e+03,1.4244767e+01,1.6984773e+05,4.8295815e+01,0,nan,nan,nan,nan,471.00479,2.6157932e-04,463.89710,2.9578453e-04,7.0312652e-03,-3.8322795e-03
0.4303515356527896,1.0006500183876197,0.000282069846757561,1909.412511535856,3.1456396e-03,491007,471.00059,463.88365,1.6404150e+05,4.6220177e+01,2.5887466e+03,1.3464366e+01,1.6987492e+05,4.7885468e+01,0,nan,nan,nan,nan,471.00059,2.5803558e-04,463.88365,2.9310645e-04,1.0528630e-03,-1.8077955e-02
0.43043252593679426,1.0003138246892107,0.0002824032587419751,1903.27771252614,3.0662399e-03,486590,470.98488,463.85580,1.6390566e+05,4.6275375e+01,2.7226807e+03,1.3599795e+01,1.6981992e+05,4.7942654e+01,0,nan,nan,nan,nan,470.98488,2.5803645e-04,463.85580,2.9407628e-04,-1.5710404e-02,-4.9169626e-02
0.43053783462164574,0.9990732817465491,0.00028481416727934694,1719.2314178348229,-3.0365379e-03,354081,1328.20502,1818.98625,1.5762030e+05,4.5025875e+01,4.7552808e+03,1.1995220e+01,1.6594173e+05,4.7306396e+01,0,nan,nan,nan,nan,1328.20502,2.6159731e-04,1818.98625,2.3227850e-04,2.2598505e-03,4.1435231e-03
0.4308168719182962,0.9997600347704937,0.00028399973924905466,1713.0968168721195,-2.9179484e-03,349664,1328.21383,1818.98139,1.5836145e+05,4.4910168e+01,4.0077493e+03,1.1605093e+01,1.6610405e+05,4.7184826e+01,0,nan,nan,nan,nan,1328.21383,2.6009427e-04,1818.98139,2.3008486e-04,1.2750544e-02,-1.3301712e-03
0.43094882187051553,0.9995162589613624,0.0002920030052863948,1756.0411088220721,-3.0509140e-03,380584,1042.61929,1775.57123,1.5903862e+05,4.6460720e+01,5.8003389e+03,1.4458689e+01,1.6650028e+05,4.8642113e+01,0,nan,nan,nan,nan,1042.61929,2.7238159e-04,1775.57123,2.4300301e-04,-5.4626339e-03,4.0261772e-02
0.431135494316095,0.9994487438626419,0.0002940839389746917,1743.7715354945176,-3.1853192e-03,371750,1042.61581,1775.51810,1.5913400e+05,4.6793419e+01,7.2044556e+03,1.5016376e+01,1.6649472e+05,4.8990429e+01,0,nan,nan,nan,nan,1042.61581,2.7454039e-04,1775.51810,2.4544969e-04,-9.8532736e-03,-1.6718322e-02
0.431456749460267,1.0000549007215707,0.0002819754843503704,1921.6833767496637,3.1827455e-03,499842,471.02487,463.88314,1.6396464e+05,4.6208965e+01,2.5914573e+03,1.3455414e+01,1.6978950e+05,4.7873848e+01,0,nan,nan,nan,nan,471.02487,2.5859434e-04,463.88314,2.9368617e-04,2.7153388e-02,-1.8758759e-02
0.4314620327331795,0.9992868603174386,0.0002838921762499395,1731.5021020329345,-3.1803329e-03,362916,1328.20091,1819.01406,1.5824989e+05,4.4907669e+01,4.0864744e+03,1.1642074e+01,1.6607911e+05,4.7182205e+01,0,nan,nan,nan,nan,1328.20091,2.5967896e-04,1819.01406,2.3005079e-04,-2.2588214e-03,3.3357769e-02
0.43161100238012295,0.9998183705797227,0.00028431723445417485,1915.5486510025835,3.1766081e-03,495425,471.02449,463.90249,1.6395891e+05,4.6604240e+01,3.8514434e+03,1.4243833e+01,1.6979133e+05,4.8283367e+01,0,nan,nan,nan,nan,471.02449,2.6238864e-04,463.90249,2.9621596e-04,2.8423015e-02,1.9256835e-03
0.43174043768726766,1.0000655775922696,0.00028206610986417855,1909.4139004378906,3.1456533e-03,491008,471.00024,463.87645,1.6398330e+05,4.6219578e+01,2.6150359e+03,1.3473728e+01,1.6977575e+05,4.7884846e+01,0,nan,nan,nan,nan,471.00024,2.5800083e-04,463.87645,2.9318061e-04,-1.4949650e-04,-2.5374228e-02
0.43182143588774125,0.9996183414026908,0.00028226324293637007,1903.279101436091,3.0662615e-03,486591,470.98815,463.86389,1.6384747e+05,4.6252438e+01,2.7520112e+03,1.3567990e+01,1.6970186e+05,4.7918884e+01,0,nan,nan,nan,nan,470.98815,2.5847205e-04,463.86389,2.9353797e-04,-1.2425512e-02,-3.9533734e-02
0.43192670032158276,0.999590258683085,0.0002847701567411026,1719.2328067005228,-3.0365605e-03,354082,1328.19594,1818.98588,1.5757197e+05,4.5019012e+01,4.7488594e+03,1.2028290e+01,1.6602794e+05,4.7299183e+01,0,nan,nan,nan,nan,1328.19594,2.6174306e-04,1818.98588,2.3211345e-04,-7.2045336e-03,3.3098133e-03
0.4322057287706681,0.9998175080001431,0.0002837398257117633,1713.0982057289718,-2.9179798e-03,349665,1328.20410,1818.98978,1.5808273e+05,4.4868881e+01,4.0036313e+03,1.1601317e+01,1.6611291e+05,4.7141449e+01,0,nan,nan,nan,nan,1328.20410,2.6009788e-04,1818.98978,2.3079762e-04,1.9215893e-03,7.1666809e-03
0.432337733883287,1.0001193032072817,0.0002918873391673514,1756.042497734085,-3.0508903e-03,380585,1042.61044,1775.56354,1.5918781e+05,4.6442333e+01,5.8216079e+03,1.4397442e+01,1.6660078e+05,4.8622860e+01,0,nan,nan,nan,nan,1042.61044,2.7198609e-04,1775.56354,2.4263845e-04,-1.4755977e-02,3.1592939e-02
0.432524390962044,0.9997049150557807,0.0002941378157958275,1743.7729243911635,-3.1853109e-03,371751,1042.61711,1775.52387,1.5912077e+05,4.6802052e+01,7.2072754e+03,1.5020851e+01,1.6653761e+05,4.8999466e+01,0,nan,nan,nan,nan,1042.61711,2.7477412e-04,1775.52387,2.4540245e-04,-8.3497874e-03,-1.1001337e-02
0.4328456354296577,1.0000458419030975,0.0002822944874986236,1921.684765635633,3.1827432e-03,499843,471.02673,463.88849,1.6406477e+05,4.6261185e+01,2.5985344e+03,1.3545548e+01,1.6978778e+05,4.7927956e+01,0,nan,nan,nan,nan,471.02673,2.5904371e-04,463.88849,2.9335875e-04,2.9428033e-02,-1.2768550e-02
0.4328509135673354,0.9996620037815641,0.00028413813760945434,1731.5034909137687,-3.1803404e-03,362917,1328.20117,1819.02472,1.5846053e+05,4.4946705e+01,4.0867632e+03,1.1647373e+01,1.6614192e+05,4.7223221e+01,0,nan,nan,nan,nan,1328.20117,2.5968495e-04,1819.02472,2.2914057e-04,-2.0900932e-03,4.6342906e-02
0.4329998948683169,0.9996704074575807,0.00028433502926919404,1915.5500398950717,3.1766123e-03,495426,471.01266,463.89926,1.6412136e+05,4.6607113e+01,3.8512139e+03,1.4166883e+01,1.6976603e+05,4.8286346e+01,0,nan,nan,nan,nan,471.01266,2.6109576e-04,463.89926,2.9606157e-04,1.3558662e-02,-1.2068754e-03
0.4331293399545757,1.0000324878952727,0.0002822972361704738,1909.4152893401579,3.1456673e-03,491009,470.99878,463.87960,1.6394283e+05,4.6257462e+01,2.6173943e+03,1.3633805e+01,1.6977017e+05,4.7924095e+01,0,nan,nan,nan,nan,470.99878,2.5796969e-04,463.87960,2.9313390e-04,-1.1759214e-03,-2.2500202e-02
0.4332103456058576,1.0002660233527454,0.0002821712264960717,1903.280490345809,3.0662830e-03,486592,470.98352,463.85301,1.6389498e+05,4.6237350e+01,2.7197673e+03,1.3540727e+01,1.6981181e+05,4.7903263e+01,0,nan,nan,nan,nan,470.98352,2.5808430e-04,463.85301,2.9357139e-04,-1.7238362e-02,-5.1723365e-02
0.4333155657893709,1.0008118268521666,0.00028480794942387766,1719.2341955659906,-3.0365833e-03,354083,1328.20987,1818.99126,1.5768894e+05,4.5025074e+01,4.7504766e+03,1.1993324e+01,1.6623117e+05,4.7305553e+01,0,nan,nan,nan,nan,1328.20987,2.6191276e-04,1818.99126,2.3230832e-04,8.3431751e-03,9.0833856e-03
0.43359458562326836,1.0001246213357937,0.00028400869147975554,1713.0995945858244,-2.9180113e-03,349666,1328.20370,1818.98644,1.5847512e+05,4.4911213e+01,3.9988208e+03,1.1569095e+01,1.6616327e+05,4.7185928e+01,0,nan,nan,nan,nan,1328.20370,2.5934895e-04,1818.98644,2.2939336e-04,1.4934107e-03,5.4281899e-03
0.43372664589605847,1.0000762430852939,0.00029196233523104756,1756.0438866460977,-3.0508665e-03,380586,1042.61629,1775.56461,1.5921014e+05,4.6454277e+01,5.7999360e+03,1.4378453e+01,1.6659366e+05,4.8635365e+01,0,nan,nan,nan,nan,1042.61629,2.7191377e-04,1775.56461,2.4295688e-04,-9.0099163e-03,3.3081684e-02
0.4339132873747076,0.9998251398632387,0.000294153860725276,1743.7743132875762,-3.1853027e-03,371752,1042.61134,1775.52657,1.5912472e+05,4.6804672e+01,7.1996411e+03,1.5061537e+01,1.6655786e+05,4.9002209e+01,0,nan,nan,nan,nan,1042.61134,2.7466018e-04,1775.52657,2.4523513e-04,-1.4538780e-02,-8.1618605e-03
0.43423452163187903,1.000400532771964,0.00028209470287572267,1921.6861545218353,3.1827411e-03,499844,471.02656,463.89201,1.6412481e+05,4.6228401e+01,2.5958154e+03,1.3448855e+01,1.6984783e+05,4.7893990e+01,0,nan,nan,nan,nan,471.02656,2.5863611e-04,463.89201,2.9319827e-04,2.9116940e-02,-9.2705246e-03
0.4342397944019467,1.0004781776808565,0.00028415984172799294,1731.5048797946033,-3.1803478e-03,362918,1328.20258,1819.02234,1.5857878e+05,4.4950272e+01,4.0803870e+03,1.1610761e+01,1.6627805e+05,4.7226963e+01,0,nan,nan,nan,nan,1328.20258,2.5957052e-04,1819.02234,2.2903901e-04,-1.3132098e-03,4.3884955e-02
0.4343887873560561,1.000034736939553,0.0002843241863502647,1915.5514287875594,3.1766165e-03,495427,471.01626,463.89902,1.6409605e+05,4.6605293e+01,3.8622546e+03,1.4171328e+01,1.6982775e+05,4.8284458e+01,0,nan,nan,nan,nan,471.01626,2.6162845e-04,463.89902,2.9622961e-04,1.8979676e-02,-1.8032579e-03
0.43451824198882605,0.9996006783700487,0.0002819841466067152,1909.4166782421921,3.1456810e-03,491010,471.00096,463.88222,1.6392559e+05,4.6206165e+01,2.5939094e+03,1.3453031e+01,1.6969691e+05,4.7870953e+01,0,nan,nan,nan,nan,471.00096,2.5815054e-04,463.88222,2.9326935e-04,1.3686952e-03,-1.9101338e-02
0.43459925555680456,0.9998450562923551,0.00028265276074550396,1903.28187925576,3.0663046e-03,486593,470.99172,463.85894,1.6388162e+05,4.6316261e+01,2.7395742e+03,1.3723487e+01,1.6974034e+05,4.7985012e+01,0,nan,nan,nan,nan,470.99172,2.5823902e-04,463.85894,2.9414555e-04,-9.0256762e-03,-4.5726106e-02
0.4347044314893086,1.0001772277190357,0.00028480530566205915,1719.2355844316905,-3.0366059e-03,354084,1328.20366,1818.98061,1.5775906e+05,4.5024746e+01,4.7390181e+03,1.1988335e+01,1.6612611e+05,4.7305210e+01,0,nan,nan,nan,nan,1328.20366,2.6151031e-04,1818.98061,2.3201868e-04,1.4639786e-03,-2.2084888e-03
0.4349834424749591,0.9999249388375824,0.00028387531848836356,1713.1009834426761,-2.9180427e-03,349667,1328.20349,1818.98280,1.5814986e+05,4.4889950e+01,4.0163420e+03,1.1589927e+01,1.6612944e+05,4.7163586e+01,0,nan,nan,nan,nan,1328.20349,2.5992893e-04,1818.98280,2.3163609e-04,1.5241931e-03,-1.9582391e-03
0.4351155579083752,1.000234871852535,0.00029173756032698504,1756.04527555811,-3.0508428e-03,380587,1042.61763,1775.56869,1.5919898e+05,4.6418526e+01,5.8161108e+03,1.4344821e+01,1.6662012e+05,4.8597935e+01,0,nan,nan,nan,nan,1042.61763,2.7160865e-04,1775.56869,2.4255025e-04,-6.3744844e-03,3.7359331e-02
0.4353021837878259,1.000287051387613,0.0002943080284393938,1743.7757021839893,-3.1852946e-03,371753,1042.61726,1775.52166,1.5923411e+05,4.6829266e+01,7.2173652e+03,1.5026506e+01,1.6663505e+05,4.9027958e+01,0,nan,nan,nan,nan,1042.61726,2.7495477e-04,1775.52166,2.4544320e-04,-8.5899383e-03,-1.2861134e-02
0.43562340783410036,0.9997256479935754,0.0002820884242878364,1921.6875434080375,3.1827390e-03,499845,471.02357,463.88629,1.6396464e+05,4.6227322e+01,2.5986765e+03,1.3464251e+01,1.6973306e+05,4.7892868e+01,0,nan,nan,nan,nan,471.02357,2.5922776e-04,463.88629,2.9355497e-04,2.6124634e-02,-1.5684070e-02
0.435628675236558,1.0000172269169476,0.00028408201539248694,1731.506268675438,-3.1803553e-03,362919,1328.20280,1819.01803,1.5845252e+05,4.4938091e+01,4.0908171e+03,1.1655221e+01,1.6620192e+05,4.7214165e+01,0,nan,nan,nan,nan,1328.20280,2.5964272e-04,1819.01803,2.2976712e-04,-2.0381590e-04,3.8097709e-02
0.43577767984470483,1.0004767126770628,0.00028456017114634156,1915.552817680048,3.1766207e-03,495428,471.02263,463.90499,1.6415411e+05,4.6643929e+01,3.8425981e+03,1.4297403e+01,1.6990264e+05,4.8324486e+01,0,nan,nan,nan,nan,471.02263,2.6212915e-04,463.90499,2.9598566e-04,2.6491512e-02,4.0426608e-03
0.4359071442554523,0.9999837311600451,0.00028219393767172225,1909.4180671444587,3.1456950e-03,491011,471.00156,463.88096,1.6396378e+05,4.6240555e+01,2.5995732e+03,1.3495987e+01,1.6976197e+05,4.7906578e+01,0,nan,nan,nan,nan,471.00156,2.5808916e-04,463.88096,2.9364775e-04,1.6740874e-03,-2.0714220e-02
0.4359881655072968,1.0001059803659627,0.00028214755151903233,1903.2832681657105,3.0663263e-03,486594,470.99005,463.86322,1.6391888e+05,4.6233479e+01,2.7241072e+03,1.3504603e+01,1.6978464e+05,4.7899246e+01,0,nan,nan,nan,nan,470.99005,2.5808590e-04,463.86322,2.9354423e-04,-1.0548675e-02,-4.0564835e-02
0.4360932969559602,0.99965865090713,0.00028476216752904053,1719.2369732971572,-3.0366287e-03,354085,1328.20881,1818.99369,1.5776097e+05,4.5018017e+01,4.7297124e+03,1.1977291e+01,1.6604031e+05,4.7298141e+01,0,nan,nan,nan,nan,1328.20881,2.6145778e-04,1818.99369,2.3152241e-04,6.5392726e-03,1.2569077e-02
0.4363722993266492,0.999983414177322,0.00028410955212932506,1713.1023722995278,-2.9180741e-03,349668,1328.20955,1818.99248,1.5838997e+05,4.4926819e+01,4.0128245e+03,1.1625097e+01,1.6613852e+05,4.7202320e+01,0,nan,nan,nan,nan,1328.20955,2.5995699e-04,1818.99248,2.2965300e-04,7.1557802e-03,1.1418490e-02
0.43650446992114667,1.0006879188125843,0.00029191034096208397,1756.0466644701228,-3.0508190e-03,380588,1042.60969,1775.56187,1.5930348e+05,4.6446026e+01,5.8222505e+03,1.4366272e+01,1.6669562e+05,4.8626728e+01,0,nan,nan,nan,nan,1042.60969,2.7175903e-04,1775.56187,2.4240513e-04,-1.6192365e-02,3.0263396e-02
0.43669108043332017,1.000048379291323,0.00029431731324500426,1743.7770910806348,-3.1852862e-03,371754,1042.61520,1775.51822,1.5915712e+05,4.6830807e+01,7.2458657e+03,1.5049969e+01,1.6659550e+05,4.9029572e+01,0,nan,nan,nan,nan,1042.61520,2.7478448e-04,1775.51822,2.4549046e-04,-1.0781830e-02,-1.6428851e-02
0.4370122940354122,1.0002515938884076,0.0002821408833679356,1921.6889322942388,3.1827369e-03,499846,471.03184,463.88962,1.6407097e+05,4.6235874e+01,2.5976333e+03,1.3445133e+01,1.6982217e+05,4.7901726e+01,0,nan,nan,nan,nan,471.03184,2.5891617e-04,463.88962,2.9348326e-04,3.4656823e-02,-1.1496607e-02
0.4370175560698044,1.0005985111011249,0.0002840425051451264,1731.5076575562712,-3.1803627e-03,362920,1328.20368,1819.02664,1.5840773e+05,4.4931969e+01,4.1017246e+03,1.1646127e+01,1.6629902e+05,4.7207733e+01,0,nan,nan,nan,nan,1328.20368,2.5976426e-04,1819.02664,2.2962841e-04,-1.7307721e-04,4.6894856e-02
0.43716657233335354,0.9994348682520308,0.0002838957528545142,1915.5542065725367,3.1766249e-03,495429,471.01682,463.90064,1.6334311e+05,4.6534977e+01,3.8567073e+03,1.4261961e+01,1.6972555e+05,4.8211609e+01,0,nan,nan,nan,nan,471.01682,2.6439133e-04,463.90064,2.9744857e-04,2.3695953e-02,-9.6021284e-04
0.4372960462901574,0.9996630596277049,0.0002820337383482398,1909.4194560464935,3.1457087e-03,491012,471.00080,463.87104,1.6384805e+05,4.6214314e+01,2.5927410e+03,1.3523085e+01,1.6970758e+05,4.7879395e+01,0,nan,nan,nan,nan,471.00080,2.5826014e-04,463.87104,2.9338332e-04,4.5313616e-04,-3.2151032e-02
0.4373770754580161,1.0003562224353482,0.0002824383513264054,1903.2846570756612,3.0663479e-03,486595,470.98291,463.85794,1.6399316e+05,4.6281132e+01,2.7273767e+03,1.3584844e+01,1.6982712e+05,4.7948616e+01,0,nan,nan,nan,nan,470.98291,2.5814923e-04,463.85794,2.9360785e-04,-1.7920963e-02,-4.6721399e-02
0.43748216265589657,0.9996978810164205,0.00028487803567349,1719.2383621628571,-3.0366513e-03,354086,1328.20410,1818.98113,1.5770727e+05,4.5036430e+01,4.7438291e+03,1.2014438e+01,1.6604716e+05,4.7317486e+01,0,nan,nan,nan,nan,1328.20410,2.6170604e-04,1818.98113,2.3219772e-04,1.5665818e-03,-1.9213986e-03
0.43776115641207947,0.999935148161107,0.0002840325204627966,1713.1037611566132,-2.9181053e-03,349669,1328.20299,1818.98158,1.5841814e+05,4.4914471e+01,4.0187046e+03,1.1610946e+01,1.6612988e+05,4.7189350e+01,0,nan,nan,nan,nan,1328.20299,2.5937261e-04,1818.98158,2.2990117e-04,1.9921940e-04,-1.5137420e-03
0.43789338170063274,1.0001344350918469,0.0002918209466819081,1756.0480533819023,-3.0507955e-03,380589,1042.61255,1775.56625,1.5916608e+05,4.6431812e+01,5.8302256e+03,1.4353772e+01,1.6660347e+05,4.8611847e+01,0,nan,nan,nan,nan,1042.61255,2.7197343e-04,1775.56625,2.4273900e-04,-1.2629810e-02,3.4971051e-02
0.4380799768464385,1.0008377764779386,0.0002942346445015046,1743.778479977048,-3.1852780e-03,371755,1042.61784,1775.52596,1.5935044e+05,4.6817715e+01,7.2430015e+03,1.5009693e+01,1.6672725e+05,4.9015865e+01,0,nan,nan,nan,nan,1042.61784,2.7434964e-04,1775.52596,2.4502527e-04,-8.3665764e-03,-8.5006226e-03
0.4384011802371788,1.000083582172936,0.0002821043873140167,1921.6903211804406,3.1827348e-03,499847,471.02104,463.89260,1.6404316e+05,4.6229839e+01,2.5940513e+03,1.3494679e+01,1.6979347e+05,4.7895477e+01,0,nan,nan,nan,nan,471.02104,2.5854071e-04,463.89260,2.9344659e-04,2.3671713e-02,-8.3405897e-03
0.4384064369030508,0.9999720394664603,0.00028408815178943356,1731.5090464371044,-3.1803702e-03,362921,1328.19682,1819.01290,1.5842412e+05,4.4939316e+01,4.0912051e+03,1.1663656e+01,1.6619538e+05,4.7215454e+01,0,nan,nan,nan,nan,1328.19682,2.5937892e-04,1819.01290,2.2989037e-04,-6.3581965e-03,3.2644644e-02
0.4385554645891716,0.9997747306555671,0.00028435877415638187,1915.5555954647925,3.1766288e-03,495430,471.01468,463.89616,1.6404234e+05,4.6610828e+01,3.8415059e+03,1.4220522e+01,1.6978311e+05,4.8290195e+01,0,nan,nan,nan,nan,471.01468,2.6198203e-04,463.89616,2.9617466e-04,1.7519297e-02,-5.2297767e-03
0.43868494855769313,1.0006124924737794,0.00028194678209886954,1909.420844948761,3.1457227e-03,491013,471.00321,463.88780,1.6408091e+05,4.6200077e+01,2.5991719e+03,1.3383438e+01,1.6986878e+05,4.7864643e+01,0,nan,nan,nan,nan,471.00321,2.5800787e-04,463.88780,2.9300322e-04,3.4133091e-03,-1.3456319e-02
0.43876598517590537,0.999922644645851,0.0002823163979799212,1903.2860459853791,3.0663693e-03,486596,470.99011,463.85643,1.6381922e+05,4.6261150e+01,2.7351685e+03,1.3589325e+01,1.6975353e+05,4.7927914e+01,0,nan,nan,nan,nan,470.99011,2.5808896e-04,463.85643,2.9399761e-04,-1.0736195e-02,-4.8293266e-02
0.4388710281230036,0.9998633852094904,0.0002847486110093847,1719.2397510283242,-3.0366741e-03,354087,1328.20394,1818.99050,1.5775836e+05,4.5016064e+01,4.7476758e+03,1.1969124e+01,1.6607498e+05,4.7296085e+01,0,nan,nan,nan,nan,1328.20394,2.6154181e-04,1818.99050,2.3138580e-04,1.0608669e-03,9.0724295e-03
0.4391500132651345,0.9999892303367883,0.0002841602896776904,1713.1051500134663,-2.9181368e-03,349670,1328.20623,1818.99041,1.5852417e+05,4.4934513e+01,4.0252349e+03,1.1620365e+01,1.6613827e+05,4.7210407e+01,0,nan,nan,nan,nan,1328.20623,2.5925931e-04,1818.99041,2.2946323e-04,4.3217321e-03,8.7188371e-03
0.4392822937134042,1.0003831158133354,0.00029192442626052193,1756.049442293915,-3.0507718e-03,380590,1042.61714,1775.57077,1.5922417e+05,4.6448288e+01,5.8514165e+03,1.4416831e+01,1.6664492e+05,4.8629093e+01,0,nan,nan,nan,nan,1042.61714,2.7183068e-04,1775.57077,2.4247174e-04,-7.2238259e-03,3.9563648e-02
0.439468873491478,1.0001953956790093,0.0002942129019043834,1743.779868873693,-3.1852697e-03,371756,1042.61421,1775.51799,1.5917241e+05,4.6814323e+01,7.2475874e+03,1.5028122e+01,1.6662047e+05,4.9012314e+01,0,nan,nan,nan,nan,1042.61421,2.7482424e-04,1775.51799,2.4539180e-04,-1.1484561e-02,-1.6611906e-02
0.4397900664384906,1.0002832556531565,0.0002820509486121937,1921.691710066642,3.1827327e-03,499848,471.02713,463.87868,1.6411123e+05,4.6221035e+01,2.5949060e+03,1.3443539e+01,1.6982720e+05,4.7886356e+01,0,nan,nan,nan,nan,471.02713,2.5869894e-04,463.87868,2.9305802e-04,2.9641204e-02,-2.3488970e-02
0.439795317969811,1.0002722118296745,0.00028408210037080873,1731.5104353181712,-3.1803774e-03,362922,1328.20124,1819.02149,1.5854512e+05,4.4938484e+01,4.0926887e+03,1.1613272e+01,1.6624573e+05,4.7214584e+01,0,nan,nan,nan,nan,1328.20124,2.5951676e-04,1819.02149,2.2896538e-04,-1.9986790e-03,4.2218730e-02
0.44007385059239823,0.9999558855718883,0.0002821648740699541,1909.4222338507957,3.1457364e-03,491014,470.99719,463.87434,1.6393208e+05,4.6235821e+01,2.6035776e+03,1.3537287e+01,1.6975736e+05,4.7901676e+01,0,nan,nan,nan,nan,470.99719,2.5817065e-04,463.87434,2.9314627e-04,-2.6457112e-03,-2.7983423e-02
0.44015489512685235,1.0005738509988436,0.000282300139952864,1903.28743489533,3.0663910e-03,486597,470.98774,463.86489,1.6394911e+05,4.6258484e+01,2.7236855e+03,1.3587675e+01,1.6986409e+05,4.7925156e+01,0,nan,nan,nan,nan,470.98774,2.5797810e-04,463.86489,2.9360005e-04,-1.3707347e-02,-3.8653050e-02
0.44025989382293995,0.999932005633362,0.0002850727984838149,1719.2411398940242,-3.0366967e-03,354088,1328.20834,1818.98550,1.5779283e+05,4.5067402e+01,4.7514277e+03,1.2112111e+01,1.6608672e+05,4.7350025e+01,0,nan,nan,nan,nan,1328.20834,2.6162429e-04,1818.98550,2.3167003e-04,6.4592855e-03,3.8251991e-03
0.4405388701181895,0.9999723274731946,0.00028427990708055186,1713.1065388703194,-2.9181682e-03,349671,1328.21327,1818.99143,1.5851962e+05,4.4953270e+01,4.0320056e+03,1.1665642e+01,1.6613488e+05,4.7230114e+01,0,nan,nan,nan,nan,1328.21327,2.5946088e-04,1818.99143,2.2983141e-04,1.0992955e-02,1.0602482e-02
0.4406712057261757,0.999943263319835,0.00029187089462330286,1756.0508312059278,-3.0507480e-03,380591,1042.61622,1775.56222,1.5917038e+05,4.6439781e+01,5.8572402e+03,1.4401979e+01,1.6657167e+05,4.8620186e+01,0,nan,nan,nan,nan,1042.61622,2.7190300e-04,1775.56222,2.4261848e-04,-8.5273804e-03,3.1530429e-02
0.44085776990368686,1.000214948775264,0.00029422778860645324,1743.7812577701052,-3.1852615e-03,371757,1042.61522,1775.53081,1.5924622e+05,4.6816753e+01,7.2642505e+03,1.5026505e+01,1.6662397e+05,4.9014862e+01,0,nan,nan,nan,nan,1042.61522,2.7444120e-04,1775.53081,2.4528473e-04,-9.9786613e-03,-3.1078754e-03
0.44117895240742655,1.000090431770849,0.00028216377208047403,1921.6930989526109,3.1827304e-03,499849,471.02038,463.88550,1.6413458e+05,4.6239479e+01,2.5900027e+03,1.3485802e+01,1.6979428e+05,4.7905460e+01,0,nan,nan,nan,nan,471.02038,2.5845127e-04,463.88550,2.9314292e-04,2.2310946e-02,-1.5012070e-02
0.44118419880396686,1.0002144145018643,0.00028416655987893215,1731.5118241990053,-3.1803849e-03,362923,1328.20834,1819.03056,1.5853169e+05,4.4951977e+01,4.0915847e+03,1.1649609e+01,1.6623661e+05,4.7228756e+01,0,nan,nan,nan,nan,1328.20834,2.5975300e-04,1819.03056,2.2886018e-04,5.3765816e-03,5.3142674e-02
0.4413332495655595,0.9997676725872645,0.0002844053587026097,1915.558373249769,3.1766372e-03,495432,471.00845,463.90596,1.6386902e+05,4.6618382e+01,3.8481484e+03,1.4307199e+01,1.6978159e+05,4.8298019e+01,0,nan,nan,nan,nan,471.00845,2.6184882e-04,463.90596,2.9680514e-04,1.0814787e-02,6.4422223e-03
0.44146275285993397,0.9999401170116509,0.0002819635177827655,1909.4236227530632,3.1457504e-03,491015,471.00104,463.88216,1.6396625e+05,4.6202839e+01,2.5904888e+03,1.3405031e+01,1.6975472e+05,4.7867504e+01,0,nan,nan,nan,nan,471.00104,2.5819085e-04,463.88216,2.9320552e-04,1.0092275e-03,-1.9738551e-02
0.44154380507779933,1.0003918368382596,0.0002822375068032527,1903.288823805281,3.0664126e-03,486598,470.98609,463.84958,1.6391569e+05,4.6248222e+01,2.7226902e+03,1.3578172e+01,1.6983320e+05,4.7914524e+01,0,nan,nan,nan,nan,470.98609,2.5793523e-04,463.84958,2.9366993e-04,-1.4796221e-02,-5.5968478e-02
0.4416487592895916,0.9996610309542922,0.00028473834326962663,1719.2425287594908,-3.0367195e-03,354089,1328.19707,1818.98250,1.5772083e+05,4.5014618e+01,4.7241812e+03,1.1961365e+01,1.6604205e+05,4.7294571e+01,0,nan,nan,nan,nan,1328.19707,2.6147059e-04,1818.98250,2.3187645e-04,-5.8003557e-03,-5.2270427e-04
0.4419277269698796,1.000342025000544,0.00028417405133903393,1713.107927727171,-2.9181996e-03,349672,1328.19660,1818.97519,1.5845123e+05,4.4936382e+01,4.0241858e+03,1.1631353e+01,1.6619575e+05,4.7212372e+01,0,nan,nan,nan,nan,1328.19660,2.5955008e-04,1818.97519,2.3020321e-04,-6.5864874e-03,-8.1404783e-03
0.4420601177384924,0.9999959224137487,0.00029197595845567906,1756.0522201179401,-3.0507243e-03,380592,1042.61506,1775.56528,1.5923750e+05,4.6456505e+01,5.8579165e+03,1.4406022e+01,1.6658048e+05,4.8637691e+01,0,nan,nan,nan,nan,1042.61506,2.7173932e-04,1775.56528,2.4259958e-04,-1.0142337e-02,3.4269053e-02
0.4422466663168052,1.0002955077581266,0.0002942399935204304,1743.7826466665183,-3.1852534e-03,371758,1042.61230,1775.52252,1.5901173e+05,4.6818768e+01,7.3023853e+03,1.5104084e+01,1.6663761e+05,4.9016968e+01,0,nan,nan,nan,nan,1042.61230,2.7490512e-04,1775.52252,2.4597329e-04,-1.2481667e-02,-1.2741980e-02
0.4425678386096479,0.9999552467587342,0.0002822384044057001,1921.694487838813,3.1827283e-03,499850,471.03039,463.89376,1.6408041e+05,4.6251659e+01,2.6066951e+03,1.3540267e+01,1.6977116e+05,4.7918083e+01,0,nan,nan,nan,nan,471.03039,2.5864577e-04,463.89376,2.9328876e-04,3.2890875e-02,-7.1325880e-03
0.4425730796378957,0.999942009584987,0.0002841132363487279,1731.5132130798393,-3.1803923e-03,362924,1328.20002,1819.01650,1.5846562e+05,4.4943668e+01,4.1000288e+03,1.1649274e+01,1.6619180e+05,4.7220028e+01,0,nan,nan,nan,nan,1328.20002,2.5951775e-04,1819.01650,2.2919037e-04,-3.3985190e-03,3.7572261e-02
0.44272214205420823,1.0005383943314903,0.0002843269243221189,1915.5597621422576,3.1766414e-03,495433,471.00325,463.90294,1.6402878e+05,4.6605484e+01,3.8410688e+03,1.4256246e+01,1.6991233e+05,4.8284657e+01,0,nan,nan,nan,nan,471.00325,2.6097285e-04,463.90294,2.9660683e-04,6.1087632e-03,2.9265780e-03
0.4428516548939566,0.9997670829495888,0.00028186172045228014,1909.4250116550973,3.1457641e-03,491016,470.99687,463.87827,1.6383220e+05,4.6186165e+01,2.5967363e+03,1.3440759e+01,1.6972538e+05,4.7850231e+01,0,nan,nan,nan,nan,470.99687,2.5833151e-04,463.87827,2.9341201e-04,-2.2445964e-03,-2.4256067e-02
0.4429327147954609,1.0007148890950195,0.00028223311973398163,1903.2902127149987,3.0664341e-03,486599,470.98794,463.86318,1.6397558e+05,4.6247509e+01,2.7204329e+03,1.3540280e+01,1.6988806e+05,4.7913784e+01,0,nan,nan,nan,nan,470.98794,2.5796151e-04,463.86318,2.9336865e-04,-1.3669373e-02,-4.1062724e-02
0.4430376249888468,0.9996767677066514,0.0002848475141319239,1719.24391762519,-3.0367421e-03,354090,1328.20773,1818.98553,1.5772800e+05,4.5031971e+01,4.7426538e+03,1.1995042e+01,1.6604500e+05,4.7312798e+01,0,nan,nan,nan,nan,1328.20773,2.6161695e-04,1818.98553,2.3192514e-04,5.2113133e-03,3.4954881e-03
0.4433165838215697,0.9994575061805836,0.00028389955984942095,1713.1093165840227,-2.9182311e-03,349673,1328.20903,1818.98464,1.5813245e+05,4.4892834e+01,4.0603354e+03,1.1627084e+01,1.6604825e+05,4.7166611e+01,0,nan,nan,nan,nan,1328.20903,2.6018382e-04,1818.98464,2.3098142e-04,7.6489206e-03,1.5119627e-03
0.4434490297512639,1.0003943714977734,0.00029193541806019096,1756.053609029953,-3.0507005e-03,380593,1042.61438,1775.57249,1.5925923e+05,4.6450062e+01,5.8772363e+03,1.4385493e+01,1.6664688e+05,4.8630947e+01,0,nan,nan,nan,nan,1042.61438,2.7184631e-04,1775.57249,2.4243922e-04,-1.1450612e-02,4.1489735e-02
0.44363556296229945,0.9999170737772757,0.00029431664473371697,1743.7840355631638,-3.1852450e-03,371759,1042.61659,1775.51032,1.5908027e+05,4.6831032e+01,7.2955830e+03,1.5107400e+01,1.6657481e+05,4.9029808e+01,0,nan,nan,nan,nan,1042.61659,2.7473169e-04,1775.51032,2.4575528e-04,-8.1152739e-03,-2.5204668e-02
0.44395672481232396,0.9994918257039648,0.0002819845521747578,1921.6958767250158,3.1827262e-03,499851,471.02306,463.88684,1.6391445e+05,4.6210011e+01,2.5993054e+03,1.3453918e+01,1.6969230e+05,4.7874935e+01,0,nan,nan,nan,nan,471.02306,2.5877383e-04,463.88684,2.9396196e-04,2.5347875e-02,-1.4460905e-02
0.44396196047182457,1.0001341244834823,0.0002842017162294309,1731.5146019606732,-3.1803998e-03,362925,1328.20176,1819.02042,1.5851461e+05,4.4957790e+01,4.1003955e+03,1.1646807e+01,1.6622420e+05,4.7234867e+01,0,nan,nan,nan,nan,1328.20176,2.5977267e-04,1819.02042,2.2946496e-04,-1.5223291e-03,4.1384108e-02
0.44411103454285694,0.99998715624416,0.00028434824323728,1915.5611510347462,3.1766456e-03,495434,471.01636,463.90583,1.6425552e+05,4.6608936e+01,3.8407305e+03,1.4155741e+01,1.6981858e+05,4.8288231e+01,0,nan,nan,nan,nan,471.01636,2.6120830e-04,463.90583,2.9550635e-04,1.9193131e-02,5.8120103e-03
0.4442405571612653,0.9993849162803189,0.0002820049460539155,1909.4264005573646,3.1457781e-03,491017,471.00259,463.87551,1.6380166e+05,4.6209644e+01,2.6007188e+03,1.3455379e+01,1.6966053e+05,4.7874554e+01,0,nan,nan,nan,nan,471.00259,2.5824548e-04,463.87551,2.9383792e-04,2.7102933e-03,-2.6570050e-02
0.4443216247454984,1.0000381506025768,0.00028220072594068634,1903.2916016249487,3.0664557e-03,486600,470.99039,463.85519,1.6382967e+05,4.6242207e+01,2.7348970e+03,1.3534834e+01,1.6977319e+05,4.7908291e+01,0,nan,nan,nan,nan,470.99039,2.5859795e-04,463.85519,2.9395128e-04,-9.8345215e-03,-5.0398156e-02
0.44442649045595317,0.9999024839303977,0.00028477654497894444,1719.2453064906572,-3.0367649e-03,354091,1328.20564,1818.98711,1.5773995e+05,4.5020840e+01,4.7189883e+03,1.1992363e+01,1.6608283e+05,4.7301105e+01,0,nan,nan,nan,nan,1328.20564,2.6134794e-04,1818.98711,2.3176624e-04,3.2047848e-03,5.0739958e-03
0.4447054406739429,0.9998680273430924,0.0002839957035809433,1713.110705440875,-2.9182625e-03,349674,1328.20687,1818.98996,1.5832462e+05,4.4907890e+01,4.0388779e+03,1.1606942e+01,1.6611594e+05,4.7182438e+01,0,nan,nan,nan,nan,1328.20687,2.5997893e-04,1818.98996,2.3003832e-04,4.9400879e-03,8.2982145e-03
0.4448379417638083,1.0000607845197431,0.0002918407022546074,1756.0549979419654,-3.0506768e-03,380594,1042.61438,1775.56930,1.5914881e+05,4.6434994e+01,5.8869438e+03,1.4379402e+01,1.6659131e+05,4.8615173e+01,0,nan,nan,nan,nan,1042.61438,2.7202358e-04,1775.56930,2.4267701e-04,-1.1141541e-02,3.8140237e-02
0.4450244593754178,1.000029183773618,0.00029438025517576155,1743.785424459577,-3.1852368e-03,371760,1042.61486,1775.52450,1.5924559e+05,4.6841225e+01,7.3060508e+03,1.5079327e+01,1.6659373e+05,4.9040478e+01,0,nan,nan,nan,nan,1042.61486,2.7472424e-04,1775.52450,2.4538301e-04,-1.0890651e-02,-9.3192505e-03
0.4453456110145453,1.000210465038317,0.0002820702709477939,1921.697265611218,3.1827241e-03,499852,471.01948,463.88389,1.6397972e+05,4.6224014e+01,2.5965449e+03,1.3485923e+01,1.6981414e+05,4.7889442e+01,0,nan,nan,nan,nan,471.01948,2.5892086e-04,463.88389,2.9340613e-04,2.1579714e-02,-1.7832892e-02
0.4453508413064359,1.0000358486390353,0.00028433767968927205,1731.5159908415078,-3.1804072e-03,362926,1328.20492,1819.02388,1.5849212e+05,4.4979431e+01,4.1007739e+03,1.1718975e+01,1.6620834e+05,4.7257599e+01,0,nan,nan,nan,nan,1328.20492,2.5997771e-04,1819.02388,2.2953002e-04,1.5533193e-03,4.4704773e-02
0.4454999270310509,0.9993658159981691,0.0002844382360051539,1915.5625399272344,3.1766498e-03,495435,471.02612,463.90443,1.6406602e+05,4.6623646e+01,3.8503994e+03,1.4248549e+01,1.6971291e+05,4.8303474e+01,0,nan,nan,nan,nan,471.02612,2.6179061e-04,463.90443,2.9608959e-04,2.9411955e-02,3.3987949e-03
0.4456294591959704,1.0006678816668388,0.0002821831058457609,1909.4277894593993,3.1457918e-03,491018,470.99895,463.88317,1.6409964e+05,4.6238846e+01,2.6117671e+03,1.3493411e+01,1.6987838e+05,4.7904808e+01,0,nan,nan,nan,nan,470.99895,2.5788526e-04,463.88317,2.9319030e-04,-1.1674899e-03,-1.7804854e-02
0.4457105346964454,1.0001668895623548,0.0002822581334154015,1903.2929905348997,3.0664774e-03,486601,470.98318,463.85615,1.6390230e+05,4.6251614e+01,2.7298489e+03,1.3546162e+01,1.6979506e+05,4.7918037e+01,0,nan,nan,nan,nan,470.98318,2.5793831e-04,463.85615,2.9389616e-04,-1.7917141e-02,-4.8819885e-02
0.44581535615657264,0.9994009018505595,0.0002847260993024095,1719.2466953563578,-3.0367875e-03,354092,1328.20368,1818.98520,1.5766606e+05,4.5012955e+01,4.7343262e+03,1.1993815e+01,1.6599986e+05,4.7292824e+01,0,nan,nan,nan,nan,1328.20368,2.6151864e-04,1818.98520,2.3193231e-04,1.1557478e-03,2.6653388e-03
0.4460942975265425,0.9996414764496091,0.0002841442578106259,1713.1120942977277,-2.9182939e-03,349675,1328.20680,1818.98053,1.5829714e+05,4.4931252e+01,4.0503140e+03,1.1688896e+01,1.6607780e+05,4.7206978e+01,0,nan,nan,nan,nan,1328.20680,2.5959293e-04,1818.98053,2.3020724e-04,3.9931159e-03,-2.0471702e-03
0.4462268537763521,0.9998081501662551,0.00029175379174450244,1756.056386853978,-3.0506530e-03,380595,1042.61789,1775.56680,1.5906642e+05,4.6421173e+01,5.8900596e+03,1.4378060e+01,1.6654925e+05,4.8600700e+01,0,nan,nan,nan,nan,1042.61789,2.7210134e-04,1775.56680,2.4272963e-04,-6.6417009e-03,3.5692185e-02
0.4464133560213668,0.9997288428741178,0.0002943779838080302,1743.7868133562229,-3.1852284e-03,371761,1042.61883,1775.52434,1.5909553e+05,4.6840931e+01,7.3181587e+03,1.5109405e+01,1.6654395e+05,4.9040173e+01,0,nan,nan,nan,nan,1042.61883,2.7527896e-04,1775.52434,2.4554663e-04,-6.3643400e-03,-1.0419458e-02
0.4467344972158571,0.9998552282217799,0.0002821806716383084,1921.6986544974193,3.1827220e-03,499853,471.02495,463.88711,1.6396272e+05,4.6242054e+01,2.6128840e+03,1.3540661e+01,1.6975366e+05,4.7908134e+01,0,nan,nan,nan,nan,471.02495,2.5900337e-04,463.88711,2.9358122e-04,2.7077734e-02,-1.5038057e-02
0.4467397223734224,1.000282334685605,0.0002843526501629183,1731.5173797225748,-3.1804144e-03,362927,1328.19551,1819.01288,1.5848991e+05,4.4981922e+01,4.0925269e+03,1.1717614e+01,1.6624977e+05,4.7260220e+01,0,nan,nan,nan,nan,1328.19551,2.5972127e-04,1819.01288,2.3008825e-04,-8.6609041e-03,3.2928076e-02
0.4468888195196996,0.9993195247375019,0.0002840946238536585,1915.563928819723,3.1766540e-03,495436,471.01118,463.89867,1.6374177e+05,4.6567287e+01,3.8469697e+03,1.4235258e+01,1.6970491e+05,4.8245079e+01,0,nan,nan,nan,nan,471.01118,2.6137618e-04,463.89867,2.9756944e-04,1.3734276e-02,-2.4331524e-03
0.4470183612306755,1.0002216399414292,0.00028212483418178476,1909.429178361434,3.1458056e-03,491019,471.00141,463.87783,1.6399016e+05,4.6229305e+01,2.5934241e+03,1.3522204e+01,1.6980264e+05,4.7894924e+01,0,nan,nan,nan,nan,471.00141,2.5810016e-04,463.87783,2.9311594e-04,1.3550215e-03,-2.4027018e-02
0.44709944464830187,1.0005796343275581,0.0002824228954379288,1903.2943794448515,3.0664990e-03,486602,470.98841,463.86165,1.6399595e+05,4.6278618e+01,2.7195259e+03,1.3627546e+01,1.6986516e+05,4.7946014e+01,0,nan,nan,nan,nan,470.98841,2.5791675e-04,463.86165,2.9351807e-04,-1.2374695e-02,-4.2674765e-02
0.44720422162458784,0.9996257228703275,0.00028469239257488446,1719.2480842218258,-3.0368103e-03,354093,1328.20862,1818.99360,1.5770344e+05,4.5007721e+01,4.7190747e+03,1.1971194e+01,1.6603753e+05,4.7287323e+01,0,nan,nan,nan,nan,1328.20862,2.6157821e-04,1818.99360,2.3167612e-04,6.6710189e-03,1.2618981e-02
0.44748315461106325,0.999919894384125,0.0002840817975721829,1713.1134831548122,-2.9183251e-03,349676,1328.20445,1818.98197,1.5841697e+05,4.4921242e+01,4.0453779e+03,1.1612953e+01,1.6612358e+05,4.7196468e+01,0,nan,nan,nan,nan,1328.20445,2.5966277e-04,1818.98197,2.2969571e-04,2.0991601e-03,-3.6412597e-04
0.4476157655553834,0.9997731188817798,0.0002917854369323821,1756.057775765757,-3.0506295e-03,380596,1042.61223,1775.56375,1.5907238e+05,4.6426208e+01,5.8926821e+03,1.4376427e+01,1.6654342e+05,4.8605972e+01,0,nan,nan,nan,nan,1042.61223,2.7217242e-04,1775.56375,2.4280837e-04,-1.2612328e-02,3.2246642e-02
0.4478022524340304,1.0006073267212752,0.00029432501975089006,1743.7882022526355,-3.1852203e-03,371762,1042.61575,1775.53418,1.5922842e+05,4.6832573e+01,7.3055181e+03,1.5055251e+01,1.6669055e+05,4.9031422e+01,0,nan,nan,nan,nan,1042.61575,2.7477639e-04,1775.53418,2.4543219e-04,-9.7425655e-03,-2.9488531e-04
0.4481233834176237,1.0000046099962574,0.00028211106680466107,1921.700043383621,3.1827199e-03,499854,471.02343,463.88318,1.6409327e+05,4.6230606e+01,2.5835771e+03,1.3452740e+01,1.6977884e+05,4.7896271e+01,0,nan,nan,nan,nan,471.02343,2.5864190e-04,463.88318,2.9335229e-04,2.5193432e-02,-1.9252824e-02
0.4481286032066688,1.000065887745102,0.0002841313055897794,1731.518768603408,-3.1804219e-03,362928,1328.20714,1819.01544,1.5848417e+05,4.4947033e+01,4.0981479e+03,1.1662913e+01,1.6621427e+05,4.7223564e+01,0,nan,nan,nan,nan,1328.20714,2.5981417e-04,1819.01544,2.2927921e-04,4.5251087e-03,3.6008179e-02
0.44827771177528997,1.0003525452138036,0.0002842379791781397,1915.5653177119787,3.1766579e-03,495437,471.01935,463.89907,1.6390606e+05,4.6590740e+01,3.8697600e+03,1.4224261e+01,1.6988019e+05,4.8269382e+01,0,nan,nan,nan,nan,471.01935,2.6219283e-04,463.89907,2.9675438e-04,2.2519769e-02,-1.7776320e-03
0.44840726349821125,1.000035339379056,0.0002821830929524143,1909.4305672637015,3.1458195e-03,491020,471.00132,463.88154,1.6396939e+05,4.6238861e+01,2.6063872e+03,1.3509073e+01,1.6977105e+05,4.7904823e+01,0,nan,nan,nan,nan,471.00132,2.5837743e-04,463.88154,2.9328518e-04,1.2858741e-03,-2.0235242e-02
0.4484883543661905,1.0000489865382542,0.0002821588941006667,1903.2957683545694,3.0665204e-03,486603,470.98477,463.86471,1.6385564e+05,4.6235363e+01,2.7474250e+03,1.3536012e+01,1.6977508e+05,4.7901203e+01,0,nan,nan,nan,nan,470.98477,2.5814070e-04,463.86471,2.9377386e-04,-1.6118579e-02,-3.9735448e-02
0.44859308732384306,0.9995554875990924,0.0002848721271811915,1719.249473087525,-3.0368329e-03,354094,1328.20312,1818.98426,1.5764177e+05,4.5036228e+01,4.7236143e+03,1.2045518e+01,1.6602620e+05,4.7317272e+01,0,nan,nan,nan,nan,1328.20312,2.6176669e-04,1818.98426,2.3208366e-04,1.2002620e-03,1.8112091e-03
0.448872011462754,0.9999648221803574,0.0002841506477525227,1713.114872011664,-2.9183566e-03,349677,1328.20434,1818.98842,1.5846394e+05,4.4932007e+01,4.0436655e+03,1.1627287e+01,1.6613059e+05,4.7207775e+01,0,nan,nan,nan,nan,1328.20434,2.5946033e-04,1818.98842,2.2942742e-04,2.1458077e-03,7.0402725e-03
0.4490046775672454,0.9999246421879285,0.00029194911066715746,1756.0591646777689,-3.0506058e-03,380597,1042.61728,1775.56447,1.5913675e+05,4.6452248e+01,5.9078784e+03,1.4411220e+01,1.6656867e+05,4.8633240e+01,0,nan,nan,nan,nan,1042.61728,2.7225900e-04,1775.56447,2.4284789e-04,-8.0820248e-03,3.2678489e-02
0.44919114907997937,1.0002234644825507,0.00029460742757949325,1743.7895911492815,-3.1852119e-03,371763,1042.61540,1775.51606,1.5930700e+05,4.6877583e+01,7.3354219e+03,1.5123522e+01,1.6662686e+05,4.9078545e+01,0,nan,nan,nan,nan,1042.61540,2.7481397e-04,1775.51606,2.4557294e-04,-1.0143262e-02,-1.9266816e-02
0.4495122693870144,0.9994014278258578,0.0002819151893494065,1921.7014322695904,3.1827176e-03,499855,471.02449,463.88194,1.6388133e+05,4.6198456e+01,2.6058628e+03,1.3441290e+01,1.6967627e+05,4.7862965e+01,0,nan,nan,nan,nan,471.02449,2.5865997e-04,463.88194,2.9444243e-04,2.6062841e-02,-2.0693174e-02
0.4495174840405983,0.9999394353876999,0.00028433699261305034,1731.520157484242,-3.1804293e-03,362929,1328.20313,1819.02508,1.5845430e+05,4.4979694e+01,4.1043706e+03,1.1748693e+01,1.6619370e+05,4.7257877e+01,0,nan,nan,nan,nan,1328.20313,2.6003024e-04,1819.02508,2.2951281e-04,1.2286124e-04,4.7071636e-02
0.4496666042632569,0.999544914663856,0.0002843715525566394,1915.5667066044666,3.1766621e-03,495438,471.01909,463.89382,1.6417608e+05,4.6612598e+01,3.8369988e+03,1.4194375e+01,1.6974289e+05,4.8292027e+01,0,nan,nan,nan,nan,471.01909,2.6099774e-04,463.89382,2.9598523e-04,2.1063356e-02,-7.3243873e-03
0.4497961655324616,0.999886665514277,0.00028196501043680855,1909.4319561657358,3.1458333e-03,491021,471.00244,463.87733,1.6393158e+05,4.6203129e+01,2.6117742e+03,1.3440141e+01,1.6974583e+05,4.7867809e+01,0,nan,nan,nan,nan,471.00244,2.5805761e-04,463.87733,2.9315127e-04,2.1809239e-03,-2.4356594e-02
0.4498772643164557,1.0000864204801108,0.0002822370772845176,1903.2971572645197,3.0665421e-03,486604,470.99062,463.84775,1.6392288e+05,4.6248184e+01,2.7391204e+03,1.3540091e+01,1.6978145e+05,4.7914482e+01,0,nan,nan,nan,nan,470.99062,2.5811180e-04,463.84775,2.9373181e-04,-9.8951077e-03,-5.8417935e-02
0.44998195279026765,1.0005039033743197,0.0002848839495992549,1719.2508619529915,-3.0368557e-03,354095,1328.20323,1818.98424,1.5787356e+05,4.5038193e+01,4.7060552e+03,1.1983658e+01,1.6618408e+05,4.7319332e+01,0,nan,nan,nan,nan,1328.20323,2.6160682e-04,1818.98424,2.3164455e-04,-1.8594335e-05,1.8493847e-03
0.4502608683153543,0.9995133314366303,0.00028404349282999225,1713.1162608685165,-2.9183880e-03,349678,1328.20468,1818.97605,1.5819477e+05,4.4914951e+01,4.0389062e+03,1.1623475e+01,1.6605516e+05,4.7189850e+01,0,nan,nan,nan,nan,1328.20468,2.6023152e-04,1818.97605,2.3141621e-04,2.5198315e-03,-7.8744879e-03
0.45039358958001685,0.9997143913921512,0.0002920975436229655,1756.0605535897816,-3.0505820e-03,380598,1042.61603,1775.56498,1.5909247e+05,4.6475868e+01,5.9248955e+03,1.4491428e+01,1.6653364e+05,4.8657967e+01,0,nan,nan,nan,nan,1042.61603,2.7242082e-04,1775.56498,2.4288415e-04,-9.1681937e-03,3.3431724e-02
0.4505800454928707,1.0002544616466131,0.00029430357587345595,1743.7909800456944,-3.1852038e-03,371764,1042.61755,1775.51833,1.5915433e+05,4.6829308e+01,7.3450249e+03,1.5080598e+01,1.6663228e+05,4.9028000e+01,0,nan,nan,nan,nan,1042.61755,2.7473946e-04,1775.51833,2.4572460e-04,-8.1026834e-03,-1.6502088e-02
0.4509011555892357,0.999892082880265,0.00028193220610014903,1921.7028211557927,3.1827155e-03,499856,471.03348,463.90564,1.6394725e+05,4.6201202e+01,2.5864739e+03,1.3439081e+01,1.6975941e+05,4.7865810e+01,0,nan,nan,nan,nan,471.03348,2.5914717e-04,463.90564,2.9350957e-04,3.7042625e-02,5.5286759e-03
0.4509063648745265,1.0004293256675683,0.00028428323802461995,1731.521546365076,-3.1804368e-03,362930,1328.19749,1819.02228,1.5848894e+05,4.4971313e+01,4.1015166e+03,1.1706453e+01,1.6627558e+05,4.7249073e+01,0,nan,nan,nan,nan,1328.19749,2.5997561e-04,1819.02228,2.2928399e-04,-5.5509633e-03,4.2913169e-02
0.4510554967519056,1.0007260678755976,0.0002845423707170501,1915.5680954969553,3.1766663e-03,495439,471.00641,463.89916,1.6425527e+05,4.6640560e+01,3.8552705e+03,1.4259098e+01,1.6994334e+05,4.8320995e+01,0,nan,nan,nan,nan,471.00641,2.6108650e-04,463.89916,2.9598837e-04,8.5917227e-03,-1.9293443e-03
0.45118506779908785,1.0001253363971612,0.0002819105297920642,1909.4333450680024,3.1458472e-03,491022,470.99906,463.88010,1.6386709e+05,4.6194218e+01,2.5869275e+03,1.3444511e+01,1.6978638e+05,4.7858570e+01,0,nan,nan,nan,nan,470.99906,2.5824361e-04,463.88010,2.9344345e-04,-6.0303858e-04,-2.1948481e-02
0.4512661742664932,0.9999618046893087,0.00028221721526883485,1903.2985461744697,3.0665637e-03,486605,470.98735,463.86970,1.6387681e+05,4.6244930e+01,2.7232041e+03,1.3553965e+01,1.6976033e+05,4.7911114e+01,0,nan,nan,nan,nan,470.98735,2.5819091e-04,463.86970,2.9362488e-04,-1.3797678e-02,-3.3969723e-02
0.451370818490204,0.999687416472548,0.000284779008538888,1719.2522508186914,-3.0368783e-03,354096,1328.20456,1818.98714,1.5760419e+05,4.5021690e+01,4.7089517e+03,1.2000797e+01,1.6604880e+05,4.7301998e+01,0,nan,nan,nan,nan,1328.20456,2.6161675e-04,1818.98714,2.3236121e-04,1.9593327e-03,4.3517128e-03
0.4516497251684086,0.9996073945740028,0.00028411261365422834,1713.1176497253696,-2.9184194e-03,349679,1328.20713,1818.99104,1.5840220e+05,4.4925770e+01,4.0474905e+03,1.1622220e+01,1.6607038e+05,4.7201218e+01,0,nan,nan,nan,nan,1328.20713,2.5964744e-04,1818.99104,2.2960607e-04,4.3694642e-03,9.6932594e-03
0.4517825015925606,1.000155413661275,0.0002918892896749887,1756.0619425017942,-3.0505583e-03,380599,1042.61509,1775.56799,1.5911784e+05,4.6442730e+01,5.9312383e+03,1.4394190e+01,1.6660711e+05,4.8623272e+01,0,nan,nan,nan,nan,1042.61509,2.7210417e-04,1775.56799,2.4282081e-04,-9.6313283e-03,3.6400802e-02
0.4519689421381372,1.0002206061482266,0.00029447086378418667,1743.7923689423396,-3.1851954e-03,371765,1042.61852,1775.52878,1.5917472e+05,4.6855995e+01,7.3844038e+03,1.5106633e+01,1.6662689e+05,4.9055943e+01,0,nan,nan,nan,nan,1042.61852,2.7515582e-04,1775.52878,2.4592376e-04,-6.2564542e-03,-6.0669091e-03
0.45229004179054755,1.0001219836175084,0.00028217344074904434,1921.704210041994,3.1827134e-03,499857,471.02411,463.88519,1.6412267e+05,4.6240692e+01,2.5822283e+03,1.3491637e+01,1.6979827e+05,4.7906719e+01,0,nan,nan,nan,nan,471.02411,2.5855444e-04,463.88519,2.9329991e-04,2.6083656e-02,-1.6592529e-02
0.4522952459415137,0.9999853622108543,0.00028405770088265253,1731.5229352461429,-3.1804440e-03,362931,1328.20654,1819.01912,1.5844275e+05,4.4935757e+01,4.1094248e+03,1.1641592e+01,1.6620223e+05,4.7211716e+01,0,nan,nan,nan,nan,1328.20654,2.5968731e-04,1819.01912,2.2932555e-04,3.7606035e-03,3.9744057e-02
0.4524443892405543,1.0002442293408162,0.00028430466696718616,1915.569484389444,3.1766705e-03,495440,471.02899,463.89982,1.6390003e+05,4.6601559e+01,3.8501753e+03,1.4224868e+01,1.6986138e+05,4.8280590e+01,0,nan,nan,nan,nan,471.02899,2.6284318e-04,463.89982,2.9653034e-04,3.3518441e-02,-1.4648420e-03
0.45257396983379294,0.9998867160102292,0.0002821395269488511,1909.434733970037,3.1458610e-03,491023,471.00235,463.87639,1.6400017e+05,4.6231747e+01,2.5995107e+03,1.3508314e+01,1.6974589e+05,4.7897453e+01,0,nan,nan,nan,nan,471.00235,2.5812260e-04,463.87639,2.9307773e-04,2.2436965e-03,-2.5389459e-02
0.4526550839846095,1.0000381480738878,0.00028228770760000457,1903.2999350841878,3.0665852e-03,486606,470.98550,463.85845,1.6388069e+05,4.6256489e+01,2.7307991e+03,1.3589457e+01,1.6977331e+05,4.7923088e+01,0,nan,nan,nan,nan,470.98550,2.5803957e-04,463.85845,2.9369496e-04,-1.5831288e-02,-4.6184193e-02
0.45275968395731103,1.0010783783544244,0.00028487795951776304,1719.2536396841585,-3.0369011e-03,354097,1328.20721,1818.98268,1.5787938e+05,4.5037422e+01,4.7195562e+03,1.1969894e+01,1.6628017e+05,4.7318527e+01,0,nan,nan,nan,nan,1328.20721,2.6168948e-04,1818.98268,2.3190632e-04,6.0255961e-03,4.4428982e-04
0.4530385822536118,0.9995670208086729,0.0002840332305808599,1713.1190385824548,-2.9184506e-03,349680,1328.20313,1818.98756,1.5834252e+05,4.4913116e+01,4.0513313e+03,1.1583529e+01,1.6606328e+05,4.7187923e+01,0,nan,nan,nan,nan,1328.20313,2.5984849e-04,1818.98756,2.2982988e-04,3.9581902e-04,4.9075307e-03
0.45317141360510504,0.9999846634741456,0.0002919587917040193,1756.0633314138067,-3.0505345e-03,380600,1042.61552,1775.57033,1.5906344e+05,4.6453785e+01,5.9405835e+03,1.4404504e+01,1.6657866e+05,4.8634846e+01,0,nan,nan,nan,nan,1042.61552,2.7239509e-04,1775.57033,2.4322775e-04,-1.0065909e-02,3.9089933e-02
0.45335783855034606,1.0000887654259076,0.0002945760815762803,1743.7937578387518,-3.1851872e-03,371766,1042.61205,1775.52620,1.5913966e+05,4.6872810e+01,7.3541733e+03,1.5168747e+01,1.6660519e+05,4.9073551e+01,0,nan,nan,nan,nan,1042.61205,2.7500856e-04,1775.52620,2.4592437e-04,-1.2999357e-02,-8.2422458e-03
0.45367892799231413,1.0000374772109197,0.0002819935086420098,1921.7055989281957,3.1827113e-03,499858,471.02694,463.89191,1.6398469e+05,4.6211155e+01,2.5942820e+03,1.3448052e+01,1.6978375e+05,4.7876122e+01,0,nan,nan,nan,nan,471.02694,2.5932823e-04,463.89191,2.9339470e-04,3.0395577e-02,-9.3998127e-03
0.45368412677544256,1.0005232193344988,0.00028425579091719233,1731.5243241269768,-3.1804515e-03,362932,1328.19702,1819.01660,1.5855878e+05,4.4967216e+01,4.1093818e+03,1.1659142e+01,1.6629208e+05,4.7244766e+01,0,nan,nan,nan,nan,1328.19702,2.5946990e-04,1819.01660,2.2949342e-04,-7.0589534e-03,3.7402015e-02
0.4538332817282935,0.9999721600877733,0.00028465150699816266,1915.5708732819317,3.1766747e-03,495441,471.01086,463.89460,1.6423266e+05,4.6658375e+01,3.8558369e+03,1.4288439e+01,1.6981505e+05,4.8339455e+01,0,nan,nan,nan,nan,471.01086,2.6092757e-04,463.89460,2.9598543e-04,1.2544133e-02,-6.8736440e-03
0.45396287186849804,1.0001301735276003,0.0002820668281697571,1909.4361228720718,3.1458747e-03,491024,470.99764,463.87518,1.6397930e+05,4.6219837e+01,2.5973425e+03,1.3461448e+01,1.6978725e+05,4.7885117e+01,0,nan,nan,nan,nan,470.99764,2.5812155e-04,463.87518,2.9325916e-04,-2.1722636e-03,-2.6568718e-02
0.454043993936466,0.9997867658239228,0.0002822451922794025,1903.3013239941397,3.0666068e-03,486607,470.98929,463.85893,1.6387281e+05,4.6249535e+01,2.7270862e+03,1.3559772e+01,1.6973066e+05,4.7915882e+01,0,nan,nan,nan,nan,470.98929,2.5810441e-04,463.85893,2.9364612e-04,-1.1611239e-02,-4.5842137e-02
0.4541485496567933,1.0001118333692733,0.0002849421228292746,1719.255028549858,-3.0369237e-03,354098,1328.19881,1818.98023,1.5779525e+05,4.5047653e+01,4.7138730e+03,1.2071335e+01,1.6611997e+05,4.7329281e+01,0,nan,nan,nan,nan,1328.19881,2.6115918e-04,1818.98023,2.3197026e-04,-4.2328802e-03,-2.9413188e-03
0.4544274391053019,1.0000447199244415,0.0002840763074762948,1713.1204274393065,-2.9184821e-03,349681,1328.21238,1818.99294,1.5837094e+05,4.4919827e+01,4.0542141e+03,1.1623523e+01,1.6614228e+05,4.7194977e+01,0,nan,nan,nan,nan,1328.21238,2.5984240e-04,1818.99294,2.3011112e-04,9.9966722e-03,1.1144686e-02
0.4545603256178765,0.9993615563153124,0.00029187302940081653,1756.0647203258195,-3.0505108e-03,380601,1042.61187,1775.56282,1.5901680e+05,4.6440136e+01,5.9452651e+03,1.4414151e+01,1.6647484e+05,4.8620560e+01,0,nan,nan,nan,nan,1042.61187,2.7239183e-04,1775.56282,2.4302481e-04,-1.3158838e-02,3.1194722e-02
0.4547467351958403,1.0001234051618766,0.00029457508900230535,1743.7951467353973,-3.1851789e-03,371767,1042.61805,1775.52183,1.5914534e+05,4.6872730e+01,7.4043276e+03,1.5184050e+01,1.6661123e+05,4.9073463e+01,0,nan,nan,nan,nan,1042.61805,2.7488358e-04,1775.52183,2.4594745e-04,-7.5827269e-03,-1.3198484e-02
0.4550678139617048,0.9999244691148826,0.00028206466133628023,1921.7069878141651,3.1827090e-03,499859,471.01979,463.87798,1.6397283e+05,4.6222778e+01,2.5956599e+03,1.3473773e+01,1.6976441e+05,4.7888157e+01,0,nan,nan,nan,nan,471.01979,2.5878684e-04,463.87798,2.9352563e-04,2.1607012e-02,-2.4651870e-02
0.45507300760868896,1.0004544550453385,0.00028408051846095985,1731.52571300781,-3.1804589e-03,362933,1328.20152,1819.02441,1.5848758e+05,4.4939606e+01,4.1061450e+03,1.1634857e+01,1.6628108e+05,4.7215759e+01,0,nan,nan,nan,nan,1328.20152,2.5951865e-04,1819.02441,2.2955395e-04,-1.4118591e-03,4.4668354e-02
0.4552221742164875,1.0003970190098184,0.0002843906870864948,1915.5722621744198,3.1766789e-03,495442,471.02187,463.90062,1.6402547e+05,4.6615589e+01,3.8445950e+03,1.4251423e+01,1.6988708e+05,4.8295124e+01,0,nan,nan,nan,nan,471.02187,2.6227205e-04,463.90062,2.9604859e-04,2.5210118e-02,-1.2527972e-04
0.4553517741360338,1.000345321709293,0.00028201677974244255,1909.4375117743393,3.1458887e-03,491025,471.00024,463.87566,1.6396770e+05,4.6211643e+01,2.5884976e+03,1.3470664e+01,1.6982380e+05,4.7876625e+01,0,nan,nan,nan,nan,471.00024,2.5827828e-04,463.87566,2.9309141e-04,6.6620676e-04,-2.6955876e-02
0.455432903887413,0.9997390852108827,0.00028206510059776993,1903.3027129040906,3.0666285e-03,486608,470.98835,463.85577,1.6375414e+05,4.6220032e+01,2.7214087e+03,1.3536991e+01,1.6972259e+05,4.7885315e+01,0,nan,nan,nan,nan,470.98835,2.5827577e-04,463.85577,2.9374968e-04,-1.2450328e-02,-4.8977267e-02
0.45553741535604786,0.999878719740458,0.0002846212979128016,1719.2564174155573,-3.0369463e-03,354099,1328.20312,1818.99336,1.5759802e+05,4.4997028e+01,4.7038311e+03,1.1971048e+01,1.6608158e+05,4.7276089e+01,0,nan,nan,nan,nan,1328.20312,2.6164801e-04,1818.99336,2.3207632e-04,7.3552819e-04,1.1251175e-02
0.45581629595767514,0.9995831057041693,0.00028409576675230135,1713.1218162961588,-2.9185135e-03,349682,1328.20290,1818.97664,1.5835941e+05,4.4922813e+01,4.0580488e+03,1.1613594e+01,1.6606527e+05,4.7198116e+01,0,nan,nan,nan,nan,1328.20290,2.5962092e-04,1818.97664,2.3040044e-04,2.9603727e-04,-6.9462499e-03
0.45594923763019324,0.9998654064898408,0.00029223618291404716,1756.0661092378318,-3.0504870e-03,380602,1042.61680,1775.56429,1.5911105e+05,4.6497906e+01,5.9606582e+03,1.4484929e+01,1.6655875e+05,4.8681046e+01,0,nan,nan,nan,nan,1042.61680,2.7256054e-04,1775.56429,2.4334309e-04,-8.1218695e-03,3.2588031e-02
0.45613563160895865,0.9995903630462634,0.00029447021429745296,1743.7965356318105,-3.1851707e-03,371768,1042.61745,1775.51908,1.5907338e+05,4.6856121e+01,7.3967861e+03,1.5096772e+01,1.6652270e+05,4.9056072e+01,0,nan,nan,nan,nan,1042.61745,2.7528021e-04,1775.51908,2.4631832e-04,-7.8930585e-03,-1.5921770e-02
0.4564567001636991,0.9998789967414764,0.0002820670297852681,1921.7083767003671,3.1827069e-03,499860,471.02871,463.89424,1.6401384e+05,4.6223114e+01,2.5892239e+03,1.3466091e+01,1.6975652e+05,4.7888512e+01,0,nan,nan,nan,nan,471.02871,2.5871050e-04,463.89424,2.9355154e-04,3.1187337e-02,-6.1505558e-03
0.45646188844216307,0.9995717353131547,0.00028394991560846565,1731.5271018886435,-3.1804664e-03,362934,1328.19856,1819.02000,1.5826838e+05,4.4919064e+01,4.1128145e+03,1.1626256e+01,1.6613480e+05,4.7194176e+01,0,nan,nan,nan,nan,1328.19856,2.5970078e-04,1819.02000,2.2994333e-04,-4.6525691e-03,4.0579423e-02
0.4566110667051362,0.9999754404579487,0.00028436453131489557,1915.5736510669085,3.1766831e-03,495443,471.00227,463.89543,1.6392991e+05,4.6611271e+01,3.8615750e+03,1.4283771e+01,1.6981534e+05,4.8290649e+01,0,nan,nan,nan,nan,471.00227,2.6177149e-04,463.89543,2.9662391e-04,5.4087401e-03,-6.1441087e-03
0.4567406761707389,0.9997939146624003,0.0002821035520215439,1909.438900676374,3.1459024e-03,491026,471.00451,463.89121,1.6395042e+05,4.6225868e+01,2.6160349e+03,1.3498272e+01,1.6973020e+05,4.7891365e+01,0,nan,nan,nan,nan,471.00451,2.5806436e-04,463.89121,2.9329734e-04,4.4428171e-03,-1.0109688e-02
0.4568218136046198,0.9996482317093899,0.00028224503761270714,1903.3041018138078,3.0666499e-03,486609,470.98592,463.85779,1.6383144e+05,4.6249523e+01,2.7220042e+03,1.3593010e+01,1.6970720e+05,4.7915871e+01,0,nan,nan,nan,nan,470.98592,2.5804914e-04,463.85779,2.9357255e-04,-1.5047517e-02,-4.7984719e-02
0.4569262808238367,0.9991163742320053,0.00028489756103627825,1719.257806281025,-3.0369691e-03,354100,1328.20846,1818.98220,1.5775508e+05,4.5040794e+01,4.7135864e+03,1.2017408e+01,1.6595530e+05,4.7322071e+01,0,nan,nan,nan,nan,1328.20846,2.6135304e-04,1818.98220,2.3204356e-04,6.4541828e-03,5.1678543e-04
0.45720515281027474,0.9996223909164057,0.0002841628561123736,1713.1232051530114,-2.9185449e-03,349683,1328.20658,1818.98867,1.5836894e+05,4.4933338e+01,4.0815645e+03,1.1659418e+01,1.6607148e+05,4.7209171e+01,0,nan,nan,nan,nan,1328.20658,2.5972843e-04,1818.98867,2.2996776e-04,4.0495438e-03,6.7054708e-03
0.4573381496429647,1.000041333629867,0.00029215127930356697,1756.0674981498446,-3.0504633e-03,380603,1042.61178,1775.57362,1.5918330e+05,4.6484394e+01,5.9672686e+03,1.4440722e+01,1.6658805e+05,4.8666897e+01,0,nan,nan,nan,nan,1042.61178,2.7250365e-04,1775.57362,2.4295403e-04,-1.2958106e-02,4.2887520e-02
0.45752452825467993,0.9996271132121134,0.0002944507929467192,1743.7979245284562,-3.1851623e-03,371769,1042.61654,1775.52379,1.5914656e+05,4.6853100e+01,7.3916533e+03,1.5122798e+01,1.6652909e+05,4.9052914e+01,0,nan,nan,nan,nan,1042.61654,2.7497663e-04,1775.52379,2.4568138e-04,-9.4139818e-03,-1.1098805e-02
0.4578455863656927,1.0002196951028017,0.00028213413315986564,1921.7097655865691,3.1827048e-03,499861,471.02080,463.88309,1.6409547e+05,4.6234062e+01,2.5932439e+03,1.3473167e+01,1.6981420e+05,4.7899857e+01,0,nan,nan,nan,nan,471.02080,2.5857479e-04,463.88309,2.9329999e-04,2.2499571e-02,-1.8875932e-02
0.457850769509605,1.00000985745732,0.0002841536840495564,1731.528490769711,-3.1804736e-03,362935,1328.20306,1819.01517,1.5848644e+05,4.4951412e+01,4.1119902e+03,1.1676122e+01,1.6620803e+05,4.7228161e+01,0,nan,nan,nan,nan,1328.20306,2.5954170e-04,1819.01517,2.2934037e-04,-3.2503883e-04,3.5514750e-02
0.4581295782045345,0.9997483142926793,0.00028211574669394544,1909.4402895784078,3.1459162e-03,491027,470.99887,463.86838,1.6384797e+05,4.6227875e+01,2.5957844e+03,1.3525290e+01,1.6972248e+05,4.7893440e+01,0,nan,nan,nan,nan,470.99887,2.5848081e-04,463.86838,2.9357645e-04,-1.3116240e-03,-3.4904234e-02
0.45821072355511205,1.0000920739953891,0.00028222804315195205,1903.3054907237583,3.0666715e-03,486610,470.98616,463.85811,1.6384573e+05,4.6246750e+01,2.7087209e+03,1.3582600e+01,1.6978258e+05,4.7912994e+01,0,nan,nan,nan,nan,470.98616,2.5797536e-04,463.85811,2.9372258e-04,-1.3941565e-02,-4.6134133e-02
0.4583151465246825,1.0000941113998167,0.00028469434393147607,1719.259195146726,-3.0369917e-03,354101,1328.20543,1818.98580,1.5770672e+05,4.5008762e+01,4.7142695e+03,1.1957134e+01,1.6611803e+05,4.7288414e+01,0,nan,nan,nan,nan,1328.20543,2.6155534e-04,1818.98580,2.3218391e-04,2.6639812e-03,3.1148787e-03
0.4585940098947955,0.9997062831707846,0.00028409633806619983,1713.124594010096,-2.9185761e-03,349684,1328.20264,1818.98203,1.5836008e+05,4.4922745e+01,4.0737305e+03,1.1622864e+01,1.6608514e+05,4.7198040e+01,0,nan,nan,nan,nan,1328.20264,2.5989089e-04,1818.98203,2.3001015e-04,6.1372899e-05,-1.0535491e-03
0.4587270616555085,0.9995203881717051,0.0002921253375520319,1756.0688870618571,-3.0504395e-03,380604,1042.61274,1775.56725,1.5907753e+05,4.6480267e+01,5.9680791e+03,1.4440947e+01,1.6650123e+05,4.8662571e+01,0,nan,nan,nan,nan,1042.61274,2.7249230e-04,1775.56725,2.4339151e-04,-1.2308644e-02,3.5927851e-02
0.4589134249004019,0.9995460937860781,0.00029451088868201036,1743.799313425102,-3.1851539e-03,371770,1042.61955,1775.52207,1.5917667e+05,4.6862743e+01,7.4125205e+03,1.5111055e+01,1.6651588e+05,4.9063007e+01,0,nan,nan,nan,nan,1042.61955,2.7503149e-04,1775.52207,2.4578112e-04,-5.8878618e-03,-1.2545355e-02
0.45923447256791405,0.9998093750556047,0.00028207295495237495,1921.7111544727713,3.1827027e-03,499862,471.02002,463.88280,1.6402022e+05,4.6223999e+01,2.6015415e+03,1.3465938e+01,1.6974438e+05,4.7889427e+01,0,nan,nan,nan,nan,471.02002,2.5892968e-04,463.88280,2.9329467e-04,2.2343498e-02,-1.9349182e-02
0.4592396503442163,1.0004004813073029,0.000284213400862025,1731.5298796505456,-3.1804810e-03,362936,1328.20313,1819.02161,1.5854528e+05,4.4960972e+01,4.1274561e+03,1.1672359e+01,1.6627338e+05,4.7238205e+01,0,nan,nan,nan,nan,1328.20313,2.5948696e-04,1819.02161,2.2902823e-04,2.8896584e-05,4.3115165e-02
0.4593888514491482,1.000189029426718,0.00028413625919087183,1915.5764288516525,3.1766912e-03,495445,471.02305,463.89033,1.6370244e+05,4.6573784e+01,3.8647717e+03,1.4248476e+01,1.6985138e+05,4.8251816e+01,0,nan,nan,nan,nan,471.02305,2.6280119e-04,463.89033,2.9686737e-04,2.7047556e-02,-1.1955637e-02
0.4595184804716155,1.0003135075741256,0.00028202969728567174,1909.441678480675,3.1459301e-03,491028,471.00131,463.87862,1.6394859e+05,4.6213779e+01,2.5915278e+03,1.3483788e+01,1.6981845e+05,4.7878838e+01,0,nan,nan,nan,nan,471.00131,2.5817627e-04,463.87862,2.9334921e-04,9.9387811e-04,-2.3246158e-02
0.45959963350605904,0.9998225875906736,0.0002823356653938634,1903.3068796337093,3.0666932e-03,486611,470.98955,463.85513,1.6382384e+05,4.6264393e+01,2.7306453e+03,1.3617124e+01,1.6973686e+05,4.7931274e+01,0,nan,nan,nan,nan,470.98955,2.5830619e-04,463.85513,2.9398772e-04,-1.1557438e-02,-5.0021201e-02
0.45970401199178956,0.9998853233191202,0.0002846492555610658,1719.260584012193,-3.0370145e-03,354102,1328.20195,1818.98159,1.5767302e+05,4.5001724e+01,4.6931411e+03,1.1969797e+01,1.6608369e+05,4.7281021e+01,0,nan,nan,nan,nan,1328.20195,2.6132245e-04,1818.98159,2.3181198e-04,-6.6878623e-04,-1.2535977e-03
0.45998286674648625,1.000021229954879,0.00028398812458652176,1713.1259828669477,-2.9186076e-03,349685,1328.20341,1818.99032,1.5811316e+05,4.4905563e+01,4.0682000e+03,1.1684100e+01,1.6613720e+05,4.7179993e+01,0,nan,nan,nan,nan,1328.20341,2.6001039e-04,1818.99032,2.3068897e-04,1.3006466e-03,7.1311453e-03
0.4601159736680529,0.9996269394733159,0.00029211049007813876,1756.0702759738697,-3.0504158e-03,380605,1042.61404,1775.56479,1.5912369e+05,4.6477890e+01,5.9884404e+03,1.4483538e+01,1.6651895e+05,4.8660088e+01,0,nan,nan,nan,nan,1042.61404,2.7218566e-04,1775.56479,2.4296959e-04,-1.1329795e-02,3.3013273e-02
0.4603023213135202,0.9994788219218576,0.0002944707686824695,1743.800702321515,-3.1851458e-03,371771,1042.61518,1775.52238,1.5908442e+05,4.6856438e+01,7.4361899e+03,1.5127034e+01,1.6650494e+05,4.9056404e+01,0,nan,nan,nan,nan,1042.61518,2.7508425e-04,1775.52238,2.4622132e-04,-1.0055284e-02,-1.3227647e-02
0.46062335853685,0.999652883474103,0.0002819645904426584,1921.7125433587403,3.1827004e-03,499863,471.02639,463.89429,1.6389784e+05,4.6206196e+01,2.5821257e+03,1.3448633e+01,1.6971764e+05,4.7870983e+01,0,nan,nan,nan,nan,471.02639,2.5920742e-04,463.89429,2.9389971e-04,2.9151475e-02,-5.9004663e-03
0.4606285311781445,1.0003938723720822,0.00028409872512433123,1731.5312685313795,-3.1804885e-03,362937,1328.19660,1819.02034,1.5846625e+05,4.4942940e+01,4.1071855e+03,1.1655203e+01,1.6627269e+05,4.7219257e+01,0,nan,nan,nan,nan,1328.19660,2.5942034e-04,1819.02034,2.2932395e-04,-6.7447904e-03,4.1266061e-02
0.4607777439377969,1.0004511088022332,0.000284041030068487,1915.5778177441412,3.1766954e-03,495446,471.00763,463.91231,1.6368503e+05,4.6558147e+01,3.8490605e+03,1.4226203e+01,1.6989578e+05,4.8235611e+01,0,nan,nan,nan,nan,471.00763,2.6209842e-04,463.91231,2.9724662e-04,1.0638021e-02,1.2925282e-02
0.4609073825063206,0.9997991539351901,0.0002822763514333957,1909.4430673827096,3.1459439e-03,491029,470.99732,463.88219,1.6389892e+05,4.6254200e+01,2.5989065e+03,1.3517821e+01,1.6973114e+05,4.7920715e+01,0,nan,nan,nan,nan,470.99732,2.5827024e-04,463.88219,2.9412666e-04,-2.0180235e-03,-1.9083317e-02
0.46098854322394833,1.00004958240442,0.000282410332376256,1903.3082685434272,3.0667146e-03,486612,470.99133,463.85241,1.6389622e+05,4.6276638e+01,2.7212085e+03,1.3592668e+01,1.6977544e+05,4.7943962e+01,0,nan,nan,nan,nan,470.99133,2.5814521e-04,463.85241,2.9408553e-04,-9.8715080e-03,-5.2485071e-02
0.4610928776910441,0.9998205135856543,0.00028469397287215743,1719.2619728778923,-3.0370371e-03,354103,1328.20360,1818.98432,1.5778883e+05,4.5008884e+01,4.6978589e+03,1.1936726e+01,1.6607327e+05,4.7288548e+01,0,nan,nan,nan,nan,1328.20360,2.6130077e-04,1818.98432,2.3168276e-04,9.3252712e-04,2.3164086e-03
0.4613717235988588,1.0001404411364285,0.00028420808161076913,1713.1273717238,-2.9186390e-03,349686,1328.21605,1818.99798,1.5850514e+05,4.4940285e+01,4.0737427e+03,1.1617497e+01,1.6615678e+05,4.7216469e+01,0,nan,nan,nan,nan,1328.21605,2.5961900e-04,1818.99798,2.2969230e-04,1.4752639e-02,1.7073667e-02
0.4615048856808244,0.9996961513256519,0.0002919223663214752,1756.0716648858825,-3.0503920e-03,380606,1042.61362,1775.56930,1.5902700e+05,4.6447948e+01,5.9886924e+03,1.4427684e+01,1.6653045e+05,4.8628738e+01,0,nan,nan,nan,nan,1042.61362,2.7236808e-04,1775.56930,2.4294965e-04,-1.1286103e-02,3.8073774e-02
0.46169121795901447,1.0004925058906922,0.00029461846445437493,1743.8020912181605,-3.1851374e-03,371772,1042.61716,1775.52700,1.5931803e+05,4.6880013e+01,7.4358999e+03,1.5115476e+01,1.6667409e+05,4.9081093e+01,0,nan,nan,nan,nan,1042.61716,2.7484729e-04,1775.52700,2.4561613e-04,-8.4243901e-03,-6.8373266e-03
0.4620122447381618,0.9996062538949689,0.00028209834683035046,1921.7139322449416,3.1826983e-03,499864,471.02722,463.88124,1.6403864e+05,4.6228073e+01,2.5751941e+03,1.3484180e+01,1.6970956e+05,4.7893646e+01,0,nan,nan,nan,nan,471.02722,2.5871649e-04,463.88124,2.9350861e-04,2.9003717e-02,-2.0857468e-02
0.46201741224490467,0.9995298371893959,0.00028409761257596096,1731.5326574124463,-3.1804957e-03,362938,1328.20328,1819.02541,1.5837208e+05,4.4942867e+01,4.1196343e+03,1.1675117e+01,1.6612947e+05,4.7219185e+01,0,nan,nan,nan,nan,1328.20328,2.5980652e-04,1819.02541,2.2928714e-04,1.7581311e-04,4.6972461e-02
0.4621666364259909,0.9997632223275247,0.00028414938540679934,1915.5792066366294,3.1766996e-03,495447,471.01905,463.89779,1.6396997e+05,4.6575871e+01,3.8412307e+03,1.4169652e+01,1.6977884e+05,4.8253979e+01,0,nan,nan,nan,nan,471.01905,2.6135152e-04,463.89779,2.9657790e-04,2.1537758e-02,-3.4192018e-03
0.4622962845414804,0.9997407078743316,0.00028202513679550335,1909.4444562847448,3.1459576e-03,491030,471.00307,463.88205,1.6386253e+05,4.6213036e+01,2.5844307e+03,1.3513225e+01,1.6972123e+05,4.7878067e+01,0,nan,nan,nan,nan,471.00307,2.5821844e-04,463.88205,2.9325634e-04,3.3773356e-03,-1.9706888e-02
0.4623774531746676,1.0000813213509676,0.0002822579393466407,1903.309657453378,3.0667363e-03,486613,470.98819,463.86945,1.6392091e+05,4.6251675e+01,2.7343716e+03,1.3554397e+01,1.6978086e+05,4.7918098e+01,0,nan,nan,nan,nan,470.98819,2.5808151e-04,463.86945,2.9367412e-04,-1.2819011e-02,-3.3548653e-02
0.4624817433902987,1.0001992614320931,0.00028468905683770633,1719.2633617435915,-3.0370597e-03,354104,1328.20498,1818.98622,1.5774555e+05,4.5008198e+01,4.6945981e+03,1.1960775e+01,1.6613652e+05,4.7287827e+01,0,nan,nan,nan,nan,1328.20498,2.6128846e-04,1818.98622,2.3149667e-04,2.3837180e-03,4.0601739e-03
0.4627605804514584,1.0002006510846344,0.00028416025333036704,1713.1287605806526,-2.9186704e-03,349687,1328.19292,1818.97071,1.5838800e+05,4.4932671e+01,4.0697993e+03,1.1653366e+01,1.6616658e+05,4.7208469e+01,0,nan,nan,nan,nan,1328.19292,2.5966152e-04,1818.97071,2.3031022e-04,-1.0035020e-02,-1.2839289e-02
0.4628937976931411,0.9998107412289859,0.0002921378230016488,1756.0730537978948,-3.0503683e-03,380607,1042.61588,1775.56552,1.5912112e+05,4.6482224e+01,6.0043848e+03,1.4469570e+01,1.6654950e+05,4.8664619e+01,0,nan,nan,nan,nan,1042.61588,2.7233281e-04,1775.56552,2.4325025e-04,-9.4450256e-03,3.4001987e-02
0.4630801143721328,1.0000392280013581,0.0002946636748694228,1743.8034801145736,-3.1851293e-03,371773,1042.61644,1775.51614,1.5919000e+05,4.6887291e+01,7.4528071e+03,1.5121640e+01,1.6659886e+05,4.9088707e+01,0,nan,nan,nan,nan,1042.61644,2.7518114e-04,1775.51614,2.4623281e-04,-9.0529043e-03,-1.9171542e-02
0.4634011309399284,0.9997988487536219,0.00028219688076743996,1921.7153211311434,3.1826962e-03,499865,471.02186,463.89376,1.6386364e+05,4.6244175e+01,2.5831709e+03,1.3601636e+01,1.6974211e+05,4.7910328e+01,0,nan,nan,nan,nan,471.02186,2.5919225e-04,463.89376,2.9372275e-04,2.4110574e-02,-7.3812669e-03
0.4634062930783788,1.0002625037519057,0.00028418873911348764,1731.5340462932797,-3.1805031e-03,362939,1328.19772,1819.01817,1.5855336e+05,4.4957390e+01,4.1250098e+03,1.1662077e+01,1.6625164e+05,4.7234444e+01,0,nan,nan,nan,nan,1328.19772,2.5931114e-04,1819.01817,2.2898091e-04,-6.0536079e-03,3.9208986e-02
0.4635555289137301,0.9997009226771214,0.00028410105500880804,1915.580595529117,3.1767038e-03,495448,471.02648,463.89413,1.6364541e+05,4.6567924e+01,3.8500813e+03,1.4261160e+01,1.6976816e+05,4.8245743e+01,0,nan,nan,nan,nan,471.02648,2.6256419e-04,463.89413,2.9768079e-04,3.0296728e-02,-6.9789626e-03
0.46368518680901616,1.0000947083573157,0.0002822409694817259,1909.4458451870123,3.1459716e-03,491031,471.00136,463.88156,1.6394783e+05,4.6248409e+01,2.6016311e+03,1.3586663e+01,1.6978134e+05,4.7914715e+01,0,nan,nan,nan,nan,471.00136,2.5815298e-04,463.88156,2.9341143e-04,1.5291621e-03,-2.0702083e-02
0.4637663631256146,1.0007273446080982,0.00028239041299932244,1903.3110463633288,3.0667579e-03,486614,470.98855,463.85457,1.6394198e+05,4.6273392e+01,2.7317920e+03,1.3618468e+01,1.6989058e+05,4.7940598e+01,0,nan,nan,nan,nan,470.98855,2.5800843e-04,463.85457,2.9383242e-04,-1.3136202e-02,-5.0003521e-02
0.4638706088574057,0.9996896422275512,0.0002846598336670957,1719.2647506090586,-3.0370825e-03,354105,1328.20491,1818.99130,1.5751755e+05,4.5003670e+01,4.6965269e+03,1.2003022e+01,1.6605220e+05,4.7283066e+01,0,nan,nan,nan,nan,1328.20491,2.6174361e-04,1818.99130,2.3239950e-04,2.8983215e-03,9.1386558e-03
0.46414943753666227,0.9998024868136367,0.0002842535647550669,1713.1301494377378,-2.9187016e-03,349688,1328.20268,1818.98675,1.5845017e+05,4.4947380e+01,4.0609116e+03,1.1664311e+01,1.6610027e+05,4.7223923e+01,0,nan,nan,nan,nan,1328.20268,2.5959295e-04,1818.98675,2.2957056e-04,-5.8133359e-04,5.3973054e-03
0.46428270970591257,0.999664452935813,0.00029226008379433505,1756.0744427099075,-3.0503445e-03,380608,1042.61226,1775.56391,1.5909831e+05,4.6501663e+01,6.0210938e+03,1.4518393e+01,1.6652509e+05,4.8684975e+01,0,nan,nan,nan,nan,1042.61226,2.7249046e-04,1775.56391,2.4318455e-04,-1.2780543e-02,3.2833755e-02
0.4644690110178541,1.0001799303080656,0.00029462860132164164,1743.8048690112194,-3.1851209e-03,371774,1042.61351,1775.52859,1.5909725e+05,4.6881786e+01,7.4713569e+03,1.5146160e+01,1.6662259e+05,4.9082947e+01,0,nan,nan,nan,nan,1042.61351,2.7527002e-04,1775.52859,2.4638235e-04,-1.0893272e-02,-6.2621702e-03
0.4647900169084096,1.0002719812541185,0.00028211584389808373,1921.7167100171118,3.1826939e-03,499866,471.03127,463.88362,1.6388222e+05,4.6230854e+01,2.6066921e+03,1.3510262e+01,1.6982228e+05,4.7896526e+01,0,nan,nan,nan,nan,471.03127,2.5978326e-04,463.88362,2.9404194e-04,3.4822982e-02,-1.8448384e-02
0.46479517391162517,1.000321736732229,0.0002841875169135217,1731.535435174113,-3.1805106e-03,362940,1328.20014,1819.02305,1.5850267e+05,4.4957298e+01,4.1179937e+03,1.1678862e+01,1.6626184e+05,4.7234348e+01,0,nan,nan,nan,nan,1328.20014,2.5958463e-04,1819.02305,2.2915924e-04,-3.2994952e-03,4.4077449e-02
0.4649444214023788,1.0001185506541557,0.0002845699597725849,1915.5819844216057,3.1767080e-03,495449,471.01299,463.89925,1.6405845e+05,4.6644753e+01,3.8717017e+03,1.4342099e+01,1.6983898e+05,4.8325340e+01,0,nan,nan,nan,nan,471.01299,2.6211629e-04,463.89925,2.9619216e-04,1.6071653e-02,-8.0300134e-04
0.46507408884303947,1.000049997379027,0.0002819829495906921,1909.4472340890463,3.1459853e-03,491032,471.00252,463.88247,1.6391698e+05,4.6206131e+01,2.6121157e+03,1.3456651e+01,1.6977377e+05,4.7870914e+01,0,nan,nan,nan,nan,471.00252,2.5813005e-04,463.88247,2.9317036e-04,2.3640008e-03,-1.8734092e-02
0.4651552728432762,1.000212137118689,0.0002822969620415896,1903.3124352730465,3.0667793e-03,486615,470.98943,463.85598,1.6388148e+05,4.6258091e+01,2.7148872e+03,1.3564104e+01,1.6980314e+05,4.7924747e+01,0,nan,nan,nan,nan,470.98943,2.5831847e-04,463.85598,2.9388329e-04,-1.1493226e-02,-4.9262051e-02
0.46525947455734207,1.000216001542493,0.00028465797409633756,1719.2661394747586,-3.0371051e-03,354106,1328.21289,1818.98651,1.5765545e+05,4.5003468e+01,4.6904971e+03,1.1979602e+01,1.6613997e+05,4.7282852e+01,0,nan,nan,nan,nan,1328.21289,2.6189175e-04,1818.98651,2.3238691e-04,1.0961151e-02,3.7014617e-03
0.46553829438903416,1.0006510115083067,0.000284214630474002,1713.1315382945902,-2.9187331e-03,349689,1328.21058,1818.98781,1.5848845e+05,4.4941181e+01,4.0757869e+03,1.1630615e+01,1.6624109e+05,4.7217415e+01,0,nan,nan,nan,nan,1328.21058,2.5967916e-04,1818.98781,2.2961992e-04,8.5815145e-03,6.2298090e-03
0.46567162171845633,0.9998607413755016,0.00029204396117766526,1756.07583162192,-3.0503208e-03,380609,1042.61890,1775.56854,1.5915556e+05,4.6467255e+01,6.0225098e+03,1.4435081e+01,1.6655773e+05,4.8648956e+01,0,nan,nan,nan,nan,1042.61890,2.7214282e-04,1775.56854,2.4283816e-04,-6.6274325e-03,3.7670407e-02
0.46585790743029065,1.0006785127324513,0.0002947269604284839,1743.8062579076318,-3.1851127e-03,371775,1042.61734,1775.53031,1.5919228e+05,4.6897518e+01,7.4667588e+03,1.5160467e+01,1.6670594e+05,4.9099419e+01,0,nan,nan,nan,nan,1042.61734,2.7517710e-04,1775.53031,2.4633389e-04,-7.1951309e-03,-4.2950506e-03
0.4661789031115404,0.9999770429637612,0.0002820851336812819,1921.718098903315,3.1826918e-03,499867,471.02417,463.89309,1.6399608e+05,4.6225780e+01,2.6001492e+03,1.3480408e+01,1.6977205e+05,4.7891270e+01,0,nan,nan,nan,nan,471.02417,2.5871707e-04,463.89309,2.9375372e-04,2.6975226e-02,-7.6844771e-03
0.46618405497838467,1.000325033766028,0.0002841546043653005,1731.5368240551797,-3.1805178e-03,362941,1328.20062,1819.01982,1.5853512e+05,4.4952187e+01,4.1088027e+03,1.1654884e+01,1.6626277e+05,4.7228977e+01,0,nan,nan,nan,nan,1328.20062,2.5937756e-04,1819.01982,2.2903766e-04,-3.1399657e-03,4.1161358e-02
0.46633331365819686,0.9995571247661413,0.00028424309075827643,1915.5833733138616,3.1767120e-03,495450,471.01274,463.90034,1.6387962e+05,4.6591152e+01,3.8386470e+03,1.4252727e+01,1.6974353e+05,4.8269806e+01,0,nan,nan,nan,nan,471.01274,2.6208645e-04,463.90034,2.9650080e-04,1.6334077e-02,-5.8129925e-04
0.4664629908770621,0.9995567946260666,0.00028185869450506626,1909.4486229910804,3.1459990e-03,491033,470.99897,463.87461,1.6382175e+05,4.6185772e+01,2.6094800e+03,1.3432502e+01,1.6969005e+05,4.7849819e+01,0,nan,nan,nan,nan,470.99897,2.5809952e-04,463.87461,2.9344173e-04,-1.1010494e-03,-2.7549839e-02
0.46654418279422316,0.9995106170185302,0.00028220927215983667,1903.3138241829975,3.0668010e-03,486616,470.98366,463.85538,1.6374512e+05,4.6243732e+01,2.7319297e+03,1.3602618e+01,1.6968409e+05,4.7909870e+01,0,nan,nan,nan,nan,470.98366,2.5823302e-04,463.85538,2.9397415e-04,-1.7338537e-02,-4.9743399e-02
0.4666483400239937,1.0003138866276764,0.0002848703941842267,1719.2675283402252,-3.0371279e-03,354107,1328.20144,1818.98883,1.5778442e+05,4.5037144e+01,4.6932773e+03,1.2018690e+01,1.6615656e+05,4.7318233e+01,0,nan,nan,nan,nan,1328.20144,2.6152193e-04,1818.98883,2.3180482e-04,-1.3730102e-03,6.6349623e-03
0.46706053373100076,1.0001536601285743,0.0002922186159881672,1756.0772205339326,-3.0502970e-03,380610,1042.61350,1775.56629,1.5915888e+05,4.6495037e+01,6.0453252e+03,1.4454510e+01,1.6660648e+05,4.8678036e+01,0,nan,nan,nan,nan,1042.61350,2.7273418e-04,1775.56629,2.4322129e-04,-1.1723694e-02,3.5039507e-02
0.46724680407533015,0.9999557133850435,0.0002945829664770576,1743.8076468042768,-3.1851043e-03,371776,1042.61335,1775.52285,1.5913495e+05,4.6874691e+01,7.4975576e+03,1.5146496e+01,1.6658581e+05,4.9075520e+01,0,nan,nan,nan,nan,1042.61335,2.7521394e-04,1775.52285,2.4613916e-04,-1.1326789e-02,-1.2206050e-02
0.4675677893142165,0.9999327159427364,0.00028226091685504024,1921.7194877895176,3.1826897e-03,499868,471.02631,463.88456,1.6405597e+05,4.6254543e+01,2.5760183e+03,1.3513749e+01,1.6976436e+05,4.7921070e+01,0,nan,nan,nan,nan,471.02631,2.5910250e-04,463.88456,2.9349080e-04,2.9047398e-02,-1.7789233e-02
0.4675729358123135,1.0001910131929148,0.000284180245710572,1731.5382129360137,-3.1805253e-03,362942,1328.20164,1819.01980,1.5858005e+05,4.4956337e+01,4.1273057e+03,1.1635668e+01,1.6624084e+05,4.7233341e+01,0,nan,nan,nan,nan,1328.20164,2.5958542e-04,1819.01980,2.2909281e-04,-1.8897734e-03,4.0679310e-02
0.46772220614684556,1.000690311328536,0.00028446980397610566,1915.5847622063502,3.1767162e-03,495451,471.01373,463.89349,1.6429116e+05,4.6628284e+01,3.8331680e+03,1.4189640e+01,1.6993588e+05,4.8308277e+01,0,nan,nan,nan,nan,471.01373,2.6059095e-04,463.89349,2.9631046e-04,1.5123630e-02,-7.3023932e-03
0.4678518929117672,0.9997092639516034,0.0002821240247415191,1909.450011893115,3.1460128e-03,491034,471.00346,463.88190,1.6392511e+05,4.6229252e+01,2.5937024e+03,1.3513171e+01,1.6971594e+05,4.7894867e+01,0,nan,nan,nan,nan,471.00346,2.5839868e-04,463.88190,2.9336993e-04,3.5095022e-03,-1.9824095e-02
0.4679330925123395,1.0002608811480262,0.0002823821129444879,1903.3152130927156,3.0668224e-03,486617,470.99102,463.86600,1.6391586e+05,4.6272068e+01,2.7313972e+03,1.3599836e+01,1.6981152e+05,4.7939224e+01,0,nan,nan,nan,nan,470.99102,2.5813014e-04,463.86600,2.9388521e-04,-9.5061101e-03,-3.8051110e-02
0.4680372057232489,0.9995970980405399,0.00028466808178595026,1719.2689172059245,-3.0371505e-03,354108,1328.20477,1818.98335,1.5756942e+05,4.5005249e+01,4.6916655e+03,1.1986718e+01,1.6603784e+05,4.7284725e+01,0,nan,nan,nan,nan,1328.20477,2.6178121e-04,1818.98335,2.3207960e-04,2.5612481e-03,4.7595755e-04
0.4683160083266099,0.9995107407359144,0.000283904143318209,1713.1343160085278,-2.9187957e-03,349691,1328.21214,1818.99511,1.5808317e+05,4.4892029e+01,4.0807383e+03,1.1637465e+01,1.6605147e+05,4.7165775e+01,0,nan,nan,nan,nan,1328.21214,2.6062658e-04,1818.99511,2.3154494e-04,1.1364699e-02,1.1696355e-02
0.468449445744227,1.0002753316713322,0.00029208532485691256,1756.0786094459459,-3.0502733e-03,380611,1042.61406,1775.56619,1.5912411e+05,4.6473812e+01,6.0460801e+03,1.4462991e+01,1.6662670e+05,4.8655815e+01,0,nan,nan,nan,nan,1042.61406,2.7229474e-04,1775.56619,2.4293424e-04,-1.0999268e-02,3.4604881e-02
0.4686357007217339,1.0003840590951047,0.000294601414437153,1743.8090357009232,-3.1850960e-03,371777,1042.61889,1775.52452,1.5919686e+05,4.6877708e+01,7.5100405e+03,1.5143045e+01,1.6665747e+05,4.9078678e+01,0,nan,nan,nan,nan,1042.61889,2.7507366e-04,1775.52452,2.4598799e-04,-5.1797582e-03,-1.0705453e-02
0.46895667551552833,0.9999076388666754,0.0002819884873091048,1921.720876675719,3.1826876e-03,499869,471.02303,463.88820,1.6401770e+05,4.6209850e+01,2.6076499e+03,1.3431561e+01,1.6975995e+05,4.7874771e+01,0,nan,nan,nan,nan,471.02303,2.5896018e-04,463.88820,2.9321291e-04,2.6366645e-02,-1.3231068e-02
0.4689618166464694,1.0004659089621537,0.0002841145610965027,1731.5396018168478,-3.1805327e-03,362943,1328.20029,1819.01969,1.5854859e+05,4.4946041e+01,4.1118618e+03,1.1636118e+01,1.6628686e+05,4.7222519e+01,0,nan,nan,nan,nan,1328.20029,2.5933990e-04,1819.01969,2.2906435e-04,-3.5516075e-03,4.0379353e-02
0.4691110986354943,1.0002314665590488,0.0002843917059138848,1915.5861510988389,3.1767203e-03,495452,471.01707,463.89838,1.6409673e+05,4.6615456e+01,3.8373816e+03,1.4228733e+01,1.6985786e+05,4.8294987e+01,0,nan,nan,nan,nan,471.01707,2.6133313e-04,463.89838,2.9615412e-04,1.9956348e-02,-2.0861251e-03
0.46924079517930295,0.9997828123450907,0.00028208830093177814,1909.4514007953826,3.1460267e-03,491035,470.99965,463.88081,1.6393791e+05,4.6223392e+01,2.6035884e+03,1.3520316e+01,1.6972842e+05,4.7888802e+01,0,nan,nan,nan,nan,470.99965,2.5808421e-04,463.88081,2.9318390e-04,-6.3861319e-04,-2.0944120e-02
0.4693220024632865,1.000096312618581,0.00028233310471323343,1903.3166020026665,3.0668441e-03,486618,470.98353,463.84870,1.6390830e+05,4.6264046e+01,2.7159802e+03,1.3566770e+01,1.6978361e+05,4.7930920e+01,0,nan,nan,nan,nan,470.98353,2.5863366e-04,463.84870,2.9365919e-04,-1.7549068e-02,-5.6870483e-02
0.4694260714238677,1.0001868255708948,0.00028475832577544186,1719.270306071625,-3.0371731e-03,354109,1328.20246,1818.98843,1.5772114e+05,4.5019608e+01,4.6823950e+03,1.1982150e+01,1.6613614e+05,4.7299812e+01,0,nan,nan,nan,nan,1328.20246,2.6170799e-04,1818.98843,2.3178174e-04,8.9099733e-05,5.8276337e-03
0.4697048651785277,0.9995513889932112,0.00028405633057634427,1713.1357048653797,-2.9188271e-03,349692,1328.20326,1818.98464,1.5824189e+05,4.4916084e+01,4.0852029e+03,1.1657048e+01,1.6605817e+05,4.7191048e+01,0,nan,nan,nan,nan,1328.20326,2.5997375e-04,1818.98464,2.3031243e-04,7.0260483e-04,2.0384362e-03
0.4698383577574532,0.9998188437673576,0.00029201681602907014,1756.079998357959,-3.0502495e-03,380612,1042.61622,1775.56470,1.5898534e+05,4.6462894e+01,6.0577065e+03,1.4468283e+01,1.6655059e+05,4.8644386e+01,0,nan,nan,nan,nan,1042.61622,2.7258214e-04,1775.56470,2.4308544e-04,-8.5485838e-03,3.3643633e-02
0.470024597135307,0.9999936173051085,0.0002947498605927347,1743.8104245973368,-3.1850878e-03,371778,1042.61833,1775.51648,1.5921642e+05,4.6901417e+01,7.5072285e+03,1.5157252e+01,1.6659273e+05,4.9103497e+01,0,nan,nan,nan,nan,1042.61833,2.7505693e-04,1775.51648,2.4613924e-04,-7.1817976e-03,-1.7993663e-02
0.47034556148446427,0.999551280963933,0.00028196976507949024,1921.722265561688,3.1826852e-03,499870,471.02112,463.88447,1.6370961e+05,4.6206749e+01,2.5991753e+03,1.3514739e+01,1.6969930e+05,4.7871552e+01,0,nan,nan,nan,nan,471.02112,2.5912398e-04,463.88447,2.9456423e-04,2.3955876e-02,-1.7647935e-02
0.47035069771391136,1.0001160135306753,0.00028428393213751006,1731.5409906979153,-3.1805399e-03,362944,1328.19877,1819.01771,1.5844817e+05,4.4972923e+01,4.1072266e+03,1.1690037e+01,1.6622903e+05,4.7250763e+01,0,nan,nan,nan,nan,1328.19877,2.5989351e-04,1819.01771,2.2969018e-04,-4.6469178e-03,3.8224868e-02
0.4704999911234605,1.000266075990261,0.0002846247784936175,1915.5875399913268,3.1767245e-03,495453,471.01692,463.89959,1.6427542e+05,4.6653633e+01,3.8525076e+03,1.4288979e+01,1.6986366e+05,4.8334541e+01,0,nan,nan,nan,nan,471.01692,2.6094867e-04,463.89959,2.9570583e-04,1.8869529e-02,-6.2707067e-04
0.47062969721400805,0.9997175244498635,0.0002818659553965531,1909.4527896974173,3.1460405e-03,491036,471.00121,463.87829,1.6377047e+05,4.6186962e+01,2.5929014e+03,1.3464170e+01,1.6971734e+05,4.7851055e+01,0,nan,nan,nan,nan,471.00121,2.5828867e-04,463.87829,2.9368853e-04,1.5571484e-03,-2.3657339e-02
0.47071091241423346,1.0003139988533314,0.0002821877693542506,1903.3179909126175,3.0668657e-03,486619,470.99036,463.86246,1.6390612e+05,4.6240246e+01,2.7338040e+03,1.3535380e+01,1.6982061e+05,4.7906258e+01,0,nan,nan,nan,nan,470.99036,2.5829248e-04,463.86246,2.9354860e-04,-9.9278269e-03,-4.1709512e-02
0.47081493689188425,0.9998833049189514,0.0002846666900220548,1719.2716949370931,-3.0371959e-03,354110,1328.20101,1818.97694,1.5771275e+05,4.5005211e+01,4.6824756e+03,1.1965414e+01,1.6608606e+05,4.7284687e+01,0,nan,nan,nan,nan,1328.20101,2.6115408e-04,1818.97694,2.3193053e-04,-1.4873875e-03,-5.9942431e-03
0.4710937220302185,0.9999214138936637,0.0002842277889190096,1713.1370937222314,-2.9188585e-03,349693,1328.20645,1818.98353,1.5845647e+05,4.4943192e+01,4.0896465e+03,1.1654752e+01,1.6611962e+05,4.7219524e+01,0,nan,nan,nan,nan,1328.20645,2.5947110e-04,1818.98353,2.2986186e-04,3.6002873e-03,1.4943954e-03
0.47122726977022467,0.9999769239174645,0.00029219134989941713,1756.0813872699719,-3.0502258e-03,380613,1042.61693,1775.56679,1.5920823e+05,4.6490646e+01,6.0556777e+03,1.4468981e+01,1.6657686e+05,4.8673443e+01,0,nan,nan,nan,nan,1042.61693,2.7223618e-04,1775.56679,2.4286241e-04,-7.9371557e-03,3.5380118e-02
0.47141349378102826,0.9996147774144111,0.0002946570021259314,1743.8118134939825,-3.1850794e-03,371779,1042.61608,1775.52150,1.5911458e+05,4.6886723e+01,7.5061777e+03,1.5167714e+01,1.6652992e+05,4.9088116e+01,0,nan,nan,nan,nan,1042.61608,2.7539590e-04,1775.52150,2.4608546e-04,-1.0508559e-02,-1.3635413e-02
0.4717344476857761,1.0002685685035473,0.0002819546217448472,1921.7236544478892,3.1826831e-03,499871,471.03166,463.88978,1.6383447e+05,4.6204224e+01,2.5918191e+03,1.3425131e+01,1.6982092e+05,4.7868938e+01,0,nan,nan,nan,nan,471.03166,2.5966595e-04,463.88978,2.9430201e-04,3.5454948e-02,-1.1725698e-02
0.4717395785478402,0.9999031210056166,0.000283952107395745,1731.5423795787492,-3.1805474e-03,362945,1328.20161,1819.02778,1.5829242e+05,4.4920513e+01,4.1321475e+03,1.1626615e+01,1.6619397e+05,4.7195698e+01,0,nan,nan,nan,nan,1328.20161,2.5977875e-04,1819.02778,2.2964482e-04,-1.5786939e-03,4.9622986e-02
0.47188888361142745,0.9995031049840457,0.0002842997721536028,1915.5889288838148,3.1767287e-03,495454,471.02947,463.89867,1.6406017e+05,4.6600342e+01,3.8457537e+03,1.4208081e+01,1.6973400e+05,4.8279327e+01,0,nan,nan,nan,nan,471.02947,2.6156829e-04,463.89867,2.9608546e-04,3.2862786e-02,-2.4950558e-03
0.47201859924871314,0.9995752838406847,0.00028194138194747616,1909.454178599452,3.1460542e-03,491037,471.00062,463.88133,1.6386400e+05,4.6199322e+01,2.6036685e+03,1.3451334e+01,1.6969319e+05,4.7863861e+01,0,nan,nan,nan,nan,471.00062,2.5818407e-04,463.88133,2.9325616e-04,6.7110849e-04,-2.0095794e-02
0.47209982213212276,1.0000432935192725,0.00028212859659329514,1903.3193798223353,3.0668871e-03,486620,470.98428,463.85957,1.6383777e+05,4.6230560e+01,2.7254387e+03,1.3530212e+01,1.6977470e+05,4.7896225e+01,0,nan,nan,nan,nan,470.98428,2.5831567e-04,463.85957,2.9346367e-04,-1.6110493e-02,-4.4794429e-02
0.4722038025918206,0.9996323069852007,0.00028469632619460814,1719.273083802793,-3.0372185e-03,354111,1328.19901,1818.98674,1.5770278e+05,4.5009991e+01,4.6783359e+03,1.1949222e+01,1.6604470e+05,4.7289703e+01,0,nan,nan,nan,nan,1328.19901,2.6143351e-04,1818.98674,2.3192007e-04,-3.4575039e-03,4.7105756e-03
0.4724825791154217,1.0001238639376535,0.00028437529585143787,1713.1384825793166,-2.9188897e-03,349694,1328.20773,1818.98631,1.5851767e+05,4.4966522e+01,4.0747083e+03,1.1651752e+01,1.6615328e+05,4.7244038e+01,0,nan,nan,nan,nan,1328.20773,2.5977500e-04,1818.98631,2.2977826e-04,4.7824811e-03,4.8657604e-03
0.47261618178299614,0.9995926610792693,0.0002920952716917021,1756.0827761819846,-3.0502020e-03,380614,1042.61547,1775.56540,1.5904044e+05,4.6475342e+01,6.0792173e+03,1.4485419e+01,1.6651278e+05,4.8657417e+01,0,nan,nan,nan,nan,1042.61547,2.7253048e-04,1775.56540,2.4309871e-04,-9.0455515e-03,3.4278184e-02
0.4728023904267502,0.9998190648088431,0.00029460420416964355,1743.8132023906282,-3.1850711e-03,371780,1042.61498,1775.52320,1.5896456e+05,4.6878410e+01,7.5421216e+03,1.5169502e+01,1.6656427e+05,4.9079411e+01,0,nan,nan,nan,nan,1042.61498,2.7558397e-04,1775.52320,2.4667682e-04,-1.0334203e-02,-1.1552229e-02
0.47312333365471204,0.9995373462153611,0.0002820091918845108,1921.7250433338581,3.1826808e-03,499872,471.02140,463.88740,1.6385044e+05,4.6213123e+01,2.5876487e+03,1.3449430e+01,1.6969662e+05,4.7878159e+01,0,nan,nan,nan,nan,471.02140,2.5950753e-04,463.88740,2.9392290e-04,2.4349233e-02,-1.4420397e-02
0.4731284593810873,0.9999998968868076,0.00028399041329342994,1731.5437684595825,-3.1805548e-03,362946,1328.19942,1819.01465,1.5835359e+05,4.4926655e+01,4.1266733e+03,1.1632163e+01,1.6621034e+05,4.7202148e+01,0,nan,nan,nan,nan,1328.19942,2.5994051e-04,1819.01465,2.2953570e-04,-3.3680131e-03,3.4748148e-02
0.473277775866336,0.9998236772449857,0.00028448888721389605,1915.5903177760697,3.1767327e-03,495455,471.01643,463.88389,1.6427769e+05,4.6631321e+01,3.8476873e+03,1.4195227e+01,1.6978836e+05,4.8311420e+01,0,nan,nan,nan,nan,471.01643,2.6096829e-04,463.88389,2.9599530e-04,1.8046468e-02,-1.8116677e-02
0.47340750128250875,1.0000390711597698,0.0002820272630503537,1909.4555675014858,3.1460680e-03,491038,470.99969,463.87184,1.6395966e+05,4.6213394e+01,2.5967192e+03,1.3480152e+01,1.6977192e+05,4.7878441e+01,0,nan,nan,nan,nan,470.99969,2.5808596e-04,463.87184,2.9319144e-04,-3.8138969e-04,-3.0211899e-02
0.47348873208284203,0.9998208092536213,0.0002821062161050741,1903.320768732286,3.0669088e-03,486621,470.98477,463.85480,1.6382766e+05,4.6226913e+01,2.7165056e+03,1.3544549e+01,1.6973698e+05,4.7892441e+01,0,nan,nan,nan,nan,470.98477,2.5829661e-04,463.85480,2.9355730e-04,-1.5560003e-02,-5.0533064e-02
0.4735926682910758,1.0000024579570101,0.0002847627858124837,1719.2744726684923,-3.0372411e-03,354112,1328.20334,1818.98264,1.5780530e+05,4.5020588e+01,4.6659375e+03,1.1979424e+01,1.6610653e+05,4.7300842e+01,0,nan,nan,nan,nan,1328.20334,2.6121747e-04,1818.98264,2.3166320e-04,2.1973811e-04,3.5720019e-04
0.4738714359680213,1.000390369247852,0.00028421714099868253,1713.1398714361692,-2.9189212e-03,349695,1328.20377,1818.98210,1.5847197e+05,4.4941528e+01,4.0801145e+03,1.1635478e+01,1.6619759e+05,4.7217773e+01,0,nan,nan,nan,nan,1328.20377,2.5965847e-04,1818.98210,2.2987821e-04,1.2057836e-03,-3.6415961e-04
0.47400509379531286,1.0004764831358628,0.0002924646691829134,1756.084165093997,-3.0501783e-03,380615,1042.61676,1775.56690,1.5928822e+05,4.6534096e+01,6.0973169e+03,1.4525726e+01,1.6665994e+05,4.8718929e+01,0,nan,nan,nan,nan,1042.61676,2.7248508e-04,1775.56690,2.4295475e-04,-8.2647512e-03,3.5866112e-02
0.47419128683986855,0.9999189900377796,0.0002947846673435043,1743.8145912870414,-3.1850629e-03,371781,1042.61737,1775.52009,1.5914892e+05,4.6907211e+01,7.5514067e+03,1.5180877e+01,1.6658122e+05,4.9109566e+01,0,nan,nan,nan,nan,1042.61737,2.7520084e-04,1775.52009,2.4642513e-04,-7.9160035e-03,-1.4566805e-02
0.47451221985693337,1.0002297067421955,0.0002821742276784419,1921.7264322200604,3.1826787e-03,499873,471.03027,463.88677,1.6391825e+05,4.6240128e+01,2.6001279e+03,1.3533834e+01,1.6981402e+05,4.7906136e+01,0,nan,nan,nan,nan,471.03027,2.5954682e-04,463.88677,2.9377578e-04,3.3533357e-02,-1.4681531e-02
0.4745173404478461,1.0002712180480822,0.00028428184303030035,1731.5451573406492,-3.1805621e-03,362947,1328.20550,1819.02337,1.5852398e+05,4.4972836e+01,4.1303145e+03,1.1724162e+01,1.6625572e+05,4.7250668e+01,0,nan,nan,nan,nan,1328.20550,2.5979060e-04,1819.02337,2.2920348e-04,2.3987349e-03,4.5024849e-02
0.4746666683558942,0.9999070176996172,0.00028426423478707346,1915.5917066685593,3.1767369e-03,495456,471.02064,463.90650,1.6381752e+05,4.6594475e+01,3.8636279e+03,1.4244317e+01,1.6980244e+05,4.8273251e+01,0,nan,nan,nan,nan,471.02064,2.6198290e-04,463.90650,2.9738777e-04,2.4640646e-02,5.7926737e-03
0.47479640354958974,0.9998903609403744,0.00028195796179313244,1909.4569564037529,3.1460819e-03,491039,471.00201,463.88428,1.6387083e+05,4.6202038e+01,2.6016594e+03,1.3456156e+01,1.6974667e+05,4.7866673e+01,0,nan,nan,nan,nan,471.00201,2.5810409e-04,463.88428,2.9343751e-04,2.3031475e-03,-1.7717142e-02
0.4748776418005036,1.0000170057051094,0.00028211882307814187,1903.3221576420037,3.0669302e-03,486622,470.98910,463.86178,1.6388066e+05,4.6228989e+01,2.7143164e+03,1.3505603e+01,1.6977034e+05,4.7894596e+01,0,nan,nan,nan,nan,470.98910,2.5825281e-04,463.86178,2.9367447e-04,-1.1626475e-02,-4.2025525e-02
0.4749815337575004,0.9992833462511819,0.00028451870143459003,1719.2758615339587,-3.0372639e-03,354113,1328.20712,1818.98666,1.5761417e+05,4.4982094e+01,4.6616641e+03,1.1944801e+01,1.6598742e+05,4.7260395e+01,0,nan,nan,nan,nan,1328.20712,2.6136541e-04,1818.98666,2.3198813e-04,4.1202670e-03,3.8508093e-03
0.47526029305322515,1.0000362748276366,0.00028425818180036904,1713.1412602932544,-2.9189524e-03,349696,1328.20627,1818.98611,1.5828298e+05,4.4948036e+01,4.0866875e+03,1.1672325e+01,1.6613886e+05,4.7224617e+01,0,nan,nan,nan,nan,1328.20627,2.6065137e-04,1818.98611,2.3080353e-04,3.9311461e-03,3.5590532e-03
0.47539400580808433,1.0001122417102237,0.00029219395553197413,1756.0855540060097,-3.0501545e-03,380616,1042.61511,1775.57097,1.5917708e+05,4.6490997e+01,6.1006450e+03,1.4469618e+01,1.6659917e+05,4.8673809e+01,0,nan,nan,nan,nan,1042.61511,2.7240111e-04,1775.57097,2.4293669e-04,-1.0033977e-02,3.9904941e-02
0.4755801834853628,0.99998492876262,0.0002948237151037805,1743.8159801836869,-3.1850545e-03,371782,1042.61486,1775.52659,1.5919747e+05,4.6913513e+01,7.5712324e+03,1.5223734e+01,1.6659252e+05,4.9116161e+01,0,nan,nan,nan,nan,1042.61486,2.7532270e-04,1775.52659,2.4615548e-04,-1.0202862e-02,-7.7880402e-03
0.4759011060591547,1.00021104396431,0.00028212292770486865,1921.7278211062626,3.1826766e-03,499874,471.02558,463.88063,1.6406600e+05,4.6231682e+01,2.5973774e+03,1.3480496e+01,1.6981069e+05,4.7897385e+01,0,nan,nan,nan,nan,471.02558,2.5900474e-04,463.88063,2.9327991e-04,2.8575337e-02,-2.1967292e-02
0.47590622128200266,0.9998385308006101,0.00028409090546526567,1731.5465462214834,-3.1805695e-03,362948,1328.20068,1819.01921,1.5842627e+05,4.4942692e+01,4.1322583e+03,1.1662930e+01,1.6618405e+05,4.7219002e+01,0,nan,nan,nan,nan,1328.20068,2.5959205e-04,1819.01921,2.2953912e-04,-2.8828923e-03,3.9602078e-02
0.47605556084499767,1.000167875485822,0.0002843701338630812,1915.5930955610484,3.1767411e-03,495457,471.01791,463.90589,1.6414364e+05,4.6611809e+01,3.8425261e+03,1.4217858e+01,1.6984667e+05,4.8291210e+01,0,nan,nan,nan,nan,471.01791,2.6187563e-04,463.90589,2.9559273e-04,2.1443129e-02,5.7234243e-03
0.47618530558429484,1.0005280827025056,0.000282114647256896,1909.4583453057876,3.1460957e-03,491040,471.00174,463.88016,1.6405144e+05,4.6227707e+01,2.5991172e+03,1.3458984e+01,1.6985492e+05,4.7893269e+01,0,nan,nan,nan,nan,471.00174,2.5805095e-04,463.88016,2.9321123e-04,1.6688796e-03,-2.1983007e-02
0.4762665517505411,0.9992048326749087,0.0002821174256870245,1903.3235465519538,3.0669519e-03,486623,470.98608,463.85657,1.6372789e+05,4.6228771e+01,2.7222178e+03,1.3565711e+01,1.6963252e+05,4.7894371e+01,0,nan,nan,nan,nan,470.98608,2.5826410e-04,463.85657,2.9369141e-04,-1.4409541e-02,-4.8141859e-02
0.47637039945743676,1.0004923003640351,0.0002847347550667295,1719.2772503996587,-3.0372865e-03,354114,1328.20270,1818.98590,1.5775250e+05,4.5016342e+01,4.6760806e+03,1.1988872e+01,1.6618858e+05,4.7296379e+01,0,nan,nan,nan,nan,1328.20270,2.6142353e-04,1818.98590,2.3164279e-04,4.8268854e-04,3.4329831e-03
0.47664914990559704,1.0005258915654478,0.00028417273006239564,1713.1426491501068,-2.9189838e-03,349697,1328.20823,1818.98706,1.5845175e+05,4.4934559e+01,4.0851409e+03,1.1637593e+01,1.6622031e+05,4.7210457e+01,0,nan,nan,nan,nan,1328.20823,2.5969499e-04,1818.98706,2.2971300e-04,5.9966105e-03,5.4197777e-03
0.4767829178206281,0.9999284819363449,0.00029221159226149284,1756.0869429180223,-3.0501308e-03,380617,1042.61472,1775.56662,1.5916941e+05,4.6493782e+01,6.1072056e+03,1.4476791e+01,1.6656848e+05,4.8676723e+01,0,nan,nan,nan,nan,1042.61472,2.7239087e-04,1775.56662,2.4304408e-04,-1.0503462e-02,3.5432015e-02
0.4769690801313118,0.9999441818591295,0.00029469987503814117,1743.8173690803328,-3.1850461e-03,371783,1042.62005,1775.51746,1.5911148e+05,4.6893898e+01,7.5443887e+03,1.5160223e+01,1.6658603e+05,4.9095623e+01,0,nan,nan,nan,nan,1042.62005,2.7556461e-04,1775.51746,2.4641960e-04,-4.8815296e-03,-1.8338863e-02
0.4772899920276359,1.0000093011023963,0.0002823740646018207,1921.729209992231,3.1826743e-03,499875,471.02853,463.89167,1.6395198e+05,4.6272793e+01,2.5887122e+03,1.3644342e+01,1.6977630e+05,4.7939976e+01,0,nan,nan,nan,nan,471.02853,2.5955780e-04,463.89167,2.9346108e-04,3.1684309e-02,-9.8520713e-03
0.47729510234876216,0.9997605675851348,0.0002842266958748493,1731.5479351025501,-3.1805767e-03,362949,1328.20633,1819.02318,1.5847791e+05,4.4964245e+01,4.1293154e+03,1.1719383e+01,1.6617134e+05,4.7241642e+01,0,nan,nan,nan,nan,1328.20633,2.5988385e-04,1819.02318,2.2909838e-04,3.9993660e-03,4.4677541e-02
0.47744445333319163,1.0000144899531884,0.00028436602231700413,1915.5944844535366,3.1767453e-03,495458,471.00543,463.89441,1.6408561e+05,4.6611122e+01,3.8433130e+03,1.4206648e+01,1.6982056e+05,4.8290497e+01,0,nan,nan,nan,nan,471.00543,2.6151116e-04,463.89441,2.9660884e-04,7.3483130e-03,-7.1238461e-03
0.4775742076194547,0.9999304220983659,0.0002819630600461901,1909.4597342078227,3.1461094e-03,491041,471.00397,463.87672,1.6391364e+05,4.6202862e+01,2.5867598e+03,1.3474339e+01,1.6975345e+05,4.7867531e+01,0,nan,nan,nan,nan,471.00397,2.5831716e-04,463.87672,2.9312036e-04,4.1169920e-03,-2.4962178e-02
0.4776554617014881,0.9998492111234784,0.00028208024983962857,1903.3249354619047,3.0669735e-03,486624,470.98698,463.85704,1.6383288e+05,4.6222694e+01,2.7271562e+03,1.3505898e+01,1.6974197e+05,4.7888077e+01,0,nan,nan,nan,nan,470.98698,2.5802848e-04,463.85704,2.9363914e-04,-1.3938659e-02,-4.7241136e-02
0.4777592651576015,0.9998967122048171,0.0002847983889581011,1719.2786392653588,-3.0373090e-03,354115,1328.19906,1818.97856,1.5776148e+05,4.5026493e+01,4.6841294e+03,1.1959168e+01,1.6608998e+05,4.7307045e+01,0,nan,nan,nan,nan,1328.19906,2.6135214e-04,1818.97856,2.3195172e-04,-3.9638299e-03,-4.1930131e-03
0.47803800675797026,1.000359135812796,0.0002841356775375058,1713.1440380069591,-2.9190152e-03,349698,1328.20373,1818.98515,1.5839825e+05,4.4928745e+01,4.0880710e+03,1.1638292e+01,1.6619277e+05,4.7204342e+01,0,nan,nan,nan,nan,1328.20373,2.5971906e-04,1818.98515,2.2996395e-04,7.9147000e-04,2.6783384e-03
0.4781718298331725,1.000174906599774,0.0002922246107953687,1756.0883318300348,-3.0501070e-03,380618,1042.61723,1775.56491,1.5913148e+05,4.6495827e+01,6.1203169e+03,1.4492417e+01,1.6660944e+05,4.8678867e+01,0,nan,nan,nan,nan,1042.61723,2.7258290e-04,1775.56491,2.4307633e-04,-8.5320240e-03,3.2927815e-02
0.47835797654443013,0.999955853269307,0.0002949936493883479,1743.818757976746,-3.1850380e-03,371784,1042.61828,1775.51463,1.5914639e+05,4.6940731e+01,7.5937900e+03,1.5268973e+01,1.6658830e+05,4.9144661e+01,0,nan,nan,nan,nan,1042.61828,2.7577917e-04,1775.51463,2.4641879e-04,-6.6783247e-03,-2.1003544e-02
0.4786788782298572,0.9989931014504739,0.00028189585549652805,1921.7305988784333,3.1826722e-03,499876,471.01285,463.87820,1.6392766e+05,4.6194386e+01,2.5958638e+03,1.3426239e+01,1.6960362e+05,4.7858746e+01,0,nan,nan,nan,nan,471.01285,2.5861000e-04,463.87820,2.9337531e-04,1.4441050e-02,-2.3436286e-02
0.478683983182691,0.999716795635111,0.0002840602578158324,1731.549323983384,-3.1805842e-03,362950,1328.20147,1819.02223,1.5843225e+05,4.4937977e+01,4.1368940e+03,1.1636883e+01,1.6616430e+05,4.7214043e+01,0,nan,nan,nan,nan,1328.20147,2.5977998e-04,1819.02223,2.2922980e-04,-1.9360866e-03,4.3413080e-02
0.47883334582093084,1.0001109136921484,0.00028427826541398956,1915.5958733460243,3.1767495e-03,495459,471.00802,463.89965,1.6396677e+05,4.6596722e+01,3.8508318e+03,1.4195426e+01,1.6983688e+05,4.8275578e+01,0,nan,nan,nan,nan,471.00802,2.6163232e-04,463.89965,2.9667394e-04,1.0061838e-02,-1.2310036e-03
0.4790443714205139,1.0002955927835884,0.000282200584673064,1903.3263243716237,3.0669949e-03,486625,470.98738,463.86142,1.6397891e+05,4.6242432e+01,2.7173071e+03,1.3519906e+01,1.6981780e+05,4.7908524e+01,0,nan,nan,nan,nan,470.98738,2.5793299e-04,463.86142,2.9341326e-04,-1.3690584e-02,-4.2587403e-02
0.4791481308568567,0.9995199165698605,0.00028470576149193126,1719.280028131058,-3.0373316e-03,354116,1328.21187,1818.99315,1.5765688e+05,4.5011936e+01,4.6686777e+03,1.1976515e+01,1.6602773e+05,4.7291756e+01,0,nan,nan,nan,nan,1328.21187,2.6179568e-04,1818.99315,2.3184564e-04,9.6359225e-03,1.1702118e-02
0.4794268638431728,1.0004435846057231,0.00028403525929678584,1713.1454268640443,-2.9190464e-03,349699,1328.20858,1818.99635,1.5825986e+05,4.4912914e+01,4.0859878e+03,1.1641602e+01,1.6620700e+05,4.7187714e+01,0,nan,nan,nan,nan,1328.20858,2.6011004e-04,1818.99635,2.3007412e-04,6.5083820e-03,1.4515555e-02
0.479560741845944,1.0004052703427397,0.0002923323262513168,1756.0897207420476,-3.0500833e-03,380619,1042.61611,1775.56200,1.5923417e+05,4.6512939e+01,6.1189302e+03,1.4501253e+01,1.6664772e+05,4.8696781e+01,0,nan,nan,nan,nan,1042.61611,2.7234928e-04,1775.56200,2.4299342e-04,-8.4657483e-03,3.0593285e-02
0.4797468731894696,0.9999149462985139,0.0002948009264154162,1743.820146873391,-3.1850296e-03,371785,1042.61568,1775.53130,1.5915050e+05,4.6910156e+01,7.6126899e+03,1.5195847e+01,1.6658181e+05,4.9112648e+01,0,nan,nan,nan,nan,1042.61568,2.7555681e-04,1775.53130,2.4631317e-04,-9.6553275e-03,-3.0138677e-03
0.48006776443207855,1.0004352185425767,0.0002822155994383456,1921.7319877646355,3.1826701e-03,499877,471.02802,463.88567,1.6417844e+05,4.6246742e+01,2.5850095e+03,1.3494905e+01,1.6984831e+05,4.7912987e+01,0,nan,nan,nan,nan,471.02802,2.5863523e-04,463.88567,2.9287071e-04,3.0621959e-02,-1.5342361e-02
0.48007286401593807,1.0003697401432383,0.00028425703023141736,1731.5507128642173,-3.1805916e-03,362951,1328.20109,1819.01972,1.5861273e+05,4.4969158e+01,4.1305815e+03,1.1666706e+01,1.6627303e+05,4.7246807e+01,0,nan,nan,nan,nan,1328.20109,2.5951880e-04,1819.01972,2.2908204e-04,-2.3877637e-03,4.0902451e-02
0.4802222380760671,0.9997966678075736,0.0002844000570650768,1915.5972622382794,3.1767534e-03,495460,471.02060,463.88781,1.6394675e+05,4.6616665e+01,3.8398154e+03,1.4307575e+01,1.6978345e+05,4.8296242e+01,0,nan,nan,nan,nan,471.02060,2.6170080e-04,463.88781,2.9639420e-04,2.3359921e-02,-1.4475334e-02
0.4804332813714609,0.9997316983889285,0.0002821285886113701,1903.3277132815747,3.0670166e-03,486626,470.98936,463.85871,1.6379283e+05,4.6230648e+01,2.7306260e+03,1.3555698e+01,1.6972212e+05,4.7896317e+01,0,nan,nan,nan,nan,470.98936,2.5813797e-04,463.85871,2.9368058e-04,-1.1416177e-02,-4.5642801e-02
0.4805369963232806,1.0003293662082766,0.0002847070410478792,1719.2814169965245,-3.0373544e-03,354117,1328.20099,1818.97834,1.5776831e+05,4.5012230e+01,4.6428281e+03,1.1962697e+01,1.6616253e+05,4.7292065e+01,0,nan,nan,nan,nan,1328.20099,2.6113712e-04,1818.97834,2.3200327e-04,-1.7107534e-03,-4.4398936e-03
0.4808157206950906,0.999884708098313,0.00028406991256226986,1713.1468157208963,-2.9190779e-03,349700,1328.19807,1818.97735,1.5831509e+05,4.4918453e+01,4.0916477e+03,1.1639368e+01,1.6611438e+05,4.7193535e+01,0,nan,nan,nan,nan,1328.19807,2.5961251e-04,1818.97735,2.3013834e-04,-5.1541072e-03,-5.4112016e-03
0.4809496538582607,0.9994910844913897,0.0002923014516295402,1756.09110965406,-3.0500595e-03,380620,1042.61145,1775.56790,1.5911427e+05,4.6507999e+01,6.1132715e+03,1.4528449e+01,1.6649534e+05,4.8691608e+01,0,nan,nan,nan,nan,1042.61145,2.7272713e-04,1775.56790,2.4318742e-04,-1.3882805e-02,3.6489997e-02
0.4811357698345091,0.9995315004949126,0.00029486305202441746,1743.821535770036,-3.1850212e-03,371786,1042.61049,1775.53257,1.5919000e+05,4.6920139e+01,7.6241821e+03,1.5207919e+01,1.6651825e+05,4.9123096e+01,0,nan,nan,nan,nan,1042.61049,2.7548845e-04,1775.53257,2.4644317e-04,-1.5825870e-02,-1.4626111e-03
0.48145665040146923,1.0001087501189445,0.000281953344375011,1921.733376650605,3.1826678e-03,499878,471.02567,463.88579,1.6399500e+05,4.6203728e+01,2.5905825e+03,1.3430593e+01,1.6979273e+05,4.7868423e+01,0,nan,nan,nan,nan,471.02567,2.5884723e-04,463.88579,2.9359231e-04,2.8850237e-02,-1.5556938e-02
0.4814617450822428,1.0006056325610602,0.0002843234494755721,1731.5521017452836,-3.1805988e-03,362952,1328.19760,1819.02518,1.5859148e+05,4.4979713e+01,4.1349736e+03,1.1671241e+01,1.6631242e+05,4.7257896e+01,0,nan,nan,nan,nan,1328.19760,2.5938620e-04,1819.02518,2.2939517e-04,-6.5730424e-03,4.6767894e-02
0.4816111305640334,1.0005201309047758,0.00028428818629178874,1915.5986511307674,3.1767576e-03,495461,471.01568,463.90509,1.6403564e+05,4.6598316e+01,3.8437319e+03,1.4216109e+01,1.6990627e+05,4.8277233e+01,0,nan,nan,nan,nan,471.01568,2.6138983e-04,463.90509,2.9651489e-04,1.8646905e-02,4.4668908e-03
0.48182219108866775,1.0001077744195788,0.0002820938507185909,1903.329102191292,3.0670380e-03,486627,470.98688,463.85012,1.6381416e+05,4.6224972e+01,2.7238018e+03,1.3524649e+01,1.6978603e+05,4.7890434e+01,0,nan,nan,nan,nan,470.98688,2.5837534e-04,463.85012,2.9377072e-04,-1.3734724e-02,-5.5121563e-02
0.4819258620239001,1.0001112638746343,0.0002849035862136988,1719.2828058622251,-3.0373770e-03,354118,1328.20044,1818.98004,1.5777666e+05,4.5043400e+01,4.6587402e+03,1.2044337e+01,1.6612664e+05,4.7324810e+01,0,nan,nan,nan,nan,1328.20044,2.6139602e-04,1818.98004,2.3180014e-04,-2.2485186e-03,-2.6073465e-03
0.482204577779612,0.9996424761881949,0.0002841257475674344,1713.1482045779808,-2.9191091e-03,349701,1328.20782,1818.98432,1.5829619e+05,4.4927357e+01,4.0891836e+03,1.1658471e+01,1.6607439e+05,4.7202888e+01,0,nan,nan,nan,nan,1328.20782,2.6006025e-04,1818.98432,2.3018059e-04,5.4473775e-03,1.9734385e-03
0.48233856610386283,1.000408041137607,0.0002923904448268694,1756.0924985663055,-3.0500356e-03,380621,1042.61444,1775.56781,1.5911473e+05,4.6522133e+01,6.1373486e+03,1.4577785e+01,1.6664798e+05,4.8706406e+01,0,nan,nan,nan,nan,1042.61444,2.7271200e-04,1775.56781,2.4329739e-04,-1.0791637e-02,3.6823492e-02
0.4825246662471727,1.0000984794683043,0.0002949413486655485,1743.8229246664487,-3.1850131e-03,371787,1042.61460,1775.52274,1.5915038e+05,4.6932686e+01,7.6276948e+03,1.5235839e+01,1.6661303e+05,4.9136234e+01,0,nan,nan,nan,nan,1042.61460,2.7597439e-04,1775.52274,2.4642341e-04,-1.0931370e-02,-1.1924767e-02
0.48284553660369056,0.9998943531354004,0.0002821574381300007,1921.7347655368071,3.1826657e-03,499879,471.02011,463.88800,1.6397381e+05,4.6237133e+01,2.6034893e+03,1.3504973e+01,1.6975619e+05,4.7903030e+01,0,nan,nan,nan,nan,471.02011,2.5912593e-04,463.88800,2.9357511e-04,2.2677409e-02,-1.3566785e-02
0.48285062591685346,0.9998217782722276,0.00028407979133949205,1731.5534906261182,-3.1806063e-03,362953,1328.20706,1819.02170,1.5846272e+05,4.4941212e+01,4.1253950e+03,1.1629764e+01,1.6618230e+05,4.7217445e+01,0,nan,nan,nan,nan,1328.20706,2.5966519e-04,1819.02170,2.2945370e-04,4.7746422e-03,4.3092836e-02
0.48300002305313683,1.0004226415037154,0.0002843705564149263,1915.6000400232565,3.1767618e-03,495462,471.01055,463.91061,1.6410078e+05,4.6611805e+01,3.8366416e+03,1.4230021e+01,1.6988966e+05,4.8291206e+01,0,nan,nan,nan,nan,471.01055,2.6134317e-04,463.91061,2.9635898e-04,1.3614411e-02,9.7675137e-03
0.483129815988832,0.9999204778377295,0.0002820110964949649,1909.4652898161921,3.1461646e-03,491045,471.00213,463.88169,1.6392466e+05,4.6210720e+01,2.5986584e+03,1.3482274e+01,1.6975169e+05,4.7875668e+01,0,nan,nan,nan,nan,471.00213,2.5797903e-04,463.88169,2.9313032e-04,1.8395946e-03,-2.0013323e-02
0.4832111010389323,0.9997743421905481,0.00028212897393607283,1903.3304911012422,3.0670597e-03,486628,470.98827,463.86688,1.6371280e+05,4.6230743e+01,2.7230696e+03,1.3562449e+01,1.6972948e+05,4.7896416e+01,0,nan,nan,nan,nan,470.98827,2.5881123e-04,463.86688,2.9410489e-04,-1.1889004e-02,-3.6434900e-02
0.48331472772474593,0.9992449529306853,0.0002845876871155091,1719.284194727926,-3.0373996e-03,354119,1328.20554,1818.98185,1.5756841e+05,4.4993549e+01,4.6652222e+03,1.1974512e+01,1.6598308e+05,4.7272434e+01,0,nan,nan,nan,nan,1328.20554,2.6145560e-04,1818.98185,2.3262092e-04,2.8238562e-03,-1.8449940e-03
0.48359343463198456,1.0000311306230074,0.00028412176376852393,1713.1495934348332,-2.9191405e-03,349702,1328.20972,1818.98844,1.5836642e+05,4.4926811e+01,4.0870742e+03,1.1635500e+01,1.6613927e+05,4.7202312e+01,0,nan,nan,nan,nan,1328.20972,2.5980515e-04,1818.98844,2.3026933e-04,7.3447581e-03,6.3058971e-03
0.4837274781164066,0.9995330678938671,0.00029224796353271546,1756.093887478318,-3.0500118e-03,380622,1042.61718,1775.56577,1.5909447e+05,4.6499428e+01,6.1381260e+03,1.4519018e+01,1.6650212e+05,4.8682636e+01,0,nan,nan,nan,nan,1042.61718,2.7261506e-04,1775.56577,2.4314418e-04,-7.8830114e-03,3.4499723e-02
0.4839135628931217,1.0000231861738473,0.00029486444000184967,1743.8243135630946,-3.1850047e-03,371788,1042.61793,1775.52323,1.5921666e+05,4.6920540e+01,7.6298120e+03,1.5216220e+01,1.6660083e+05,4.9123520e+01,0,nan,nan,nan,nan,1042.61793,2.7535079e-04,1775.52323,2.4623796e-04,-8.0012064e-03,-1.1127323e-02
0.48423442257217175,1.0001379122656358,0.00028194600451205174,1921.7361544227756,3.1826633e-03,499880,471.02519,463.88795,1.6397544e+05,4.6202442e+01,2.5968391e+03,1.3422235e+01,1.6979739e+05,4.7867092e+01,0,nan,nan,nan,nan,471.02519,2.5930701e-04,463.88795,2.9320247e-04,2.8171517e-02,-1.2886128e-02
0.48423950698429474,1.0000360062679905,0.0002842540970149371,1731.5548795071857,-3.1806135e-03,362954,1328.19861,1819.01462,1.5846297e+05,4.4968822e+01,4.1339497e+03,1.1735974e+01,1.6621805e+05,4.7246456e+01,0,nan,nan,nan,nan,1328.19861,2.5949534e-04,1819.01462,2.2940236e-04,-4.4217957e-03,3.4944966e-02
0.48438891554269503,1.0005748386495998,0.00028438452906169766,1915.601428915746,3.1767660e-03,495463,471.01330,463.89448,1.6412400e+05,4.6614086e+01,3.8426650e+03,1.4227447e+01,1.6991547e+05,4.8293568e+01,0,nan,nan,nan,nan,471.01330,2.6186975e-04,463.89448,2.9609536e-04,1.6780993e-02,-6.6977628e-03
0.48451871802444657,1.0002312367905701,0.00028199236286979737,1909.4666787182277,3.1461783e-03,491046,470.99988,463.87644,1.6397178e+05,4.6207645e+01,2.6165952e+03,1.3432735e+01,1.6980442e+05,4.7872482e+01,0,nan,nan,nan,nan,470.99988,2.5806605e-04,463.87644,2.9317645e-04,-1.8730307e-04,-2.5790807e-02
0.48460001075636683,0.9994542561311082,0.0002821258154734646,1903.3318800109596,3.0670811e-03,486629,470.98392,463.84582,1.6375534e+05,4.6230240e+01,2.7216963e+03,1.3567838e+01,1.6967520e+05,4.7895897e+01,0,nan,nan,nan,nan,470.98392,2.5804018e-04,463.84582,2.9386222e-04,-1.6187519e-02,-6.0012005e-02
0.48470359319185297,1.000018558667715,0.0002845636097191351,1719.285583593393,-3.0374224e-03,354120,1328.20099,1818.98954,1.5771573e+05,4.4989834e+01,4.6557559e+03,1.1920317e+01,1.6611192e+05,4.7268532e+01,0,nan,nan,nan,nan,1328.20099,2.6123875e-04,1818.98954,2.3163340e-04,-2.0622064e-03,7.7241645e-03
0.48498229171718776,0.9999960395597276,0.00028421658179887183,1713.1509822919184,-2.9191717e-03,349703,1328.20903,1818.98940,1.5844722e+05,4.4941895e+01,4.0974492e+03,1.1663940e+01,1.6613378e+05,4.7218163e+01,0,nan,nan,nan,nan,1328.20903,2.5962616e-04,1818.98940,2.2969826e-04,5.9150085e-03,7.6801912e-03
0.485116390128951,0.9998287484543928,0.0002923569073259126,1756.0952763903306,-3.0499881e-03,380623,1042.61736,1775.56707,1.5917147e+05,4.6516731e+01,6.1469390e+03,1.4516298e+01,1.6655127e+05,4.8700752e+01,0,nan,nan,nan,nan,1042.61736,2.7246721e-04,1775.56707,2.4318493e-04,-7.8865988e-03,3.6614291e-02
0.4853024595390707,1.0002568989826175,0.0002948801381090756,1743.8257024597406,-3.1849963e-03,371789,1042.61958,1775.52214,1.5923955e+05,4.6923134e+01,7.6479346e+03,1.5204079e+01,1.6664011e+05,4.9126236e+01,0,nan,nan,nan,nan,1042.61958,2.7539875e-04,1775.52214,2.4590909e-04,-6.0421387e-03,-1.2478182e-02
0.48562330877393833,0.9994879043311741,0.0002817313095308048,1921.7375433089774,3.1826613e-03,499881,471.02317,463.88269,1.6361447e+05,4.6167217e+01,2.5940190e+03,1.3445781e+01,1.6968689e+05,4.7830601e+01,0,nan,nan,nan,nan,471.02317,2.5965550e-04,463.88269,2.9449799e-04,2.5681878e-02,-1.9959431e-02
0.48562838781822426,1.0001691068138527,0.0002840885102274068,1731.5562683880196,-3.1806210e-03,362955,1328.20099,1819.02011,1.5833891e+05,4.4942661e+01,4.1395947e+03,1.1690962e+01,1.6624028e+05,4.7218971e+01,0,nan,nan,nan,nan,1328.20099,2.5997410e-04,1819.02011,2.3055851e-04,-1.2525734e-03,3.9902702e-02
0.48577780803043424,0.9999261059711112,0.00028447063356355724,1915.6028178082338,3.1767702e-03,495464,471.02640,463.90014,1.6407905e+05,4.6628193e+01,3.8743191e+03,1.4250476e+01,1.6980527e+05,4.8308182e+01,0,nan,nan,nan,nan,471.02640,2.6228459e-04,463.90014,2.9608959e-04,3.0693173e-02,-7.9311780e-04
0.4859076200596064,0.9991421299398672,0.0002820440811363344,1909.468067620263,3.1461921e-03,491047,471.00093,463.87276,1.6373188e+05,4.6216106e+01,2.6061040e+03,1.3507210e+01,1.6961950e+05,4.7881252e+01,0,nan,nan,nan,nan,471.00093,2.5824705e-04,463.87276,2.9407328e-04,6.1834941e-04,-3.0091261e-02
0.48598892070776856,0.9997367088565566,0.00028210888582029466,1903.333268920911,3.0671027e-03,486630,470.99101,463.86690,1.6379873e+05,4.6227489e+01,2.7288723e+03,1.3525257e+01,1.6972322e+05,4.7893040e+01,0,nan,nan,nan,nan,470.99101,2.5833285e-04,463.86690,2.9377898e-04,-9.7691538e-03,-3.6928374e-02
0.4860924588911075,1.0006084805212063,0.00028462575302184333,1719.2869724590923,-3.0374450e-03,354121,1328.20498,1818.98086,1.5767012e+05,4.4999752e+01,4.6493301e+03,1.1989698e+01,1.6621027e+05,4.7278954e+01,0,nan,nan,nan,nan,1328.20498,2.6136241e-04,1818.98086,2.3188604e-04,2.2460413e-03,-2.0238860e-03
0.48637114856887853,0.999595555786497,0.00028425053055552367,1713.15237114877,-2.9192031e-03,349704,1328.20468,1818.98058,1.5837544e+05,4.4947369e+01,4.0868601e+03,1.1668185e+01,1.6606762e+05,4.7223911e+01,0,nan,nan,nan,nan,1328.20468,2.5985096e-04,1818.98058,2.3031842e-04,1.7867172e-03,-1.7856347e-03
0.486505302140813,1.000267666748424,0.00029241400548468504,1756.0966653023424,-3.0499643e-03,380624,1042.61568,1775.56514,1.5923414e+05,4.6525784e+01,6.1617856e+03,1.4520357e+01,1.6662425e+05,4.8710228e+01,0,nan,nan,nan,nan,1042.61568,2.7268982e-04,1775.56514,2.4310338e-04,-9.3607372e-03,3.3970937e-02
0.48669135618456494,1.000011139152391,0.0002949519268768725,1743.827091356386,-3.1849879e-03,371790,1042.61838,1775.52604,1.5914944e+05,4.6934654e+01,7.6533804e+03,1.5238724e+01,1.6659950e+05,4.9138294e+01,0,nan,nan,nan,nan,1042.61838,2.7566004e-04,1775.52604,2.4651346e-04,-6.3180649e-03,-8.3529176e-03
0.48701219497525017,1.000197883731785,0.0002820345747179051,1921.7389321951787,3.1826592e-03,499882,471.02070,463.88102,1.6399147e+05,4.6216877e+01,2.5931919e+03,1.3466393e+01,1.6980727e+05,4.7882050e+01,0,nan,nan,nan,nan,471.02070,2.5920046e-04,463.88102,2.9345331e-04,2.3164880e-02,-2.1287998e-02
0.4870172688852108,1.0000255478516824,0.00028401538755697836,1731.5576572690866,-3.1806282e-03,362956,1328.19639,1819.01466,1.5839000e+05,4.4931122e+01,4.1355503e+03,1.1632133e+01,1.6621652e+05,4.7206844e+01,0,nan,nan,nan,nan,1328.19639,2.5952997e-04,1819.01466,2.3009710e-04,-7.7453591e-03,3.4237526e-02
0.48716670028579756,0.9995139458803549,0.00028436838482814815,1915.6042067004892,3.1767741e-03,495465,471.01242,463.88848,1.6403630e+05,4.6611427e+01,3.8402139e+03,1.4256069e+01,1.6973525e+05,4.8290813e+01,0,nan,nan,nan,nan,471.01242,2.6105586e-04,463.88848,2.9666891e-04,1.4441058e-02,-1.3010677e-02
0.48729652209385677,1.0000610269686185,0.00028200634897586455,1909.4694565222972,3.1462058e-03,491048,470.99828,463.88684,1.6394966e+05,4.6209923e+01,2.5996602e+03,1.3433175e+01,1.6977547e+05,4.7874840e+01,0,nan,nan,nan,nan,470.99828,2.5817682e-04,463.88684,2.9319921e-04,-1.8755364e-03,-1.4150311e-02
0.4873778304267944,1.0000822875611433,0.0002822060932187152,1903.33465783063,3.0671242e-03,486631,470.98622,463.86047,1.6384455e+05,4.6243435e+01,2.7320889e+03,1.3536963e+01,1.6978195e+05,4.7909561e+01,0,nan,nan,nan,nan,470.98622,2.5816102e-04,463.86047,2.9381251e-04,-1.4604175e-02,-4.4311121e-02
0.4874813245903621,1.0000202688362227,0.0002846929015515674,1719.2883613247916,-3.0374676e-03,354122,1328.20255,1818.98355,1.5777767e+05,4.5010464e+01,4.6368008e+03,1.1978227e+01,1.6611289e+05,4.7290203e+01,0,nan,nan,nan,nan,1328.20255,2.6124384e-04,1818.98355,2.3146745e-04,-1.0643026e-04,1.4108573e-03
0.48776000565430877,1.0002300133227457,0.00028416758241111363,1713.1537600058555,-2.9192343e-03,349705,1328.20766,1818.99180,1.5833570e+05,4.4934364e+01,4.0810193e+03,1.1642316e+01,1.6617347e+05,4.7210251e+01,0,nan,nan,nan,nan,1328.20766,2.6002026e-04,1818.99180,2.3050768e-04,5.7051326e-03,8.9565748e-03
0.487894214152675,1.0003927289189753,0.00029229634307051925,1756.0980542143543,-3.0499406e-03,380625,1042.61804,1775.56952,1.5916253e+05,4.6507027e+01,6.1536592e+03,1.4495146e+01,1.6664497e+05,4.8690590e+01,0,nan,nan,nan,nan,1042.61804,2.7241791e-04,1775.56952,2.4316035e-04,-7.1599246e-03,3.8656663e-02
0.4880802525976833,1.0004068882880406,0.0002950463746540785,1743.8284802527992,-3.1849798e-03,371791,1042.61182,1775.52187,1.5920138e+05,4.6949783e+01,7.6601216e+03,1.5265015e+01,1.6666578e+05,4.9154133e+01,0,nan,nan,nan,nan,1042.61182,2.7554296e-04,1775.52187,2.4619314e-04,-1.4056060e-02,-1.2831025e-02
0.48840108094395907,1.0000805279183103,0.00028211285796329297,1921.7403210811474,3.1826568e-03,499883,471.02517,463.89021,1.6405420e+05,4.6229668e+01,2.5982959e+03,1.3481611e+01,1.6978720e+05,4.7895298e+01,0,nan,nan,nan,nan,471.02517,2.5853110e-04,463.89021,2.9361062e-04,2.7356125e-02,-1.0886743e-02
0.4884061497184572,1.0003277890196418,0.00028410161123349165,1731.5590461499198,-3.1806356e-03,362957,1328.21055,1819.03440,1.5840800e+05,4.4944778e+01,4.1467749e+03,1.1671945e+01,1.6626683e+05,4.7221195e+01,0,nan,nan,nan,nan,1328.21055,2.5991432e-04,1819.03440,2.2979542e-04,8.2332110e-03,5.6234598e-02
0.4885555927735368,1.000403277063234,0.00028446511947627536,1915.605595592977,3.1767783e-03,495466,471.01452,463.90423,1.6427189e+05,4.6627277e+01,3.8646763e+03,1.4211681e+01,1.6988627e+05,4.8307236e+01,0,nan,nan,nan,nan,471.01452,2.6068289e-04,463.90423,2.9588150e-04,1.6141977e-02,4.1830684e-03
0.48868542412765237,0.9996241760447044,0.00028186982209153674,1909.470845424331,3.1462195e-03,491049,470.99968,463.87941,1.6381992e+05,4.6187538e+01,2.5847632e+03,1.3449116e+01,1.6970127e+05,4.7851650e+01,0,nan,nan,nan,nan,470.99968,2.5816853e-04,463.87941,2.9335835e-04,-1.6702624e-04,-2.2560868e-02
0.4887667403768319,0.9998427201182379,0.00028256615916986337,1903.33604674058,3.0671458e-03,486632,470.98706,463.85795,1.6375656e+05,4.6302452e+01,2.7154875e+03,1.3718639e+01,1.6974134e+05,4.7970703e+01,0,nan,nan,nan,nan,470.98706,2.5865569e-04,463.85795,2.9449459e-04,-1.3306792e-02,-4.7296241e-02
0.48887019029029977,0.9997835483024939,0.00028454071059460335,1719.2897501904915,-3.0374902e-03,354123,1328.21032,1818.98479,1.5761769e+05,4.4986496e+01,4.6427280e+03,1.1945909e+01,1.6607392e+05,4.7265022e+01,0,nan,nan,nan,nan,1328.21032,2.6153913e-04,1818.98479,2.3261696e-04,8.5162688e-03,1.8745853e-04
0.4891488625073638,0.9999321506268805,0.00028416791881560416,1713.1551488627085,-2.9192658e-03,349706,1328.20439,1818.98046,1.5851403e+05,4.4934540e+01,4.0906650e+03,1.1597744e+01,1.6612444e+05,4.7210438e+01,0,nan,nan,nan,nan,1328.20439,2.5941551e-04,1818.98046,2.2963202e-04,1.6572672e-03,-1.8977895e-03
0.48928312616544645,1.000238440041792,0.0002924148294070045,1756.099443126367,-3.0499168e-03,380626,1042.61839,1775.56863,1.5921844e+05,4.6525841e+01,6.1821582e+03,1.4539019e+01,1.6661912e+05,4.8710289e+01,0,nan,nan,nan,nan,1042.61839,2.7232879e-04,1775.56863,2.4307035e-04,-6.7019085e-03,3.7916407e-02
0.4894691492431775,0.9996351582885381,0.00029488514998439133,1743.8298691494447,-3.1849714e-03,371792,1042.61774,1775.52389,1.5914948e+05,4.6924217e+01,7.7006445e+03,1.5232512e+01,1.6653755e+05,4.9127373e+01,0,nan,nan,nan,nan,1042.61774,2.7554014e-04,1775.52389,2.4630627e-04,-6.9573536e-03,-1.0799625e-02
0.4897899671468622,1.0000003098978028,0.00028225803281017967,1921.7417099673503,3.1826547e-03,499884,471.02193,463.88762,1.6396644e+05,4.6253418e+01,2.5898030e+03,1.3554977e+01,1.6977344e+05,4.7919903e+01,0,nan,nan,nan,nan,471.02193,2.5888553e-04,463.88762,2.9378393e-04,2.4717860e-02,-1.4323969e-02
0.4897950307845349,0.9994509415042125,0.0002842651454679804,1731.560435030986,-3.1806428e-03,362958,1328.19480,1819.00896,1.5842923e+05,4.4970661e+01,4.1316108e+03,1.1744063e+01,1.6612112e+05,4.7248386e+01,0,nan,nan,nan,nan,1328.19480,2.5958352e-04,1819.00896,2.2971786e-04,-9.6154520e-03,2.8558370e-02
0.48994448526173073,1.0005311297942652,0.00028437649765613194,1915.606984485465,3.1767825e-03,495467,471.01857,463.90663,1.6428644e+05,4.6612751e+01,3.8483516e+03,1.4155210e+01,1.6990795e+05,4.8292183e+01,0,nan,nan,nan,nan,471.01857,2.6075862e-04,463.90663,2.9568313e-04,2.0867461e-02,5.9275222e-03
0.49007432616144797,1.0002249921329143,0.0002820987798273537,1909.4722343263647,3.1462333e-03,491050,471.00135,463.87354,1.6394592e+05,4.6225044e+01,2.5876416e+03,1.3510733e+01,1.6980323e+05,4.7890507e+01,0,nan,nan,nan,nan,471.00135,2.5812670e-04,463.87354,2.9322357e-04,1.1441810e-03,-2.8688977e-02
0.49015565009449347,1.000763643821003,0.0002823623675147161,1903.3374356502977,3.0671672e-03,486633,470.98568,463.85925,1.6385686e+05,4.6269077e+01,2.7162786e+03,1.3549357e+01,1.6989777e+05,4.7936127e+01,0,nan,nan,nan,nan,470.98568,2.5884874e-04,463.85925,2.9421109e-04,-1.4265303e-02,-4.5318339e-02
0.4902590559904638,1.0000503358141695,0.00028462284722948443,1719.2911390561917,-3.0375128e-03,354124,1328.20035,1818.99093,1.5767389e+05,4.4999573e+01,4.6454731e+03,1.1976974e+01,1.6611858e+05,4.7278763e+01,0,nan,nan,nan,nan,1328.20035,2.6147175e-04,1818.99093,2.3146333e-04,-2.0530859e-03,8.9047384e-03
0.4905377195925663,1.0001247105356268,0.00028431175501252525,1713.1565377197937,-2.9192970e-03,349707,1328.20934,1818.98700,1.5845459e+05,4.4957428e+01,4.1141128e+03,1.1671584e+01,1.6615694e+05,4.7234482e+01,0,nan,nan,nan,nan,1328.20934,2.5998263e-04,1818.98700,2.2984625e-04,7.5828852e-03,5.2553220e-03
0.4906720381779909,1.000014217126174,0.0002924678517502542,1756.1008320383796,-3.0498931e-03,380627,1042.61126,1775.57233,1.5910983e+05,4.6534241e+01,6.1855542e+03,1.4575122e+01,1.6658164e+05,4.8719082e+01,0,nan,nan,nan,nan,1042.61126,2.7273371e-04,1775.57233,2.4346870e-04,-1.3771410e-02,4.0533822e-02
0.4908580458891265,1.000060179698278,0.00029490620477587085,1743.8312580460906,-3.1849630e-03,371793,1042.61406,1775.52279,1.5905844e+05,4.6927670e+01,7.7100308e+03,1.5250166e+01,1.6660870e+05,4.9130985e+01,0,nan,nan,nan,nan,1042.61406,2.7568697e-04,1775.52279,2.4689847e-04,-1.2038991e-02,-1.2260796e-02
0.4911788531167076,0.9993145815100729,0.00028192981042580014,1921.7430988533201,3.1826524e-03,499885,471.03063,463.89767,1.6378450e+05,4.6199585e+01,2.5923765e+03,1.3496973e+01,1.6965688e+05,4.7864136e+01,0,nan,nan,nan,nan,471.03063,2.5921082e-04,463.89767,2.9382831e-04,3.4345884e-02,-2.6780858e-03
0.49118391161846375,0.9995991315325662,0.00028431384435374503,1731.5618239118198,-3.1806503e-03,362959,1328.20216,1819.02424,1.5844067e+05,4.4978374e+01,4.1516943e+03,1.1699752e+01,1.6614577e+05,4.7256489e+01,0,nan,nan,nan,nan,1328.20216,2.5979345e-04,1819.02424,2.2950316e-04,-1.1414050e-03,4.5894604e-02
0.49133337775037944,1.0000175357121943,0.00028424779223747913,1915.6083733779537,3.1767867e-03,495468,471.00787,463.89904,1.6396116e+05,4.6591648e+01,3.8441851e+03,1.4236828e+01,1.6982073e+05,4.8270321e+01,0,nan,nan,nan,nan,471.00787,2.6247173e-04,463.89904,2.9603546e-04,1.1412711e-02,-2.4266674e-03
0.49146322842852896,0.9997037623273783,0.0002819778964076719,1909.4736232286318,3.1462472e-03,491051,471.00126,463.88479,1.6389095e+05,4.6205223e+01,2.6067188e+03,1.3465634e+01,1.6971470e+05,4.7869972e+01,0,nan,nan,nan,nan,471.00126,2.5804510e-04,463.88479,2.9324816e-04,1.1737386e-03,-1.6555017e-02
0.49154456004544045,1.0002793943728563,0.00028225157941256656,1903.3388245602487,3.0671889e-03,486634,470.98436,463.85507,1.6384789e+05,4.6250935e+01,2.7416460e+03,1.3583121e+01,1.6981561e+05,4.7917336e+01,0,nan,nan,nan,nan,470.98436,2.5828349e-04,463.85507,2.9380785e-04,-1.6095903e-02,-5.0007947e-02
0.49164792145688774,0.9998804335721758,0.00028460682602783496,1719.2925279216581,-3.0375356e-03,354125,1328.20621,1818.98622,1.5772038e+05,4.4997131e+01,4.6539990e+03,1.1937592e+01,1.6609070e+05,4.7276199e+01,0,nan,nan,nan,nan,1328.20621,2.6135883e-04,1818.98622,2.3168126e-04,3.8098064e-03,3.9554560e-03
0.4919265764444841,1.000379712409392,0.0002842296940671831,1713.1579265766457,-2.9193284e-03,349708,1328.20385,1818.98687,1.5842720e+05,4.4944599e+01,4.0980269e+03,1.1655630e+01,1.6619986e+05,4.7221004e+01,0,nan,nan,nan,nan,1328.20385,2.5951868e-04,1818.98687,2.2983683e-04,1.3341111e-03,4.8165177e-03
0.4920609504233653,1.0000837103107336,0.0002924139435805348,1756.102220950625,-3.0498691e-03,380628,1042.61775,1775.56190,1.5900659e+05,4.6525623e+01,6.2014360e+03,1.4558260e+01,1.6659309e+05,4.8710064e+01,0,nan,nan,nan,nan,1042.61775,2.7298130e-04,1775.56190,2.4371540e-04,-6.6538192e-03,3.0143000e-02
0.492246942534166,0.9997359157981016,0.0002949159346051269,1743.8326469427357,-3.1849546e-03,371794,1042.61725,1775.53114,1.5912153e+05,4.6929325e+01,7.7097197e+03,1.5235760e+01,1.6655505e+05,4.9132713e+01,0,nan,nan,nan,nan,1042.61725,2.7565219e-04,1775.53114,2.4657178e-04,-7.5818836e-03,-3.0056033e-03
0.4925677393184742,0.9999296486357329,0.00028224797842570136,1921.744487739522,3.1826503e-03,499886,471.02607,463.88373,1.6414858e+05,4.6251690e+01,2.5922476e+03,1.3504777e+01,1.6976116e+05,4.7918114e+01,0,nan,nan,nan,nan,471.02607,2.5858113e-04,463.88373,2.9298011e-04,2.8006058e-02,-1.7589428e-02
0.4925727926854503,1.000272915389712,0.0002841956654541246,1731.5632127928868,-3.1806575e-03,362960,1328.20502,1819.02840,1.5854431e+05,4.4959671e+01,4.1384570e+03,1.1666904e+01,1.6625775e+05,4.7236839e+01,0,nan,nan,nan,nan,1328.20502,2.5960253e-04,1819.02840,2.2924576e-04,2.1511614e-03,4.9789056e-02
0.4927222702394829,0.9997552907028666,0.0002844713744505753,1915.6097622704428,3.1767909e-03,495469,471.00871,463.89714,1.6413422e+05,4.6628300e+01,3.8668892e+03,1.4272600e+01,1.6977620e+05,4.8308292e+01,0,nan,nan,nan,nan,471.00871,2.6087323e-04,463.89714,2.9584279e-04,1.0500648e-02,-3.8245586e-03
0.4928521304636888,1.0002590122267856,0.0002820229472691955,1909.475012130667,3.1462610e-03,491052,471.00213,463.88206,1.6397602e+05,4.6212593e+01,2.5994336e+03,1.3454488e+01,1.6980892e+05,4.7877609e+01,0,nan,nan,nan,nan,471.00213,2.5798901e-04,463.88206,2.9306291e-04,2.3023167e-03,-1.9633720e-02
0.49293346976401153,0.9997159671045409,0.00028219769878478365,1903.3402134699672,3.0672103e-03,486635,470.99611,463.85981,1.6384145e+05,4.6242130e+01,2.7221433e+03,1.3568196e+01,1.6972003e+05,4.7908211e+01,0,nan,nan,nan,nan,470.99611,2.5851963e-04,463.85981,2.9344257e-04,-4.6057268e-03,-4.5103498e-02
0.49303678715614296,0.9998710098227883,0.00028442459058963804,1719.2939167873574,-3.0375582e-03,354126,1328.21009,1818.97839,1.5750638e+05,4.4968418e+01,4.6315586e+03,1.1949132e+01,1.6608948e+05,4.7246029e+01,0,nan,nan,nan,nan,1328.21009,2.6175199e-04,1818.97839,2.3254479e-04,8.3361398e-03,-5.2322168e-03
0.49331543352900553,1.0000283736430586,0.00028396064938968735,1713.1593154337302,-2.9193596e-03,349709,1328.20673,1818.98717,1.5817083e+05,4.4902218e+01,4.0962749e+03,1.1632416e+01,1.6614209e+05,4.7176476e+01,0,nan,nan,nan,nan,1328.20673,2.6000445e-04,1818.98717,2.3110399e-04,4.6636225e-03,3.7197042e-03
0.49344986243613675,0.99987718950444,0.0002925755245171905,1756.1036098626378,-3.0498453e-03,380629,1042.61296,1775.56662,1.5909148e+05,4.6551292e+01,6.1931108e+03,1.4581964e+01,1.6655855e+05,4.8736938e+01,0,nan,nan,nan,nan,1042.61296,2.7296721e-04,1775.56662,2.4374841e-04,-1.2082343e-02,3.4999609e-02
0.49363583894637486,1.0003016369146949,0.0002950023539752246,1743.8340358391479,-3.1849465e-03,371795,1042.61928,1775.51396,1.5913555e+05,4.6943172e+01,7.7230264e+03,1.5279211e+01,1.6664966e+05,4.9147213e+01,0,nan,nan,nan,nan,1042.61928,2.7578577e-04,1775.51396,2.4627207e-04,-6.3975668e-03,-2.0104364e-02
0.4939566252869554,0.999568281692244,0.00028220644816893465,1921.7458766254904,3.1826480e-03,499887,471.02141,463.88572,1.6393148e+05,4.6244843e+01,2.6112036e+03,1.3535519e+01,1.6969966e+05,4.7911022e+01,0,nan,nan,nan,nan,471.02141,2.5884435e-04,463.88572,2.9379348e-04,2.3341501e-02,-1.5598743e-02
0.4939616735200616,1.0003373817793773,0.00028420379202134506,1731.5646016737214,-3.1806650e-03,362961,1328.20468,1819.02266,1.5851261e+05,4.4960945e+01,4.1550635e+03,1.1688717e+01,1.6626842e+05,4.7238178e+01,0,nan,nan,nan,nan,1328.20468,2.5991927e-04,1819.02266,2.2976940e-04,2.1602130e-03,4.3036453e-02
0.49411116249530096,1.0003612460186417,0.00028446897392532934,1915.6111511626987,3.1767949e-03,495470,471.01222,463.88847,1.6422522e+05,4.6627911e+01,3.8443247e+03,1.4234133e+01,1.6987911e+05,4.8307888e+01,0,nan,nan,nan,nan,471.01222,2.6085749e-04,463.88847,2.9603357e-04,1.4518037e-02,-1.3884573e-02
0.4942410324993034,1.000222457636781,0.0002820894875553624,1909.4764010327026,3.1462747e-03,491053,470.99519,463.87145,1.6394877e+05,4.6223484e+01,2.5933994e+03,1.3499280e+01,1.6980266e+05,4.7888893e+01,0,nan,nan,nan,nan,470.99519,2.5798994e-04,463.87145,2.9327159e-04,-5.1609837e-03,-3.1247141e-02
0.4943223797149585,1.0000682444924203,0.00028222276163868457,1903.3416023799182,3.0672320e-03,486636,470.98951,463.86548,1.6379030e+05,4.6246254e+01,2.7323970e+03,1.3585851e+01,1.6977991e+05,4.7912483e+01,0,nan,nan,nan,nan,470.98951,2.5890084e-04,463.86548,2.9382241e-04,-1.0302692e-02,-3.8812838e-02
0.49442565285676177,1.0000629590074752,0.00028457731061413993,1719.295305653058,-3.0375808e-03,354127,1328.20051,1818.98899,1.5769389e+05,4.4992657e+01,4.6410259e+03,1.1946303e+01,1.6612172e+05,4.7271496e+01,0,nan,nan,nan,nan,1328.20051,2.6140382e-04,1818.98899,2.3160240e-04,-2.3398916e-03,7.0988205e-03
0.4947042903813781,1.0001335816611052,0.0002842397080959012,1713.1607042905825,-2.9193910e-03,349710,1328.20897,1818.98373,1.5839155e+05,4.4946522e+01,4.0933079e+03,1.1672155e+01,1.6616020e+05,4.7223022e+01,0,nan,nan,nan,nan,1328.20897,2.6004080e-04,1818.98373,2.2973906e-04,7.4168351e-03,1.4840770e-03
0.4948387744484535,0.9999651007818874,0.000292415567780956,1756.10499877465,-3.0498216e-03,380630,1042.60559,1775.56575,1.5909039e+05,4.6525799e+01,6.2125117e+03,1.4567066e+01,1.6657303e+05,4.8710247e+01,0,nan,nan,nan,nan,1042.60559,2.7277437e-04,1775.56575,2.4346770e-04,-1.9896243e-02,3.4309451e-02
0.49502473559232385,0.9993238878230588,0.0002950523093887394,1743.8354247357938,-3.1849381e-03,371796,1042.61491,1775.52933,1.5915681e+05,4.6951225e+01,7.7256748e+03,1.5265446e+01,1.6648712e+05,4.9155643e+01,0,nan,nan,nan,nan,1042.61491,2.7610824e-04,1775.52933,2.4627335e-04,-1.1005512e-02,-4.7845379e-03
0.49534551148872197,1.0003720894830357,0.00028224400653800464,1921.7472655116921,3.1826459e-03,499888,471.02611,463.88202,1.6411908e+05,4.6250961e+01,2.5947056e+03,1.3484529e+01,1.6983597e+05,4.7917358e+01,0,nan,nan,nan,nan,471.02611,2.5898765e-04,463.88202,2.9339679e-04,2.8502470e-02,-1.9608844e-02
0.49535055458750354,1.0002253177259863,0.0002841819477037303,1731.5659905547889,-3.1806722e-03,362962,1328.19600,1819.01545,1.5851655e+05,4.4957470e+01,4.1446294e+03,1.1674793e+01,1.6624973e+05,4.7234528e+01,0,nan,nan,nan,nan,1328.19600,2.5943966e-04,1819.01545,2.2942104e-04,-7.4726627e-03,3.6023039e-02
0.4955000549830402,1.0001594691313072,0.0002841316936695414,1915.6125400551864,3.1767990e-03,495471,471.01482,463.89879,1.6365592e+05,4.6572624e+01,3.8625686e+03,1.4266046e+01,1.6984486e+05,4.8250614e+01,0,nan,nan,nan,nan,471.01482,2.6272293e-04,463.89879,2.9750043e-04,1.8500008e-02,-2.5664459e-03
0.495629934533099,0.9998004955605053,0.000282169366564504,1909.4777899347364,3.1462885e-03,491054,471.00105,463.87696,1.6386480e+05,4.6236561e+01,2.6126816e+03,1.3533373e+01,1.6973097e+05,4.7902439e+01,0,nan,nan,nan,nan,471.00105,2.5846696e-04,463.87696,2.9367179e-04,7.3157338e-04,-2.5665639e-02
0.4957112894323924,0.9995632875827105,0.0002823224596952676,1903.3429912896356,3.0672534e-03,486637,470.98505,463.85881,1.6368334e+05,4.6262608e+01,2.7318623e+03,1.3644204e+01,1.6969425e+05,4.7929428e+01,0,nan,nan,nan,nan,470.98505,2.5864373e-04,463.85881,2.9434712e-04,-1.5521009e-02,-4.5101412e-02
0.49581451855760894,0.999930653794644,0.00028468671381339254,1719.2966945187588,-3.0376033e-03,354128,1328.20742,1818.99227,1.5773933e+05,4.5010048e+01,4.6236240e+03,1.1944273e+01,1.6610009e+05,4.7289768e+01,0,nan,nan,nan,nan,1328.20742,2.6168866e-04,1818.99227,2.3146151e-04,5.5357111e-03,1.0486340e-02
0.4960931474665813,1.0004485599184327,0.00028411731035538664,1713.1620931476677,-2.9194222e-03,349711,1328.20359,1818.98243,1.5828125e+05,4.4927353e+01,4.1052383e+03,1.1642689e+01,1.6621323e+05,4.7202885e+01,0,nan,nan,nan,nan,1328.20359,2.5991394e-04,1818.98243,2.3123116e-04,6.7969167e-04,-2.2794064e-03
0.49622768646122495,0.9997769383133236,0.00029236325836467917,1756.1063876866629,-3.0497978e-03,380631,1042.61562,1775.56451,1.5907459e+05,4.6517437e+01,6.2205415e+03,1.4539270e+01,1.6654153e+05,4.8701488e+01,0,nan,nan,nan,nan,1042.61562,2.7290243e-04,1775.56451,2.4328145e-04,-9.7975191e-03,3.3193830e-02
0.4964136322378181,0.9997424988828242,0.0002950586726009976,1743.8368136324393,-3.1849297e-03,371797,1042.61582,1775.52385,1.5910420e+05,4.6952335e+01,7.7600732e+03,1.5306910e+01,1.6655723e+05,4.9156811e+01,0,nan,nan,nan,nan,1042.61582,2.7559799e-04,1775.52385,2.4635746e-04,-8.7897955e-03,-1.0190932e-02
0.49673439745720316,1.0002280778087766,0.0002820049426549996,1921.7486543976606,3.1826436e-03,499889,471.02829,463.88688,1.6405978e+05,4.6211746e+01,2.6031768e+03,1.3425453e+01,1.6981139e+05,4.7876732e+01,0,nan,nan,nan,nan,471.02829,2.5899132e-04,463.88688,2.9332796e-04,3.1229781e-02,-1.5286450e-02
0.49673943542074994,0.9997069930017033,0.00028415622915276754,1731.5673794356221,-3.1806796e-03,362963,1328.20081,1819.01909,1.5836845e+05,4.4953381e+01,4.1476709e+03,1.1674467e+01,1.6616347e+05,4.7230228e+01,0,nan,nan,nan,nan,1328.20081,2.6021377e-04,1819.01909,2.2981942e-04,-1.8902364e-03,3.9324634e-02
0.49688894747123413,0.9998616337359915,0.0002842705547196551,1915.6139289476746,3.1768032e-03,495472,471.01929,463.90434,1.6399261e+05,4.6595394e+01,3.8620376e+03,1.4216999e+01,1.6979431e+05,4.8274200e+01,0,nan,nan,nan,nan,471.01929,2.6127908e-04,463.90434,2.9647411e-04,2.2164831e-02,4.3097655e-03
0.49701883656734935,0.9999379500759794,0.0002820847206253292,1909.4791788367706,3.1463022e-03,491055,471.00083,463.88893,1.6397958e+05,4.6222668e+01,2.6052375e+03,1.3501092e+01,1.6975425e+05,4.7888050e+01,0,nan,nan,nan,nan,471.00083,2.5800816e-04,463.88893,2.9293579e-04,4.8546502e-04,-1.1175000e-02
0.4971001993826576,0.9996042332855676,0.0002822603351892006,1903.3443801995859,3.0672750e-03,486638,470.98689,463.85365,1.6375167e+05,4.6252453e+01,2.7252751e+03,1.3574052e+01,1.6970128e+05,4.7918903e+01,0,nan,nan,nan,nan,470.98689,2.5866050e-04,463.85365,2.9407570e-04,-1.3853708e-02,-5.1772326e-02
0.49720338402471465,1.00017552432647,0.000284575731293338,1719.298083384226,-3.0376262e-03,354129,1328.19875,1818.98040,1.5767312e+05,4.4992599e+01,4.6371641e+03,1.1965991e+01,1.6614112e+05,4.7271435e+01,0,nan,nan,nan,nan,1328.19875,2.6106244e-04,1818.98040,2.3192925e-04,-4.1477070e-03,-3.0608468e-03
0.49748200431827205,1.000067184693637,0.0002842266175479078,1713.1634820045194,-2.9194537e-03,349712,1328.20491,1818.98821,1.5842042e+05,4.4944836e+01,4.0882632e+03,1.1694117e+01,1.6615061e+05,4.7221252e+01,0,nan,nan,nan,nan,1328.20491,2.5959453e-04,1818.98821,2.2987764e-04,1.6391092e-03,6.2886639e-03
0.4976165984737694,1.0000084784458179,0.000292392058004148,1756.1077765986754,-3.0497741e-03,380632,1042.61463,1775.56341,1.5908153e+05,4.6521973e+01,6.2131772e+03,1.4528992e+01,1.6657994e+05,4.8706238e+01,0,nan,nan,nan,nan,1042.61463,2.7285409e-04,1775.56341,2.4345196e-04,-1.0413798e-02,3.1926837e-02
0.4978025288837671,1.0003323395501307,0.000295144168689182,1743.8382025290853,-3.1849213e-03,371798,1042.61857,1775.52223,1.5922491e+05,4.6966049e+01,7.7675820e+03,1.5273695e+01,1.6665588e+05,4.9171165e+01,0,nan,nan,nan,nan,1042.61857,2.7557911e-04,1775.52223,2.4638796e-04,-6.9458783e-03,-1.2475763e-02
0.4981232836594245,0.9998685571056221,0.0002822218410995453,1921.7500432838629,3.1826415e-03,499890,471.02231,463.89458,1.6402319e+05,4.6247246e+01,2.5853047e+03,1.3566363e+01,1.6975020e+05,4.7913513e+01,0,nan,nan,nan,nan,471.02231,2.5883986e-04,463.89458,2.9351204e-04,2.5036642e-02,-5.8140876e-03
0.498128316486827,1.0000074761374167,0.0002841743188457459,1731.5687683166882,-3.1806869e-03,362964,1328.19915,1819.01899,1.5843797e+05,4.4956203e+01,4.1498428e+03,1.1677090e+01,1.6621328e+05,4.7233196e+01,0,nan,nan,nan,nan,1328.19915,2.5960905e-04,1819.01899,2.2978593e-04,-3.9144815e-03,3.9115179e-02
0.49827783995897335,0.9995726333463237,0.0002842917758104073,1915.6153178401623,3.1768074e-03,495473,471.01591,463.89532,1.6406662e+05,4.6598877e+01,3.8517139e+03,1.4214840e+01,1.6974527e+05,4.8277813e+01,0,nan,nan,nan,nan,471.01591,2.6099433e-04,463.89532,2.9634705e-04,1.8578105e-02,-5.1446510e-03
0.49840773860114496,1.000606921138763,0.00028214080028616194,1909.4805677388044,3.1463159e-03,491056,470.99926,463.87250,1.6407394e+05,4.6231846e+01,2.6032500e+03,1.3475974e+01,1.6986777e+05,4.7897556e+01,0,nan,nan,nan,nan,470.99926,2.5792388e-04,463.87250,2.9298975e-04,-8.7039184e-04,-2.9827150e-02
0.49848910910077393,0.9997335240991825,0.0002820555134176176,1903.345769109304,3.0672965e-03,486639,470.98583,463.85575,1.6376233e+05,4.6218906e+01,2.7161282e+03,1.3528010e+01,1.6972330e+05,4.7884151e+01,0,nan,nan,nan,nan,470.98583,2.5827435e-04,463.85575,2.9392951e-04,-1.4491816e-02,-4.9325075e-02
0.49859224972396987,0.9996527258827878,0.00028454741564515676,1719.2994722499252,-3.0376487e-03,354130,1328.20743,1818.98331,1.5768588e+05,4.4988216e+01,4.6298452e+03,1.1926970e+01,1.6605462e+05,4.7266830e+01,0,nan,nan,nan,nan,1328.20743,2.6153630e-04,1818.98331,2.3169743e-04,5.5052647e-03,7.9247932e-04
0.4988708614030205,1.0000345696048034,0.0002840964332110142,1713.1648708616042,-2.9194849e-03,349713,1328.20432,1818.98675,1.5845920e+05,4.4924458e+01,4.0814253e+03,1.1605899e+01,1.6614597e+05,4.7199844e+01,0,nan,nan,nan,nan,1328.20432,2.5945104e-04,1818.98675,2.2978090e-04,2.2271725e-03,4.2466251e-03
0.4990055107191438,1.00013343452555,0.00029246701862874127,1756.1091655109208,-3.0497501e-03,380633,1042.61087,1775.56632,1.5922717e+05,4.6533855e+01,6.2156646e+03,1.4536843e+01,1.6660059e+05,4.8718678e+01,0,nan,nan,nan,nan,1042.61087,2.7262198e-04,1775.56632,2.4319417e-04,-1.4777905e-02,3.5382118e-02
0.4991914252968854,1.00062946039858,0.00029498115326939694,1743.8395914254984,-3.1849132e-03,371799,1042.61739,1775.51787,1.5918964e+05,4.6940216e+01,7.7564033e+03,1.5246537e+01,1.6670575e+05,4.9144119e+01,0,nan,nan,nan,nan,1042.61739,2.7565239e-04,1775.51787,2.4671701e-04,-8.1110727e-03,-1.7160617e-02
0.4995121696288152,1.0000611325186457,0.00028194813719571173,1921.7514321698322,3.1826391e-03,499891,471.02238,463.88168,1.6397288e+05,4.6202358e+01,2.5831804e+03,1.3430841e+01,1.6978275e+05,4.7867004e+01,0,nan,nan,nan,nan,471.02238,2.5889129e-04,463.88168,2.9368864e-04,2.4601467e-02,-2.0630410e-02
0.49951719732098354,0.9998716838440562,0.0002841962182125232,1731.5701571975223,-3.1806943e-03,362965,1328.20101,1819.01964,1.5851844e+05,4.4959621e+01,4.1564185e+03,1.1670045e+01,1.6619055e+05,4.7236786e+01,0,nan,nan,nan,nan,1328.20101,2.5951298e-04,1819.01964,2.2917180e-04,-2.3054138e-03,4.0879570e-02
0.4996667322147914,0.999968441161861,0.0002846478800641091,1915.6167067324182,3.1768114e-03,495474,471.01563,463.88888,1.6426945e+05,4.6657261e+01,3.8501328e+03,1.4318947e+01,1.6981252e+05,4.8338299e+01,0,nan,nan,nan,nan,471.01563,2.6062486e-04,463.88888,2.9580717e-04,1.6882595e-02,-1.1768443e-02
0.4997966406365325,0.9998202258050843,0.000282059020224234,1909.4819566408398,3.1463297e-03,491057,471.00311,463.88188,1.6390772e+05,4.6218426e+01,2.5945195e+03,1.3499969e+01,1.6973414e+05,4.7883652e+01,0,nan,nan,nan,nan,471.00311,2.5844219e-04,463.88188,2.9326120e-04,2.9056668e-03,-1.9283004e-02
0.4998780190517209,0.9998619737873475,0.0002821149181245445,1903.347158019255,3.0673181e-03,486640,470.98581,463.86168,1.6383116e+05,4.6228661e+01,2.7228059e+03,1.3527139e+01,1.6974519e+05,4.7894257e+01,0,nan,nan,nan,nan,470.98581,2.5819670e-04,463.86168,2.9369304e-04,-1.4955133e-02,-4.3010257e-02
0.4999811154232251,1.0005821325549138,0.0002846725294226773,1719.3008611156245,-3.0376713e-03,354131,1328.20130,1818.98227,1.5788431e+05,4.5008091e+01,4.6327241e+03,1.1930773e+01,1.6620938e+05,4.7287712e+01,0,nan,nan,nan,nan,1328.20130,2.6099378e-04,1818.98227,2.3137974e-04,-1.3340641e-03,-3.4315995e-04
0.5002597184889055,1.0003679895288013,0.00028428904334433747,1713.16625971869,-2.9195161e-03,349714,1328.20358,1818.98331,1.5850220e+05,4.4955143e+01,4.0764504e+03,1.1664858e+01,1.6620220e+05,4.7232082e+01,0,nan,nan,nan,nan,1328.20358,2.5956533e-04,1818.98331,2.2984784e-04,3.0566927e-04,9.8620192e-04
0.5003944227319153,1.000117896492325,0.00029239657904196417,1756.1105544229335,-3.0497264e-03,380634,1042.62182,1775.58105,1.5911912e+05,4.6522598e+01,6.2050073e+03,1.4537814e+01,1.6659783e+05,4.8706894e+01,0,nan,nan,nan,nan,1042.62182,2.7270167e-04,1775.58105,2.4335540e-04,-2.5604514e-03,5.0789934e-02
0.5005803219423797,1.0000247614438778,0.00029539494742773987,1743.8409803221439,-3.1849048e-03,371800,1042.61460,1775.52611,1.5914356e+05,4.7006168e+01,7.7621470e+03,1.5372539e+01,1.6660538e+05,4.9213169e+01,0,nan,nan,nan,nan,1042.61460,2.7610231e-04,1775.52611,2.4688002e-04,-1.0452493e-02,-7.7208970e-03
0.5009010558310365,0.9995044049361993,0.000281890159906238,1921.7528210560345,3.1826370e-03,499892,471.02587,463.88667,1.6385208e+05,4.6192818e+01,2.5907998e+03,1.3448226e+01,1.6968809e+05,4.7857121e+01,0,nan,nan,nan,nan,471.02587,2.5915715e-04,463.88667,2.9336411e-04,2.8506367e-02,-1.4695837e-02
0.500906078387743,1.0001020329988863,0.0002842507878352133,1731.571546078589,-3.1807015e-03,362966,1328.20978,1819.02409,1.5847428e+05,4.4968201e+01,4.1572988e+03,1.1676600e+01,1.6622864e+05,4.7245800e+01,0,nan,nan,nan,nan,1328.20978,2.5989977e-04,1819.02409,2.2991089e-04,7.1183890e-03,4.5197967e-02
0.5010556247043496,0.9999893814412633,0.00028447354335946575,1915.6180956249077,3.1768156e-03,495475,471.01408,463.90041,1.6422244e+05,4.6628696e+01,3.8489602e+03,1.4240620e+01,1.6981612e+05,4.8308704e+01,0,nan,nan,nan,nan,471.01408,2.6068493e-04,463.90041,2.9581779e-04,1.5494240e-02,-5.1124225e-04
0.5011855426719194,0.9999063009046204,0.00028196848470117845,1909.4833455428752,3.1463434e-03,491058,470.99980,463.87871,1.6393045e+05,4.6203571e+01,2.6038799e+03,1.3438400e+01,1.6974869e+05,4.7868263e+01,0,nan,nan,nan,nan,470.99980,2.5796451e-04,463.87871,2.9328495e-04,-9.9778443e-04,-2.3128925e-02
0.5012669287698373,0.9992344800516526,0.000282013897942969,1903.348546928973,3.0673395e-03,486641,470.99050,463.86436,1.6378545e+05,4.6212132e+01,2.7290720e+03,1.3489340e+01,1.6963873e+05,4.7877132e+01,0,nan,nan,nan,nan,470.99050,2.5825214e-04,463.86436,2.9374540e-04,-1.0643183e-02,-3.9870817e-02
0.5013699811231614,0.9999370466864138,0.00028471005190066663,1719.3022499813244,-3.0376939e-03,354132,1328.20238,1818.98526,1.5777519e+05,4.5014122e+01,4.6185732e+03,1.1984398e+01,1.6610256e+05,4.7294048e+01,0,nan,nan,nan,nan,1328.20238,2.6132815e-04,1818.98526,2.3137276e-04,7.3176270e-05,2.9083665e-03
0.5016485753419598,0.9998473367211109,0.00028423770742070384,1713.1676485755431,-2.9195475e-03,349715,1328.20843,1818.98891,1.5843084e+05,4.4947266e+01,4.0892505e+03,1.1653475e+01,1.6611658e+05,4.7223804e+01,0,nan,nan,nan,nan,1328.20843,2.5963172e-04,1818.98891,2.2988601e-04,5.7544322e-03,7.0596351e-03
0.501783334744232,1.0002478039362361,0.0002925206784302157,1756.1119433349459,-3.0497026e-03,380635,1042.60801,1775.55483,1.5915698e+05,4.6542297e+01,6.2247407e+03,1.4551029e+01,1.6661930e+05,4.8727516e+01,0,nan,nan,nan,nan,1042.60801,2.7295275e-04,1775.55483,2.4338129e-04,-1.6968286e-02,2.3229199e-02
0.5019692185883287,1.000071925181802,0.0002951750076576564,1743.8423692187898,-3.1848964e-03,371801,1042.61581,1775.52338,1.5917425e+05,4.6971275e+01,7.7750684e+03,1.5314973e+01,1.6661361e+05,4.9176636e+01,0,nan,nan,nan,nan,1042.61581,2.7609381e-04,1775.52338,2.4628287e-04,-9.6283909e-03,-1.0926503e-02
0.5022899418004272,0.9994631114731267,0.0002819336860499794,1921.7542099420039,3.1826347e-03,499893,471.02528,463.88575,1.6389361e+05,4.6199909e+01,2.5922375e+03,1.3444686e+01,1.6968094e+05,4.7864468e+01,0,nan,nan,nan,nan,471.02528,2.5876585e-04,463.88575,2.9367892e-04,2.7017016e-02,-1.6056301e-02
0.5022949592216719,0.9999639204466275,0.00028430533108441205,1731.572934959423,-3.1807090e-03,362967,1328.19783,1819.02213,1.5854470e+05,4.4976765e+01,4.1630303e+03,1.1704017e+01,1.6620545e+05,4.7254799e+01,0,nan,nan,nan,nan,1328.19783,2.5948763e-04,1819.02213,2.2919335e-04,-5.6246542e-03,4.3509297e-02
0.5024445171929983,1.0003895617365184,0.00028479426180918083,1915.6194845173964,3.1768198e-03,495476,471.01780,463.90485,1.6439012e+05,4.6681282e+01,3.8686721e+03,1.4283368e+01,1.6988412e+05,4.8363186e+01,0,nan,nan,nan,nan,471.01780,2.6066418e-04,463.90485,2.9579611e-04,1.9409161e-02,4.7281999e-03
0.502574444705715,0.9999752308229068,0.0002820669112325591,1909.484734444909,3.1463571e-03,491059,470.99795,463.87482,1.6397995e+05,4.6219677e+01,2.6021914e+03,1.3468619e+01,1.6976031e+05,4.7884953e+01,0,nan,nan,nan,nan,470.99795,2.5813354e-04,463.87482,2.9306611e-04,-2.4446854e-03,-2.7029237e-02
0.5026558387207842,0.999940422399855,0.0002822204773359699,1903.349935838924,3.0673612e-03,486642,470.98536,463.85945,1.6387730e+05,4.6246002e+01,2.7278464e+03,1.3576388e+01,1.6975866e+05,4.7912224e+01,0,nan,nan,nan,nan,470.98536,2.5801663e-04,463.85945,2.9359944e-04,-1.5875105e-02,-4.4988174e-02
0.5027588468233262,1.0000109617637107,0.0002846760513815729,1719.3036388470246,-3.0377165e-03,354133,1328.20231,1818.98551,1.5780427e+05,4.5008846e+01,4.6112207e+03,1.1947330e+01,1.6611520e+05,4.7288502e+01,0,nan,nan,nan,nan,1328.20231,2.6127740e-04,1818.98551,2.3139174e-04,-4.5248237e-04,2.9656754e-03
0.5030374324271637,1.000342271203345,0.0002843133798533451,1713.1690374326283,-2.9195787e-03,349716,1328.20671,1818.98759,1.5850666e+05,4.4959484e+01,4.0795698e+03,1.1703057e+01,1.6619973e+05,4.7236645e+01,0,nan,nan,nan,nan,1328.20671,2.5953093e-04,1818.98759,2.2945412e-04,4.0222877e-03,6.4082826e-03
0.5031722467570034,1.0002691605404876,0.00029253886545996054,1756.1133322469586,-3.0496789e-03,380636,1042.61528,1775.56678,1.5922756e+05,4.6545139e+01,6.2396558e+03,1.4569486e+01,1.6662267e+05,4.8730488e+01,0,nan,nan,nan,nan,1042.61528,2.7266593e-04,1775.56678,2.4308568e-04,-1.0295616e-02,3.6000900e-02
0.5033581152340506,0.9998292330376983,0.0002951496507387324,1743.8437581154355,-3.1848880e-03,371802,1042.61545,1775.52472,1.5924136e+05,4.6967350e+01,7.7684917e+03,1.5291533e+01,1.6657356e+05,4.9172527e+01,0,nan,nan,nan,nan,1042.61545,2.7552247e-04,1775.52472,2.4636864e-04,-9.7722653e-03,-9.4904527e-03
0.503678828001739,1.000660149644162,0.0002821177512555183,1921.7555988282052,3.1826326e-03,499894,471.02662,463.88902,1.6410772e+05,4.6230038e+01,2.5806670e+03,1.3445718e+01,1.6988402e+05,4.7895679e+01,0,nan,nan,nan,nan,471.02662,2.5873102e-04,463.88902,2.9336993e-04,2.9148974e-02,-1.1888933e-02
0.5036838402886591,0.9996731477396532,0.0002842226546934222,1731.57432384049,-3.1807162e-03,362968,1328.20841,1819.02894,1.5847395e+05,4.4963612e+01,4.1615562e+03,1.1716599e+01,1.6615684e+05,4.7240978e+01,0,nan,nan,nan,nan,1328.20841,2.5976493e-04,1819.02894,2.2911098e-04,5.7550184e-03,5.1100612e-02
0.5038334096807375,0.9998573814160034,0.0002844079821593701,1915.620873409884,3.1768240e-03,495477,471.01973,463.90146,1.6416383e+05,4.6617985e+01,3.8696021e+03,1.4234243e+01,1.6979383e+05,4.8297607e+01,0,nan,nan,nan,nan,471.01973,2.6088933e-04,463.90146,2.9594207e-04,2.2411218e-02,1.4243065e-03
0.5039633467399653,1.0000037651183173,0.0002819971454206568,1909.4861233469433,3.1463709e-03,491060,470.99920,463.87999,1.6390717e+05,4.6208233e+01,2.5908037e+03,1.3474701e+01,1.6976508e+05,4.7873089e+01,0,nan,nan,nan,nan,470.99920,2.5800557e-04,463.87999,2.9340215e-04,-1.3633092e-03,-2.1448208e-02
0.5040447484379911,1.0001848674909877,0.00028230796758500494,1903.3513247486412,3.0673826e-03,486643,470.98452,463.85041,1.6389589e+05,4.6260357e+01,2.7396775e+03,1.3582374e+01,1.6980023e+05,4.7927097e+01,0,nan,nan,nan,nan,470.98452,2.5796855e-04,463.85041,2.9377264e-04,-1.6216202e-02,-5.4954514e-02
0.5041477125225814,1.0003269585027956,0.00028461063966092257,1719.3050277127238,-3.0377391e-03,354134,1328.20474,1818.98215,1.5781439e+05,4.4998600e+01,4.6135234e+03,1.1914933e+01,1.6616806e+05,4.7277740e+01,0,nan,nan,nan,nan,1328.20474,2.6123872e-04,1818.98215,2.3140205e-04,1.8612740e-03,-4.8702510e-04
0.5044262895119122,0.9999022473227294,0.0002842626549040959,1713.170426289713,-2.9196099e-03,349717,1328.20214,1818.98574,1.5845230e+05,4.4951729e+01,4.0856018e+03,1.1690416e+01,1.6612762e+05,4.7228497e+01,0,nan,nan,nan,nan,1328.20214,2.5945355e-04,1818.98574,2.2959529e-04,-1.5679350e-03,4.2373282e-03
0.5045611590026056,1.0000918572503128,0.0002924826545770318,1756.1147211592042,-3.0496549e-03,380637,1042.61265,1775.55990,1.5908773e+05,4.6536140e+01,6.2273662e+03,1.4587879e+01,1.6659295e+05,4.8721073e+01,0,nan,nan,nan,nan,1042.61265,2.7293936e-04,1775.55990,2.4342394e-04,-1.2578808e-02,2.8911417e-02
0.5047470118797719,1.0001298310996702,0.00029505710596397944,1743.8451470120813,-3.1848797e-03,371803,1042.61509,1775.52994,1.5910588e+05,4.6952736e+01,7.8021792e+03,1.5273688e+01,1.6662405e+05,4.9157227e+01,0,nan,nan,nan,nan,1042.61509,2.7586418e-04,1775.52994,2.4680814e-04,-1.0304034e-02,-4.5913626e-03
0.5050677139711297,1.0013343051992598,0.000282316866747965,1921.7569877141746,3.1826303e-03,499895,471.02604,463.88985,1.6411084e+05,4.6262619e+01,2.5870874e+03,1.3510769e+01,1.6999831e+05,4.7929440e+01,0,nan,nan,nan,nan,471.02604,2.5877368e-04,463.88985,2.9441324e-04,2.7983172e-02,-1.0739392e-02
0.5050727211219055,0.999993171581414,0.00028420017492543126,1731.5757127213233,-3.1807236e-03,362969,1328.19994,1819.01572,1.5849112e+05,4.4959976e+01,4.1511055e+03,1.1679628e+01,1.6620972e+05,4.7237156e+01,0,nan,nan,nan,nan,1328.19994,2.5963836e-04,1819.01572,2.2954663e-04,-3.0524174e-03,3.5542138e-02
0.5052223019356461,0.9996914459573394,0.0002843132233144635,1915.622262302139,3.1768279e-03,495478,471.01899,463.89931,1.6396278e+05,4.6602474e+01,3.8681689e+03,1.4229542e+01,1.6976572e+05,4.8281536e+01,0,nan,nan,nan,nan,471.01899,2.6128467e-04,463.89931,2.9702348e-04,2.1777039e-02,-8.2889403e-04
0.505352248773761,1.0001333778826564,0.0002819985907861864,1909.487512248977,3.1463846e-03,491061,471.00137,463.88195,1.6398422e+05,4.6208443e+01,2.5949739e+03,1.3434875e+01,1.6978700e+05,4.7873310e+01,0,nan,nan,nan,nan,471.00137,2.5810444e-04,463.88195,2.9302208e-04,1.3934707e-03,-1.9797739e-02
0.5054336583889381,0.999800055594775,0.0002823960383790787,1903.3527136585922,3.0674043e-03,486644,470.99439,463.87168,1.6394131e+05,4.6274815e+01,2.7277017e+03,1.3631402e+01,1.6973498e+05,4.7942074e+01,0,nan,nan,nan,nan,470.99439,2.5816861e-04,463.87168,2.9343736e-04,-5.7838564e-03,-3.0984467e-02
0.5055365779896871,1.0001009897949018,0.0002845374527982954,1719.306416578191,-3.0377619e-03,354135,1328.19857,1818.98622,1.5772303e+05,4.4987122e+01,4.6160708e+03,1.1927207e+01,1.6613088e+05,4.7265682e+01,0,nan,nan,nan,nan,1328.19857,2.6111549e-04,1818.98622,2.3151442e-04,-4.3240250e-03,3.5968537e-03
0.5058151463636023,1.000451680361123,0.0002841483958259629,1713.1718151465648,-2.9196413e-03,349718,1328.20515,1818.98311,1.5838672e+05,4.4933937e+01,4.0854348e+03,1.1644455e+01,1.6621995e+05,4.7209805e+01,0,nan,nan,nan,nan,1328.20515,2.5958358e-04,1818.98311,2.2993401e-04,2.8985972e-03,5.6456955e-04
0.5059500710149223,1.000514716192139,0.0002924797925088422,1756.1161100712166,-3.0496311e-03,380638,1042.61026,1775.56757,1.5914292e+05,4.6535633e+01,6.2303110e+03,1.4577461e+01,1.6666319e+05,4.8720539e+01,0,nan,nan,nan,nan,1042.61026,2.7286325e-04,1775.56757,2.4336090e-04,-1.5049513e-02,3.6849406e-02
0.5061359085248114,0.9995063909126648,0.00029504791182116956,1743.8465359087263,-3.1848713e-03,371804,1042.61524,1775.52219,1.5912222e+05,4.6951382e+01,7.8144268e+03,1.5276236e+01,1.6652056e+05,4.9155807e+01,0,nan,nan,nan,nan,1042.61524,2.7589075e-04,1775.52219,2.4639600e-04,-1.0687225e-02,-1.3158397e-02
0.506456600173351,1.0000768044268165,0.00028208298528955016,1921.7583766003768,3.1826282e-03,499896,471.02104,463.87533,1.6409783e+05,4.6224251e+01,2.5890576e+03,1.3454337e+01,1.6978469e+05,4.7889690e+01,0,nan,nan,nan,nan,471.02104,2.5838759e-04,463.87533,2.9332540e-04,2.2666661e-02,-2.7217669e-02
0.506461602188665,1.000542455539149,0.000284452909948026,1731.57710160239,-3.1807309e-03,362970,1328.19795,1819.02134,1.5861323e+05,4.4999859e+01,4.1621973e+03,1.1782271e+01,1.6630067e+05,4.7279064e+01,0,nan,nan,nan,nan,1328.19795,2.5947503e-04,1819.02134,2.2908671e-04,-5.8264211e-03,4.2173792e-02
0.5066111944242948,0.999975251890759,0.0002847782387312304,1915.6236511946277,3.1768321e-03,495479,471.01899,463.89484,1.6432570e+05,4.6678715e+01,3.8582603e+03,1.4244683e+01,1.6981400e+05,4.8360527e+01,0,nan,nan,nan,nan,471.01899,2.6107772e-04,463.89484,2.9609344e-04,2.0907314e-02,-6.3528749e-03
0.5067411508080113,1.000312082943756,0.000282187339770626,1909.4889011510113,3.1463983e-03,491062,471.00450,463.87905,1.6398797e+05,4.6239346e+01,2.5997546e+03,1.3486543e+01,1.6981725e+05,4.7905327e+01,0,nan,nan,nan,nan,471.00450,2.5863681e-04,463.87905,2.9323174e-04,5.1213405e-03,-2.2563674e-02
0.5068225681070544,0.9998651635773752,0.00028216314555912404,1903.3541025683103,3.0674257e-03,486645,470.98921,463.84887,1.6383620e+05,4.6236675e+01,2.7224880e+03,1.3551196e+01,1.6974611e+05,4.7902557e+01,0,nan,nan,nan,nan,470.98921,2.5815348e-04,463.84887,2.9374289e-04,-1.1329034e-02,-5.7198264e-02
0.5069254436905343,1.0002584462379218,0.00028462208825308073,1719.3078054438918,-3.0377845e-03,354136,1328.20426,1818.98858,1.5766717e+05,4.5000603e+01,4.6224009e+03,1.1950494e+01,1.6615741e+05,4.7279846e+01,0,nan,nan,nan,nan,1328.20426,2.6131657e-04,1818.98858,2.3218439e-04,1.9719200e-03,5.9379935e-03
0.5072040034488055,0.9996759949134613,0.0002841046500503579,1713.17320400365,-2.9196725e-03,349719,1328.20850,1818.98817,1.5836314e+05,4.4927322e+01,4.0875825e+03,1.1641019e+01,1.6609216e+05,4.7202847e+01,0,nan,nan,nan,nan,1328.20850,2.5953940e-04,1818.98817,2.2980677e-04,5.6538852e-03,6.5797567e-03
0.5073389830276938,0.9999484356989914,0.0002924829926707867,1756.1174989832293,-3.0496074e-03,380639,1042.61609,1775.56597,1.5914053e+05,4.6536079e+01,6.2456958e+03,1.4555210e+01,1.6656867e+05,4.8721012e+01,0,nan,nan,nan,nan,1042.61609,2.7304381e-04,1775.56597,2.4329650e-04,-8.1443125e-03,3.4341939e-02
0.5075248051698509,1.0002170735306533,0.00029515974572126677,1743.8479248053713,-3.1848629e-03,371805,1042.61633,1775.51781,1.5918555e+05,4.6969292e+01,7.8343423e+03,1.5303485e+01,1.6663938e+05,4.9174561e+01,0,nan,nan,nan,nan,1042.61633,2.7567113e-04,1775.51781,2.4643395e-04,-9.5095597e-03,-1.6970841e-02
0.507845486142287,0.9999731029624537,0.00028203383082779204,1921.7597654863457,3.1826259e-03,499897,471.02647,463.89098,1.6405891e+05,4.6216160e+01,2.6058345e+03,1.3435967e+01,1.6976694e+05,4.7881306e+01,0,nan,nan,nan,nan,471.02647,2.5863911e-04,463.89098,2.9356632e-04,2.8940404e-02,-1.0123565e-02
0.5078504832561063,1.0005433749308403,0.00028439778009181827,1731.5784904834575,-3.1807381e-03,362971,1328.20128,1819.01785,1.5861870e+05,4.4991028e+01,4.1647900e+03,1.1666739e+01,1.6630044e+05,4.7269787e+01,0,nan,nan,nan,nan,1328.20128,2.5974817e-04,1819.01785,2.2949059e-04,-2.0122442e-03,3.8763441e-02
0.5080000869129435,1.0003312369337862,0.0002846638931285519,1915.6250400871163,3.1768363e-03,495480,471.01863,463.89590,1.6421569e+05,4.6660000e+01,3.8639299e+03,1.4312115e+01,1.6987455e+05,4.8341137e+01,0,nan,nan,nan,nan,471.01863,2.6087114e-04,463.89590,2.9645892e-04,2.0663543e-02,-5.0548199e-03
0.5081300528431711,1.000302004882982,0.00028204231689150477,1909.4902900530465,3.1464121e-03,491063,470.99832,463.88005,1.6393567e+05,4.6215557e+01,2.5975178e+03,1.3492625e+01,1.6981545e+05,4.7880684e+01,0,nan,nan,nan,nan,470.99832,2.5800351e-04,463.88005,2.9303797e-04,-1.6567039e-03,-2.1823032e-02
0.5082114780570919,1.0001244964892542,0.0002821859497921703,1903.3554914782603,3.0674473e-03,486646,470.98517,463.86245,1.6391166e+05,4.6240437e+01,2.7235249e+03,1.3525844e+01,1.6979022e+05,4.7906452e+01,0,nan,nan,nan,nan,470.98517,2.5819679e-04,463.86245,2.9355116e-04,-1.5256676e-02,-4.1671839e-02
0.5083143093904706,0.9998741175750339,0.00028461069105907474,1719.3091943095917,-3.0378071e-03,354137,1328.20453,1818.98441,1.5778002e+05,4.4998905e+01,4.6018257e+03,1.1922694e+01,1.6609392e+05,4.7278057e+01,0,nan,nan,nan,nan,1328.20453,2.6113522e-04,1818.98441,2.3143984e-04,1.5411568e-03,2.4337745e-03
0.508592860301178,1.0003198362980572,0.00028413828276945056,1713.1745928605023,-2.9197040e-03,349720,1328.21038,1818.99143,1.5835662e+05,4.4932945e+01,4.0841343e+03,1.1668963e+01,1.6620028e+05,4.7208763e+01,0,nan,nan,nan,nan,1328.21038,2.5979817e-04,1818.99143,2.2999712e-04,8.1214597e-03,9.7058639e-03
0.5087278950400105,0.9995983411529311,0.0002924425529879332,1756.1188878952416,-3.0495836e-03,380640,1042.61408,1775.56981,1.5900955e+05,4.6529598e+01,6.2378203e+03,1.4561126e+01,1.6651014e+05,4.8714218e+01,0,nan,nan,nan,nan,1042.61408,2.7343858e-04,1775.56981,2.4358655e-04,-1.0922044e-02,3.9158650e-02
0.5089137015829692,0.9999369829938304,0.0002951622909660603,1743.8493137017845,-3.1848548e-03,371806,1042.61495,1775.52496,1.5922611e+05,4.6969810e+01,7.8182622e+03,1.5282555e+01,1.6659311e+05,4.9175102e+01,0,nan,nan,nan,nan,1042.61495,2.7570475e-04,1775.52496,2.4672874e-04,-1.1166827e-02,-1.0698766e-02
0.5092343723435988,1.0003500253931819,0.00028215575178164515,1921.761154372547,3.1826238e-03,499898,471.02584,463.89368,1.6415773e+05,4.6236099e+01,2.5967507e+03,1.3462904e+01,1.6983078e+05,4.7901962e+01,0,nan,nan,nan,nan,471.02584,2.5846317e-04,463.89368,2.9305404e-04,2.8059669e-02,-6.6826525e-03
0.5092393640900358,1.0009234721421794,0.0002842210595120501,1731.5798793642914,-3.1807455e-03,362972,1328.19872,1819.02292,1.5857645e+05,4.4962955e+01,4.1693296e+03,1.1650649e+01,1.6636317e+05,4.7240292e+01,0,nan,nan,nan,nan,1328.19872,2.5951574e-04,1819.02292,2.2932931e-04,-4.7573741e-03,4.4680294e-02
0.5093889794011375,0.9998334687034401,0.00028429789449738814,1915.6264289796045,3.1768405e-03,495481,471.00550,463.90371,1.6389831e+05,4.6600033e+01,3.8659817e+03,1.4250101e+01,1.6979011e+05,4.8279011e+01,0,nan,nan,nan,nan,471.00550,2.6333288e-04,463.90371,2.9633485e-04,1.0662588e-02,2.3584287e-03
0.5095189548787857,1.0005937414423516,0.00028199217249087993,1909.491678955082,3.1464258e-03,491064,471.00250,463.88330,1.6400897e+05,4.6207317e+01,2.5942991e+03,1.3439692e+01,1.6986488e+05,4.7872143e+01,0,nan,nan,nan,nan,471.00250,2.5802309e-04,463.88330,2.9289600e-04,2.4783739e-03,-1.8635996e-02
0.5096003877752082,1.000284801579603,0.0002822931993912959,1903.3568803879784,3.0674688e-03,486647,470.98597,463.85438,1.6394622e+05,4.6258026e+01,2.7274233e+03,1.3572179e+01,1.6981752e+05,4.7924683e+01,0,nan,nan,nan,nan,470.98597,2.5794751e-04,463.85438,2.9349566e-04,-1.4707677e-02,-5.0958466e-02
0.5097031750904083,1.0005574577075471,0.00028458054404802754,1719.3105831752916,-3.0378297e-03,354138,1328.20230,1818.99093,1.5782142e+05,4.4994240e+01,4.6011470e+03,1.1918926e+01,1.6620780e+05,4.7273155e+01,0,nan,nan,nan,nan,1328.20230,2.6099797e-04,1818.99093,2.3122285e-04,2.4531764e-04,9.2221433e-03
0.5099817173856988,1.0002292776378823,0.00028394697433720877,1713.1759817175869,-2.9197352e-03,349721,1328.19545,1818.97953,1.5815878e+05,4.4903019e+01,4.0786372e+03,1.1621635e+01,1.6618644e+05,4.7177319e+01,0,nan,nan,nan,nan,1328.19545,2.5993685e-04,1818.97953,2.3078588e-04,-6.9687665e-03,-3.5544846e-03
0.5101168072856126,0.9996937590525741,0.00029243224090991205,1756.1202768074872,-3.0495597e-03,380641,1042.61672,1775.56829,1.5917961e+05,4.6527889e+01,6.2301689e+03,1.4539332e+01,1.6652583e+05,4.8712437e+01,0,nan,nan,nan,nan,1042.61672,2.7267309e-04,1775.56829,2.4321669e-04,-9.0192799e-03,3.6974508e-02
0.5103025982286905,0.9996849931748308,0.00029510431132002545,1743.8507025984302,-3.1848464e-03,371807,1042.61887,1775.51633,1.5904630e+05,4.6960697e+01,7.8297886e+03,1.5312617e+01,1.6655153e+05,4.9165562e+01,0,nan,nan,nan,nan,1042.61887,2.7626957e-04,1775.51633,2.4667871e-04,-6.7066154e-03,-1.8985068e-02
0.5106232583123077,1.0000941327154331,0.0002821325065545503,1921.7625432585157,3.1826214e-03,499899,471.02534,463.87226,1.6410181e+05,4.6232250e+01,2.5881587e+03,1.3437764e+01,1.6978719e+05,4.7897976e+01,0,nan,nan,nan,nan,471.02534,2.5868582e-04,463.87226,2.9334764e-04,2.6711186e-02,-3.0736379e-02
0.5106282451570223,1.000397617483119,0.00028429861529295086,1731.5812682453584,-3.1807527e-03,362973,1328.20358,1819.02026,1.5860219e+05,4.4975101e+01,4.1594580e+03,1.1682644e+01,1.6627530e+05,4.7253048e+01,0,nan,nan,nan,nan,1328.20358,2.5952622e-04,1819.02026,2.2909867e-04,-1.6204102e-04,4.2158935e-02
0.5107778716569555,1.00044299305962,0.00028427428322732776,1915.6278178718603,3.1768444e-03,495482,471.02885,463.89927,1.6399714e+05,4.6596195e+01,3.8627979e+03,1.4211102e+01,1.6989373e+05,4.8275032e+01,0,nan,nan,nan,nan,471.02885,2.6245587e-04,463.89927,2.9629012e-04,3.2925770e-02,-1.8335097e-03
0.5109078569125813,1.0000187781552632,0.0002820671235208414,1909.4930678571159,3.1464396e-03,491065,471.00239,463.87922,1.6397923e+05,4.6219570e+01,2.5810022e+03,1.3487429e+01,1.6976717e+05,4.7884838e+01,0,nan,nan,nan,nan,471.00239,2.5794358e-04,463.87922,2.9293017e-04,2.1937762e-03,-2.2298874e-02
0.5109892974933246,0.9998757662652474,0.0002821226554357601,1903.3582692976966,3.0674902e-03,486648,470.98919,463.86176,1.6388362e+05,4.6230103e+01,2.7324595e+03,1.3509089e+01,1.6974816e+05,4.7895752e+01,0,nan,nan,nan,nan,470.98919,2.5797103e-04,463.86176,2.9357200e-04,-1.2199300e-02,-4.2172175e-02
0.5110920407896629,1.0005584422848082,0.0002845618323018947,1719.311972040991,-3.0378522e-03,354139,1328.20400,1818.98724,1.5785556e+05,4.4991379e+01,4.6021953e+03,1.1888981e+01,1.6620834e+05,4.7270153e+01,0,nan,nan,nan,nan,1328.20400,2.6104366e-04,1818.98724,2.3126478e-04,1.2477398e-03,5.0758128e-03
0.5113705744711297,1.0000479045141009,0.0002841016266240569,1713.1773705746723,-2.9197664e-03,349722,1328.21188,1818.98454,1.5842234e+05,4.4927818e+01,4.0834951e+03,1.1620813e+01,1.6615755e+05,4.7203373e+01,0,nan,nan,nan,nan,1328.21188,2.5963609e-04,1818.98454,2.2983784e-04,9.7670890e-03,2.6068301e-03
0.5115057192983841,1.0004829686865502,0.00029251444628173223,1756.1216657195,-3.0495359e-03,380642,1042.61551,1775.56551,1.5921177e+05,4.6540916e+01,6.2547119e+03,1.4553108e+01,1.6665708e+05,4.8726070e+01,0,nan,nan,nan,nan,1042.61551,2.7268904e-04,1775.56551,2.4320226e-04,-1.0078555e-02,3.4483798e-02
0.5116914948744125,1.0001012977514574,0.0002952255194066952,1743.852091495076,-3.1848380e-03,371808,1042.61383,1775.52715,1.5925553e+05,4.6980106e+01,7.8183159e+03,1.5318310e+01,1.6662130e+05,4.9185879e+01,0,nan,nan,nan,nan,1042.61383,2.7562058e-04,1775.52715,2.4628191e-04,-1.1480612e-02,-7.0752073e-03
0.5120121445138466,0.999348680221887,0.00028174018686588604,1921.7639321447173,3.1826193e-03,499900,471.02512,463.89572,1.6363200e+05,4.6167923e+01,2.5848091e+03,1.3449620e+01,1.6966048e+05,4.7831329e+01,0,nan,nan,nan,nan,471.02512,2.5955305e-04,463.89572,2.9410189e-04,2.8993411e-02,-5.4629622e-03
0.5121667641456042,0.9994110424005295,0.0002843520141757837,1915.629206764349,3.1768486e-03,495483,471.00940,463.91087,1.6409241e+05,4.6608967e+01,3.8778416e+03,1.4223110e+01,1.6971861e+05,4.8288265e+01,0,nan,nan,nan,nan,471.00940,2.6100644e-04,463.91087,2.9574745e-04,1.1021961e-02,1.0831042e-02
0.5122967589463769,0.9996069585442795,0.0002820717811158499,1909.4944567591497,3.1464533e-03,491066,471.00011,463.87943,1.6380517e+05,4.6220306e+01,2.5831667e+03,1.3550282e+01,1.6969716e+05,4.7885601e+01,0,nan,nan,nan,nan,471.00011,2.5830793e-04,463.87943,2.9350998e-04,1.5143902e-04,-2.2513930e-02
0.5123782074442715,1.0001817644975393,0.0002820397300265765,1903.3596582076475,3.0675118e-03,486649,470.99264,463.86174,1.6375920e+05,4.6216541e+01,2.7183113e+03,1.3515727e+01,1.6980019e+05,4.7881699e+01,0,nan,nan,nan,nan,470.99264,2.5845447e-04,463.86174,2.9390608e-04,-7.9336995e-03,-4.2536061e-02
0.5124809064889174,1.000091266121276,0.00028455845598342275,1719.3133609066901,-3.0378748e-03,354140,1328.20195,1818.98311,1.5775695e+05,4.4990944e+01,4.6054028e+03,1.1930646e+01,1.6613111e+05,4.7269699e+01,0,nan,nan,nan,nan,1328.20195,2.6111415e-04,1818.98311,2.3157889e-04,-7.4286776e-04,3.9503130e-04
0.512759431324184,0.9995528652179573,0.0002841619165368937,1713.1787594315254,-2.9197978e-03,349723,1328.21306,1818.99392,1.5838711e+05,4.4937702e+01,4.0824590e+03,1.1665467e+01,1.6607662e+05,4.7213760e+01,0,nan,nan,nan,nan,1328.21306,2.6010894e-04,1818.99392,2.2966118e-04,1.1353872e-02,1.2537479e-02
0.5128946313107008,1.0002846443365003,0.00029264825528823506,1756.1230546315123,-3.0495122e-03,380643,1042.61257,1775.56529,1.5920311e+05,4.6562145e+01,6.2419277e+03,1.4576893e+01,1.6662383e+05,4.8748295e+01,0,nan,nan,nan,nan,1042.61257,2.7301695e-04,1775.56529,2.4345677e-04,-1.3343055e-02,3.4125745e-02
0.5130803915203614,1.00038004976695,0.0002952010418320529,1743.8534803917219,-3.1848296e-03,371809,1042.61500,1775.52957,1.5924959e+05,4.6976326e+01,7.8555356e+03,1.5295558e+01,1.6666816e+05,4.9181923e+01,0,nan,nan,nan,nan,1042.61500,2.7569261e-04,1775.52957,2.4655426e-04,-9.6922582e-03,-4.3134838e-03
0.513401030483692,0.9996885354909489,0.00028208194460285394,1921.7653210306871,3.1826170e-03,499901,471.02175,463.89147,1.6382525e+05,4.6223885e+01,2.6026077e+03,1.3553908e+01,1.6971803e+05,4.7889309e+01,0,nan,nan,nan,nan,471.02175,2.5893259e-04,463.89147,2.9425399e-04,2.4044693e-02,-1.0214954e-02
0.5134060070570289,0.9997009674493411,0.00028431734087642704,1731.5840460072584,-3.1807674e-03,362975,1328.19854,1819.02798,1.5841658e+05,4.4977768e+01,4.1637490e+03,1.1795387e+01,1.6615844e+05,4.7255852e+01,0,nan,nan,nan,nan,1328.19854,2.5953189e-04,1819.02798,2.2932737e-04,-5.2482686e-03,4.9749956e-02
0.5135556566333435,0.9997717998339308,0.0002841468657228384,1915.6305956568367,3.1768528e-03,495484,471.01794,463.88529,1.6389759e+05,4.6575378e+01,3.8680295e+03,1.4193406e+01,1.6978000e+05,4.8253464e+01,0,nan,nan,nan,nan,471.01794,2.6108674e-04,463.88529,2.9757069e-04,1.9555578e-02,-1.6805137e-02
0.5136856609806273,1.0001836977825538,0.00028198728175154016,1909.495845661184,3.1464670e-03,491067,470.99981,463.87166,1.6389614e+05,4.6206429e+01,2.6015374e+03,1.3452218e+01,1.6979495e+05,4.7871223e+01,0,nan,nan,nan,nan,470.99981,2.5804603e-04,463.87166,2.9369758e-04,-3.0946580e-04,-3.1429838e-02
0.5137671171623879,0.9999552064606346,0.00028211390746387706,1903.3610471173656,3.0675333e-03,486650,470.98783,463.86114,1.6389014e+05,4.6228714e+01,2.7232207e+03,1.3501706e+01,1.6976181e+05,4.7894314e+01,0,nan,nan,nan,nan,470.98783,2.5822266e-04,463.86114,2.9374452e-04,-1.3054564e-02,-4.3310806e-02
0.5138697721890821,0.9995232687322257,0.00028447997597600425,1719.3147497723903,-3.0378974e-03,354141,1328.20487,1818.98283,1.5771211e+05,4.4978642e+01,4.6040913e+03,1.1895693e+01,1.6603712e+05,4.7256767e+01,0,nan,nan,nan,nan,1328.20487,2.6114663e-04,1818.98283,2.3161990e-04,2.7929314e-03,2.5073910e-04
0.5141482884093879,0.9998677483973847,0.0002840061991065309,1713.1801482886106,-2.9198290e-03,349724,1328.20078,1818.97669,1.5827303e+05,4.4913448e+01,4.0684131e+03,1.1608019e+01,1.6613031e+05,4.7188278e+01,0,nan,nan,nan,nan,1328.20078,2.5962299e-04,1818.97669,2.3076888e-04,-1.9798742e-03,-7.2343647e-03
0.5142835435563029,0.9997467727024253,0.0002925523899232557,1756.124443543758,-3.0494882e-03,380644,1042.61376,1775.56685,1.5913459e+05,4.6546829e+01,6.2410479e+03,1.4581098e+01,1.6653400e+05,4.8732262e+01,0,nan,nan,nan,nan,1042.61376,2.7287248e-04,1775.56685,2.4339414e-04,-1.1236309e-02,3.5850760e-02
0.5144692881658557,1.0000947341133037,0.0002952429798112724,1743.8548692883674,-3.1848212e-03,371810,1042.61457,1775.52043,1.5907517e+05,4.6983116e+01,7.8418955e+03,1.5339552e+01,1.6662103e+05,4.9189034e+01,0,nan,nan,nan,nan,1042.61457,2.7605076e-04,1775.52043,2.4702691e-04,-1.0579104e-02,-1.3837793e-02
0.5147899166868228,0.9997454008327804,0.0002820379485657725,1921.7667099168902,3.1826149e-03,499902,471.02835,463.88620,1.6395411e+05,4.6216637e+01,2.5917749e+03,1.3477586e+01,1.6972753e+05,4.7881798e+01,0,nan,nan,nan,nan,471.02835,2.5909251e-04,463.88620,2.9334598e-04,3.0952984e-02,-1.5552592e-02
0.5147948881231059,0.9999575017764323,0.0002842533941044434,1731.5854348883245,-3.1807746e-03,362976,1328.20264,1819.01601,1.5851925e+05,4.4967491e+01,4.1574800e+03,1.1695932e+01,1.6620045e+05,4.7245052e+01,0,nan,nan,nan,nan,1328.20264,2.5972218e-04,1819.01601,2.2929419e-04,-5.5920973e-04,3.6627628e-02
0.5149445491219922,0.999307527012095,0.00028411877958717865,1915.6319845493254,3.1768570e-03,495485,471.01737,463.90907,1.6378972e+05,4.6570816e+01,3.8846956e+03,1.4211499e+01,1.6970130e+05,4.8248737e+01,0,nan,nan,nan,nan,471.01737,2.6200985e-04,463.90907,2.9697246e-04,2.0512037e-02,9.5638372e-03
0.5150745630153324,0.999716790857408,0.0002819004619906877,1909.4972345632186,3.1464808e-03,491068,471.00465,463.88231,1.6380056e+05,4.6192173e+01,2.6059727e+03,1.3428518e+01,1.6971558e+05,4.7856453e+01,0,nan,nan,nan,nan,471.00465,2.5835758e-04,463.88231,2.9356216e-04,5.1425709e-03,-1.9400356e-02
0.5151560271128801,1.0000198103599487,0.00028215268661740825,1903.362436027316,3.0675549e-03,486651,470.98689,463.85348,1.6388350e+05,4.6235092e+01,2.7196836e+03,1.3530964e+01,1.6977286e+05,4.7900921e+01,0,nan,nan,nan,nan,470.98689,2.5809309e-04,463.85348,2.9368995e-04,-1.4507331e-02,-5.1727351e-02
0.5152586378890192,1.0005484179644961,0.00028472534673604336,1719.3161386380903,-3.0379200e-03,354142,1328.20757,1818.98664,1.5792155e+05,4.5017536e+01,4.5941436e+03,1.1923616e+01,1.6620781e+05,4.7297638e+01,0,nan,nan,nan,nan,1328.20757,2.6132981e-04,1818.98664,2.3118405e-04,4.2892392e-03,4.5759068e-03
0.5155371454939086,1.0004502874162247,0.000284084998562493,1713.181537145695,-2.9198602e-03,349725,1328.20325,1818.97338,1.5840167e+05,4.4926304e+01,4.0677107e+03,1.1637131e+01,1.6622855e+05,4.7201778e+01,0,nan,nan,nan,nan,1328.20325,2.5961315e-04,1818.97338,2.3039100e-04,7.1440620e-04,-1.0134146e-02
0.5156724555688467,0.9998826101115267,0.0002925181382220219,1756.1258324557705,-3.0494644e-03,380645,1042.61550,1775.56437,1.5911742e+05,4.6541317e+01,6.2291626e+03,1.4580961e+01,1.6655639e+05,4.8726486e+01,0,nan,nan,nan,nan,1042.61550,2.7272789e-04,1775.56437,2.4338790e-04,-9.6785836e-03,3.2939728e-02
0.5158581848118047,1.0000127000778305,0.00029533422513756757,1743.8562581850133,-3.1848128e-03,371811,1042.61653,1775.53006,1.5924567e+05,4.6997753e+01,7.8624370e+03,1.5311531e+01,1.6660780e+05,4.9204361e+01,0,nan,nan,nan,nan,1042.61653,2.7577308e-04,1775.53006,2.4642175e-04,-8.9270817e-03,-3.6429178e-03
0.516178802655304,1.0004426655097836,0.00028217745911604314,1921.7680988028587,3.1826126e-03,499903,471.02864,463.88953,1.6405853e+05,4.6239452e+01,2.5867734e+03,1.3454400e+01,1.6984575e+05,4.7905437e+01,0,nan,nan,nan,nan,471.02864,2.5938090e-04,463.88953,2.9329592e-04,3.1652957e-02,-1.1850148e-02
0.5161837689572618,0.9999112991963071,0.000284237094839184,1731.5868237691586,-3.1807821e-03,362977,1328.20385,1819.01938,1.5855947e+05,4.4964733e+01,4.1562344e+03,1.1658566e+01,1.6619212e+05,4.7242157e+01,0,nan,nan,nan,nan,1328.20385,2.5956557e-04,1819.01938,2.2923542e-04,5.2277453e-04,4.0519074e-02
0.5163334413778102,1.000319751969604,0.0002846519751778428,1915.6333734415812,3.1768610e-03,495486,471.01310,463.89254,1.6413358e+05,4.6658253e+01,3.8788115e+03,1.4306836e+01,1.6987334e+05,4.8339325e+01,0,nan,nan,nan,nan,471.01310,2.6179184e-04,463.89254,2.9614611e-04,1.5028342e-02,-8.4565980e-03
0.5164634650504922,0.9999013634724903,0.00028211133481610977,1909.4986234652538,3.1464945e-03,491069,471.00054,463.88520,1.6394058e+05,4.6226692e+01,2.6018567e+03,1.3489828e+01,1.6974680e+05,4.7892216e+01,0,nan,nan,nan,nan,471.00054,2.5832502e-04,463.88520,2.9342776e-04,2.5333487e-04,-1.6334947e-02
0.516544936830087,1.000164177058094,0.00028251641364857494,1903.3638249370333,3.0675763e-03,486652,470.98777,463.86881,1.6395125e+05,4.6294720e+01,2.7355356e+03,1.3662094e+01,1.6979745e+05,4.7962696e+01,0,nan,nan,nan,nan,470.98777,2.5806474e-04,463.86881,2.9376478e-04,-1.3340291e-02,-3.4787696e-02
0.5166475035882737,0.9994671165492407,0.0002845136290957459,1719.3175275037895,-3.0379426e-03,354143,1328.20472,1818.98800,1.5770247e+05,4.4984165e+01,4.5925215e+03,1.1931873e+01,1.6602856e+05,4.7262573e+01,0,nan,nan,nan,nan,1328.20472,2.6131046e-04,1818.98800,2.3123375e-04,2.2255981e-03,6.3253366e-03
0.5169260025784294,0.9994562853038478,0.0002839760768869105,1713.1829260027796,-2.9198914e-03,349726,1328.20931,1818.98889,1.5819908e+05,4.4909477e+01,4.0791133e+03,1.1668654e+01,1.6606488e+05,4.7184105e+01,0,nan,nan,nan,nan,1328.20931,2.5990771e-04,1818.98889,2.3015612e-04,7.1689249e-03,6.9949594e-03
0.5170613675813911,0.9999145447165351,0.0002924421960270279,1756.127221367783,-3.0494407e-03,380646,1042.61596,1775.56931,1.5916059e+05,4.6529163e+01,6.2371821e+03,1.4542567e+01,1.6656147e+05,4.8713768e+01,0,nan,nan,nan,nan,1042.61596,2.7270446e-04,1775.56931,2.4324108e-04,-9.1454266e-03,3.8564764e-02
0.517247081457526,1.000184236099555,0.0002955314534925815,1743.857647081659,-3.1848045e-03,371812,1042.61678,1775.51974,1.5924244e+05,4.7029263e+01,7.8640278e+03,1.5391693e+01,1.6663681e+05,4.9237347e+01,0,nan,nan,nan,nan,1042.61678,2.7623386e-04,1775.51974,2.4669859e-04,-8.5049300e-03,-1.4902110e-02
0.51756768862424,1.0001938937808432,0.00028214796311904606,1921.7694876888277,3.1826103e-03,499904,471.02215,463.88193,1.6395858e+05,4.6234577e+01,2.5948406e+03,1.3507954e+01,1.6980338e+05,4.7900387e+01,0,nan,nan,nan,nan,471.02215,2.5895872e-04,463.88193,2.9381306e-04,2.5137557e-02,-2.0947244e-02
0.517572650024022,1.000017087235705,0.0002843095243513305,1731.5882126502254,-3.1807893e-03,362978,1328.20066,1819.02295,1.5845317e+05,4.4976002e+01,4.1694888e+03,1.1721103e+01,1.6620898e+05,4.7253994e+01,0,nan,nan,nan,nan,1328.20066,2.5970777e-04,1819.02295,2.2939380e-04,-3.0444814e-03,4.3970022e-02
0.5177223338655494,1.000023657352487,0.0002845231917310771,1915.634762334069,3.1768652e-03,495487,471.01207,463.89811,1.6412073e+05,4.6637188e+01,3.8783733e+03,1.4279926e+01,1.6982322e+05,4.8317505e+01,0,nan,nan,nan,nan,471.01207,2.6161177e-04,463.89811,2.9590010e-04,1.3875804e-02,-3.0894636e-03
0.5178523670851973,1.0001573311923677,0.0002822215235922287,1909.5000123672885,3.1465082e-03,491070,471.00149,463.88163,1.6394042e+05,4.6244713e+01,2.5954714e+03,1.3533887e+01,1.6979012e+05,4.7910889e+01,0,nan,nan,nan,nan,471.00149,2.5820718e-04,463.88163,2.9355954e-04,1.2536454e-03,-1.9896246e-02
0.5179338465491128,0.9994114961105353,0.00028222552612110956,1903.3652138467523,3.0675977e-03,486653,470.98591,463.84741,1.6379592e+05,4.6247074e+01,2.7368608e+03,1.3603182e+01,1.6966977e+05,4.7913334e+01,0,nan,nan,nan,nan,470.98591,2.5819649e-04,463.84741,2.9385163e-04,-1.4839941e-02,-5.8004748e-02
0.5180363690553808,0.9999418756021077,0.00028454932353716704,1719.3189163692566,-3.0379654e-03,354144,1328.20542,1818.98322,1.5763433e+05,4.4989914e+01,4.6045083e+03,1.1950131e+01,1.6610781e+05,4.7268616e+01,0,nan,nan,nan,nan,1328.20542,2.6169248e-04,1818.98322,2.3184903e-04,3.1367170e-03,5.0575088e-04
0.5183148594310296,1.00032677559886,0.00028411990981029416,1713.1843148596322,-2.9199228e-03,349727,1328.18968,1818.96221,1.5831658e+05,4.4932648e+01,4.0841133e+03,1.1647377e+01,1.6621108e+05,4.7208447e+01,0,nan,nan,nan,nan,1328.18968,2.5982031e-04,1818.96221,2.3078246e-04,-1.3271142e-02,-2.2110688e-02
0.5184502798269932,1.0002679763227749,0.000292598131137733,1756.1286102800286,-3.0494167e-03,380647,1042.61465,1775.56972,1.5916689e+05,4.6553909e+01,6.2308184e+03,1.4619438e+01,1.6662011e+05,4.8739670e+01,0,nan,nan,nan,nan,1042.61465,2.7268141e-04,1775.56972,2.4322611e-04,-1.0413749e-02,3.8463484e-02
0.5186359781032479,0.9998521281893148,0.000295337468864504,1743.8590359783047,-3.1847961e-03,371813,1042.61901,1775.52134,1.5919512e+05,4.6998512e+01,7.8547666e+03,1.5342375e+01,1.6658191e+05,4.9205154e+01,0,nan,nan,nan,nan,1042.61901,2.7631811e-04,1775.52134,2.4658171e-04,-6.3151503e-03,-1.3797815e-02
0.5189565748255518,1.0000950033008151,0.0002821033613671884,1921.770876575029,3.1826082e-03,499905,471.02500,463.89365,1.6406216e+05,4.6227226e+01,2.5918335e+03,1.3460611e+01,1.6978642e+05,4.7892773e+01,0,nan,nan,nan,nan,471.02500,2.5862255e-04,463.89365,2.9324921e-04,2.7684230e-02,-6.4263754e-03
0.5189615310914633,0.9999841192429955,0.0002842202582892148,1731.5896015312928,-3.1807965e-03,362979,1328.20874,1819.03506,1.5848006e+05,4.4961670e+01,4.1737329e+03,1.1697776e+01,1.6620275e+05,4.7238941e+01,0,nan,nan,nan,nan,1328.20874,2.5970902e-04,1819.03506,2.2931644e-04,5.1289764e-03,5.7119302e-02
0.5191112263541982,1.0001710298602389,0.0002845134413765953,1915.6361512265576,3.1768694e-03,495488,471.02373,463.90808,1.6412562e+05,4.6635639e+01,3.8836257e+03,1.4279359e+01,1.6984844e+05,4.8315899e+01,0,nan,nan,nan,nan,471.02373,2.6175412e-04,463.90808,2.9633899e-04,2.6607586e-02,7.3537445e-03
0.5192412691194477,1.000293021751918,0.0002822446520333965,1909.5014012693227,3.1465220e-03,491071,471.00055,463.87195,1.6396686e+05,4.6248470e+01,2.5891665e+03,1.3534877e+01,1.6981303e+05,4.7914780e+01,0,nan,nan,nan,nan,471.00055,2.5812603e-04,463.87195,2.9346626e-04,3.4062073e-04,-3.1008936e-02
0.5193227565005145,0.9998257984150055,0.0002824260343686106,1903.3666027567037,3.0676194e-03,486654,470.98666,463.86751,1.6387320e+05,4.6279957e+01,2.7285742e+03,1.3682153e+01,1.6974019e+05,4.7947399e+01,0,nan,nan,nan,nan,470.98666,2.5807993e-04,463.86751,2.9345934e-04,-1.4948265e-02,-3.6112443e-02
0.5194252347562266,1.0002480263745612,0.0002846155749712336,1719.3203052349575,-3.0379880e-03,354145,1328.20754,1818.99147,1.5776003e+05,4.5000496e+01,4.5922388e+03,1.1934140e+01,1.6615906e+05,4.7279732e+01,0,nan,nan,nan,nan,1328.20754,2.6168043e-04,1818.99147,2.3121471e-04,5.2681980e-03,9.6924026e-03
0.5197037165162328,1.000800363046266,0.00028405276864407376,1713.1857037167174,-2.9199540e-03,349728,1328.21196,1819.00060,1.5835475e+05,4.4922466e+01,4.0735964e+03,1.1630048e+01,1.6629138e+05,4.7197750e+01,0,nan,nan,nan,nan,1328.21196,2.5992110e-04,1819.00060,2.3067911e-04,1.0618134e-02,1.7584793e-02
0.5198391918393099,1.0000963956770852,0.0002925159517262476,1756.129999192041,-3.0493930e-03,380648,1042.61389,1775.56524,1.5910364e+05,4.6540764e+01,6.2275483e+03,1.4562519e+01,1.6659128e+05,4.8725910e+01,0,nan,nan,nan,nan,1042.61389,2.7278619e-04,1775.56524,2.4363471e-04,-1.1512633e-02,3.3794828e-02
0.5200248747482874,0.9995592615498704,0.0002952338152641427,1743.8604248749498,-3.1847877e-03,371814,1042.61291,1775.52316,1.5910323e+05,4.6982147e+01,7.8527388e+03,1.5318281e+01,1.6653355e+05,4.9188015e+01,0,nan,nan,nan,nan,1042.61291,2.7601601e-04,1775.52316,2.4678046e-04,-1.2961618e-02,-1.1647551e-02
0.5203454607944877,1.0003304469356475,0.0002819922177385927,1921.772265460998,3.1826058e-03,499906,471.02435,463.87913,1.6395089e+05,4.6208973e+01,2.5751404e+03,1.3449679e+01,1.6982623e+05,4.7873859e+01,0,nan,nan,nan,nan,471.02435,2.5924959e-04,463.87913,2.9359630e-04,2.6634673e-02,-2.2750638e-02
0.5203504119260739,0.9995744922366939,0.00028422542808141475,1731.5909904121274,-3.1808040e-03,362980,1328.19249,1819.00815,1.5836712e+05,4.4962269e+01,4.1585322e+03,1.1715735e+01,1.6613386e+05,4.7239567e+01,0,nan,nan,nan,nan,1328.19249,2.5979537e-04,1819.00815,2.3038889e-04,-1.1031095e-02,2.6617024e-02
0.5205001186100162,0.9996709134758137,0.00028437635510338905,1915.6375401188134,3.1768733e-03,495489,471.00560,463.89956,1.6407361e+05,4.6613220e+01,3.8771152e+03,1.4210954e+01,1.6976369e+05,4.8292671e+01,0,nan,nan,nan,nan,471.00560,2.6137239e-04,463.89956,2.9617274e-04,6.5571871e-03,-4.3452613e-04
0.5206301711532433,0.9999253274759217,0.00028195007711289197,1909.5027901713565,3.1465357e-03,491072,471.00290,463.88466,1.6393270e+05,4.6200161e+01,2.6008445e+03,1.3428598e+01,1.6975047e+05,4.7864731e+01,0,nan,nan,nan,nan,471.00290,2.5803622e-04,463.88466,2.9317837e-04,2.4446165e-03,-1.6701236e-02
0.5207116662177214,1.0004283055456136,0.00028217572408053394,1903.367991666421,3.0676408e-03,486655,470.98549,463.84489,1.6370694e+05,4.6238960e+01,2.7274973e+03,1.3576344e+01,1.6984256e+05,4.7904926e+01,0,nan,nan,nan,nan,470.98549,2.5870855e-04,463.84489,2.9477241e-04,-1.5712684e-02,-6.1581969e-02
0.5208141004561643,0.9998523936808734,0.0002845487683512417,1719.3216941006574,-3.0380106e-03,354146,1328.20399,1818.98376,1.5776355e+05,4.4990036e+01,4.5990845e+03,1.1920492e+01,1.6609373e+05,4.7268745e+01,0,nan,nan,nan,nan,1328.20399,2.6117259e-04,1818.98376,2.3132024e-04,1.6303725e-03,1.8489839e-03
0.5210925736007536,1.000136909255075,0.0002839861012372654,1713.187092573802,-2.9199852e-03,349729,1328.21386,1818.99602,1.5827984e+05,4.4912380e+01,4.0816611e+03,1.1633739e+01,1.6618283e+05,4.7187153e+01,0,nan,nan,nan,nan,1328.21386,2.5989584e-04,1818.99602,2.3023339e-04,1.2125552e-02,1.4568098e-02
0.5212281038520814,0.9994676811212339,0.0002923880366147304,1756.1313881040537,-3.0493692e-03,380649,1042.61557,1775.56541,1.5909612e+05,4.6520340e+01,6.2244346e+03,1.4542462e+01,1.6648630e+05,4.8704529e+01,0,nan,nan,nan,nan,1042.61557,2.7265289e-04,1775.56541,2.4334049e-04,-9.0156421e-03,3.4127474e-02
0.5214137713933269,1.0001593117078629,0.0002953923519340886,1743.8618137715948,-3.1847793e-03,371815,1042.61922,1775.52167,1.5932180e+05,4.7007496e+01,7.8481401e+03,1.5324465e+01,1.6663397e+05,4.9214558e+01,0,nan,nan,nan,nan,1042.61922,2.7601665e-04,1775.52167,2.4636308e-04,-5.9898030e-03,-1.3172057e-02
0.5217343469967091,0.9997110651159352,0.00028213732629152555,1921.7736543472001,3.1826037e-03,499907,471.03147,463.88393,1.6399250e+05,4.6232708e+01,2.5864692e+03,1.3499955e+01,1.6972094e+05,4.7898449e+01,0,nan,nan,nan,nan,471.03147,2.5901137e-04,463.88393,2.9353559e-04,3.4248829e-02,-1.7879980e-02
0.5217392929923786,1.0000023107261762,0.0002844195308538831,1731.5923792931937,-3.1808112e-03,362981,1328.20466,1819.01830,1.5857281e+05,4.4992744e+01,4.1723740e+03,1.1723684e+01,1.6620411e+05,4.7271584e+01,0,nan,nan,nan,nan,1328.20466,2.5964889e-04,1819.01830,2.2940892e-04,1.5882307e-03,3.9553035e-02
0.5218890110982102,0.9997668327368402,0.0002844126902688889,1915.6389290113016,3.1768775e-03,495490,471.01458,463.89589,1.6388747e+05,4.6619228e+01,3.8717744e+03,1.4327510e+01,1.6978017e+05,4.8298897e+01,0,nan,nan,nan,nan,471.01458,2.6197534e-04,463.89589,2.9645080e-04,1.8125344e-02,-5.9612580e-03
0.5220190731872666,1.0000421262164012,0.00028202370198832625,1909.5041790733906,3.1465495e-03,491073,470.99797,463.87924,1.6397662e+05,4.6212189e+01,2.5865139e+03,1.3456812e+01,1.6977016e+05,4.7877190e+01,0,nan,nan,nan,nan,470.99797,2.5799646e-04,463.87924,2.9326775e-04,-2.0812538e-03,-2.3125343e-02
0.5221005761682136,1.0002303448043013,0.00028220695950383106,1903.3693805763714,3.0676625e-03,486656,470.99076,463.86789,1.6394130e+05,4.6244102e+01,2.7127507e+03,1.3532106e+01,1.6980903e+05,4.7910255e+01,0,nan,nan,nan,nan,470.99076,2.5815138e-04,463.86789,2.9356647e-04,-1.0390884e-02,-3.5756696e-02
0.5222029661561006,0.9995993325839454,0.00028455981838709397,1719.3230829663573,-3.0380331e-03,354147,1328.19922,1818.98074,1.5763642e+05,4.4991898e+01,4.5970708e+03,1.1936246e+01,1.6605209e+05,4.7270695e+01,0,nan,nan,nan,nan,1328.19922,2.6157452e-04,1818.98074,2.3183101e-04,-3.2631597e-03,-2.5419844e-03
0.5226170160974558,0.9999421350349513,0.00029240894827223105,1756.132777016299,-3.0493452e-03,380650,1042.61839,1775.56921,1.5914461e+05,4.6523594e+01,6.2191704e+03,1.4534794e+01,1.6656506e+05,4.8707935e+01,0,nan,nan,nan,nan,1042.61839,2.7266465e-04,1775.56921,2.4329602e-04,-6.9828201e-03,3.8176812e-02
0.5228026680392759,0.9997658708439998,0.0002953491984354046,1743.8632026682408,-3.1847709e-03,371816,1042.61868,1775.52457,1.5918081e+05,4.7000755e+01,7.8821880e+03,1.5358456e+01,1.6656886e+05,4.9207500e+01,0,nan,nan,nan,nan,1042.61868,2.7603755e-04,1775.52457,2.4662464e-04,-6.2997332e-03,-9.8404614e-03
0.523123232965872,1.0001683579274376,0.0002821406165898885,1921.7750432331693,3.1826014e-03,499908,471.02122,463.88989,1.6399605e+05,4.6233208e+01,2.5918811e+03,1.3513250e+01,1.6979841e+05,4.7898964e+01,0,nan,nan,nan,nan,471.02122,2.5876873e-04,463.88989,2.9344705e-04,2.3446137e-02,-1.1581586e-02
0.5231281740584564,1.000098294391146,0.0002841845513645286,1731.5937681742598,-3.1808184e-03,362982,1328.20232,1819.02044,1.5851894e+05,4.4955322e+01,4.1664639e+03,1.1652299e+01,1.6621914e+05,4.7232265e+01,0,nan,nan,nan,nan,1328.20232,2.5967916e-04,1819.02044,2.2905634e-04,-1.1883364e-03,4.1433107e-02
0.5232779035868589,1.00032450841455,0.00028434857790890847,1915.6403179037902,3.1768817e-03,495491,471.02292,463.90152,1.6408102e+05,4.6608776e+01,3.8579658e+03,1.4216733e+01,1.6987508e+05,4.8288067e+01,0,nan,nan,nan,nan,471.02292,2.6242735e-04,463.90152,2.9583013e-04,2.6033595e-02,5.9216260e-04
0.5234079749889133,0.9997900400870113,0.00028198365975380435,1909.5055679751922,3.1465630e-03,491074,471.00493,463.87913,1.6389261e+05,4.6205585e+01,2.6013491e+03,1.3448215e+01,1.6972720e+05,4.7870350e+01,0,nan,nan,nan,nan,471.00493,2.5843366e-04,463.87913,2.9326483e-04,4.7709844e-03,-2.2277337e-02
0.5234894858854204,0.9998803612473633,0.00028203073167909937,1903.3707694860886,3.0676839e-03,486657,470.98983,463.85745,1.6373902e+05,4.6215252e+01,2.7168228e+03,1.3490329e+01,1.6974970e+05,4.7880363e+01,0,nan,nan,nan,nan,470.98983,2.5837004e-04,463.85745,2.9425489e-04,-1.0860987e-02,-4.7826443e-02
0.5235918318553558,0.9991951905854161,0.00028452810236339417,1719.3244718320566,-3.0380557e-03,354148,1328.20587,1818.99510,1.5763667e+05,4.4986984e+01,4.5953994e+03,1.1952022e+01,1.6598536e+05,4.7265537e+01,0,nan,nan,nan,nan,1328.20587,2.6143272e-04,1818.99510,2.3136912e-04,2.7569155e-03,1.3592049e-02
0.523870287538557,1.0003108058761812,0.00028410109184014566,1713.1898702877397,-2.9200478e-03,349731,1328.20741,1818.98787,1.5818588e+05,4.4931530e+01,4.0678894e+03,1.1712420e+01,1.6621528e+05,4.7207272e+01,0,nan,nan,nan,nan,1328.20741,2.6032777e-04,1818.98787,2.3167576e-04,6.0486142e-03,4.0394878e-03
0.5240059281100002,1.0004170407816027,0.00029246624476738986,1756.1341659283116,-3.0493215e-03,380651,1042.61406,1775.56477,1.5920717e+05,4.6532639e+01,6.2185601e+03,1.4529514e+01,1.6664392e+05,4.8717403e+01,0,nan,nan,nan,nan,1042.61406,2.7274675e-04,1775.56477,2.4323036e-04,-1.1104334e-02,3.3229191e-02
0.5241915646849978,1.0002429381083484,0.00029538712228193006,1743.8645915648865,-3.1847626e-03,371817,1042.61720,1775.52480,1.5932386e+05,4.7006924e+01,7.8845967e+03,1.5325555e+01,1.6664880e+05,4.9213955e+01,0,nan,nan,nan,nan,1042.61720,2.7592294e-04,1775.52480,2.4648319e-04,-7.6599726e-03,-9.3445284e-03
0.5245121189350357,1.0003008129805773,0.0002821386117355789,1921.7764321191385,3.1825991e-03,499909,471.02390,463.89210,1.6405297e+05,4.6232830e+01,2.5805620e+03,1.3483941e+01,1.6982073e+05,4.7898579e+01,0,nan,nan,nan,nan,471.02390,2.5889109e-04,463.89210,2.9338364e-04,2.7019151e-02,-9.0755783e-03
0.5245170548923852,1.0003633580607918,0.00028424679377705086,1731.5951570550938,-3.1808258e-03,362983,1328.19635,1819.01745,1.5847681e+05,4.4964901e+01,4.1735117e+03,1.1674321e+01,1.6626222e+05,4.7242336e+01,0,nan,nan,nan,nan,1328.19635,2.5980221e-04,1819.01745,2.2960159e-04,-7.3564001e-03,3.8372640e-02
0.5246667960755076,1.0000324738997803,0.0002845243225041225,1915.6417067962789,3.1768859e-03,495492,471.01723,463.90145,1.6423509e+05,4.6637646e+01,3.8814817e+03,1.4260016e+01,1.6982572e+05,4.8317978e+01,0,nan,nan,nan,nan,471.01723,2.6123776e-04,463.90145,2.9561348e-04,1.9758148e-02,5.7658512e-04
0.5247968770245279,1.000391369310765,0.00028209238276194037,1909.5069568772278,3.1465767e-03,491075,471.00179,463.88257,1.6399397e+05,4.6223362e+01,2.6032896e+03,1.3480603e+01,1.6982914e+05,4.7888763e+01,0,nan,nan,nan,nan,471.00179,2.5800857e-04,463.88257,2.9322345e-04,1.1520657e-03,-1.9085759e-02
0.5248783956044463,0.999922351383267,0.0002821602101527777,1903.3721583958077,3.0677053e-03,486658,470.98541,463.86254,1.6386216e+05,4.6236488e+01,2.7169639e+03,1.3554482e+01,1.6975692e+05,4.7902370e+01,0,nan,nan,nan,nan,470.98541,2.5808133e-04,463.86254,2.9350567e-04,-1.5872791e-02,-4.1668404e-02
0.5249806975546111,1.0002432970892252,0.0002846118487085145,1719.3258606977558,-3.0380783e-03,354149,1328.20452,1818.98087,1.5787456e+05,4.5000343e+01,4.5867598e+03,1.1912864e+01,1.6615988e+05,4.7279568e+01,0,nan,nan,nan,nan,1328.20452,2.6090731e-04,1818.98087,2.3124485e-04,1.7574974e-03,-1.6493204e-03
0.5252591446244427,0.9999992249399415,0.00028406868496200655,1713.1912591448256,-2.9200790e-03,349732,1328.20157,1818.98751,1.5834422e+05,4.4926914e+01,4.0685540e+03,1.1631560e+01,1.6616541e+05,4.7202423e+01,0,nan,nan,nan,nan,1328.20157,2.5978882e-04,1818.98751,2.3032039e-04,-1.3690629e-03,4.4951038e-03
0.5253948403546929,0.9995851974220856,0.000292402727504021,1756.1355548405563,-3.0492975e-03,380652,1042.61770,1775.57069,1.5910727e+05,4.6522453e+01,6.2167422e+03,1.4545588e+01,1.6650508e+05,4.8706741e+01,0,nan,nan,nan,nan,1042.61770,2.7265595e-04,1775.57069,2.4328791e-04,-7.5738598e-03,3.9538134e-02
0.5255804613307191,0.9996431013252721,0.0002954354532529052,1743.8659804615322,-3.1847542e-03,371818,1042.61772,1775.52960,1.5919319e+05,4.7014740e+01,7.9136704e+03,1.5350541e+01,1.6654931e+05,4.9222141e+01,0,nan,nan,nan,nan,1042.61772,2.7597626e-04,1775.52960,2.4691562e-04,-7.2941734e-03,-5.1261801e-03
0.525901005137257,0.999624286822239,0.0002820855809176094,1921.7778210053407,3.1825970e-03,499910,471.02796,463.88201,1.6396119e+05,4.6224098e+01,2.5932185e+03,1.3486902e+01,1.6970572e+05,4.7889530e+01,0,nan,nan,nan,nan,471.02796,2.5882176e-04,463.88201,2.9378940e-04,3.0349081e-02,-1.9769045e-02
0.5259059359591447,0.9998979296215932,0.0002843903066217241,1731.5965459361605,-3.1808331e-03,362984,1328.20005,1819.02065,1.5851106e+05,4.4987324e+01,4.1653882e+03,1.1733689e+01,1.6618383e+05,4.7265892e+01,0,nan,nan,nan,nan,1328.20005,2.5952864e-04,1819.02065,2.2959395e-04,-3.3618498e-03,4.1664012e-02
0.5260556883304162,1.0003159652144962,0.00028431187026701935,1915.6430956885338,3.1768898e-03,495493,471.02140,463.89561,1.6395205e+05,4.6602890e+01,3.8769006e+03,1.4252080e+01,1.6987409e+05,4.8281967e+01,0,nan,nan,nan,nan,471.02140,2.6173834e-04,463.89561,2.9675313e-04,2.5797276e-02,-6.2209652e-03
0.526185779059233,0.9997411611857803,0.00028202109571810995,1909.5083457792625,3.1465904e-03,491076,470.99794,463.88484,1.6386256e+05,4.6211639e+01,2.5888772e+03,1.3476222e+01,1.6971859e+05,4.7876617e+01,0,nan,nan,nan,nan,470.99794,2.5821774e-04,463.88484,2.9343402e-04,-2.3732507e-03,-1.6705479e-02
0.526267305555848,1.0001185068332705,0.00028221141299741566,1903.373547305759,3.0677270e-03,486659,470.98955,463.85713,1.6392095e+05,4.6244904e+01,2.7224114e+03,1.3518353e+01,1.6979031e+05,4.7911087e+01,0,nan,nan,nan,nan,470.98955,2.5810493e-04,463.85713,2.9367916e-04,-1.0933866e-02,-4.7910288e-02
0.5263695632547751,1.0003829436933194,0.0002847130805773403,1719.327249563456,-3.0381009e-03,354150,1328.20371,1818.97994,1.5778583e+05,4.5016460e+01,4.6001509e+03,1.1963914e+01,1.6618348e+05,4.7296501e+01,0,nan,nan,nan,nan,1328.20371,2.6145036e-04,1818.97994,2.3193013e-04,1.2531958e-03,-3.3501205e-03
0.5266480017089634,0.9997859867482911,0.00028409901548739994,1713.1926480019101,-2.9201102e-03,349733,1328.20174,1818.97797,1.5833494e+05,4.4932236e+01,4.0703276e+03,1.1685954e+01,1.6613192e+05,4.7208015e+01,0,nan,nan,nan,nan,1328.20174,2.5949421e-04,1818.97797,2.3007113e-04,-1.2135616e-03,-5.1317238e-03
0.5267837523665548,1.0000243525741963,0.00029244336917810733,1756.1369437525682,-3.0492737e-03,380653,1042.61594,1775.56707,1.5908744e+05,4.6528847e+01,6.1937524e+03,1.4582261e+01,1.6657795e+05,4.8713432e+01,0,nan,nan,nan,nan,1042.61594,2.7268552e-04,1775.56707,2.4342671e-04,-9.0142861e-03,3.5730179e-02
0.5269693579766681,0.9999846740380958,0.0002952357784296628,1743.8673693581782,-3.1847458e-03,371819,1042.61305,1775.51956,1.5917464e+05,4.6983089e+01,7.8663223e+03,1.5326794e+01,1.6660669e+05,4.9189007e+01,0,nan,nan,nan,nan,1042.61305,2.7590099e-04,1775.51956,2.4659594e-04,-1.2382901e-02,-1.5068773e-02
0.527289891106193,1.000180932945145,0.0002822726192244856,1921.7792098913096,3.1825947e-03,499911,471.03126,463.89279,1.6401225e+05,4.6254707e+01,2.5991882e+03,1.3583652e+01,1.6980006e+05,4.7921238e+01,0,nan,nan,nan,nan,471.03126,2.5943713e-04,463.89279,2.9326117e-04,3.4870114e-02,-7.8931674e-03
0.5272948170261319,0.9996247128442135,0.0002840468406644622,1731.5979348172275,-3.1808403e-03,362985,1328.20550,1819.02505,1.5833658e+05,4.4932693e+01,4.1641060e+03,1.1654545e+01,1.6613731e+05,4.7208496e+01,0,nan,nan,nan,nan,1328.20550,2.6002733e-04,1819.02505,2.2953880e-04,2.8477479e-03,4.6271838e-02
0.5274445808181554,1.000088621357267,0.00028454428817245185,1915.6444845810215,3.1768940e-03,495494,471.01522,463.89975,1.6412014e+05,4.6641052e+01,3.8702478e+03,1.4269211e+01,1.6983573e+05,4.8321507e+01,0,nan,nan,nan,nan,471.01522,2.6216422e-04,463.89975,2.9603072e-04,1.8579694e-02,-1.4801145e-03
0.5275746810930286,1.000238290983342,0.0002820859405113425,1909.5097346812963,3.1466042e-03,491077,471.00252,463.87216,1.6397695e+05,4.6222218e+01,2.5994114e+03,1.3480927e+01,1.6980281e+05,4.7887577e+01,0,nan,nan,nan,nan,471.00252,2.5803590e-04,463.87216,2.9330619e-04,2.0731776e-03,-3.0368730e-02
0.5276562152735096,1.0001681249053993,0.00028213843499111754,1903.3749362154767,3.0677484e-03,486660,470.98616,463.86463,1.6391114e+05,4.6232971e+01,2.7063977e+03,1.3526112e+01,1.6979883e+05,4.7898720e+01,0,nan,nan,nan,nan,470.98616,2.5800665e-04,463.86463,2.9337991e-04,-1.5076976e-02,-3.9215028e-02
0.5277584289547121,1.0001943384373078,0.00028452122184465553,1719.328638429156,-3.0381235e-03,354151,1328.20559,1818.99567,1.5773534e+05,4.4986233e+01,4.5916396e+03,1.1919315e+01,1.6615256e+05,4.7264748e+01,0,nan,nan,nan,nan,1328.20559,2.6130755e-04,1818.99567,2.3118666e-04,3.6979001e-03,1.4433271e-02
0.5280368587934842,1.0004320398041735,0.0002841278873122636,1713.1940368589947,-2.9201414e-03,349734,1328.20651,1818.98726,1.5847027e+05,4.4937355e+01,4.0597544e+03,1.1602141e+01,1.6624130e+05,4.7213390e+01,0,nan,nan,nan,nan,1328.20651,2.5966534e-04,1818.98726,2.2956182e-04,3.7501038e-03,5.2019386e-03
0.5281726643793263,0.9998362816153641,0.00029259256443466,1756.138332664581,-3.0492500e-03,380654,1042.61205,1775.56362,1.5912298e+05,4.6552502e+01,6.2000283e+03,1.4566873e+01,1.6654634e+05,4.8738201e+01,0,nan,nan,nan,nan,1042.61205,2.7286378e-04,1775.56362,2.4358662e-04,-1.2761214e-02,3.2048896e-02
0.5283582546221623,0.999706122153305,0.00029543348980231,1743.8687582548237,-3.1847374e-03,371820,1042.61862,1775.52330,1.5915234e+05,4.7014694e+01,7.9050747e+03,1.5360218e+01,1.6656075e+05,4.9222088e+01,0,nan,nan,nan,nan,1042.61862,2.7621552e-04,1775.52330,2.4686620e-04,-7.0723733e-03,-1.1258776e-02
0.5286787770746741,1.0001485827504513,0.00028220026620010507,1921.780598777278,3.1825923e-03,499912,471.01792,463.87957,1.6404412e+05,4.6242798e+01,2.5856978e+03,1.3551083e+01,1.6979441e+05,4.7908905e+01,0,nan,nan,nan,nan,471.01792,2.5868625e-04,463.87957,2.9332368e-04,1.9957922e-02,-2.1454761e-02
0.5286836978600601,1.000016339480202,0.0002841750248321714,1731.5993236980614,-3.1808477e-03,362986,1328.20476,1819.02701,1.5847634e+05,4.4952660e+01,4.1747407e+03,1.1671840e+01,1.6620125e+05,4.7229473e+01,0,nan,nan,nan,nan,1328.20476,2.5971487e-04,1819.02701,2.2923847e-04,1.4149538e-03,4.8731826e-02
0.5288334733068041,1.0000794473192636,0.0002843531518429101,1915.6458734735102,3.1768982e-03,495495,471.01166,463.89758,1.6394611e+05,4.6609798e+01,3.8856172e+03,1.4247919e+01,1.6983444e+05,4.8289124e+01,0,nan,nan,nan,nan,471.01166,2.6363219e-04,463.89758,2.9598956e-04,1.5967397e-02,-4.2344909e-03
0.528963583127279,1.0001478565765454,0.00028217358969285085,1909.5111235833306,3.1466179e-03,491078,470.99586,463.87245,1.6398472e+05,4.6236530e+01,2.6002253e+03,1.3528928e+01,1.6978730e+05,4.7902409e+01,0,nan,nan,nan,nan,470.99586,2.5806253e-04,463.87245,2.9315267e-04,-4.8129000e-03,-2.9876668e-02
0.5290451249907164,1.000161166553684,0.00028210775266569504,1903.376325125194,3.0677698e-03,486661,470.99361,463.85717,1.6383181e+05,4.6227966e+01,2.7226943e+03,1.3540179e+01,1.6979773e+05,4.7893536e+01,0,nan,nan,nan,nan,470.99361,2.5830997e-04,463.85717,2.9365261e-04,-6.5493663e-03,-4.8544884e-02
0.5291472946539674,1.0002893374553128,0.00028454023808939034,1719.3300272948552,-3.0381461e-03,354152,1328.21027,1818.98180,1.5783381e+05,4.4989353e+01,4.5885254e+03,1.1902315e+01,1.6616877e+05,4.7268024e+01,0,nan,nan,nan,nan,1328.21027,2.6100373e-04,1818.98180,2.3143752e-04,7.6030209e-03,-7.0344436e-04
0.5294257158789151,1.0000392326215242,0.00028407911884861586,1713.19542571608,-2.9201726e-03,349735,1328.20884,1818.98659,1.5842241e+05,4.4930202e+01,4.0642415e+03,1.1641005e+01,1.6617811e+05,4.7205879e+01,0,nan,nan,nan,nan,1328.20884,2.5968472e-04,1818.98659,2.2956554e-04,6.5133693e-03,4.9526598e-03
0.5295615766247014,0.9997249448563937,0.0002923507497767503,1756.1397215768263,-3.0492260e-03,380655,1042.61652,1775.56598,1.5904866e+05,4.6513954e+01,6.1883584e+03,1.4543248e+01,1.6652752e+05,4.8697838e+01,0,nan,nan,nan,nan,1042.61652,2.7296503e-04,1775.56598,2.4338267e-04,-8.0676563e-03,3.4652062e-02
0.5297471512681113,0.9996889979666566,0.00029531002481038304,1743.8701471514696,-3.1847290e-03,371821,1042.61647,1775.52695,1.5916703e+05,4.6995174e+01,7.8888735e+03,1.5347023e+01,1.6655836e+05,4.9201656e+01,0,nan,nan,nan,nan,1042.61647,2.7606980e-04,1775.52695,2.4654105e-04,-8.7525910e-03,-6.9895815e-03
0.5300676632768955,0.9998192958952972,0.00028198335850759777,1921.7819876634803,3.1825902e-03,499913,471.02326,463.88788,1.6390089e+05,4.6207214e+01,2.5804468e+03,1.3464458e+01,1.6973833e+05,4.7872036e+01,0,nan,nan,nan,nan,471.02326,2.5890168e-04,463.88788,2.9378169e-04,2.6001541e-02,-1.3332563e-02
0.5300725789268202,0.9992610546185698,0.0002841389087121344,1731.6007125791282,-3.1808550e-03,362987,1328.19804,1819.01610,1.5836961e+05,4.4946617e+01,4.1664995e+03,1.1686979e+01,1.6607450e+05,4.7223125e+01,0,nan,nan,nan,nan,1328.19804,2.5954776e-04,1819.01610,2.2964897e-04,-5.3777965e-03,3.6198657e-02
0.5302223655626221,1.0002271734092099,0.0002845542983748616,1915.647262365766,3.1769022e-03,495496,471.01201,463.90436,1.6401011e+05,4.6642845e+01,3.8950720e+03,1.4326347e+01,1.6985981e+05,4.8323360e+01,0,nan,nan,nan,nan,471.01201,2.6255174e-04,463.90436,2.9612909e-04,1.5318558e-02,4.1002771e-03
0.5303524851619841,1.000624912264431,0.00028203025594951685,1909.5125124853653,3.1466316e-03,491079,471.00518,463.89122,1.6404383e+05,4.6212994e+01,2.5914387e+03,1.3452071e+01,1.6986809e+05,4.7878025e+01,0,nan,nan,nan,nan,471.00518,2.5792938e-04,463.89122,2.9305238e-04,5.5246609e-03,-9.8498352e-03
0.5304340349407539,0.999565083613654,0.0002821747610718162,1903.377714035144,3.0677915e-03,486662,470.98989,463.86288,1.6366697e+05,4.6238972e+01,2.7306675e+03,1.3565055e+01,1.6969662e+05,4.7904938e+01,0,nan,nan,nan,nan,470.98989,2.5943035e-04,463.86288,2.9395369e-04,-9.3950275e-03,-4.0828954e-02
0.5305361603539037,1.000571128062376,0.00028470667359710943,1719.3314161605551,-3.0381687e-03,354153,1328.20164,1818.98220,1.5789792e+05,4.5015781e+01,4.5777368e+03,1.1921063e+01,1.6621600e+05,4.7295792e+01,0,nan,nan,nan,nan,1328.20164,2.6092277e-04,1818.98220,2.3143411e-04,-1.4285876e-03,3.0811570e-04
0.5308145727312876,1.0003068837911984,0.00028412895762832096,1713.1968145729325,-2.9202041e-03,349736,1328.20677,1818.98778,1.5843561e+05,4.4938675e+01,4.0642759e+03,1.1623312e+01,1.6622477e+05,4.7214779e+01,0,nan,nan,nan,nan,1328.20677,2.5970166e-04,1818.98778,2.2996201e-04,4.1133543e-03,5.3884331e-03
0.5309504886372451,0.9997922542351811,0.0002924233145323726,1756.1411104888389,-3.0492023e-03,380656,1042.61129,1775.56583,1.5911980e+05,4.6525414e+01,6.1874902e+03,1.4527071e+01,1.6653844e+05,4.8709843e+01,0,nan,nan,nan,nan,1042.61129,2.7309547e-04,1775.56583,2.4330735e-04,-1.3785635e-02,3.4162804e-02
0.5311360479140603,0.9998123435196787,0.0002953117712839377,1743.8715360481156,-3.1847206e-03,371822,1042.61803,1775.51780,1.5901350e+05,4.6995586e+01,7.8844438e+03,1.5373335e+01,1.6657939e+05,4.9202087e+01,0,nan,nan,nan,nan,1042.61803,2.7647126e-04,1775.51780,2.4681789e-04,-6.7790528e-03,-1.6485490e-02
0.5314565492462862,1.0001329254262186,0.00028198006032022145,1921.7833765494497,3.1825879e-03,499914,471.02725,463.89329,1.6410702e+05,4.6206631e+01,2.5843782e+03,1.3395566e+01,1.6979141e+05,4.7871429e+01,0,nan,nan,nan,nan,471.02725,2.5855715e-04,463.89329,2.9307889e-04,2.9228128e-02,-7.6906485e-03
0.5314614599935791,1.0003661423660088,0.0002841861985774821,1731.602101460195,-3.1808622e-03,362988,1328.20467,1819.02422,1.5831834e+05,4.4953751e+01,4.1727212e+03,1.1699469e+01,1.6625688e+05,4.7230618e+01,0,nan,nan,nan,nan,1328.20467,2.6011348e-04,1819.02422,2.3057712e-04,1.7387776e-03,4.4111323e-02
0.5316112580512709,1.0001372584837551,0.000284394602739385,1915.6486512582546,3.1769064e-03,495497,471.02226,463.88591,1.6412986e+05,4.6616745e+01,3.8720876e+03,1.4228203e+01,1.6984483e+05,4.8296322e+01,0,nan,nan,nan,nan,471.02226,2.6219562e-04,463.88591,2.9593744e-04,2.5471589e-02,-1.6343907e-02
0.5317413871971439,1.0001991393056664,0.00028208095631439885,1909.5139013874004,3.1466454e-03,491080,470.99870,463.87692,1.6401352e+05,4.6221252e+01,2.5919255e+03,1.3434938e+01,1.6979564e+05,4.7886581e+01,0,nan,nan,nan,nan,470.99870,2.5805563e-04,463.87692,2.9337630e-04,-1.5492988e-03,-2.4924845e-02
0.5318229446588703,0.9996923200945873,0.00028210338375067595,1903.379102944862,3.0678129e-03,486663,470.98274,463.85408,1.6374364e+05,4.6227299e+01,2.7255520e+03,1.3563560e+01,1.6971831e+05,4.7892845e+01,0,nan,nan,nan,nan,470.98274,2.5834295e-04,463.85408,2.9388577e-04,-1.7646745e-02,-5.1185269e-02
0.5319250260547509,1.0001029137385167,0.00028455868374511025,1719.332805026256,-3.0381912e-03,354154,1328.20377,1818.99170,1.5781545e+05,4.4992500e+01,4.5776104e+03,1.1912601e+01,1.6613866e+05,4.7271332e+01,0,nan,nan,nan,nan,1328.20377,2.6091840e-04,1818.99170,2.3116845e-04,9.1978186e-04,1.0402470e-02
0.5322034298158084,1.000094370687034,0.0002840427836045892,1713.198203430017,-2.9202353e-03,349737,1328.20287,1818.98543,1.5845392e+05,4.4925652e+01,4.0539412e+03,1.1619556e+01,1.6619169e+05,4.7201096e+01,0,nan,nan,nan,nan,1328.20287,2.5932817e-04,1818.98543,2.2957362e-04,2.5344008e-04,3.0163149e-03
0.5323394008828473,1.0002137849715784,0.00029246780735224986,1756.1424994010845,-3.0491783e-03,380657,1042.61288,1775.56759,1.5907634e+05,4.6532406e+01,6.1752222e+03,1.4554762e+01,1.6660834e+05,4.8717163e+01,0,nan,nan,nan,nan,1042.61288,2.7336553e-04,1775.56759,2.4343118e-04,-1.1173597e-02,3.6386758e-02
0.5325249445590998,1.0002344118781883,0.0002953843229372274,1743.8729249447606,-3.1847123e-03,371823,1042.61927,1775.52261,1.5923861e+05,4.7007263e+01,7.8956621e+03,1.5330642e+01,1.6665019e+05,4.9214317e+01,0,nan,nan,nan,nan,1042.61927,2.7582515e-04,1775.52261,2.4675741e-04,-6.2851906e-03,-1.2175547e-02
0.5328454352149951,1.0004531275170592,0.000281970798633003,1921.7847654354184,3.1825856e-03,499915,471.02954,463.88484,1.6386247e+05,4.6205063e+01,2.6139026e+03,1.3471840e+01,1.6984559e+05,4.7869804e+01,0,nan,nan,nan,nan,471.02954,2.5975879e-04,463.88484,2.9373102e-04,3.3025634e-02,-1.6923651e-02
0.5328503410603392,0.9999289244475179,0.0002842269103997133,1731.6034903412617,-3.1808694e-03,362989,1328.19823,1819.01761,1.5846052e+05,4.4959820e+01,4.1680845e+03,1.1698532e+01,1.6618288e+05,4.7237000e+01,0,nan,nan,nan,nan,1328.19823,2.5982154e-04,1819.01761,2.2957417e-04,-4.3638013e-03,3.7868395e-02
0.5330001505399196,1.0007213104239943,0.00028465657895397655,1915.6500401507433,3.1769106e-03,495498,471.02336,463.90385,1.6428069e+05,4.6659775e+01,3.8732156e+03,1.4298866e+01,1.6994431e+05,4.8340900e+01,0,nan,nan,nan,nan,471.02336,2.6157184e-04,463.90385,2.9580711e-04,2.6676092e-02,3.6689965e-03
0.5331302889990184,0.9996403356007633,0.00028195592594992705,1909.5152902892023,3.1466589e-03,491081,470.99901,463.87861,1.6388667e+05,4.6200710e+01,2.5849268e+03,1.3452542e+01,1.6970058e+05,4.7865299e+01,0,nan,nan,nan,nan,470.99901,2.5805342e-04,463.87861,2.9314164e-04,-1.4220214e-03,-2.3317862e-02
0.5332118543778961,1.0004709785494317,0.00028225734150021944,1903.3804918545811,3.0678343e-03,486664,470.98734,463.86049,1.6401030e+05,4.6252556e+01,2.7289094e+03,1.3537048e+01,1.6985059e+05,4.7919010e+01,0,nan,nan,nan,nan,470.98734,2.5790939e-04,463.86049,2.9335564e-04,-1.3773243e-02,-4.3731350e-02
0.5333138917546872,0.999741491904109,0.0002844728578733487,1719.334193891956,-3.0382138e-03,354155,1328.20640,1818.98496,1.5768508e+05,4.4979053e+01,4.5871533e+03,1.1921830e+01,1.6607905e+05,4.7257198e+01,0,nan,nan,nan,nan,1328.20640,2.6130982e-04,1818.98496,2.3147455e-04,4.1594296e-03,2.7436591e-03
0.5335922869003298,1.000326320692505,0.0002839995480864824,1713.1995922871015,-2.9202665e-03,349738,1328.20409,1818.98158,1.5839089e+05,4.4919434e+01,4.0624292e+03,1.1614971e+01,1.6623255e+05,4.7194565e+01,0,nan,nan,nan,nan,1328.20409,2.5975480e-04,1818.98158,2.2964070e-04,1.9065541e-03,-1.4071452e-03
0.533728312895164,1.0003591151248812,0.00029227444322136155,1756.1438883130968,-3.0491545e-03,380658,1042.62206,1775.56570,1.5913772e+05,4.6501560e+01,6.1698955e+03,1.4503425e+01,1.6663227e+05,4.8684868e+01,0,nan,nan,nan,nan,1042.62206,2.7257341e-04,1775.56570,2.4310677e-04,-2.5231300e-03,3.4395631e-02
0.5339138412041393,1.0003862956808527,0.00029549070114177455,1743.8743138414056,-3.1847039e-03,371824,1042.61603,1775.52591,1.5935147e+05,4.7024330e+01,7.8894438e+03,1.5366435e+01,1.6667597e+05,4.9232182e+01,0,nan,nan,nan,nan,1042.61603,2.7606208e-04,1775.52591,2.4625045e-04,-9.6151363e-03,-8.6393198e-03
0.5342343214165339,1.000340171219312,0.00028228832605632273,1921.78615432162,3.1825835e-03,499916,471.02245,463.88718,1.6417730e+05,4.6257046e+01,2.5985295e+03,1.3482993e+01,1.6982623e+05,4.7923664e+01,0,nan,nan,nan,nan,471.02245,2.5876702e-04,463.88718,2.9328343e-04,2.4431933e-02,-1.4095276e-02
0.5342392218944951,0.999663355780361,0.00028427632154328383,1731.6048792220959,-3.1808768e-03,362990,1328.20097,1819.02075,1.5842530e+05,4.4967262e+01,4.1865410e+03,1.1735798e+01,1.6613731e+05,4.7244812e+01,0,nan,nan,nan,nan,1328.20097,2.5966839e-04,1819.02075,2.2935130e-04,-2.1747171e-03,4.1180484e-02
0.5343890430281135,0.999838692203376,0.00028441971855366736,1915.6514290432315,3.1769148e-03,495499,471.00174,463.90667,1.6402595e+05,4.6621037e+01,3.8799104e+03,1.4263095e+01,1.6979475e+05,4.8300766e+01,0,nan,nan,nan,nan,471.00174,2.6134413e-04,463.90667,2.9631934e-04,3.4020694e-03,6.1536790e-03
0.5345191910330417,0.9995298466831155,0.00028192429436137265,1909.5166791912363,3.1466726e-03,491082,470.99991,463.87289,1.6385755e+05,4.6195477e+01,2.5910154e+03,1.3408210e+01,1.6968162e+05,4.7859875e+01,0,nan,nan,nan,nan,470.99991,2.5819059e-04,463.87289,2.9366455e-04,-3.3114603e-04,-2.9790685e-02
0.5346007643288431,1.000163973741492,0.0002821614835004009,1903.381880764532,3.0678560e-03,486665,470.98577,463.85962,1.6391881e+05,4.6236870e+01,2.7238618e+03,1.3518940e+01,1.6979856e+05,4.7902760e+01,0,nan,nan,nan,nan,470.98577,2.5803279e-04,463.85962,2.9349761e-04,-1.5249223e-02,-4.5313332e-02
0.5347027574546249,1.0000587098334823,0.0002845752574863632,1719.3355827576559,-3.0382364e-03,354156,1328.20718,1818.98870,1.5781008e+05,4.4995358e+01,4.5685854e+03,1.1909480e+01,1.6613219e+05,4.7274334e+01,0,nan,nan,nan,nan,1328.20718,2.6116252e-04,1818.98870,2.3124856e-04,4.5377999e-03,6.4610355e-03
0.5349811439857607,0.999997182013009,0.00028414176325874247,1713.200981144187,-2.9202977e-03,349739,1328.20513,1818.98607,1.5847308e+05,4.4942574e+01,4.0528936e+03,1.1650993e+01,1.6618023e+05,4.7218876e+01,0,nan,nan,nan,nan,1328.20513,2.5956405e-04,1818.98607,2.2953609e-04,2.3038308e-03,4.3028770e-03
0.5351172249079355,0.9999193480010351,0.0002922720452294,1756.1452772251096,-3.0491308e-03,380659,1042.61160,1775.56562,1.5911353e+05,4.6501091e+01,6.1637026e+03,1.4500975e+01,1.6655870e+05,4.8684380e+01,0,nan,nan,nan,nan,1042.61160,2.7260213e-04,1775.56562,2.4314891e-04,-1.3272228e-02,3.4364380e-02
0.5353027378496336,1.0002494069447263,0.00029524006368093525,1743.8757027380511,-3.1846955e-03,371825,1042.61318,1775.51847,1.5917120e+05,4.6984585e+01,7.8994556e+03,1.5323071e+01,1.6665366e+05,4.9190571e+01,0,nan,nan,nan,nan,1042.61318,2.7616235e-04,1775.51847,2.4647123e-04,-1.2641084e-02,-1.6371068e-02
0.5356232073859246,1.0009371451655613,0.0002823360118342406,1921.7875432075894,3.1825812e-03,499917,471.01986,463.88357,1.6409086e+05,4.6264812e+01,2.5956782e+03,1.3584376e+01,1.6992741e+05,4.7931709e+01,0,nan,nan,nan,nan,471.01986,2.5872089e-04,463.88357,2.9356877e-04,2.1999108e-02,-1.8803446e-02
0.5356281029612546,0.9998274589464247,0.0002842610579458958,1731.6062681031626,-3.1808841e-03,362991,1328.20282,1819.01909,1.5841964e+05,4.4964439e+01,4.1759287e+03,1.1706265e+01,1.6616311e+05,4.7241848e+01,0,nan,nan,nan,nan,1328.20282,2.5995867e-04,1819.01909,2.2973015e-04,-1.9815654e-04,4.0033009e-02
0.5357779352830221,0.9997739059957285,0.00028426978572808456,1915.6528179354864,3.1769187e-03,495500,471.02143,463.89945,1.6378036e+05,4.6596546e+01,3.8862466e+03,1.4254138e+01,1.6978408e+05,4.8275398e+01,0,nan,nan,nan,nan,471.02143,2.6157929e-04,463.89945,2.9789979e-04,2.4331309e-02,-1.4062526e-03
0.5359080930670643,1.0000348469176745,0.0002821910028022081,1909.5180680932704,3.1466864e-03,491083,471.00372,463.88913,1.6398697e+05,4.6239120e+01,2.5854150e+03,1.3466227e+01,1.6976714e+05,4.7905090e+01,0,nan,nan,nan,nan,471.00372,2.5822499e-04,463.88913,2.9362904e-04,3.8725338e-03,-1.2233046e-02
0.5359896740460499,0.999575822251883,0.00028206780903916,1903.3832696742493,3.0678774e-03,486666,470.99151,463.86307,1.6376086e+05,4.6221539e+01,2.7249136e+03,1.3531939e+01,1.6969880e+05,4.7886879e+01,0,nan,nan,nan,nan,470.99151,2.5838122e-04,463.86307,2.9380797e-04,-8.8600917e-03,-4.0894527e-02
0.5360916231541072,0.9999275558028627,0.000284491536631573,1719.3369716233553,-3.0382590e-03,354157,1328.20355,1818.98090,1.5770131e+05,4.4982243e+01,4.5844106e+03,1.1912087e+01,1.6611084e+05,4.7260555e+01,0,nan,nan,nan,nan,1328.20355,2.6107556e-04,1818.98090,2.3171077e-04,8.8830071e-04,-2.0379829e-03
0.5363700010716457,1.0001095026472877,0.00028397428608042843,1713.2023700012728,-2.9203289e-03,349740,1328.20404,1818.98679,1.5839333e+05,4.4916752e+01,4.0508296e+03,1.1621789e+01,1.6620138e+05,4.7191746e+01,0,nan,nan,nan,nan,1328.20404,2.5968422e-04,1818.98679,2.2962391e-04,1.6642358e-03,4.6910872e-03
0.5365061371535376,1.000112302920817,0.0002925040323866506,1756.1466661373552,-3.0491068e-03,380660,1042.61278,1775.56857,1.5928236e+05,4.6537914e+01,6.1618892e+03,1.4546892e+01,1.6659052e+05,4.8722927e+01,0,nan,nan,nan,nan,1042.61278,2.7235749e-04,1775.56857,2.4299590e-04,-1.2907794e-02,3.7516475e-02
0.5366916344955825,0.9999514944696763,0.00029569263512501775,1743.877091634697,-3.1846871e-03,371826,1042.61922,1775.51351,1.5927309e+05,4.7056744e+01,7.8998584e+03,1.5440525e+01,1.6660452e+05,4.9266121e+01,0,nan,nan,nan,nan,1042.61922,2.7643994e-04,1775.51351,2.4662275e-04,-6.1410572e-03,-2.1295490e-02
0.53701209335577,0.99987864108359,0.0002823754934392017,1921.7889320935592,3.1825788e-03,499918,471.02429,463.88251,1.6397139e+05,4.6271236e+01,2.5985012e+03,1.3555731e+01,1.6974753e+05,4.7938362e+01,0,nan,nan,nan,nan,471.02429,2.5907235e-04,463.88251,2.9442407e-04,2.6012197e-02,-1.9385533e-02
0.5370169840280141,0.9997919000359357,0.00028426622398181723,1731.6076569842294,-3.1808913e-03,362992,1328.19913,1819.02415,1.5843939e+05,4.4964840e+01,4.1665303e+03,1.1713205e+01,1.6615564e+05,4.7242268e+01,0,nan,nan,nan,nan,1328.19913,2.5963952e-04,1819.02415,2.2930739e-04,-4.1108173e-03,4.5835491e-02
0.5371668277709883,0.999973761030703,0.00028432603259930764,1915.6542068279743,3.1769229e-03,495501,471.02408,463.88477,1.6403691e+05,4.6605865e+01,3.8827292e+03,1.4219881e+01,1.6981838e+05,4.8285049e+01,0,nan,nan,nan,nan,471.02408,2.6266833e-04,463.88477,2.9623116e-04,2.7338475e-02,-1.6836012e-02
0.5372969951017694,0.9994630487696797,0.0002819574815448907,1909.519456995305,3.1467001e-03,491084,470.99831,463.86973,1.6379859e+05,4.6200798e+01,2.6093926e+03,1.3468914e+01,1.6966986e+05,4.7865387e+01,0,nan,nan,nan,nan,470.99831,2.5831928e-04,463.86973,2.9348704e-04,-2.1030256e-03,-3.2686759e-02
0.5373785837641663,0.9999916012948101,0.00028219521968043433,1903.3846585839674,3.0678988e-03,486667,470.98253,463.85365,1.6383233e+05,4.6242443e+01,2.7100049e+03,1.3572418e+01,1.6976947e+05,4.7908535e+01,0,nan,nan,nan,nan,470.98253,2.5814853e-04,463.85365,2.9379898e-04,-1.8099314e-02,-5.1238440e-02
0.5374804888533617,0.9997313293951668,0.00028442241713385154,1719.3383604890546,-3.0382816e-03,354158,1328.20688,1818.98539,1.5776278e+05,4.4971439e+01,4.5749487e+03,1.1869250e+01,1.6607870e+05,4.7249199e+01,0,nan,nan,nan,nan,1328.20688,2.6098578e-04,1818.98539,2.3143482e-04,4.2571635e-03,3.5339952e-03
0.5377588581568489,1.0000747597857738,0.000283790822493855,1713.203758858358,-2.9203601e-03,349741,1328.20589,1818.98783,1.5819942e+05,4.4888420e+01,4.0398716e+03,1.1582338e+01,1.6619814e+05,4.7161980e+01,0,nan,nan,nan,nan,1328.20589,2.5973542e-04,1818.98783,2.3062623e-04,3.0290650e-03,5.1746150e-03
0.5378950491658543,0.9997217079085963,0.00029239293422597836,1756.1480550493675,-3.0490831e-03,380661,1042.61726,1775.56656,1.5908056e+05,4.6520149e+01,6.1506538e+03,1.4538984e+01,1.6652514e+05,4.8704327e+01,0,nan,nan,nan,nan,1042.61726,2.7261183e-04,1775.56656,2.4347055e-04,-7.0079826e-03,3.5407372e-02
0.5380805311415315,1.0004209831716804,0.00029540378090592534,1743.878480531343,-3.1846787e-03,371827,1042.61505,1775.52562,1.5932891e+05,4.7010918e+01,7.9096763e+03,1.5351245e+01,1.6668325e+05,4.9218140e+01,0,nan,nan,nan,nan,1042.61505,2.7576115e-04,1775.52562,2.4635100e-04,-1.0641198e-02,-8.6043850e-03
0.5384009795579914,0.9996987838033695,0.00028196296394858834,1921.7903209797614,3.1825767e-03,499919,471.02868,463.89058,1.6381875e+05,4.6203583e+01,2.6019512e+03,1.3478067e+01,1.6971681e+05,4.7868275e+01,0,nan,nan,nan,nan,471.02868,2.5917255e-04,463.89058,2.9432788e-04,3.1405672e-02,-1.1107292e-02
0.5384058650940912,0.9995256983009463,0.0002842426810362715,1731.6090458652955,-3.1808985e-03,362993,1328.19973,1819.01733,1.5843091e+05,4.4960670e+01,4.1675444e+03,1.1694996e+01,1.6610977e+05,4.7237888e+01,0,nan,nan,nan,nan,1328.19973,2.5975422e-04,1819.01733,2.2954891e-04,-3.6637753e-03,3.7391976e-02
0.5385557202603195,1.000308808059969,0.00028455702898669776,1915.6555957204637,3.1769271e-03,495502,471.01377,463.90479,1.6421534e+05,4.6643833e+01,3.8805142e+03,1.4266953e+01,1.6987562e+05,4.8324383e+01,0,nan,nan,nan,nan,471.01377,2.6101124e-04,463.90479,2.9621771e-04,1.6394528e-02,5.0854636e-03
0.5386858971364745,1.0000105841979385,0.0002819504842584245,1909.5208458973398,3.1467138e-03,491085,471.00004,463.88381,1.6392644e+05,4.6199589e+01,2.5765588e+03,1.3422954e+01,1.6976259e+05,4.7864140e+01,0,nan,nan,nan,nan,471.00004,2.5809297e-04,463.88381,2.9315581e-04,-2.2862315e-04,-1.7648051e-02
0.5387674937151132,0.9997729513893876,0.0002822121029310002,1903.3860474939183,3.0679205e-03,486668,470.99085,463.85695,1.6386689e+05,4.6245232e+01,2.7293875e+03,1.3560568e+01,1.6973244e+05,4.7911427e+01,0,nan,nan,nan,nan,470.99085,2.5817074e-04,463.85695,2.9359909e-04,-1.0408971e-02,-4.7324043e-02
0.5388693545532988,1.000415335064369,0.00028460485653650973,1719.3397493547545,-3.0383042e-03,354159,1328.20063,1818.98781,1.5778048e+05,4.5000408e+01,4.5690977e+03,1.1926206e+01,1.6619280e+05,4.7279640e+01,0,nan,nan,nan,nan,1328.20063,2.6110944e-04,1818.98781,2.3151211e-04,-2.6985230e-03,5.3610690e-03
0.5391477152413696,0.9995381089614962,0.00028384339606180546,1713.2051477154425,-2.9203913e-03,349742,1328.20623,1818.98324,1.5830911e+05,4.4897446e+01,4.0348953e+03,1.1578115e+01,1.6611158e+05,4.7171463e+01,0,nan,nan,nan,nan,1328.20623,2.5963635e-04,1818.98324,2.2974973e-04,4.1434607e-03,5.0785620e-04
0.5392839614114564,1.0001923364055458,0.0002925600471982963,1756.149443961613,-3.0490591e-03,380662,1042.61412,1775.56507,1.5918619e+05,4.6546650e+01,6.1471655e+03,1.4581748e+01,1.6660320e+05,4.8732071e+01,0,nan,nan,nan,nan,1042.61412,2.7258438e-04,1775.56507,2.4330431e-04,-1.0658574e-02,3.3426177e-02
0.5394694277870258,0.9999756018477344,0.00029533000539726164,1743.8798694279885,-3.1846703e-03,371828,1042.61540,1775.52436,1.5922234e+05,4.6999321e+01,7.8984141e+03,1.5334447e+01,1.6660955e+05,4.9205997e+01,0,nan,nan,nan,nan,1042.61540,2.7598490e-04,1775.52436,2.4640461e-04,-1.0640813e-02,-9.9520674e-03
0.5397898655269273,0.9997374399938079,0.0002819611485093848,1921.7917098657304,3.1825744e-03,499920,471.02692,463.88682,1.6399100e+05,4.6203239e+01,2.5838005e+03,1.3423320e+01,1.6972319e+05,4.7867916e+01,0,nan,nan,nan,nan,471.02692,2.5859897e-04,463.88682,2.9348989e-04,2.9012805e-02,-1.4154786e-02
0.5397947459275653,0.9999410302489119,0.00028428464311100585,1731.610434746129,-3.1809059e-03,362994,1328.20316,1819.02126,1.5842539e+05,4.4966846e+01,4.1850342e+03,1.1672363e+01,1.6617708e+05,4.7244377e+01,0,nan,nan,nan,nan,1328.20316,2.5997724e-04,1819.02126,2.3003058e-04,-3.4765969e-04,4.1402571e-02
0.5399446125165923,0.9999807987334146,0.00028451681239605766,1915.65698461272,3.1769311e-03,495503,471.01972,463.89730,1.6424238e+05,4.6637337e+01,3.8733264e+03,1.4238398e+01,1.6982031e+05,4.8317661e+01,0,nan,nan,nan,nan,471.01972,2.6085056e-04,463.89730,2.9578668e-04,2.1601619e-02,-3.7959476e-03
0.540074798938349,0.9992782567449346,0.0002819399477586694,1909.5222347991416,3.1467273e-03,491086,471.00057,463.88605,1.6378706e+05,4.6197803e+01,2.6143870e+03,1.3485710e+01,1.6963805e+05,4.7862286e+01,0,nan,nan,nan,nan,471.00057,2.5844353e-04,463.88605,2.9324103e-04,2.9177431e-04,-1.5042733e-02
0.5401564034327748,1.000228854864645,0.00028218072366528594,1903.387436403636,3.0679419e-03,486669,470.98602,463.86399,1.6381084e+05,4.6240116e+01,2.7242275e+03,1.3575272e+01,1.6980992e+05,4.7906124e+01,0,nan,nan,nan,nan,470.98602,2.5816096e-04,463.86399,2.9385297e-04,-1.5286250e-02,-3.9897304e-02
0.5402582202532358,0.9996071865300377,0.0002844052873359689,1719.3411382204545,-3.0383267e-03,354160,1328.20882,1818.98895,1.5768027e+05,4.4968975e+01,4.5600015e+03,1.1883463e+01,1.6605900e+05,4.7246616e+01,0,nan,nan,nan,nan,1328.20882,2.6132967e-04,1818.98895,2.3156322e-04,6.3292552e-03,7.0388000e-03
0.5405365720937428,1.0000666324819574,0.00028408683787219075,1713.206536572295,-2.9204227e-03,349743,1328.20747,1818.98688,1.5845803e+05,4.4936680e+01,4.0405522e+03,1.1648229e+01,1.6620211e+05,4.7212688e+01,0,nan,nan,nan,nan,1328.20747,2.5997448e-04,1818.98688,2.2939361e-04,5.1210904e-03,5.1411325e-03
0.5406728734237731,1.0002521291963076,0.00029234403067194154,1756.1508328736254,-3.0490353e-03,380663,1042.61152,1775.56830,1.5916061e+05,4.6512184e+01,6.1503862e+03,1.4516260e+01,1.6661284e+05,4.8695992e+01,0,nan,nan,nan,nan,1042.61152,2.7257728e-04,1775.56830,2.4306543e-04,-1.3736677e-02,3.7615858e-02
0.5408583244329748,1.0002056216066493,0.0002954066907151595,1743.8812583246345,-3.1846620e-03,371829,1042.61644,1775.52048,1.5924902e+05,4.7011665e+01,7.8852891e+03,1.5336809e+01,1.6664838e+05,4.9218925e+01,0,nan,nan,nan,nan,1042.61644,2.7602966e-04,1775.52048,2.4669146e-04,-8.6869905e-03,-1.4366391e-02
0.5411787514954085,0.999784998291739,0.00028204186475794116,1921.7930987516988,3.1825721e-03,499921,471.03107,463.89018,1.6390005e+05,4.6216412e+01,2.5905115e+03,1.3480628e+01,1.6973108e+05,4.7881565e+01,0,nan,nan,nan,nan,471.03107,2.5944720e-04,463.89018,2.9349374e-04,3.4211174e-02,-1.1325887e-02
0.5411836269943254,0.9996094691790357,0.0002841883850057808,1731.6118236271957,-3.1809132e-03,362995,1328.20300,1819.02029,1.5839883e+05,4.4951138e+01,4.1689238e+03,1.1679113e+01,1.6612020e+05,4.7227875e+01,0,nan,nan,nan,nan,1328.20300,2.5987407e-04,1819.02029,2.2956109e-04,3.9933460e-05,4.1413080e-02
0.5413335050047863,0.9997852373818971,0.0002845420144775257,1915.6583735052081,3.1769352e-03,495504,471.01741,463.90543,1.6416050e+05,4.6641586e+01,3.8729053e+03,1.4252720e+01,1.6978750e+05,4.8322056e+01,0,nan,nan,nan,nan,471.01741,2.6108560e-04,463.90543,2.9639859e-04,1.9528458e-02,5.1480005e-03
0.5414637009730541,0.9999386221457037,0.0002820693606308553,1909.5236237011763,3.1467411e-03,491087,470.99862,463.87902,1.6393961e+05,4.6218945e+01,2.6000339e+03,1.3486825e+01,1.6974991e+05,4.7884186e+01,0,nan,nan,nan,nan,470.99862,2.5807286e-04,463.87902,2.9308858e-04,-1.3360418e-03,-2.2590965e-02
0.5415453131506635,1.0001803524666635,0.0002821634921769563,1903.388825313354,3.0679633e-03,486670,470.98963,463.86162,1.6386183e+05,4.6237320e+01,2.7200818e+03,1.3555685e+01,1.6980178e+05,4.7903225e+01,0,nan,nan,nan,nan,470.98963,2.5822350e-04,463.86162,2.9383862e-04,-1.0800064e-02,-4.3405440e-02
0.5416470859531728,0.999526603456103,0.000284382646164931,1719.3425270861544,-3.0383493e-03,354161,1328.20087,1818.98741,1.5751717e+05,4.4965530e+01,4.5688730e+03,1.1935417e+01,1.6604609e+05,4.7242992e+01,0,nan,nan,nan,nan,1328.20087,2.6165583e-04,1818.98741,2.3177775e-04,-1.5084810e-03,4.5058816e-03
0.5419254291791731,1.000208349357804,0.00028415259608542736,1713.2079254293803,-2.9204539e-03,349744,1328.20914,1818.98841,1.5848173e+05,4.4947834e+01,4.0321167e+03,1.1656960e+01,1.6622847e+05,4.7224407e+01,0,nan,nan,nan,nan,1328.20914,2.5986636e-04,1818.98841,2.2946180e-04,6.0097808e-03,6.8256268e-03
0.5420617856693752,1.0001003805377051,0.0002924618374147287,1756.152221785871,-3.0490113e-03,380664,1042.61741,1775.56562,1.5909002e+05,4.6530834e+01,6.1334878e+03,1.4553628e+01,1.6658723e+05,4.8715519e+01,0,nan,nan,nan,nan,1042.61741,2.7266680e-04,1775.56562,2.4348954e-04,-7.0464867e-03,3.4568518e-02
0.542247221078469,1.0006555869291331,0.00029550885167881205,1743.88264722128,-3.1846536e-03,371830,1042.61197,1775.52111,1.5932633e+05,4.7028072e+01,7.8912891e+03,1.5361805e+01,1.6672386e+05,4.9236099e+01,0,nan,nan,nan,nan,1042.61197,2.7596034e-04,1775.52111,2.4655290e-04,-1.4625273e-02,-1.3290918e-02
0.5425676374643444,0.9998436058425674,0.00028189727666977046,1921.7944876376678,3.1825698e-03,499922,471.02281,463.88324,1.6400348e+05,4.6192665e+01,2.6051116e+03,1.3386321e+01,1.6974083e+05,4.7856960e+01,0,nan,nan,nan,nan,471.02281,2.5883110e-04,463.88324,2.9332773e-04,2.5456389e-02,-1.8881334e-02
0.5425725080617667,1.0001867499314339,0.0002842915682614371,1731.6132125082631,-3.1809204e-03,362996,1328.19797,1819.01876,1.5836506e+05,4.4966957e+01,4.1677690e+03,1.1759867e+01,1.6621428e+05,4.7244495e+01,0,nan,nan,nan,nan,1328.19797,2.6026095e-04,1819.01876,2.3018432e-04,-4.3857312e-03,3.8591169e-02
0.5427223974925255,1.000066591256644,0.0002844521264108085,1915.6597623976959,3.1769394e-03,495505,471.02216,463.89470,1.6405366e+05,4.6626961e+01,3.8973037e+03,1.4289507e+01,1.6983570e+05,4.8306908e+01,0,nan,nan,nan,nan,471.02216,2.6140537e-04,463.89470,2.9639417e-04,2.4864649e-02,-6.6313506e-03
0.5428526030068497,1.0001297100805888,0.0002820432752507105,1909.5250126032101,3.1467548e-03,491088,471.00177,463.87829,1.6387747e+05,4.6214603e+01,2.5976006e+03,1.3510300e+01,1.6978211e+05,4.7879692e+01,0,nan,nan,nan,nan,471.00177,2.5821768e-04,463.87829,2.9338468e-04,2.5337520e-03,-2.3581531e-02
0.5429342228685528,1.0000207294538621,0.00028224523270065587,1903.3902142230718,3.0679847e-03,486671,470.98594,463.85470,1.6382338e+05,4.6250736e+01,2.7165481e+03,1.3558148e+01,1.6977477e+05,4.7917126e+01,0,nan,nan,nan,nan,470.98594,2.5846288e-04,463.85470,2.9400017e-04,-1.4750528e-02,-5.0407954e-02
0.5430359516533375,1.000381378872965,0.0002846626711483216,1719.3439159518546,-3.0383719e-03,354162,1328.20715,1818.98557,1.5782245e+05,4.5009933e+01,4.5816089e+03,1.1926270e+01,1.6618856e+05,4.7289650e+01,0,nan,nan,nan,nan,1328.20715,2.6137521e-04,1818.98557,2.3149310e-04,4.7690072e-03,3.1014413e-03
0.5433142862636938,1.0001666325789385,0.0002839919448206632,1713.2093142864649,-2.9204851e-03,349745,1328.20657,1818.99091,1.5833394e+05,4.4923206e+01,4.0309436e+03,1.1589290e+01,1.6622441e+05,4.7198528e+01,0,nan,nan,nan,nan,1328.20657,2.5999625e-04,1818.99091,2.3053754e-04,3.9597410e-03,9.3090534e-03
0.5434506976821467,0.9997112828742356,0.000292181176721916,1756.1536106978838,-3.0489876e-03,380665,1042.61343,1775.56787,1.5907698e+05,4.6486084e+01,6.1308384e+03,1.4483242e+01,1.6652208e+05,4.8668667e+01,0,nan,nan,nan,nan,1042.61343,2.7258441e-04,1775.56787,2.4311380e-04,-1.1668328e-02,3.7075169e-02
0.543636117724418,1.0000727167559018,0.000295322022271834,1743.884036117926,-3.1846452e-03,371831,1042.61642,1775.52051,1.5926334e+05,4.6998489e+01,7.8963408e+03,1.5327868e+01,1.6662727e+05,4.9205124e+01,0,nan,nan,nan,nan,1042.61642,2.7598484e-04,1775.52051,2.4627891e-04,-8.6914813e-03,-1.3850927e-02
0.5439565236656563,0.999489386585572,0.0002821960084220882,1921.795876523869,3.1825677e-03,499923,471.02509,463.89558,1.6386423e+05,4.6241558e+01,2.5971133e+03,1.3550067e+01,1.6968050e+05,4.7907619e+01,0,nan,nan,nan,nan,471.02509,2.5923914e-04,463.89558,2.9403906e-04,2.6944432e-02,-5.1553799e-03
0.543961389129208,1.0002049746732689,0.0002842050929211886,1731.6146013893306,-3.1809276e-03,362997,1328.20581,1819.02527,1.5840092e+05,4.4952759e+01,4.1727246e+03,1.1692425e+01,1.6621536e+05,4.7229572e+01,0,nan,nan,nan,nan,1328.20581,2.5976176e-04,1819.02527,2.2997188e-04,3.3140604e-03,4.5877270e-02
0.5441112897478888,1.0004232913739015,0.00028442701550153405,1915.6611512899512,3.1769434e-03,495506,471.00622,463.89154,1.6406888e+05,4.6622967e+01,3.8678757e+03,1.4274044e+01,1.6989670e+05,4.8302769e+01,0,nan,nan,nan,nan,471.00622,2.6118150e-04,463.89154,2.9650543e-04,8.1877569e-03,-9.9946940e-03
0.5442415050408723,1.0002426240148004,0.0002820413068879197,1909.5264015052442,3.1467685e-03,491089,470.99902,463.88026,1.6393716e+05,4.6214211e+01,2.5787988e+03,1.3442074e+01,1.6980102e+05,4.7879284e+01,0,nan,nan,nan,nan,470.99902,2.5809623e-04,463.88026,2.9348407e-04,-1.2788385e-03,-2.1986876e-02
0.5443231328194997,1.0001829146387806,0.00028212638280910646,1903.3916031330227,3.0680064e-03,486672,470.98762,463.86013,1.6392011e+05,4.6231285e+01,2.7026956e+03,1.3510987e+01,1.6980239e+05,4.7896973e+01,0,nan,nan,nan,nan,470.98762,2.5794737e-04,463.86013,2.9358480e-04,-1.3402987e-02,-4.4717308e-02
0.5444248173532739,1.0003619832783832,0.00028441352676715834,1719.3453048175545,-3.0383945e-03,354163,1328.20158,1818.98633,1.5764661e+05,4.4970673e+01,4.5726245e+03,1.1889409e+01,1.6618584e+05,4.7248398e+01,0,nan,nan,nan,nan,1328.20158,2.6129989e-04,1818.98633,2.3226501e-04,-8.6956337e-04,2.5193398e-03
0.5447031433482152,1.000479283473272,0.0002840532240641666,1713.2107031435494,-2.9205163e-03,349746,1328.19900,1818.97204,1.5848311e+05,4.4933697e+01,4.0227510e+03,1.1641875e+01,1.6627933e+05,4.7209549e+01,0,nan,nan,nan,nan,1328.19900,2.5925442e-04,1818.97204,2.2997145e-04,-4.4809179e-03,-1.0526063e-02
0.5448396099272941,1.000383547129837,0.00029232327254483494,1756.154999610129,-3.0489636e-03,380666,1042.61356,1775.56827,1.5909542e+05,4.6508598e+01,6.1052886e+03,1.4546036e+01,1.6663370e+05,4.8692234e+01,0,nan,nan,nan,nan,1042.61356,2.7267850e-04,1775.56827,2.4318235e-04,-1.1558234e-02,3.6225751e-02
0.545025014370367,1.0000373779883875,0.00029533711798765205,1743.8854250145719,-3.1846368e-03,371832,1042.61723,1775.51708,1.5924097e+05,4.7001038e+01,7.8685732e+03,1.5349227e+01,1.6662192e+05,4.9207798e+01,0,nan,nan,nan,nan,1042.61723,2.7590978e-04,1775.51708,2.4637830e-04,-8.8914856e-03,-1.7523604e-02
0.545345409635047,0.9995563831260297,0.0002820804257227954,1921.7972654098385,3.1825653e-03,499924,471.02723,463.88332,1.6395831e+05,4.6222565e+01,2.5997598e+03,1.3499918e+01,1.6969167e+05,4.7887943e+01,0,nan,nan,nan,nan,471.02723,2.5878573e-04,463.88332,2.9363783e-04,2.9058980e-02,-1.7896784e-02
0.5453502701961952,1.0002373977891874,0.0002844410922956417,1731.6159902703976,-3.1809348e-03,362998,1328.19955,1819.01776,1.5857645e+05,4.4989536e+01,4.1837925e+03,1.1725776e+01,1.6621873e+05,4.7268219e+01,0,nan,nan,nan,nan,1328.19955,2.5946563e-04,1819.01776,2.2953618e-04,-3.8639249e-03,3.8566321e-02
0.545500182235628,1.0000854654971052,0.0002842436588486368,1915.662540182439,3.1769476e-03,495507,471.01908,463.90358,1.6384288e+05,4.6593033e+01,3.8908848e+03,1.4257061e+01,1.6983978e+05,4.8271755e+01,0,nan,nan,nan,nan,471.01908,2.6241248e-04,463.90358,2.9643360e-04,2.3075197e-02,2.8746673e-03
0.5456304068425197,0.9999551200375838,0.0002820243595823124,1909.5277904070458,3.1467821e-03,491090,471.00220,463.87864,1.6394292e+05,4.6211365e+01,2.5929216e+03,1.3469508e+01,1.6975195e+05,4.7876335e+01,0,nan,nan,nan,nan,471.00220,2.5814929e-04,463.87864,2.9292546e-04,2.4172890e-03,-2.3134362e-02
0.5457120425376161,0.9999620734814867,0.0002822538847824042,1903.3929920427408,3.0680278e-03,486673,470.99181,463.85915,1.6387645e+05,4.6252201e+01,2.7374976e+03,1.3587148e+01,1.6976498e+05,4.7918644e+01,0,nan,nan,nan,nan,470.99181,2.5807144e-04,463.85915,2.9359647e-04,-9.0188067e-03,-4.4775382e-02
0.5458136830532115,1.000706398362395,0.00028455855743275167,1719.3466936832544,-3.0384171e-03,354164,1328.20312,1818.98655,1.5780627e+05,4.4993740e+01,4.5738428e+03,1.1929244e+01,1.6624355e+05,4.7272633e+01,0,nan,nan,nan,nan,1328.20312,2.6096773e-04,1818.98655,2.3164670e-04,3.1576393e-04,3.7710913e-03
0.5460920004336461,1.0023978607465025,0.00028412860868271017,1713.2120920006348,-2.9205475e-03,349747,1328.20556,1818.99184,1.5866752e+05,4.4946442e+01,4.0239526e+03,1.1601555e+01,1.6660123e+05,4.7222942e+01,0,nan,nan,nan,nan,1328.20556,2.5937549e-04,1818.99184,2.2942589e-04,2.2511054e-03,1.1305807e-02
0.5462285219400655,0.9999802683942619,0.00029227208993458744,1756.1563885221417,-3.0489399e-03,380667,1042.61531,1775.56154,1.5908619e+05,4.6500359e+01,6.1219883e+03,1.4520079e+01,1.6656619e+05,4.8683609e+01,0,nan,nan,nan,nan,1042.61531,2.7244739e-04,1775.56154,2.4324322e-04,-9.6793715e-03,3.0384295e-02
0.5464139110154065,0.99949115083885,0.00029526675849906773,1743.886813911217,-3.1846284e-03,371833,1042.61383,1775.52263,1.5910553e+05,4.6989990e+01,7.8881416e+03,1.5368589e+01,1.6653144e+05,4.9196232e+01,0,nan,nan,nan,nan,1042.61383,2.7606680e-04,1775.52263,2.4651538e-04,-1.1579308e-02,-1.1668148e-02
0.5467342956044376,0.9998876259318562,0.0002818844766389742,1921.7986542958079,3.1825630e-03,499925,471.02798,463.88328,1.6380961e+05,4.6190403e+01,2.5886042e+03,1.3451956e+01,1.6974770e+05,4.7854618e+01,0,nan,nan,nan,nan,471.02798,2.5948606e-04,463.88328,2.9364688e-04,3.0988595e-02,-1.9182049e-02
0.5467391510294423,1.000405955306901,0.0002843339786078504,1731.6173791512308,-3.1809423e-03,362999,1328.20119,1819.01537,1.5854252e+05,4.4972023e+01,4.1775444e+03,1.1693013e+01,1.6624464e+05,4.7249817e+01,0,nan,nan,nan,nan,1328.20119,2.5962698e-04,1819.01537,2.2960991e-04,-1.8725636e-03,3.5392683e-02
0.5468890747251862,0.9999548114996704,0.00028440600809652997,1915.6639290749285,3.1769518e-03,495508,471.00856,463.89408,1.6407119e+05,4.6619778e+01,3.8769189e+03,1.4258882e+01,1.6981806e+05,4.8299461e+01,0,nan,nan,nan,nan,471.00856,2.6142682e-04,463.89408,2.9595423e-04,1.0501222e-02,-6.7780814e-03
0.5470193088772248,1.0001950003141145,0.00028223164045023053,1909.5291793090805,3.1467958e-03,491091,471.00277,463.88570,1.6397855e+05,4.6245255e+01,2.5958228e+03,1.3570164e+01,1.6979241e+05,4.7911446e+01,0,nan,nan,nan,nan,471.00277,2.5814367e-04,463.88570,2.9318055e-04,2.7672327e-03,-1.5729237e-02
0.5471009522552777,0.9999842294059051,0.0002822271384757108,1903.3943809524585,3.0680492e-03,486674,470.99054,463.85877,1.6379834e+05,4.6247845e+01,2.7349009e+03,1.3572963e+01,1.6976883e+05,4.7914127e+01,0,nan,nan,nan,nan,470.99054,2.5842880e-04,463.85877,2.9390780e-04,-1.0606611e-02,-4.6096750e-02
0.5472025487531479,0.999826858048057,0.0002844517750988676,1719.3480825489544,-3.0384397e-03,354165,1328.20641,1818.98644,1.5764633e+05,4.4976990e+01,4.5768169e+03,1.1921562e+01,1.6609794e+05,4.7255035e+01,0,nan,nan,nan,nan,1328.20641,2.6105985e-04,1818.98644,2.3202729e-04,4.0014349e-03,4.4487412e-03
0.5474808575188487,1.0000896220503837,0.0002840501741431804,1713.21348085772,-2.9205787e-03,349748,1328.20705,1818.97671,1.5844155e+05,4.4934887e+01,4.0080542e+03,1.1664282e+01,1.6622073e+05,4.7210800e+01,0,nan,nan,nan,nan,1328.20705,2.5949351e-04,1818.97671,2.3004239e-04,4.4230814e-03,-6.4252461e-03
0.5476174341852129,0.9999471284513292,0.0002922840364439849,1756.1577774343868,-3.0489159e-03,380668,1042.61380,1775.56919,1.5913088e+05,4.6502155e+01,6.0901548e+03,1.4500094e+01,1.6656030e+05,4.8685493e+01,0,nan,nan,nan,nan,1042.61380,2.7283153e-04,1775.56919,2.4305967e-04,-1.1384806e-02,3.7576087e-02
0.547802807660446,1.0009267035520093,0.00029546910438645605,1743.888202807862,-3.1846201e-03,371834,1042.61481,1775.51695,1.5935038e+05,4.7022346e+01,7.8731592e+03,1.5337187e+01,1.6677116e+05,4.9230103e+01,0,nan,nan,nan,nan,1042.61481,2.7570777e-04,1775.51695,2.4680339e-04,-1.0658070e-02,-1.9231558e-02
0.5481231815738283,0.9999440579087986,0.00028220695341293737,1921.8000431817773,3.1825607e-03,499926,471.01686,463.89385,1.6398900e+05,4.6243187e+01,2.5881917e+03,1.3544528e+01,1.6975708e+05,4.7909306e+01,0,nan,nan,nan,nan,471.01686,2.5871024e-04,463.89385,2.9361661e-04,1.9360052e-02,-6.5594385e-03
0.5481280320955193,0.9999009243790299,0.0002843134871279078,1731.6187680322969,-3.1809495e-03,363000,1328.20353,1819.02287,1.5853223e+05,4.4968197e+01,4.1779038e+03,1.1679898e+01,1.6615853e+05,4.7245792e+01,0,nan,nan,nan,nan,1328.20353,2.5970256e-04,1819.02287,2.2926521e-04,1.9425449e-04,4.3709248e-02
0.548277966981459,0.9997369196660311,0.00028442032414183037,1915.6653179671848,3.1769557e-03,495509,471.01575,463.90342,1.6420961e+05,4.6622253e+01,3.8835691e+03,1.4216924e+01,1.6978155e+05,4.8302032e+01,0,nan,nan,nan,nan,471.01575,2.6089954e-04,463.90342,2.9568066e-04,1.7881349e-02,3.7763251e-03
0.5484082109119299,1.0004556780997744,0.0002820223826144634,1909.5305682111152,3.1468095e-03,491092,470.99906,463.88354,1.6401500e+05,4.6210892e+01,2.6091492e+03,1.3415253e+01,1.6983638e+05,4.7875847e+01,0,nan,nan,nan,nan,470.99906,2.5804722e-04,463.88354,2.9303087e-04,-1.3992763e-03,-1.7549219e-02
0.5484898619724845,1.000114889970207,0.0002821866830691514,1903.3957698621757,3.0680706e-03,486675,470.98561,463.86009,1.6389192e+05,4.6241230e+01,2.7187900e+03,1.3544127e+01,1.6979109e+05,4.7907280e+01,0,nan,nan,nan,nan,470.98561,2.5802923e-04,463.86009,2.9353102e-04,-1.5422314e-02,-4.4275261e-02
0.5485914146854608,1.0005330014802465,0.000284525437062783,1719.3494714148867,-3.0384620e-03,354166,1328.20043,1818.98375,1.5764853e+05,4.4988781e+01,4.5605557e+03,1.1953040e+01,1.6621577e+05,4.7267422e+01,0,nan,nan,nan,nan,1328.20043,2.6156643e-04,1818.98375,2.3175130e-04,-2.4355531e-03,1.8390893e-03
0.5488697146040525,0.999583707023789,0.00028390240950570077,1713.2148697148052,-2.9206099e-03,349749,1328.20951,1818.99076,1.5836612e+05,4.4912380e+01,4.0193660e+03,1.1602412e+01,1.6613988e+05,4.7187153e+01,0,nan,nan,nan,nan,1328.20951,2.5951635e-04,1818.99076,2.2989028e-04,7.1863295e-03,9.0600299e-03
0.549006346430815,1.0001879367805542,0.00029238349911145427,1756.1591663466324,-3.0488919e-03,380669,1042.61537,1775.56593,1.5909009e+05,4.6517883e+01,6.0876025e+03,1.4500480e+01,1.6660005e+05,4.8701954e+01,0,nan,nan,nan,nan,1042.61537,2.7270790e-04,1775.56593,2.4360957e-04,-9.2721721e-03,3.4345090e-02
0.5491917045387709,0.9999639353005134,0.0002952948357263554,1743.8895917047403,-3.1846114e-03,371835,1042.61340,1775.52581,1.5922592e+05,4.6994770e+01,7.8549165e+03,1.5308873e+01,1.6661130e+05,4.9201229e+01,0,nan,nan,nan,nan,1042.61340,2.7569622e-04,1775.52581,2.4648380e-04,-1.2774610e-02,-8.3428957e-03
0.5495120677760497,0.9995954152312628,0.000281923949674909,1921.8014320679795,3.1825586e-03,499927,471.02485,463.88421,1.6388916e+05,4.6196754e+01,2.5915928e+03,1.3443452e+01,1.6969767e+05,4.7861202e+01,0,nan,nan,nan,nan,471.02485,2.5879728e-04,463.88421,2.9375131e-04,2.6966112e-02,-1.7766194e-02
0.5495169131622788,0.9997148120080173,0.0002842292160273776,1731.6201569133636,-3.1809567e-03,363001,1328.19866,1819.02091,1.5842061e+05,4.4954247e+01,4.1620020e+03,1.1659405e+01,1.6612533e+05,4.7231140e+01,0,nan,nan,nan,nan,1328.19866,2.5968553e-04,1819.02091,2.2939665e-04,-4.8227948e-03,4.1741971e-02
0.5496668594691982,1.0003964112076507,0.0002845099184221915,1915.6667068596726,3.1769599e-03,495510,471.02339,463.89096,1.6424559e+05,4.6637081e+01,3.8749263e+03,1.4248367e+01,1.6989406e+05,4.8317390e+01,0,nan,nan,nan,nan,471.02339,2.6125871e-04,463.89096,2.9594320e-04,2.6804104e-02,-1.0679464e-02
0.549797112946635,1.000085984948412,0.00028205237500442083,1909.53195711315,3.1468233e-03,491093,471.00016,463.87432,1.6393436e+05,4.6215729e+01,2.5959438e+03,1.3494839e+01,1.6977334e+05,4.7880856e+01,0,nan,nan,nan,nan,471.00016,2.5807027e-04,463.87432,2.9316879e-04,5.8809516e-04,-2.8328339e-02
0.5498787719234315,1.0003847574138185,0.0002822818193067516,1903.3971587721267,3.0680923e-03,486676,470.98789,463.86013,1.6397131e+05,4.6256844e+01,2.7136292e+03,1.3564945e+01,1.6983698e+05,4.7923454e+01,0,nan,nan,nan,nan,470.98789,2.5805199e-04,463.86013,2.9338058e-04,-1.3097128e-02,-4.4247869e-02
0.549980280384716,1.0003397037461903,0.0002845679691428375,1719.350860280586,-3.0384846e-03,354167,1328.20585,1818.98576,1.5777428e+05,4.4995640e+01,4.5464233e+03,1.1936877e+01,1.6618417e+05,4.7274632e+01,0,nan,nan,nan,nan,1328.20585,2.6136707e-04,1818.98576,2.3134793e-04,3.4989624e-03,2.8949780e-03
0.5502585716892551,0.9999093442144842,0.00028395583606429767,1713.2162585718904,-2.9206411e-03,349750,1328.20035,1818.98248,1.5847525e+05,4.4921726e+01,4.0091646e+03,1.1613608e+01,1.6619730e+05,4.7196972e+01,0,nan,nan,nan,nan,1328.20035,2.5923568e-04,1818.98248,2.2953677e-04,-3.2799768e-03,9.9936180e-05
0.5503952584435865,0.9999435217924936,0.0002921143184337138,1756.1605552586452,-3.0488682e-03,380670,1042.61312,1775.56818,1.5904128e+05,4.6474953e+01,6.0768052e+03,1.4469398e+01,1.6655897e+05,4.8657009e+01,0,nan,nan,nan,nan,1042.61312,2.7255804e-04,1775.56818,2.4308170e-04,-1.2093433e-02,3.6896978e-02
0.5505806011847199,0.9995550678971308,0.00029513149702891956,1743.8909806013862,-3.1846031e-03,371836,1042.61782,1775.51532,1.5916089e+05,4.6968925e+01,7.8551826e+03,1.5288702e+01,1.6654372e+05,4.9174175e+01,0,nan,nan,nan,nan,1042.61782,2.7586738e-04,1775.51532,2.4657932e-04,-7.4775503e-03,-1.9736517e-02
0.5509009537445309,1.000264227869138,0.00028230556412526885,1921.802820953948,3.1825562e-03,499928,471.03320,463.89005,1.6413008e+05,4.6259228e+01,2.5979761e+03,1.3534898e+01,1.6981100e+05,4.7925926e+01,0,nan,nan,nan,nan,471.03320,2.5882389e-04,463.89005,2.9312485e-04,3.5808016e-02,-1.1172398e-02
0.550905794229266,1.000099427149368,0.00028435120090465783,1731.6215457944306,-3.1809639e-03,363002,1328.20326,1819.02335,1.5852055e+05,4.4972900e+01,4.1702646e+03,1.1715399e+01,1.6618688e+05,4.7250740e+01,0,nan,nan,nan,nan,1328.20326,2.5979095e-04,1819.02335,2.2927739e-04,2.6400620e-04,4.4464156e-02
0.5510557519573922,0.9994747049863316,0.00028445264337548747,1915.6680957521608,3.1769641e-03,495511,471.00901,463.90456,1.6418189e+05,4.6627834e+01,3.8925964e+03,1.4223736e+01,1.6973805e+05,4.8307812e+01,0,nan,nan,nan,nan,471.00901,2.6117297e-04,463.90456,2.9568182e-04,1.1690672e-02,4.3095914e-03
0.5511860147480547,1.000187817043436,0.000282002267338651,1909.5333460149513,3.1468368e-03,491094,470.99861,463.88683,1.6400855e+05,4.6207436e+01,2.5960251e+03,1.3423596e+01,1.6979033e+05,4.7872269e+01,0,nan,nan,nan,nan,470.99861,2.5795697e-04,463.88683,2.9302968e-04,-1.2788178e-03,-1.4179002e-02
0.5512676816424573,0.9998987661006693,0.0002820967819736036,1903.3985476818457,3.0681137e-03,486677,470.98876,463.86113,1.6386564e+05,4.6226543e+01,2.7348206e+03,1.3514505e+01,1.6975456e+05,4.7892063e+01,0,nan,nan,nan,nan,470.98876,2.5798596e-04,463.86113,2.9349301e-04,-1.2482890e-02,-4.3291494e-02
0.551369146084653,0.9995246899195284,0.000284443446207991,1719.3522491462859,-3.0385072e-03,354168,1328.20577,1818.98313,1.5767112e+05,4.4976097e+01,4.5692178e+03,1.1918603e+01,1.6604931e+05,4.7254097e+01,0,nan,nan,nan,nan,1328.20577,2.6126587e-04,1818.98313,2.3167748e-04,3.2300574e-03,7.7180867e-04
0.5517841706887339,0.9999829484336957,0.00029212448793718837,1756.1619441708904,-3.0488442e-03,380671,1042.61802,1775.56394,1.5909512e+05,4.6476463e+01,6.0758101e+03,1.4460639e+01,1.6656517e+05,4.8658592e+01,0,nan,nan,nan,nan,1042.61802,2.7242326e-04,1775.56394,2.4310795e-04,-6.6726985e-03,3.1745885e-02
0.5519694978306688,1.00026212500063,0.00029518002918162064,1743.8923694980322,-3.1845947e-03,371837,1042.61323,1775.52695,1.5920958e+05,4.6976807e+01,7.8799106e+03,1.5300581e+01,1.6666208e+05,4.9182426e+01,0,nan,nan,nan,nan,1042.61323,2.7586770e-04,1775.52695,2.4664000e-04,-1.2628783e-02,-7.7085006e-03
0.5522898397134668,0.9992559702383833,0.0002823869456861275,1921.804209839917,3.1825539e-03,499929,471.01940,463.88295,1.6392597e+05,4.6272503e+01,2.5945552e+03,1.3664001e+01,1.6963961e+05,4.7939678e+01,0,nan,nan,nan,nan,471.01940,2.5918277e-04,463.88295,2.9341844e-04,2.1230061e-02,-1.8898629e-02
0.5522946752960248,0.9993930649441002,0.00028424419086726254,1731.6229346754974,-3.1809711e-03,363003,1328.19999,1819.01700,1.5841239e+05,4.4955311e+01,4.1854126e+03,1.1690974e+01,1.6606703e+05,4.7232258e+01,0,nan,nan,nan,nan,1328.19999,2.5961798e-04,1819.01700,2.2945739e-04,-3.9726831e-03,3.8024075e-02
0.5524446442123008,1.0000638790478042,0.0002844383447176157,1915.6694846444157,3.1769681e-03,495512,471.01263,463.89133,1.6420627e+05,4.6625641e+01,3.8821650e+03,1.4228791e+01,1.6983866e+05,4.8305538e+01,0,nan,nan,nan,nan,471.01263,2.6115697e-04,463.89133,2.9569565e-04,1.4939559e-02,-9.7382823e-03
0.5525749167827598,0.9999868306726414,0.00028220593837508147,1909.534734916986,3.1468505e-03,491095,470.99954,463.88247,1.6394625e+05,4.6240726e+01,2.5881904e+03,1.3553150e+01,1.6975591e+05,4.7906757e+01,0,nan,nan,nan,nan,470.99954,2.5799792e-04,463.88247,2.9324435e-04,-1.0338125e-03,-1.8658912e-02
0.552656591360346,0.999671869586903,0.00028204806427590206,1903.3999365915636,3.0681351e-03,486678,470.99077,463.85900,1.6382289e+05,4.6218586e+01,2.7223298e+03,1.3500017e+01,1.6971612e+05,4.7883816e+01,0,nan,nan,nan,nan,470.99077,2.5814792e-04,463.85900,2.9373710e-04,-1.0184354e-02,-4.5125142e-02
0.55275801178459,0.9997973070433624,0.00028472013243824925,1719.3536380119858,-3.0385298e-03,354169,1328.20573,1818.99225,1.5769247e+05,4.5019993e+01,4.5633491e+03,1.2000263e+01,1.6609514e+05,4.7300217e+01,0,nan,nan,nan,nan,1328.20573,2.6150298e-04,1818.99225,2.3150971e-04,2.9009022e-03,1.1095896e-02
0.5530362858596615,0.9994120594098092,0.00028394256001857267,1713.2190362860608,-2.9207035e-03,349752,1328.21116,1818.99309,1.5833906e+05,4.4921494e+01,4.0129343e+03,1.1625956e+01,1.6612155e+05,4.7196728e+01,0,nan,nan,nan,nan,1328.21116,2.5972159e-04,1818.99309,2.2975818e-04,8.7630749e-03,1.2029192e-02
0.5531730827015053,1.0006534442630342,0.000292149217167574,1756.1633330829031,-3.0488204e-03,380672,1042.61498,1775.57117,1.5916669e+05,4.6480289e+01,6.0609014e+03,1.4447515e+01,1.6667647e+05,4.8662601e+01,0,nan,nan,nan,nan,1042.61498,2.7248170e-04,1775.57117,2.4301582e-04,-9.6182553e-03,4.0435534e-02
0.5533583944761631,1.0003289451743151,0.00029535053480618544,1743.8937583946777,-3.1845863e-03,371838,1042.61303,1775.53053,1.5921892e+05,4.7004093e+01,7.8498003e+03,1.5364412e+01,1.6667377e+05,4.9210999e+01,0,nan,nan,nan,nan,1042.61303,2.7604148e-04,1775.53053,2.4661876e-04,-1.2253469e-02,-4.0855184e-03
0.5536787256828575,1.0002428986800558,0.00028196391504497614,1921.8055987258863,3.1825516e-03,499930,471.02642,463.88349,1.6397319e+05,4.6203125e+01,2.6021838e+03,1.3415265e+01,1.6980694e+05,4.7867802e+01,0,nan,nan,nan,nan,471.02642,2.5911425e-04,463.88349,2.9374097e-04,2.9182008e-02,-1.8712766e-02
0.553683556362785,1.0001653365612018,0.00028423461694964563,1731.6243235565641,-3.1809784e-03,363004,1328.19856,1819.02478,1.5840494e+05,4.4953106e+01,4.1640620e+03,1.1685736e+01,1.6619281e+05,4.7229942e+01,0,nan,nan,nan,nan,1328.19856,2.5979691e-04,1819.02478,2.2981006e-04,-4.9812794e-03,4.5743693e-02
0.5538335367004947,1.0003002442797233,0.0002845471901404207,1915.6708735369039,3.1769723e-03,495513,471.01852,463.90287,1.6430820e+05,4.6643635e+01,3.8692244e+03,1.4220772e+01,1.6987936e+05,4.8324184e+01,0,nan,nan,nan,nan,471.01852,2.6136305e-04,463.90287,2.9553915e-04,2.1636698e-02,2.0135846e-03
0.5539638188174649,1.000121916316452,0.0002820899518897142,1909.5361238190208,3.1468642e-03,491096,471.00229,463.87416,1.6396088e+05,4.6221638e+01,2.6023650e+03,1.3500279e+01,1.6977853e+05,4.7886978e+01,0,nan,nan,nan,nan,471.00229,2.5806244e-04,463.87416,2.9335389e-04,2.6165936e-03,-2.8581204e-02
0.5540455010777805,1.0001949408530595,0.000282097213077095,1903.401325501281,3.0681565e-03,486679,470.99009,463.85890,1.6383712e+05,4.6226654e+01,2.7259661e+03,1.3516687e+01,1.6980500e+05,4.7892181e+01,0,nan,nan,nan,nan,470.99009,2.5828488e-04,463.85890,2.9374938e-04,-1.1153188e-02,-4.5774918e-02
0.5541468774852089,1.000044768476905,0.00028456847950501937,1719.3550268776864,-3.0385524e-03,354170,1328.20272,1818.98200,1.5777203e+05,4.4996166e+01,4.5575601e+03,1.1912980e+01,1.6613680e+05,4.7275181e+01,0,nan,nan,nan,nan,1328.20272,2.6110507e-04,1818.98200,2.3160562e-04,1.1237405e-05,-5.7775475e-04
0.5544251429444099,0.9996710521223445,0.00028380261027583425,1713.2204251431456,-2.9207347e-03,349753,1328.20400,1818.98007,1.5836059e+05,4.4900322e+01,3.9869812e+03,1.1583465e+01,1.6616819e+05,4.7174484e+01,0,nan,nan,nan,nan,1328.20400,2.5954546e-04,1818.98007,2.2955523e-04,1.4712813e-03,-2.5080626e-03
0.5545619949468797,0.9997723606840063,0.0002921881569451564,1756.1647219951485,-3.0487964e-03,380673,1042.61272,1775.56779,1.5908014e+05,4.6486385e+01,6.0414097e+03,1.4480353e+01,1.6652933e+05,4.8668976e+01,0,nan,nan,nan,nan,1042.61272,2.7260845e-04,1775.56779,2.4321217e-04,-1.2282247e-02,3.5976999e-02
0.5547472911221121,0.9998660569053508,0.00029513884499389654,1743.8951472913236,-3.1845779e-03,371839,1042.61652,1775.51240,1.5913984e+05,4.6970570e+01,7.8286484e+03,1.5289093e+01,1.6659722e+05,4.9175896e+01,0,nan,nan,nan,nan,1042.61652,2.7596427e-04,1775.51240,2.4682280e-04,-8.4441155e-03,-2.3664827e-02
0.5550676116520211,0.9993777777045568,0.0002819689856115431,1921.8069876118554,3.1825493e-03,499931,471.02373,463.89538,1.6367183e+05,4.6203892e+01,2.5956128e+03,1.3508265e+01,1.6965983e+05,4.7868595e+01,0,nan,nan,nan,nan,471.02373,2.5984959e-04,463.89538,2.9444671e-04,2.7499977e-02,-6.5924432e-03
0.5550724374295438,0.9994034135982736,0.0002842142353316772,1731.625712437631,-3.1809856e-03,363005,1328.21106,1819.03197,1.5841861e+05,4.4949162e+01,4.1708984e+03,1.1679324e+01,1.6606356e+05,4.7225800e+01,0,nan,nan,nan,nan,1328.21106,2.5984959e-04,1819.03197,2.2926173e-04,8.6093806e-03,5.4160267e-02
0.5552224291891434,0.9994226499201295,0.00028456494870718514,1915.6722624293925,3.1769765e-03,495514,471.01153,463.89952,1.6408027e+05,4.6646709e+01,3.8779324e+03,1.4353914e+01,1.6973091e+05,4.8327366e+01,0,nan,nan,nan,nan,471.01153,2.6158706e-04,463.89952,2.9570932e-04,1.3607726e-02,-1.2829975e-03
0.5553527206184299,1.0005139605022582,0.00028226628900161337,1909.5375127208217,3.1468777e-03,491097,470.99651,463.87306,1.6406366e+05,4.6250446e+01,2.5899236e+03,1.3518460e+01,1.6984477e+05,4.7916824e+01,0,nan,nan,nan,nan,470.99651,2.5793814e-04,463.87306,2.9339726e-04,-3.9771087e-03,-2.9320950e-02
0.555434411027818,1.000310249541822,0.0002823233467716522,1903.402714411231,3.0681782e-03,486680,470.98678,463.85458,1.6400616e+05,4.6263733e+01,2.7185293e+03,1.3539693e+01,1.6982466e+05,4.7930595e+01,0,nan,nan,nan,nan,470.98678,2.5799795e-04,463.85458,2.9354033e-04,-1.4277435e-02,-5.0188858e-02
0.5555357431853736,0.9999621156561067,0.0002843938750364317,1719.3564157433866,-3.0385749e-03,354171,1328.20376,1818.98486,1.5769173e+05,4.4968708e+01,4.5648081e+03,1.1878718e+01,1.6612362e+05,4.7246334e+01,0,nan,nan,nan,nan,1328.20376,2.6133598e-04,1818.98486,2.3179919e-04,9.2779973e-04,2.6462243e-03
0.5558140000289313,0.9996748336541431,0.00028394477890465313,1713.22181400023,-2.9207659e-03,349754,1328.20199,1818.98554,1.5831408e+05,4.4923813e+01,4.0068533e+03,1.1615217e+01,1.6617252e+05,4.7199165e+01,0,nan,nan,nan,nan,1328.20199,2.5954784e-04,1818.98554,2.3034078e-04,-8.0990576e-04,3.3923918e-03
0.5559509069594242,1.0000290605834246,0.00029222300253166627,1756.166110907161,-3.0487727e-03,380674,1042.61498,1775.56664,1.5915375e+05,4.6491821e+01,6.0635576e+03,1.4475060e+01,1.6657170e+05,4.8674667e+01,0,nan,nan,nan,nan,1042.61498,2.7261581e-04,1775.56664,2.4300213e-04,-1.0251404e-02,3.5301909e-02
0.5561361877678334,0.9999210112202462,0.00029519604441706775,1743.8965361879693,-3.1845695e-03,371840,1042.62079,1775.52682,1.5896673e+05,4.6979832e+01,7.8482383e+03,1.5366056e+01,1.6660694e+05,4.9185596e+01,0,nan,nan,nan,nan,1042.62079,2.7632693e-04,1775.52682,2.4694274e-04,-3.5679527e-03,-7.7749332e-03
0.55645649785356,1.0000254242859035,0.00028175090584389614,1921.808376498057,3.1825472e-03,499932,471.03329,463.88841,1.6355131e+05,4.6168091e+01,2.5969963e+03,1.3478819e+01,1.6976955e+05,4.7831505e+01,0,nan,nan,nan,nan,471.03329,2.6035553e-04,463.88841,2.9424464e-04,3.7634853e-02,-1.3267022e-02
0.5564613182634733,0.9997368615305834,0.0002842536466181496,1731.6271013184648,-3.1809930e-03,363006,1328.19648,1819.01307,1.5836562e+05,4.4954659e+01,4.1721250e+03,1.1694931e+01,1.6611622e+05,4.7231571e+01,0,nan,nan,nan,nan,1328.19648,2.5959770e-04,1819.01307,2.3004004e-04,-6.7401612e-03,3.2605819e-02
0.5566113214454163,0.9998996545466239,0.0002844868192565961,1915.6736513216488,3.1769804e-03,495515,471.01974,463.89851,1.6418903e+05,4.6634064e+01,3.8861433e+03,1.4265517e+01,1.6981252e+05,4.8314270e+01,0,nan,nan,nan,nan,471.01974,2.6184268e-04,463.89851,2.9548598e-04,2.2843959e-02,-2.1962731e-03
0.556741622653135,0.999868007721756,0.0002820702176508394,1909.5389016228564,3.1468915e-03,491098,471.00430,463.88995,1.6391266e+05,4.6218231e+01,2.5928633e+03,1.3500381e+01,1.6973478e+05,4.7883446e+01,0,nan,nan,nan,nan,471.00430,2.5823375e-04,463.88995,2.9319621e-04,4.3323073e-03,-1.1197776e-02
0.5568233207468438,1.0000244140080057,0.0002821688525523693,1903.40410332095,3.0681996e-03,486681,470.98477,463.86649,1.6387861e+05,4.6238441e+01,2.7139238e+03,1.3555067e+01,1.6977622e+05,4.7904388e+01,0,nan,nan,nan,nan,470.98477,2.5817796e-04,463.86649,2.9356917e-04,-1.5790228e-02,-3.6738608e-02
0.5569246088846288,1.0004714295642816,0.0002845823460238463,1719.3578046090859,-3.0385975e-03,354172,1328.20378,1818.98340,1.5781698e+05,4.4998661e+01,4.5668477e+03,1.1921500e+01,1.6620881e+05,4.7277805e+01,0,nan,nan,nan,nan,1328.20378,2.6131177e-04,1818.98340,2.3137119e-04,1.3777142e-03,1.3171934e-03
0.5572028571141345,0.999883072697261,0.00028379888849285566,1713.2232028573153,-2.9207971e-03,349755,1328.20700,1818.98570,1.5841539e+05,4.4901756e+01,3.9897700e+03,1.1571291e+01,1.6621091e+05,4.7175987e+01,0,nan,nan,nan,nan,1328.20700,2.5942631e-04,1818.98570,2.2938850e-04,4.2713340e-03,3.4708756e-03
0.5573398192050263,0.9994886449893268,0.0002921396179318199,1756.1674998194067,-3.0487487e-03,380675,1042.61950,1775.56249,1.5904928e+05,4.6478439e+01,6.0355220e+03,1.4460610e+01,1.6648130e+05,4.8660664e+01,0,nan,nan,nan,nan,1042.61950,2.7261383e-04,1775.56249,2.4332176e-04,-4.8514958e-03,3.1225419e-02
0.5575250844135553,0.9999492377301347,0.00029510352564240445,1743.897925084615,-3.1845612e-03,371841,1042.61572,1775.51538,1.5909495e+05,4.6965275e+01,7.8387822e+03,1.5312532e+01,1.6661223e+05,4.9170353e+01,0,nan,nan,nan,nan,1042.61572,2.7596354e-04,1775.51538,2.4699213e-04,-9.4613051e-03,-2.0893252e-02
0.5578453838220412,0.999963473439951,0.0002819678287745552,1921.8097653840255,3.1825448e-03,499933,471.02044,463.87381,1.6390341e+05,4.6203571e+01,2.5873477e+03,1.3465508e+01,1.6975878e+05,4.7868263e+01,0,nan,nan,nan,nan,471.02044,2.5871745e-04,463.87381,2.9455451e-04,2.2917839e-02,-2.9100917e-02
0.5578501993304599,1.0002618742126475,0.0002844453983525912,1731.6284901995318,-3.1810002e-03,363007,1328.19993,1819.02062,1.5839728e+05,4.4984215e+01,4.1777974e+03,1.1732267e+01,1.6620061e+05,4.7262623e+01,0,nan,nan,nan,nan,1328.19993,2.6016947e-04,1819.02062,2.3003177e-04,-2.8972302e-03,4.0460866e-02
0.558000213934065,0.99972003197818,0.00028460446212915806,1915.6750402141374,3.1769846e-03,495516,471.01056,463.90176,1.6422808e+05,4.6653526e+01,3.8763018e+03,1.4314593e+01,1.6978264e+05,4.8334427e+01,0,nan,nan,nan,nan,471.01056,2.6100982e-04,463.90176,2.9553237e-04,1.2899856e-02,8.7618822e-04
0.5581305246878401,1.0000538160832464,0.00028205773925241867,1909.5402905248911,3.1469052e-03,491099,471.00342,463.87638,1.6389952e+05,4.6216091e+01,2.5915730e+03,1.3473207e+01,1.6976598e+05,4.7881233e+01,0,nan,nan,nan,nan,471.00342,2.5833177e-04,463.87638,2.9349519e-04,4.0129111e-03,-2.6031028e-02
0.5582122304654149,1.0001334185063953,0.00028220016356302936,1903.4054922306686,3.0682210e-03,486682,470.98807,463.85430,1.6383091e+05,4.6243595e+01,2.7268044e+03,1.3581029e+01,1.6979480e+05,4.7909725e+01,0,nan,nan,nan,nan,470.98807,2.5821754e-04,463.85430,2.9369604e-04,-1.2543170e-02,-5.2077048e-02
0.5583134745845652,1.0000584197399975,0.00028446772189120664,1719.3591934747858,-3.0386201e-03,354173,1328.20833,1818.99118,1.5778761e+05,4.4980690e+01,4.5635303e+03,1.1896909e+01,1.6614078e+05,4.7258926e+01,0,nan,nan,nan,nan,1328.20833,2.6100149e-04,1818.99118,2.3150067e-04,6.0856491e-03,9.7463522e-03
0.5585917141995648,0.9996496383060888,0.0002838614494916023,1713.2245917144007,-2.9208283e-03,349756,1328.20323,1818.97944,1.5840542e+05,4.4912704e+01,3.9892644e+03,1.1587462e+01,1.6617600e+05,4.7187492e+01,0,nan,nan,nan,nan,1328.20323,2.5942721e-04,1818.97944,2.2980983e-04,7.1327016e-04,-3.3634035e-03
0.5587287314501737,1.0000795824786446,0.0002922529971010498,1756.1688887316518,-3.0487247e-03,380676,1042.61115,1775.56941,1.5920156e+05,4.6496365e+01,6.0256860e+03,1.4458117e+01,1.6657933e+05,4.8679432e+01,0,nan,nan,nan,nan,1042.61115,2.7253048e-04,1775.56941,2.4309216e-04,-1.4066157e-02,3.8185470e-02
0.5589139812923349,1.0004203472844206,0.00029511252762398404,1743.8993139814938,-3.1845525e-03,371842,1042.61046,1775.52331,1.5910700e+05,4.6966873e+01,7.8250303e+03,1.5298435e+01,1.6669131e+05,4.9172024e+01,0,nan,nan,nan,nan,1042.61046,2.7636092e-04,1775.52331,2.4674105e-04,-1.3606094e-02,-1.1324621e-02
0.5592342697914319,1.0005058417673525,0.0002823486815591212,1921.8111542699949,3.1825425e-03,499934,471.02466,463.89455,1.6400911e+05,4.6265911e+01,2.5973442e+03,1.3581199e+01,1.6985061e+05,4.7932850e+01,0,nan,nan,nan,nan,471.02466,2.5901079e-04,463.89455,2.9396373e-04,2.7931748e-02,-6.4419620e-03
0.5592390803972194,0.9997846328126517,0.00028430668042034443,1731.6298790805986,-3.1810075e-03,363008,1328.19672,1819.01973,1.5838703e+05,4.4961475e+01,4.1670479e+03,1.1682154e+01,1.6611838e+05,4.7238735e+01,0,nan,nan,nan,nan,1328.19672,2.5972319e-04,1819.01973,2.3007732e-04,-6.2383916e-03,3.9945807e-02
0.5593891064220319,0.999682415187107,0.0002846013067277416,1915.6764291066254,3.1769888e-03,495517,471.02211,463.89797,1.6423111e+05,4.6653183e+01,3.8772556e+03,1.4294756e+01,1.6977691e+05,4.8334076e+01,0,nan,nan,nan,nan,471.02211,2.6107335e-04,463.89797,2.9581241e-04,2.4438757e-02,-2.6424930e-03
0.559519426488805,0.9999109924402869,0.00028203462187579084,1909.541679426692,3.1469187e-03,491100,471.00077,463.87658,1.6388191e+05,4.6212208e+01,2.5816802e+03,1.3491247e+01,1.6974139e+05,4.7877209e+01,0,nan,nan,nan,nan,471.00077,2.5816049e-04,463.87658,2.9334842e-04,7.0149737e-04,-2.5635548e-02
0.5596011401830765,1.0000756277062908,0.00028219788508342645,1903.4068811403863,3.0682425e-03,486683,470.98843,463.85235,1.6392862e+05,4.6243240e+01,2.7032263e+03,1.3531778e+01,1.6978506e+05,4.7909363e+01,0,nan,nan,nan,nan,470.98843,2.5812243e-04,463.85235,2.9353113e-04,-1.2375405e-02,-5.2799549e-02
0.5597023402845028,0.9997918021773475,0.00028432016132000983,1719.3605823404857,-3.0386427e-03,354174,1328.20345,1818.99114,1.5753811e+05,4.4957523e+01,4.5615952e+03,1.1924773e+01,1.6609708e+05,4.7234585e+01,0,nan,nan,nan,nan,1328.20345,2.6145991e-04,1818.99114,2.3161777e-04,1.5878645e-03,8.4403213e-03
0.5599805712847686,1.0004148263457746,0.00028401586494563604,1713.225980571486,-2.9208595e-03,349757,1328.20732,1818.98466,1.5843777e+05,4.4938213e+01,3.9934294e+03,1.1661643e+01,1.6630719e+05,4.7214294e+01,0,nan,nan,nan,nan,1328.20732,2.5958259e-04,1818.98466,2.2981185e-04,4.6502552e-03,2.0524031e-03
0.5601176434636269,0.9998340657035986,0.0002924884375914955,1756.1702776436653,-3.0487010e-03,380677,1042.62107,1775.56847,1.5913789e+05,4.6533718e+01,6.0067529e+03,1.4518771e+01,1.6653803e+05,4.8718533e+01,0,nan,nan,nan,nan,1042.62107,2.7276200e-04,1775.56847,2.4357883e-04,-3.4107422e-03,3.7455577e-02
0.5603028779378292,0.999891188963818,0.0002951047329241978,1743.9007028781393,-3.1845442e-03,371843,1042.61367,1775.53200,1.5921545e+05,4.6965794e+01,7.8065386e+03,1.5276638e+01,1.6660372e+05,4.9170898e+01,0,nan,nan,nan,nan,1042.61367,2.7581304e-04,1775.53200,2.4647513e-04,-1.1509128e-02,-1.9317594e-03
0.5606231557608226,0.9999371453166924,0.000282369624779272,1921.8125431559642,3.1825402e-03,499935,471.02334,463.88515,1.6406052e+05,4.6269276e+01,2.5892078e+03,1.3614994e+01,1.6975381e+05,4.7936333e+01,0,nan,nan,nan,nan,471.02334,2.5874455e-04,463.88515,2.9334993e-04,2.5629083e-02,-1.6717596e-02
0.5606279614639789,1.000121669904752,0.0002841943561219579,1731.6312679616653,-3.1810147e-03,363009,1328.19796,1819.01708,1.5840077e+05,4.4942886e+01,4.1659023e+03,1.1658948e+01,1.6617133e+05,4.7219208e+01,0,nan,nan,nan,nan,1328.19796,2.5986743e-04,1819.01708,2.2969890e-04,-4.7551487e-03,3.7163913e-02
0.5607779986771675,0.9995925219837468,0.0002845068308071937,1915.6778179988805,3.1769928e-03,495518,471.01013,463.90496,1.6413684e+05,4.6637886e+01,3.8865508e+03,1.4284381e+01,1.6976231e+05,4.8318226e+01,0,nan,nan,nan,nan,471.01013,2.6101928e-04,463.90496,2.9607624e-04,1.1654341e-02,4.6932069e-03
0.5609083285235101,0.9999249691174974,0.00028212243647662545,1909.5430683287268,3.1469325e-03,491101,471.00008,463.88377,1.6395498e+05,4.6226501e+01,2.5948369e+03,1.3489697e+01,1.6974341e+05,4.7892017e+01,0,nan,nan,nan,nan,471.00008,2.5829161e-04,463.88377,2.9327956e-04,-1.4793840e-05,-1.8191408e-02
0.5609900499002833,0.9999191229288408,0.0002820188010322572,1903.4082700501035,3.0682639e-03,486684,470.98513,463.86343,1.6377917e+05,4.6213913e+01,2.7142542e+03,1.3510394e+01,1.6975856e+05,4.7878979e+01,0,nan,nan,nan,nan,470.98513,2.5835147e-04,463.86343,2.9389895e-04,-1.5698578e-02,-4.0711191e-02
0.5610912062168157,0.9999832016425614,0.0002844498971273341,1719.361971206418,-3.0386650e-03,354175,1328.20755,1818.98562,1.5769933e+05,4.4978203e+01,4.5792412e+03,1.1910732e+01,1.6612948e+05,4.7256310e+01,0,nan,nan,nan,nan,1328.20755,2.6145083e-04,1818.98562,2.3141575e-04,5.1793363e-03,3.4642727e-03
0.5613694283699712,0.9999135353931944,0.000283793200749782,1713.2273694285711,-2.9208907e-03,349758,1328.20697,1818.98485,1.5842097e+05,4.4904087e+01,3.9802988e+03,1.1578549e+01,1.6622795e+05,4.7178440e+01,0,nan,nan,nan,nan,1328.20697,2.5931327e-04,1818.98485,2.2950645e-04,4.5609437e-03,2.9212192e-03
0.5615065557099115,0.9994373118722337,0.00029195493458338006,1756.1716665559115,-3.0486770e-03,380678,1042.61163,1775.56464,1.5901748e+05,4.6448727e+01,6.0054844e+03,1.4428048e+01,1.6647153e+05,4.8629551e+01,0,nan,nan,nan,nan,1042.61163,2.7237085e-04,1775.56464,2.4295606e-04,-1.4208484e-02,3.3283219e-02
0.5616917745837782,1.0001625114382777,0.0002951521726016028,1743.9020917747853,-3.1845358e-03,371844,1042.62201,1775.52221,1.5914238e+05,4.6973515e+01,7.8095728e+03,1.5290170e+01,1.6664953e+05,4.9178978e+01,0,nan,nan,nan,nan,1042.62201,2.7569817e-04,1775.52221,2.4730925e-04,-2.6796607e-03,-1.2607749e-02
0.5620120417302132,1.0006951031432108,0.0002819660903462929,1921.8139320419336,3.1825379e-03,499936,471.03279,463.88063,1.6396677e+05,4.6203083e+01,2.5864583e+03,1.3414727e+01,1.6988223e+05,4.7867756e+01,0,nan,nan,nan,nan,471.03279,2.5908419e-04,463.88063,2.9459721e-04,3.5845891e-02,-2.1052780e-02
0.5620168425309654,0.9994468398497255,0.00028421995129608156,1731.6326568427323,-3.1810219e-03,363010,1328.20167,1819.02109,1.5841120e+05,4.4946083e+01,4.1701631e+03,1.1660944e+01,1.6605605e+05,4.7222561e+01,0,nan,nan,nan,nan,1328.20167,2.5962453e-04,1819.02109,2.2927840e-04,-1.8669008e-03,4.2585868e-02
0.5621668911658162,1.0004236427179123,0.00028414900302391167,1915.6792068913692,3.1769970e-03,495519,471.03033,463.89169,1.6362312e+05,4.6579422e+01,3.8890740e+03,1.4280587e+01,1.6990416e+05,4.8257652e+01,0,nan,nan,nan,nan,471.03033,2.6243555e-04,463.89169,2.9802616e-04,3.3949845e-02,-1.0099500e-02
0.5622972305582152,0.9993881657274214,0.0002820881438475488,1909.5444572307615,3.1469462e-03,491102,471.00029,463.87508,1.6383416e+05,4.6220779e+01,2.6075618e+03,1.3495658e+01,1.6965191e+05,4.7886089e+01,0,nan,nan,nan,nan,471.00029,2.5815272e-04,463.87508,2.9366327e-04,-1.9938149e-04,-2.6866207e-02
0.5623789598507756,1.0001594859982335,0.00028241712559960133,1903.409658960054,3.0682855e-03,486685,470.99021,463.86006,1.6387350e+05,4.6279209e+01,2.7214661e+03,1.3670127e+01,1.6979944e+05,4.7946625e+01,0,nan,nan,nan,nan,470.99021,2.5820706e-04,463.86006,2.9363649e-04,-1.0523371e-02,-4.4063926e-02
0.5624800719160703,1.0001457378500842,0.0002844590289633758,1719.3633600721173,-3.0386876e-03,354176,1328.20016,1818.97788,1.5775011e+05,4.4979813e+01,4.5554990e+03,1.1909287e+01,1.6615709e+05,4.7257999e+01,0,nan,nan,nan,nan,1328.20016,2.6098947e-04,1818.97788,2.3166681e-04,-3.2296767e-03,-5.5561359e-03
0.562758285455175,1.0001493143843412,0.00028384897714895345,1713.2287582856563,-2.9209219e-03,349759,1328.20141,1818.99040,1.5855909e+05,4.4914043e+01,3.9773257e+03,1.1559299e+01,1.6627134e+05,4.7188904e+01,0,nan,nan,nan,nan,1328.20141,2.5907825e-04,1818.99040,2.2902149e-04,-2.2698164e-03,8.8830125e-03
0.5628954677222282,0.9998142574514489,0.0002921188314642077,1756.1730554679239,-3.0486532e-03,380679,1042.61934,1775.56583,1.5909114e+05,4.6474686e+01,5.9790278e+03,1.4479024e+01,1.6653391e+05,4.8656727e+01,0,nan,nan,nan,nan,1042.61934,2.7229838e-04,1775.56583,2.4300041e-04,-5.4722996e-03,3.4461714e-02
0.5630806712294995,0.9994316673399619,0.0002948660080349795,1743.903480671431,-3.1845274e-03,371845,1042.61336,1775.52585,1.5899527e+05,4.6928143e+01,7.7813765e+03,1.5270714e+01,1.6652836e+05,4.9131477e+01,0,nan,nan,nan,nan,1042.61336,2.7602783e-04,1775.52585,2.4664262e-04,-1.2144882e-02,-8.9512328e-03
0.5634009276996039,1.00054547272001,0.000282033862666035,1921.815320927903,3.1825355e-03,499937,471.01052,463.88624,1.6390450e+05,4.6214115e+01,2.5834116e+03,1.3491469e+01,1.6985656e+05,4.7879189e+01,0,nan,nan,nan,nan,471.01052,2.5955611e-04,463.88624,2.9342854e-04,1.3418747e-02,-1.4844864e-02
0.5634057235970431,1.0000212015885706,0.00028445076398782277,1731.6340457237984,-3.1810291e-03,363011,1328.20061,1819.02407,1.5851052e+05,4.4981697e+01,4.1686133e+03,1.1745250e+01,1.6614820e+05,4.7259983e+01,0,nan,nan,nan,nan,1328.20061,2.5982570e-04,1819.02407,2.2913751e-04,-2.6661786e-03,4.5944393e-02
0.5635557834216343,0.9998037451585036,0.00028439595378175475,1915.680595783625,3.1770009e-03,495520,471.00697,463.89680,1.6410541e+05,4.6620094e+01,3.8727688e+03,1.4219717e+01,1.6979959e+05,4.8299797e+01,0,nan,nan,nan,nan,471.00697,2.6121375e-04,463.89680,2.9604431e-04,9.5669255e-03,-3.9062332e-03
0.5636861323600897,0.9997871140796348,0.0002818807685443926,1909.5458461325634,3.1469597e-03,491103,471.00098,463.88132,1.6386436e+05,4.6186699e+01,2.6048762e+03,1.3391935e+01,1.6971925e+05,4.7850780e+01,0,nan,nan,nan,nan,471.00098,2.5831163e-04,463.88132,2.9334959e-04,1.2066696e-03,-2.0033652e-02
0.5637678695686649,0.9998155703478355,0.00028206752664374093,1903.411047869772,3.0683069e-03,486686,470.98795,463.86173,1.6385533e+05,4.6221939e+01,2.7308564e+03,1.3498003e+01,1.6974112e+05,4.7887291e+01,0,nan,nan,nan,nan,470.98795,2.5807944e-04,463.86173,2.9348177e-04,-1.2749494e-02,-4.2563535e-02
0.5638689376160073,1.0000606505661072,0.0002845845308384127,1719.3647489378172,-3.0387102e-03,354177,1328.20611,1818.98707,1.5774091e+05,4.4999828e+01,4.5666807e+03,1.1955790e+01,1.6614359e+05,4.7279030e+01,0,nan,nan,nan,nan,1328.20611,2.6156064e-04,1818.98707,2.3144865e-04,3.4964934e-03,5.1215361e-03
0.5641471425403776,0.9994590401603799,0.0002837026649329142,1713.2301471427415,-2.9209531e-03,349760,1328.20581,1818.97903,1.5821631e+05,4.4892056e+01,3.9770430e+03,1.1621156e+01,1.6616088e+05,4.7165802e+01,0,nan,nan,nan,nan,1328.20581,2.5967244e-04,1818.97903,2.3056479e-04,3.9192382e-03,-4.6111927e-03
0.5642843799669208,1.0000993297827772,0.0002920276311344678,1756.1744443801686,-3.0486293e-03,380680,1042.61610,1775.56500,1.5916373e+05,4.6460052e+01,5.9668022e+03,1.4422249e+01,1.6658097e+05,4.8641415e+01,0,nan,nan,nan,nan,1042.61610,2.7224779e-04,1775.56500,2.4280322e-04,-9.5080743e-03,3.3634696e-02
0.5644695678752214,1.0001082931194156,0.0002951752495462183,1743.9048695680767,-3.1845190e-03,371846,1042.61971,1775.52401,1.5930172e+05,4.6977528e+01,7.7837202e+03,1.5311421e+01,1.6664170e+05,4.9183182e+01,0,nan,nan,nan,nan,1042.61971,2.7542797e-04,1775.52401,2.4611320e-04,-4.7289422e-03,-1.0067064e-02
0.5647898139013705,1.000589519330069,0.00028222618035492983,1921.8167098141048,3.1825334e-03,499938,471.03005,463.88203,1.6412102e+05,4.6245556e+01,2.5909902e+03,1.3512642e+01,1.6986377e+05,4.7911758e+01,0,nan,nan,nan,nan,471.03005,2.5912371e-04,463.88203,2.9308585e-04,3.2478787e-02,-1.9980984e-02
0.5647946046631208,1.0003561055724814,0.00028436236216943314,1731.6354346048645,-3.1810363e-03,363012,1328.20608,1819.01939,1.5850945e+05,4.4966805e+01,4.1723125e+03,1.1689487e+01,1.6620048e+05,4.7244335e+01,0,nan,nan,nan,nan,1328.20608,2.5973743e-04,1819.01939,2.2947595e-04,3.0948082e-03,4.0360585e-02
0.564944675910283,1.0004767767805003,0.0002843590942483593,1915.6819846761136,3.1770051e-03,495521,471.02368,463.90002,1.6414431e+05,4.6614258e+01,3.8735552e+03,1.4211357e+01,1.6991464e+05,4.8293747e+01,0,nan,nan,nan,nan,471.02368,2.6188619e-04,463.90002,2.9641259e-04,2.7405096e-02,-7.5458537e-04
0.5650750343947948,0.9993500553620873,0.00028207407734149106,1909.547235034598,3.1469734e-03,491104,471.00333,463.88449,1.6385198e+05,4.6218266e+01,2.5935139e+03,1.3478426e+01,1.6964467e+05,4.7883488e+01,0,nan,nan,nan,nan,471.00333,2.5859074e-04,463.88449,2.9332959e-04,2.8033392e-03,-1.6889907e-02
0.5652578033159443,1.000399173733589,0.00028455019486829246,1719.3661378035172,-3.0387328e-03,354178,1328.20544,1818.99109,1.5777272e+05,4.4994572e+01,4.5365068e+03,1.1918384e+01,1.6620048e+05,4.7273506e+01,0,nan,nan,nan,nan,1328.20544,2.6104230e-04,1818.99109,2.3149032e-04,2.3542361e-03,9.4996942e-03
0.5655359996258085,0.9995478411635041,0.0002836714355330797,1713.231535999827,-2.9209843e-03,349761,1328.20526,1818.98475,1.5822728e+05,4.4888306e+01,3.9769514e+03,1.1576199e+01,1.6618006e+05,4.7161861e+01,0,nan,nan,nan,nan,1328.20526,2.5975154e-04,1818.98475,2.3030804e-04,2.6872670e-03,1.7021912e-03
0.5656732922116134,1.0003555257654566,0.00029200290737633474,1756.1758332924132,-3.0486053e-03,380681,1042.61529,1775.57070,1.5916834e+05,4.6456005e+01,5.9710811e+03,1.4416251e+01,1.6662322e+05,4.8637173e+01,0,nan,nan,nan,nan,1042.61529,2.7221252e-04,1775.57070,2.4277177e-04,-9.3930326e-03,3.9510425e-02
0.565858464754001,1.0001296254271987,0.0002949651969903938,1743.9062584649555,-3.1845104e-03,371847,1042.61386,1775.52205,1.5910608e+05,4.6944271e+01,7.7790396e+03,1.5259995e+01,1.6664588e+05,4.9148365e+01,0,nan,nan,nan,nan,1042.61386,2.7591980e-04,1775.52205,2.4664056e-04,-1.0919149e-02,-1.2850267e-02
0.5661786998698517,0.9999078110598953,0.00028222658392583716,1921.8180987000733,3.1825311e-03,499939,471.02222,463.89069,1.6399573e+05,4.6245548e+01,2.5822083e+03,1.3540875e+01,1.6974777e+05,4.7911751e+01,0,nan,nan,nan,nan,471.02222,2.5884787e-04,463.89069,2.9345244e-04,2.4596116e-02,-1.0046353e-02
0.5661834857298796,0.9993868167222368,0.00028429868466685234,1731.6368234859312,-3.1810435e-03,363013,1328.20114,1819.01944,1.5841825e+05,4.4955795e+01,4.1791260e+03,1.1684721e+01,1.6603595e+05,4.7232765e+01,0,nan,nan,nan,nan,1328.20114,2.5969060e-04,1819.01944,2.2936374e-04,-2.6126003e-03,4.0422983e-02
0.5663335683989317,0.9999796620104384,0.00028438621079688903,1915.6833735686023,3.1770093e-03,495522,471.00865,463.89634,1.6405511e+05,4.6618916e+01,3.8835557e+03,1.4240317e+01,1.6983097e+05,4.8298569e+01,0,nan,nan,nan,nan,471.00865,2.6089390e-04,463.89634,2.9705628e-04,1.0821132e-02,-4.7101546e-03
0.5664639361962145,1.0005633181024964,0.00028205293609741446,1909.5486239363995,3.1469869e-03,491105,471.00010,463.87718,1.6406345e+05,4.6214691e+01,2.5821135e+03,1.3428957e+01,1.6985023e+05,4.7879784e+01,0,nan,nan,nan,nan,471.00010,2.5785039e-04,463.87718,2.9301480e-04,-1.9058234e-04,-2.5173822e-02
0.5665456890055793,1.0002561667494192,0.0002823082956349588,1903.4138256892088,3.0683498e-03,486688,470.98873,463.86094,1.6392859e+05,4.6261433e+01,2.7105320e+03,1.3599177e+01,1.6981606e+05,4.7928207e+01,0,nan,nan,nan,nan,470.98873,2.5808852e-04,463.86094,2.9340058e-04,-1.2409712e-02,-4.3823596e-02
0.5666466690165638,1.0002041359124514,0.00028448658647022153,1719.3675266692178,-3.0387554e-03,354179,1328.20411,1818.97564,1.5787073e+05,4.4984692e+01,4.5407363e+03,1.1885768e+01,1.6616872e+05,4.7263126e+01,0,nan,nan,nan,nan,1328.20411,2.6081689e-04,1818.97564,2.3135821e-04,1.4532912e-03,-7.4893977e-03
0.5669248569431605,1.000369067948288,0.00028381289038049306,1713.2329248571443,-2.9210153e-03,349762,1328.20992,1818.98816,1.5848936e+05,4.4911907e+01,3.9675583e+03,1.1575284e+01,1.6632111e+05,4.7186661e+01,0,nan,nan,nan,nan,1328.20992,2.5938364e-04,1818.98816,2.2946020e-04,7.2822263e-03,6.0896594e-03
0.5670622042243849,0.9998820585527377,0.00029211226444050424,1756.177222204426,-3.0485815e-03,380682,1042.61459,1775.56245,1.5914228e+05,4.6473282e+01,5.9589849e+03,1.4463065e+01,1.6654394e+05,4.8655266e+01,0,nan,nan,nan,nan,1042.61459,2.7215871e-04,1775.56245,2.4289668e-04,-1.0686811e-02,3.0843984e-02
0.5672473613994953,0.9998607704819498,0.00029519348170519403,1743.907647361601,-3.1845020e-03,371848,1042.61699,1775.51946,1.5909042e+05,4.6980778e+01,7.7670479e+03,1.5307640e+01,1.6660170e+05,4.9186584e+01,0,nan,nan,nan,nan,1042.61699,2.7603397e-04,1775.51946,2.4704024e-04,-7.5167874e-03,-1.5921453e-02
0.5675675858383329,1.0000990142060582,0.00028234454726904634,1921.8194875860418,3.1825288e-03,499940,471.02301,463.88212,1.6410466e+05,4.6264797e+01,2.5821562e+03,1.3567109e+01,1.6977994e+05,4.7931694e+01,0,nan,nan,nan,nan,471.02301,2.5853445e-04,463.88212,2.9336032e-04,2.5735917e-02,-2.0287627e-02
0.5675723667975493,0.9998000453764552,0.0002843641944261764,1731.638212366999,-3.1810508e-03,363014,1328.20299,1819.02547,1.5845992e+05,4.4965176e+01,4.1545151e+03,1.1679861e+01,1.6610100e+05,4.7242622e+01,0,nan,nan,nan,nan,1328.20299,2.5963961e-04,1819.02547,2.2956832e-04,2.8105071e-05,4.6568234e-02
0.5677224606538402,1.0000841775927094,0.00028440650577278196,1915.6847624608572,3.1770132e-03,495523,471.01422,463.90288,1.6398323e+05,4.6622459e+01,3.8757935e+03,1.4298637e+01,1.6984952e+05,4.8302242e+01,0,nan,nan,nan,nan,471.01422,2.6215386e-04,463.90288,2.9651195e-04,1.7822294e-02,1.3240221e-03
0.5678528382306925,1.0009202449562975,0.0002821018852756177,1909.550012838434,3.1470007e-03,491106,471.00181,463.88210,1.6410475e+05,4.6222603e+01,2.6015193e+03,1.3436109e+01,1.6991041e+05,4.7887978e+01,0,nan,nan,nan,nan,471.00181,2.5795517e-04,463.88210,2.9317199e-04,2.2022214e-03,-1.8989222e-02
0.5679345987227862,0.9999131784876293,0.00028235185172793224,1903.415214598926,3.0683712e-03,486689,470.98660,463.85334,1.6388117e+05,4.6268585e+01,2.7216035e+03,1.3621076e+01,1.6975789e+05,4.7935619e+01,0,nan,nan,nan,nan,470.98660,2.5820173e-04,463.85334,2.9359519e-04,-1.4372174e-02,-5.1567525e-02
0.5680355347167279,1.0000434711673938,0.00028457799631450523,1719.368915534918,-3.0387780e-03,354180,1328.20439,1818.98296,1.5777714e+05,4.4999329e+01,4.5632554e+03,1.1916712e+01,1.6614270e+05,4.7278503e+01,0,nan,nan,nan,nan,1328.20439,2.6119090e-04,1818.98296,2.3152784e-04,1.4329684e-03,4.8898620e-04
0.5683137140276813,0.9997402432632296,0.0002837328038313074,1713.2343137142288,-2.9210465e-03,349763,1328.20346,1818.98585,1.5839469e+05,4.4900486e+01,3.9689766e+03,1.1567796e+01,1.6622119e+05,4.7174660e+01,0,nan,nan,nan,nan,1328.20346,2.5946091e-04,1818.98585,2.2944382e-04,7.3241885e-04,3.8964453e-03
0.568451116469987,1.0004039528131463,0.0002920971608050778,1756.1786111166716,-3.0485576e-03,380683,1042.61808,1775.56802,1.5909975e+05,4.6470760e+01,5.9555347e+03,1.4472775e+01,1.6663044e+05,4.8652622e+01,0,nan,nan,nan,nan,1042.61808,2.7217602e-04,1775.56802,2.4296336e-04,-6.8590823e-03,3.6388662e-02
0.5686362580454443,1.0001634767701073,0.0002950470013524734,1743.909036258247,-3.1844936e-03,371849,1042.61271,1775.52604,1.5909080e+05,4.6957645e+01,7.7755439e+03,1.5284074e+01,1.6665277e+05,4.9162365e+01,0,nan,nan,nan,nan,1042.61271,2.7642451e-04,1775.52604,2.4692510e-04,-1.2710835e-02,-8.2725631e-03
0.5689564718077236,0.9996192525894222,0.0002821626541967782,1921.8208764720112,3.1825264e-03,499941,471.01733,463.88801,1.6392116e+05,4.6234917e+01,2.5867695e+03,1.3494735e+01,1.6969820e+05,4.7900734e+01,0,nan,nan,nan,nan,471.01733,2.5922002e-04,463.88801,2.9361091e-04,1.9721057e-02,-1.3005796e-02
0.5689612478649906,0.9998743511870616,0.00028427777318661406,1731.6396012480664,-3.1810580e-03,363015,1328.19952,1819.02098,1.5832548e+05,4.4950500e+01,4.1614878e+03,1.1722765e+01,1.6610962e+05,4.7227207e+01,0,nan,nan,nan,nan,1328.19952,2.5980076e-04,1819.02098,2.2971860e-04,-3.3184639e-03,4.1639544e-02
0.5691113531420342,1.000238720682702,0.0002843806960253455,1915.6861513533454,3.1770174e-03,495524,471.02623,463.89665,1.6422614e+05,4.6618450e+01,3.8668662e+03,1.4190779e+01,1.6987659e+05,4.8298092e+01,0,nan,nan,nan,nan,471.02623,2.6147300e-04,463.89665,2.9554949e-04,2.9830318e-02,-4.2140824e-03
0.5692417402651699,0.9996501007193097,0.00028183178326476166,1909.5514017404685,3.1470144e-03,491107,470.99739,463.87630,1.6381002e+05,4.6178234e+01,2.6141094e+03,1.3416420e+01,1.6969438e+05,4.7842010e+01,0,nan,nan,nan,nan,470.99739,2.5826553e-04,463.87630,2.9328268e-04,-2.4934693e-03,-2.6237970e-02
0.5693235086732784,1.0003918176493354,0.00028220693087726884,1903.4166035088765,3.0683929e-03,486690,470.98845,463.85804,1.6387814e+05,4.6244854e+01,2.7360212e+03,1.3563865e+01,1.6983922e+05,4.7911030e+01,0,nan,nan,nan,nan,470.98845,2.5834609e-04,463.85804,2.9354094e-04,-1.1854317e-02,-4.7515307e-02
0.5694244006488131,1.0001844508083277,0.00028426296519871964,1719.37030440085,-3.0388003e-03,354181,1328.20162,1818.98844,1.5756127e+05,4.4949696e+01,4.5598369e+03,1.1854101e+01,1.6616681e+05,4.7226357e+01,0,nan,nan,nan,nan,1328.20162,2.6175057e-04,1818.98844,2.3205049e-04,-2.9506822e-04,5.2339067e-03
0.5697025711128845,0.9994727734620104,0.00028377243182658453,1713.235702571314,-2.9210777e-03,349764,1328.20905,1818.98808,1.5836230e+05,4.4908043e+01,3.9673528e+03,1.1621849e+01,1.6618147e+05,4.7182594e+01,0,nan,nan,nan,nan,1328.20905,2.5947203e-04,1818.98808,2.2985684e-04,6.3529443e-03,6.1636311e-03
0.5698400287151344,0.9999755374242638,0.0002919428115220783,1756.1800000289168,-3.0485336e-03,380684,1042.61438,1775.56949,1.5912466e+05,4.6446083e+01,5.9454199e+03,1.4411460e+01,1.6655864e+05,4.8626785e+01,0,nan,nan,nan,nan,1042.61438,2.7211115e-04,1775.56949,2.4276477e-04,-1.0605609e-02,3.8288791e-02
0.5700251546913933,1.0001120078744972,0.0002950669695352873,1743.910425154893,-3.1844852e-03,371850,1042.61606,1775.52493,1.5924805e+05,4.6960995e+01,7.7647891e+03,1.5288537e+01,1.6664483e+05,4.9165874e+01,0,nan,nan,nan,nan,1042.61606,2.7557349e-04,1775.52493,2.4622871e-04,-9.4262362e-03,-9.5903203e-03
0.5703453577780238,0.9997112152626898,0.00028206589214322487,1921.8222653579815,3.1825241e-03,499942,471.02963,463.87848,1.6392422e+05,4.6218975e+01,2.5891035e+03,1.3485950e+01,1.6971352e+05,4.7884224e+01,0,nan,nan,nan,nan,471.02963,2.5921152e-04,463.87848,2.9390218e-04,3.2326113e-02,-2.4176875e-02
0.5703501289317501,1.0002435546633022,0.00028427150784691275,1731.6409901291331,-3.1810652e-03,363016,1328.20048,1819.01655,1.5840420e+05,4.4948471e+01,4.1693936e+03,1.1650094e+01,1.6616712e+05,4.7225075e+01,0,nan,nan,nan,nan,1328.20048,2.6000259e-04,1819.01655,2.2971648e-04,-2.4420666e-03,3.7010543e-02
0.5705002456304552,0.9998033826270188,0.0002842263178523969,1915.6875402458338,3.1770216e-03,495525,471.00385,463.89653,1.6400825e+05,4.6593380e+01,3.8756836e+03,1.4198886e+01,1.6980348e+05,4.8272114e+01,0,nan,nan,nan,nan,471.00385,2.6182173e-04,463.89653,2.9614553e-04,6.7191282e-03,-4.5176991e-03
0.5706306420665896,0.9999025193910772,0.0002821035353436561,1909.5527906422699,3.1470279e-03,491108,471.00588,463.88483,1.6400625e+05,4.6222637e+01,2.5972773e+03,1.3482922e+01,1.6973680e+05,4.7888016e+01,0,nan,nan,nan,nan,471.00588,2.5812211e-04,463.88483,2.9283526e-04,5.7527483e-03,-1.6738944e-02
0.5707124183913947,0.9996871100589377,0.0002820869309292768,1903.4179924185946,3.0684143e-03,486691,470.98590,463.86902,1.6383158e+05,4.6225208e+01,2.7191677e+03,1.3505300e+01,1.6971964e+05,4.7890675e+01,0,nan,nan,nan,nan,470.98590,2.5813232e-04,463.86902,2.9364298e-04,-1.5013226e-02,-3.4255899e-02
0.5708132663487507,0.9997459138439175,0.00028434134641039616,1719.37169326655,-3.0388229e-03,354182,1328.21016,1818.98628,1.5766491e+05,4.4962276e+01,4.5698652e+03,1.1873161e+01,1.6609464e+05,4.7239578e+01,0,nan,nan,nan,nan,1328.21016,2.6133491e-04,1818.98628,2.3168339e-04,8.2311099e-03,4.3448079e-03
0.5710914281983154,0.9998253326583563,0.00028367003696897495,1713.2370914283995,-2.9211089e-03,349765,1328.20588,1818.97694,1.5835314e+05,4.4893147e+01,3.9652280e+03,1.1559462e+01,1.6624494e+05,4.7166946e+01,0,nan,nan,nan,nan,1328.20588,2.5965570e-04,1818.97694,2.2999659e-04,3.1261388e-03,-5.3399429e-03
0.5712289407279059,0.9999489786692936,0.00029211697480781984,1756.1813889409295,-3.0485098e-03,380685,1042.61589,1775.56331,1.5911625e+05,4.6473667e+01,5.9331011e+03,1.4432126e+01,1.6655378e+05,4.8655666e+01,0,nan,nan,nan,nan,1042.61589,2.7243581e-04,1775.56331,2.4305485e-04,-8.8226469e-03,3.2205615e-02
0.5714140515697181,1.0000532317008402,0.00029503304964534447,1743.9118140517712,-3.1844766e-03,371851,1042.61651,1775.51571,1.5931981e+05,4.6955784e+01,7.7427925e+03,1.5250416e+01,1.6663567e+05,4.9160416e+01,0,nan,nan,nan,nan,1042.61651,2.7522480e-04,1775.51571,2.4599233e-04,-8.7910937e-03,-1.8671880e-02
0.5717342437474144,0.999983747954235,0.0002820371448316438,1921.8236542439508,3.1825218e-03,499943,471.01867,463.89013,1.6409841e+05,4.6214180e+01,2.5820447e+03,1.3431574e+01,1.6975947e+05,4.7879253e+01,0,nan,nan,nan,nan,471.01867,2.5852787e-04,463.89013,2.9306117e-04,2.0364307e-02,-1.0323292e-02
0.5717390099978271,1.000264905762886,0.0002844572078232952,1731.6423790101992,-3.1810724e-03,363017,1328.20255,1819.02152,1.5851525e+05,4.4976765e+01,4.1631396e+03,1.1678624e+01,1.6616670e+05,4.7254799e+01,0,nan,nan,nan,nan,1328.20255,2.5969173e-04,1819.02152,2.2966077e-04,-9.9421118e-04,4.2731181e-02
0.5718891378860462,0.9995461347073121,0.000284358597679814,1915.6889291380894,3.1770256e-03,495526,471.01945,463.89747,1.6407225e+05,4.6615303e+01,3.8745999e+03,1.4206847e+01,1.6976067e+05,4.8294827e+01,0,nan,nan,nan,nan,471.01945,2.6143913e-04,463.89747,2.9682735e-04,2.2187138e-02,-3.9615128e-03
0.5720195441012947,0.9995298682466446,0.0002820867751913597,1909.5541795443046,3.1470417e-03,491109,470.99952,463.87915,1.6386333e+05,4.6219776e+01,2.6013655e+03,1.3474407e+01,1.6967309e+05,4.7885048e+01,0,nan,nan,nan,nan,470.99952,2.5834219e-04,463.87915,2.9356714e-04,-7.6218968e-04,-2.2829467e-02
0.5721013281095111,1.0004272463885993,0.00028213762943160353,1903.4193813283127,3.0684357e-03,486692,470.98927,463.84965,1.6390445e+05,4.6233528e+01,2.7180195e+03,1.3517317e+01,1.6984534e+05,4.7899300e+01,0,nan,nan,nan,nan,470.98927,2.5828200e-04,463.84965,2.9370282e-04,-1.1309466e-02,-5.5638120e-02
0.5722021320486871,0.9996570581917474,0.00028448247982541846,1719.37308213225,-3.0388455e-03,354183,1328.20357,1818.98326,1.5770183e+05,4.4984787e+01,4.5494248e+03,1.1930074e+01,1.6608059e+05,4.7263226e+01,0,nan,nan,nan,nan,1328.20357,2.6138846e-04,1818.98326,2.3143727e-04,1.2184305e-03,8.1853423e-04
0.5724802852835179,1.0000518694228195,0.00028384559648826174,1713.2384802854847,-2.9211401e-03,349766,1328.20694,1818.99026,1.5853675e+05,4.4922272e+01,3.9796033e+03,1.1602657e+01,1.6628758e+05,4.7197548e+01,0,nan,nan,nan,nan,1328.20694,2.5916702e-04,1818.99026,2.2915431e-04,4.1670874e-03,9.3732066e-03
0.5726178529730532,0.9995480302351621,0.00029202067037591704,1756.1827778531747,-3.0484858e-03,380686,1042.61680,1775.56755,1.5910422e+05,4.6458225e+01,5.9308062e+03,1.4402570e+01,1.6648655e+05,4.8639496e+01,0,nan,nan,nan,nan,1042.61680,2.7233153e-04,1775.56755,2.4300801e-04,-8.6665861e-03,3.6501240e-02
0.5728029482156671,0.9996230074409704,0.00029496162031419356,1743.9132029484172,-3.1844683e-03,371852,1042.62033,1775.51769,1.5923161e+05,4.6944595e+01,7.7442236e+03,1.5249084e+01,1.6656464e+05,4.9148705e+01,0,nan,nan,nan,nan,1042.62033,2.7541758e-04,1775.51769,2.4617498e-04,-5.3462251e-03,-1.7539999e-02
0.5731231297158956,0.9997832514064156,0.00028211437347822255,1921.8250431299193,3.1825195e-03,499944,471.02535,463.88779,1.6400503e+05,4.6226753e+01,2.5937615e+03,1.3440782e+01,1.6972512e+05,4.7892277e+01,0,nan,nan,nan,nan,471.02535,2.5874667e-04,463.88779,2.9357534e-04,2.7861958e-02,-1.3337317e-02
0.5731278910639048,0.9998728800903197,0.00028431427176571754,1731.6437678912653,-3.1810796e-03,363018,1328.19973,1819.02267,1.5837331e+05,4.4953060e+01,4.1712188e+03,1.1692824e+01,1.6609750e+05,4.7229893e+01,0,nan,nan,nan,nan,1328.19973,2.5982611e-04,1819.02267,2.2967301e-04,-3.4792407e-03,4.3669250e-02
0.5732780303742402,1.0004929656074817,0.00028437560466749805,1915.6903180305776,3.1770298e-03,495527,471.02546,463.89997,1.6416731e+05,4.6618332e+01,3.8672390e+03,1.4215644e+01,1.6992238e+05,4.8297966e+01,0,nan,nan,nan,nan,471.02546,2.6239158e-04,463.89997,2.9566325e-04,2.9537998e-02,-7.6580670e-04
0.5734084459031692,1.0001839764518214,0.00028218674549234735,1909.5555684461065,3.1470552e-03,491110,471.00278,463.88358,1.6399784e+05,4.6236031e+01,2.5903140e+03,1.3524101e+01,1.6978367e+05,4.7901890e+01,0,nan,nan,nan,nan,471.00278,2.5808992e-04,463.88358,2.9312260e-04,2.1762338e-03,-1.8160490e-02
0.5734902378276274,1.0000110433986495,0.0002822164801013257,1903.4207702380309,3.0684571e-03,486693,470.98473,463.86539,1.6386894e+05,4.6246468e+01,2.7213191e+03,1.3528273e+01,1.6977475e+05,4.7912701e+01,0,nan,nan,nan,nan,470.98473,2.5805616e-04,463.86539,2.9380518e-04,-1.5929045e-02,-3.7875805e-02
0.5735909977481694,0.9999576931696914,0.000284553794151719,1719.3744709979494,-3.0388681e-03,354184,1328.20256,1818.98387,1.5776858e+05,4.4996258e+01,4.5748574e+03,1.1901804e+01,1.6613127e+05,4.7275280e+01,0,nan,nan,nan,nan,1328.20256,2.6131276e-04,1818.98387,2.3172845e-04,3.0839487e-04,1.3747681e-03
0.5738691423687218,0.9996010407702223,0.00028367787376548545,1713.23986914257,-2.9211713e-03,349767,1328.20256,1818.98153,1.5832561e+05,4.4897102e+01,3.9761409e+03,1.1596410e+01,1.6621770e+05,4.7171104e+01,0,nan,nan,nan,nan,1328.20256,2.5951065e-04,1818.98153,2.2981327e-04,-3.1552164e-04,-1.3625765e-03
0.5740067652186553,1.0002067030995108,0.00029225925375152284,1756.1841667654203,-3.0484619e-03,380687,1042.61731,1775.56332,1.5922411e+05,4.6496052e+01,5.9201802e+03,1.4438600e+01,1.6659580e+05,4.8679104e+01,0,nan,nan,nan,nan,1042.61731,2.7220778e-04,1775.56332,2.4315350e-04,-7.5919144e-03,3.1850602e-02
0.5741918448607066,0.9997987712963528,0.00029500212073391244,1743.9145918450622,-3.1844599e-03,371853,1042.61484,1775.53309,1.5916394e+05,4.6951225e+01,7.7200854e+03,1.5265517e+01,1.6659458e+05,4.9155643e+01,0,nan,nan,nan,nan,1042.61484,2.7568857e-04,1775.53309,2.4645650e-04,-1.0586427e-02,-1.1505965e-03
0.5745120156848316,0.9998011853849277,0.00028225065242659284,1921.8264320158883,3.1825171e-03,499945,471.02476,463.88077,1.6397209e+05,4.6248993e+01,2.5810432e+03,1.3569152e+01,1.6972784e+05,4.7915321e+01,0,nan,nan,nan,nan,471.02476,2.5880663e-04,463.88077,2.9357127e-04,2.6748056e-02,-2.1644002e-02
0.574516772130892,1.000605085018306,0.0002845142683065142,1731.6451567723323,-3.1810869e-03,363019,1328.20309,1819.02324,1.5854462e+05,4.4983536e+01,4.1544009e+03,1.1677273e+01,1.6621491e+05,4.7261917e+01,0,nan,nan,nan,nan,1328.20309,2.5967427e-04,1819.02324,2.2961028e-04,-1.6487978e-04,4.4834666e-02
0.5746669226300583,0.9998285661084306,0.0002842237131086328,1915.6917069228334,3.1770337e-03,495528,471.00788,463.90970,1.6402444e+05,4.6593689e+01,3.8633267e+03,1.4188189e+01,1.6981045e+05,4.8272434e+01,0,nan,nan,nan,nan,471.00788,2.6153072e-04,463.90970,2.9630444e-04,1.0606616e-02,9.5318016e-03
0.5747973479369648,0.9998001906978629,0.00028192521677957425,1909.5569573481403,3.1470689e-03,491111,471.00068,463.87773,1.6387391e+05,4.6193050e+01,2.6014607e+03,1.3444839e+01,1.6971806e+05,4.7857365e+01,0,nan,nan,nan,nan,471.00068,2.5821195e-04,463.87773,2.9322703e-04,1.7766119e-04,-2.4098270e-02
0.5748791475457438,1.000212824245551,0.0002820801618754784,1903.422159147749,3.0684785e-03,486694,470.99041,463.85503,1.6378239e+05,4.6224144e+01,2.7238872e+03,1.3543406e+01,1.6980906e+05,4.7889576e+01,0,nan,nan,nan,nan,470.99041,2.5854982e-04,463.85503,2.9384310e-04,-1.0271985e-02,-4.9291063e-02
0.5749798636802552,0.9997317391123254,0.00028452630184810457,1719.3758598638815,-3.0388904e-03,354185,1328.20456,1818.98586,1.5774338e+05,4.4992115e+01,4.5534790e+03,1.1913400e+01,1.6609447e+05,4.7270927e+01,0,nan,nan,nan,nan,1328.20456,2.6117029e-04,1818.98586,2.3144326e-04,2.1925229e-03,3.4375051e-03
0.5752579994539243,0.999997293998569,0.00028355142242755967,1713.241257999655,-2.9212025e-03,349768,1328.20767,1818.98576,1.5836895e+05,4.4878502e+01,3.9528176e+03,1.1512400e+01,1.6628881e+05,4.7151558e+01,0,nan,nan,nan,nan,1328.20767,2.5957322e-04,1818.98576,2.2985166e-04,5.5328952e-03,3.4451161e-03
0.5753956774642575,1.0003648698124175,0.00029195892733215777,1756.185555677666,-3.0484379e-03,380688,1042.61469,1775.56742,1.5923395e+05,4.6448151e+01,5.8948022e+03,1.4388927e+01,1.6662169e+05,4.8628948e+01,0,nan,nan,nan,nan,1042.61469,2.7188336e-04,1775.56742,2.4260016e-04,-1.0531234e-02,3.6899451e-02
0.5755807417385768,0.9999301678001064,0.0002950639905108963,1743.91598074194,-3.1844513e-03,371854,1042.61692,1775.51216,1.5922598e+05,4.6961262e+01,7.7112959e+03,1.5261470e+01,1.6661712e+05,4.9166149e+01,0,nan,nan,nan,nan,1042.61692,2.7563315e-04,1775.51216,2.4640339e-04,-7.8003989e-03,-2.3222616e-02
0.5759009016533128,1.0005159362623037,0.0002818730510435289,1921.8278209018567,3.1825148e-03,499946,471.02361,463.89672,1.6380319e+05,4.6187031e+01,2.5834167e+03,1.3441444e+01,1.6984886e+05,4.7851128e+01,0,nan,nan,nan,nan,471.02361,2.5966077e-04,463.89672,2.9371720e-04,2.6933586e-02,-4.6238503e-03
0.5759056531976509,1.0005389612488678,0.00028458775570551785,1731.646545653399,-3.1810941e-03,363020,1328.20039,1819.01921,1.5856281e+05,4.4993980e+01,4.1636270e+03,1.1716977e+01,1.6619958e+05,4.7272888e+01,0,nan,nan,nan,nan,1328.20039,2.5958833e-04,1819.01921,2.2939697e-04,-3.3291385e-03,4.0308964e-02
0.576055815118707,1.0000314205418201,0.0002845565958754086,1915.693095815322,3.1770379e-03,495529,471.03196,463.89233,1.6426647e+05,4.6648518e+01,3.8660071e+03,1.4272217e+01,1.6984586e+05,4.8329239e+01,0,nan,nan,nan,nan,471.03196,2.6148051e-04,463.89233,2.9555260e-04,3.5277050e-02,-9.1886465e-03
0.5761862497388393,1.0000536581110944,0.0002820102912309138,1909.5583462499421,3.1470824e-03,491112,471.00098,463.88151,1.6399058e+05,4.6206860e+01,2.5981953e+03,1.3430942e+01,1.6976061e+05,4.7871670e+01,0,nan,nan,nan,nan,471.00098,2.5799058e-04,463.88151,2.9305325e-04,7.7141932e-04,-2.0526372e-02
0.5762680572629506,0.9999644076098992,0.0002822439023187674,1903.4235480574662,3.0685000e-03,486695,470.98114,463.85789,1.6384802e+05,4.6250988e+01,2.7182686e+03,1.3586611e+01,1.6976694e+05,4.7917385e+01,0,nan,nan,nan,nan,470.98114,2.5801981e-04,463.85789,2.9365686e-04,-2.0292867e-02,-4.6821233e-02
0.5763687293801922,1.0001242103796986,0.000284336265808203,1719.3772487295814,-3.0389130e-03,354186,1328.20519,1818.99254,1.5769889e+05,4.4962269e+01,4.5574648e+03,1.1880728e+01,1.6616042e+05,4.7239567e+01,0,nan,nan,nan,nan,1328.20519,2.6113162e-04,1818.99254,2.3119349e-04,2.4215537e-03,1.0828039e-02
0.5766468567719588,1.0007706930979983,0.0002837824176163152,1713.2426468569731,-2.9212334e-03,349769,1328.20601,1818.99087,1.5853005e+05,4.4916496e+01,3.9602688e+03,1.1582031e+01,1.6642275e+05,4.7191479e+01,0,nan,nan,nan,nan,1328.20601,2.5948853e-04,1818.99087,2.2944497e-04,2.1670288e-03,9.3768407e-03
0.5767845894765742,1.0000221682410808,0.00029204095535161935,1756.1869445896782,-3.0484141e-03,380689,1042.61491,1775.56621,1.5911084e+05,4.6461071e+01,5.8839541e+03,1.4446641e+01,1.6656416e+05,4.8642475e+01,0,nan,nan,nan,nan,1042.61491,2.7223970e-04,1775.56621,2.4285525e-04,-1.0019164e-02,3.4782100e-02
0.5769696383845258,0.9999029278865855,0.00029473717019534766,1743.917369638586,-3.1844429e-03,371855,1042.61629,1775.52615,1.5902727e+05,4.6909431e+01,7.6747837e+03,1.5238953e+01,1.6661325e+05,4.9111889e+01,0,nan,nan,nan,nan,1042.61629,2.7583924e-04,1775.52615,2.4640758e-04,-8.9527369e-03,-9.4178896e-03
0.5772897876227034,0.9999792728590878,0.0002820619612667132,1921.8292097878261,3.1825125e-03,499947,471.03461,463.88120,1.6385002e+05,4.6217896e+01,2.5949636e+03,1.3499400e+01,1.6975741e+05,4.7883102e+01,0,nan,nan,nan,nan,471.03461,2.5929621e-04,463.88120,2.9413978e-04,3.7690528e-02,-2.1552961e-02
0.577294534264411,0.9998752517735845,0.0002844800018227962,1731.6479345344658,-3.1811013e-03,363021,1328.20579,1819.02410,1.5844795e+05,4.4975735e+01,4.1678672e+03,1.1751352e+01,1.6608486e+05,4.7253716e+01,0,nan,nan,nan,nan,1328.20579,2.5982337e-04,1819.02410,2.2917017e-04,3.1980979e-03,4.5645941e-02
0.5774447076064462,0.9995181202511904,0.0002839515974307123,1915.6944847078098,3.1770421e-03,495530,470.99607,463.90196,1.6365159e+05,4.6549606e+01,3.8743506e+03,1.4190685e+01,1.6975966e+05,4.8226765e+01,0,nan,nan,nan,nan,470.99607,2.6175380e-04,463.90196,2.9741161e-04,-1.5981114e-03,1.9947989e-03
0.5775751517735443,0.9996582043247818,0.00028211081574450896,1909.5597351519768,3.1470961e-03,491113,470.99978,463.88508,1.6389698e+05,4.6223198e+01,2.5824502e+03,1.3522379e+01,1.6969298e+05,4.7888596e+01,0,nan,nan,nan,nan,470.99978,2.5820237e-04,463.88508,2.9323768e-04,-8.9660505e-05,-1.6045125e-02
0.5776569669810669,0.9998031042471834,0.00028221858495653204,1903.4249369671843,3.0685214e-03,486696,470.98529,463.85825,1.6384414e+05,4.6246853e+01,2.7199980e+03,1.3547281e+01,1.6973959e+05,4.7913101e+01,0,nan,nan,nan,nan,470.98529,2.5844929e-04,463.85825,2.9364004e-04,-1.5954359e-02,-4.7026984e-02
0.5777575950801292,0.9999659510593152,0.000284493877410029,1719.3786375952814,-3.0389356e-03,354187,1328.20435,1818.98720,1.5772775e+05,4.4987400e+01,4.5490200e+03,1.1914262e+01,1.6613491e+05,4.7265976e+01,0,nan,nan,nan,nan,1328.20435,2.6134492e-04,1818.98720,2.3168158e-04,1.4776065e-03,4.5867399e-03
0.5780357138567073,0.9999381399427889,0.00028363354363052453,1713.2440357140579,-2.9212646e-03,349770,1328.20577,1818.98780,1.5844070e+05,4.4894409e+01,3.9560151e+03,1.1550793e+01,1.6628977e+05,4.7168270e+01,0,nan,nan,nan,nan,1328.20577,2.5951696e-04,1818.98780,2.2942759e-04,3.2581647e-03,5.7773404e-03
0.5781735017221763,0.9997137013237173,0.0002918907234002206,1756.1883335019238,-3.0483902e-03,380690,1042.61486,1775.56569,1.5908728e+05,4.6437046e+01,5.8802773e+03,1.4401608e+01,1.6651231e+05,4.8617321e+01,0,nan,nan,nan,nan,1042.61486,2.7207905e-04,1775.56569,2.4265704e-04,-1.0609047e-02,3.4931999e-02
0.57835853503002,0.999802486491548,0.00029519141597304696,1743.9187585352315,-3.1844345e-03,371856,1042.61657,1775.53302,1.5926553e+05,4.6981915e+01,7.6971445e+03,1.5304339e+01,1.6659719e+05,4.9187775e+01,0,nan,nan,nan,nan,1042.61657,2.7580751e-04,1775.53302,2.4640263e-04,-8.8795442e-03,-1.2055394e-03
0.5786786738249248,0.999698664165987,0.0002819897610315761,1921.8305986740284,3.1825104e-03,499948,471.01718,463.89010,1.6391536e+05,4.6205971e+01,2.5896865e+03,1.3472607e+01,1.6970942e+05,4.7870747e+01,0,nan,nan,nan,nan,471.01718,2.5901227e-04,463.89010,2.9327036e-04,1.9443350e-02,-1.0971430e-02
0.5786834153318523,1.0003032213903127,0.00028431425104258464,1731.6493234155332,-3.1811085e-03,363022,1328.19577,1819.01799,1.5842972e+05,4.4948284e+01,4.1660273e+03,1.1665076e+01,1.6615133e+05,4.7224873e+01,0,nan,nan,nan,nan,1328.19577,2.5973952e-04,1819.01799,2.2927381e-04,-7.1517406e-03,3.8748365e-02
0.5788335998622642,1.000244377950152,0.0002843338467200292,1915.6958736000656,3.1770461e-03,495531,471.02196,463.88803,1.6411539e+05,4.6612545e+01,3.8801394e+03,1.4210033e+01,1.6988402e+05,4.8291973e+01,0,nan,nan,nan,nan,471.02196,2.6131017e-04,463.88803,2.9642723e-04,2.4114197e-02,-1.3993966e-02
0.5789640535747363,0.9999890861220967,0.00028215170906040687,1909.561124053778,3.1471096e-03,491114,470.99876,463.87878,1.6388980e+05,4.6229763e+01,2.5820159e+03,1.3549743e+01,1.6974866e+05,4.7895397e+01,0,nan,nan,nan,nan,470.99876,2.5822310e-04,463.87878,2.9339441e-04,-1.1610686e-03,-2.3395557e-02
0.5790458769320139,0.9996797919874535,0.0002821421570387859,1903.4263258771352,3.0685430e-03,486697,470.98873,463.86605,1.6376216e+05,4.6234341e+01,2.7227771e+03,1.3565759e+01,1.6971870e+05,4.7900139e+01,0,nan,nan,nan,nan,470.98873,2.5840331e-04,463.86605,2.9389473e-04,-1.1590175e-02,-3.8233835e-02
0.579146460780748,0.9998481217989162,0.0002843394378734507,1719.380026460982,-3.0389582e-03,354188,1328.20514,1818.97890,1.5765423e+05,4.4963192e+01,4.5535815e+03,1.1900853e+01,1.6611612e+05,4.7240540e+01,0,nan,nan,nan,nan,1328.20514,2.6121121e-04,1818.97890,2.3178165e-04,3.3390278e-03,-4.2829686e-03
0.579424570941228,0.9993816581799403,0.0002836077732413903,1713.2454245711424,-2.9212958e-03,349771,1328.20053,1818.98331,1.5844303e+05,4.4891834e+01,3.9384502e+03,1.1527127e+01,1.6620280e+05,4.7165569e+01,0,nan,nan,nan,nan,1328.20053,2.5916164e-04,1818.98331,2.2939422e-04,-2.1250783e-03,1.0510104e-03
0.5795624139673237,0.9997783672749444,0.00029192262222583196,1756.189722414169,-3.0483662e-03,380691,1042.61723,1775.56161,1.5911488e+05,4.6441986e+01,5.8657109e+03,1.4371232e+01,1.6652262e+05,4.8622498e+01,0,nan,nan,nan,nan,1042.61723,2.7215970e-04,1775.56161,2.4288936e-04,-7.7408710e-03,3.0020390e-02
0.5797474319087996,0.9997838628555731,0.00029485462454397203,1743.9201474321103,-3.1844259e-03,371857,1042.61306,1775.52103,1.5876959e+05,4.6928505e+01,7.7032231e+03,1.5319572e+01,1.6659477e+05,4.9131859e+01,0,nan,nan,nan,nan,1042.61306,2.7671337e-04,1775.52103,2.4746408e-04,-1.1870058e-02,-1.4687637e-02
0.580067559793406,1.000025391154918,0.0002820856336290984,1921.8319875599968,3.1825081e-03,499949,471.02033,463.88115,1.6401080e+05,4.6221581e+01,2.5842283e+03,1.3465383e+01,1.6976453e+05,4.7886921e+01,0,nan,nan,nan,nan,471.02033,2.5846795e-04,463.88115,2.9344353e-04,2.1597642e-02,-2.0906445e-02
0.5800722963988395,1.0003671039360136,0.00028448729345773596,1731.6507122966002,-3.1811157e-03,363023,1328.20479,1819.02512,1.5854770e+05,4.4974358e+01,4.1486572e+03,1.1706851e+01,1.6615720e+05,4.7252266e+01,0,nan,nan,nan,nan,1328.20479,2.5952255e-04,1819.02512,2.2913290e-04,1.4279312e-03,4.7577791e-02
0.5802224923509129,0.9998378216758395,0.0002843619049727273,1915.6972624925543,3.1770503e-03,495532,471.01525,463.90041,1.6393239e+05,4.6617435e+01,3.8607024e+03,1.4257094e+01,1.6981600e+05,4.8297035e+01,0,nan,nan,nan,nan,471.01525,2.6163636e-04,463.90041,2.9683247e-04,1.8124199e-02,-5.9204333e-04
0.5803529556092144,1.000522999592559,0.0002820512512966144,1909.5625129558125,3.1471234e-03,491115,471.00047,463.87755,1.6405939e+05,4.6213158e+01,2.5885161e+03,1.3430217e+01,1.6983877e+05,4.7878197e+01,0,nan,nan,nan,nan,471.00047,2.5786174e-04,463.87755,2.9303532e-04,-5.3797517e-05,-2.4503674e-02
0.5804347866492208,0.9995610870727039,0.000282227899385487,1903.4277147868524,3.0685645e-03,486698,470.98941,463.86179,1.6375422e+05,4.6248402e+01,2.7250442e+03,1.3586521e+01,1.6969859e+05,4.7914711e+01,0,nan,nan,nan,nan,470.98941,2.5835918e-04,463.86179,2.9387596e-04,-1.1627684e-02,-4.2337254e-02
0.5805353267137434,0.99925621705499,0.0002844732404085628,1719.381415326915,-3.0389805e-03,354189,1328.19968,1818.97774,1.5769519e+05,4.4984570e+01,4.5660688e+03,1.1941586e+01,1.6601859e+05,4.7263000e+01,0,nan,nan,nan,nan,1328.19968,2.6105938e-04,1818.97774,2.3162196e-04,-3.1999901e-03,-5.6439177e-03
0.5808134280264312,0.9996665154324338,0.00028374759707740406,1713.2468134282276,-2.9213270e-03,349772,1328.20637,1818.98614,1.5847867e+05,4.4915508e+01,3.9441206e+03,1.1544636e+01,1.6625588e+05,4.7190441e+01,0,nan,nan,nan,nan,1328.20637,2.5924345e-04,1818.98614,2.2984085e-04,3.4494589e-03,3.4159250e-03
0.5809513259800951,1.000188036400939,0.00029187146899605025,1756.1911113261817,-3.0483424e-03,380692,1042.61487,1775.57500,1.5913569e+05,4.6433720e+01,5.8332329e+03,1.4361114e+01,1.6659038e+05,4.8613838e+01,0,nan,nan,nan,nan,1042.61487,2.7219465e-04,1775.57500,2.4282285e-04,-1.0164665e-02,4.4275269e-02
0.5811363285542939,1.0000130357550827,0.0002949416371662417,1743.9215363287558,-3.1844175e-03,371858,1042.61780,1775.52590,1.5916886e+05,4.6942551e+01,7.6639663e+03,1.5287772e+01,1.6663366e+05,4.9146561e+01,0,nan,nan,nan,nan,1042.61780,2.7532934e-04,1775.52590,2.4631454e-04,-7.3078917e-03,-8.6898459e-03
0.5814564457623419,1.0000942597204978,0.00028201730613696817,1921.8333764459658,3.1825057e-03,499950,471.02915,463.88758,1.6401030e+05,4.6210281e+01,2.5932703e+03,1.3434565e+01,1.6977586e+05,4.7875217e+01,0,nan,nan,nan,nan,471.02915,2.5883588e-04,463.88758,2.9355643e-04,3.2186799e-02,-1.4040726e-02
0.5814611774649165,0.9996547748745017,0.00028439117878688606,1731.6521011776663,-3.1811229e-03,363024,1328.20221,1819.02006,1.5844678e+05,4.4957840e+01,4.1631787e+03,1.1692864e+01,1.6603400e+05,4.7234913e+01,0,nan,nan,nan,nan,1328.20221,2.5959528e-04,1819.02006,2.2939233e-04,-1.3883335e-03,4.0686864e-02
0.5816113846060492,1.0001866924352079,0.00028447522371403185,1915.6986513848094,3.1770542e-03,495533,471.01909,463.90016,1.6419530e+05,4.6636307e+01,3.8473462e+03,1.4225945e+01,1.6987631e+05,4.8316586e+01,0,nan,nan,nan,nan,471.01909,2.6120292e-04,463.90016,2.9639603e-04,2.1579172e-02,-2.4776309e-04
0.5817418574110889,0.9999684487736394,0.0002820485749426324,1909.5639018576144,3.1471369e-03,491116,470.99987,463.88427,1.6390744e+05,4.6212578e+01,2.6028513e+03,1.3482604e+01,1.6974411e+05,4.7877594e+01,0,nan,nan,nan,nan,470.99987,2.5820368e-04,463.88427,2.9323334e-04,-1.7800121e-04,-1.7687511e-02
