time,flux,flux_err,time_original,timecorr,cadenceno,centroid_col,centroid_row,sap_flux,sap_flux_err,sap_bkg,sap_bkg_err,pdcsap_flux,pdcsap_flux_err,quality,psf_centr1,psf_centr1_err,psf_centr2,psf_centr2_err,mom_centr1,mom_centr1_err,mom_centr2,mom_centr2_err,pos_corr1,pos_corr2
-0.655650473032427,1.0000861235894087,0.0002851018578760269,2366.3783495269527,2.5200255e-03,820023,1178.14267,1562.40902,1.4785123e+05,4.2088196e+01,3.1555388e+03,8.3908796e+00,1.5315398e+05,4.3660725e+01,0,nan,nan,nan,nan,1178.14267,2.6984999e-04,1562.40902,2.5488218e-04,3.9891573e-03,-9.5202938e-02
-0.6542615621920063,0.9998793688551929,0.000285064256510297,2366.379738437793,2.5200481e-03,820024,1178.13833,1562.41037,1.4777688e+05,4.2082508e+01,3.1671650e+03,8.3951445e+00,1.5312184e+05,4.3654831e+01,0,nan,nan,nan,nan,1178.13833,2.7003803e-04,1562.41037,2.5492671e-04,-1.6484252e-03,-9.3783498e-02
-0.6528726513511114,0.9995929871072855,0.00028501436924426775,2366.381127348634,2.5200706e-03,820025,1178.13698,1562.40830,1.4773873e+05,4.2075020e+01,3.1613169e+03,8.3950462e+00,1.5307752e+05,4.3647057e+01,0,nan,nan,nan,nan,1178.13698,2.7003634e-04,1562.40830,2.5494420e-04,-3.0627016e-03,-9.5779307e-02
-0.6514837402764803,0.9999415939103863,0.00028509619317288126,2366.3825162597086,2.5200935e-03,820026,1178.13850,1562.41054,1.4780266e+05,4.2086975e+01,3.1620552e+03,8.4055576e+00,1.5313045e+05,4.3659458e+01,0,nan,nan,nan,nan,1178.13850,2.7004330e-04,1562.41054,2.5491288e-04,-1.5553763e-03,-9.3183070e-02
-0.6500948294360596,1.0001209414340435,0.0002850789800082557,2366.383905170549,2.5201160e-03,820027,1178.14158,1562.40658,1.4780836e+05,4.2084312e+01,3.1568560e+03,8.3993492e+00,1.5315748e+05,4.3656700e+01,0,nan,nan,nan,nan,1178.14158,2.7013393e-04,1562.40658,2.5487418e-04,1.7511109e-03,-9.7516447e-02
-0.6487059185947119,0.9997837346794768,0.0002850468347213579,2366.3852940813904,2.5201386e-03,820028,1178.13670,1562.40860,1.4775452e+05,4.2079456e+01,3.1602925e+03,8.4030237e+00,1.5310544e+05,4.3651661e+01,0,nan,nan,nan,nan,1178.13670,2.6999999e-04,1562.40860,2.5490476e-04,-2.8712552e-03,-9.5341213e-02
-0.6473170077533642,1.000085819868103,0.0002850754235739699,2366.3866829922317,2.5201612e-03,820029,1178.14089,1562.40564,1.4779333e+05,4.2083569e+01,3.1658291e+03,8.4018621e+00,1.5315131e+05,4.3655926e+01,0,nan,nan,nan,nan,1178.14089,2.7008675e-04,1562.40564,2.5498029e-04,1.7815994e-03,-9.8335460e-02
-0.6459280969124908,1.0006759728396803,0.00028515945106898495,2366.3880719030726,2.5201838e-03,820030,1178.13916,1562.41100,1.4790439e+05,4.2095871e+01,3.1504094e+03,8.3984880e+00,1.5324130e+05,4.3668686e+01,0,nan,nan,nan,nan,1178.13916,2.6970039e-04,1562.41100,2.5491117e-04,-4.6592430e-04,-9.2803881e-02
-0.6445391860725014,0.9997464816618971,0.0002850737243481843,2366.3894608139126,2.5202064e-03,820031,1178.14491,1562.41299,1.4775608e+05,4.2083111e+01,3.1810071e+03,8.4103708e+00,1.5309859e+05,4.3655453e+01,0,nan,nan,nan,nan,1178.14491,2.7015814e-04,1562.41299,2.5492051e-04,5.7278872e-03,-9.0356693e-02
-0.6431502752316279,1.0001667437739565,0.00028516863580638457,2366.3908497247535,2.5202290e-03,820032,1178.13658,1562.40604,1.4786614e+05,4.2097031e+01,3.1730486e+03,8.4162893e+00,1.5316261e+05,4.3669888e+01,0,nan,nan,nan,nan,1178.13658,2.6973194e-04,1562.40604,2.5472583e-04,-3.0601609e-03,-9.8459736e-02
-0.6417613643898274,1.0002068266857234,0.0002850965583046494,2366.3922386355953,2.5202516e-03,820033,1178.14033,1562.41004,1.4784450e+05,4.2086292e+01,3.1474802e+03,8.3888569e+00,1.5316841e+05,4.3658756e+01,0,nan,nan,nan,nan,1178.14033,2.6990107e-04,1562.41004,2.5486251e-04,9.6176798e-04,-9.4428770e-02
-0.6403724535484798,1.0004887959074142,0.00028515483191928197,2366.3936275464366,2.5202741e-03,820034,1178.13819,1562.41003,1.4789525e+05,4.2094814e+01,3.1606196e+03,8.3930569e+00,1.5321127e+05,4.3667591e+01,0,nan,nan,nan,nan,1178.13819,2.6985526e-04,1562.41003,2.5473672e-04,-1.4071283e-03,-9.4337232e-02
-0.638983542707585,1.0003628729700338,0.00028516168330864987,2366.3950164572775,2.5202967e-03,820035,1178.13906,1562.41430,1.4788770e+05,4.2095737e+01,3.1510261e+03,8.3886929e+00,1.5319169e+05,4.3668552e+01,0,nan,nan,nan,nan,1178.13906,2.6971649e-04,1562.41430,2.5474661e-04,-6.2811672e-04,-8.8979580e-02
-0.6375946318667114,0.999715455790363,0.0002850036415728779,2366.3964053681184,2.5203193e-03,820036,1178.14155,1562.40980,1.4771855e+05,4.2072327e+01,3.1561255e+03,8.3995857e+00,1.5309225e+05,4.3644268e+01,0,nan,nan,nan,nan,1178.14155,2.7013206e-04,1562.40980,2.5497883e-04,1.9905143e-03,-9.4427131e-02
-0.6362057210253638,1.000351540174129,0.0002851020843032319,2366.3977942789597,2.5203419e-03,820037,1178.13923,1562.40494,1.4784980e+05,4.2086784e+01,3.1535486e+03,8.3831196e+00,1.5318939e+05,4.3659264e+01,0,nan,nan,nan,nan,1178.13923,2.6996675e-04,1562.40494,2.5479135e-04,-4.9558404e-04,-9.9632174e-02
-0.6348168101840161,0.9997428600265386,0.00028505367853592136,2366.399183189801,2.5203645e-03,820038,1178.13911,1562.41229,1.4776570e+05,4.2079571e+01,3.1611719e+03,8.3934984e+00,1.5309591e+05,4.3651779e+01,0,nan,nan,nan,nan,1178.13911,2.7001626e-04,1562.41229,2.5493940e-04,-4.0487343e-04,-9.1197148e-02
-0.6334278993435954,0.9998457444420746,0.00028507515258327786,2366.4005721006415,2.5203871e-03,820039,1178.13787,1562.41002,1.4780034e+05,4.2082672e+01,3.1513918e+03,8.3939867e+00,1.5311142e+05,4.3654995e+01,0,nan,nan,nan,nan,1178.13787,2.6999280e-04,1562.41002,2.5478873e-04,-1.7477851e-03,-9.4134003e-02
-0.6320389885022477,0.9992072661660633,0.00028500667458449295,2366.401961011483,2.5204096e-03,820040,1178.13851,1562.40837,1.4773178e+05,4.2072498e+01,3.1662395e+03,8.3948021e+00,1.5301341e+05,4.3644444e+01,0,nan,nan,nan,nan,1178.13851,2.6993928e-04,1562.40837,2.5481207e-04,-1.4608647e-03,-9.5880054e-02
-0.6306500776604473,1.0001491275380567,0.00028513281263084543,2366.4033499223247,2.5204322e-03,820041,1178.13953,1562.41103,1.4786612e+05,4.2091061e+01,3.1600710e+03,8.3914938e+00,1.5315742e+05,4.3663696e+01,0,nan,nan,nan,nan,1178.13953,2.6979964e-04,1562.41103,2.5468456e-04,-4.7509995e-04,-9.3107581e-02
-0.6292611668195524,1.000010669385619,0.0002850751428728619,2366.4047388331655,2.5204548e-03,820042,1178.14009,1562.40993,1.4779039e+05,4.2082489e+01,3.1470828e+03,8.3964901e+00,1.5313600e+05,4.3654804e+01,0,nan,nan,nan,nan,1178.14009,2.6989827e-04,1562.40993,2.5484874e-04,4.6133425e-04,-9.4458565e-02
-0.6278722559786789,1.0007951409906426,0.0002852254490805219,2366.4061277440064,2.5204774e-03,820043,1178.14796,1562.41088,1.4792370e+05,4.2104618e+01,3.1707976e+03,8.4060287e+00,1.5325594e+05,4.3677765e+01,0,nan,nan,nan,nan,1178.14796,2.6999423e-04,1562.41088,2.5472682e-04,9.3133776e-03,-9.2995733e-02
-0.6264833451368785,0.9998124293643316,0.0002850533305861724,2366.407516654848,2.5205000e-03,820044,1178.13363,1562.40876,1.4777534e+05,4.2079159e+01,3.1690066e+03,8.3977585e+00,1.5310527e+05,4.3651352e+01,0,nan,nan,nan,nan,1178.13363,2.7009161e-04,1562.40876,2.5474501e-04,-6.0533406e-03,-9.5249079e-02
-0.6250944342964364,1.0009711750121504,0.0002851924759934948,2366.4089055656887,2.5205226e-03,820045,1178.14113,1562.40971,1.4793947e+05,4.2099651e+01,3.1573350e+03,8.3883734e+00,1.5328253e+05,4.3672611e+01,0,nan,nan,nan,nan,1178.14113,2.7010648e-04,1562.40971,2.5468282e-04,1.9248626e-03,-9.4776407e-02
-0.6237055234555628,0.9996200241794275,0.00028499086205485165,2366.4102944765295,2.5205452e-03,820046,1178.13986,1562.40622,1.4771102e+05,4.2069847e+01,3.1526721e+03,8.3921251e+00,1.5307547e+05,4.3641693e+01,0,nan,nan,nan,nan,1178.13986,2.7016053e-04,1562.40622,2.5494533e-04,1.2351482e-04,-9.7783647e-02
-0.6223166126137625,0.999408290699122,0.00028490607600186797,2366.4116833873713,2.5205677e-03,820047,1178.13714,1562.40903,1.4767353e+05,4.2057289e+01,3.1351106e+03,8.3670740e+00,1.5304289e+05,4.3628666e+01,0,nan,nan,nan,nan,1178.13714,2.7025476e-04,1562.40903,2.5488794e-04,-3.0090699e-03,-9.5124930e-02
-0.6209277017724149,0.9993806602336079,0.0002849366926566431,2366.4130722982127,2.5205903e-03,820048,1178.14230,1562.40796,1.4766803e+05,4.2061768e+01,3.1493020e+03,8.3893747e+00,1.5303852e+05,4.3633312e+01,0,nan,nan,nan,nan,1178.14230,2.7033119e-04,1562.40796,2.5497880e-04,2.6325760e-03,-9.6248023e-02
-0.6195387909315199,0.9993568949268734,0.00028497316863853017,2366.4144612090536,2.5206129e-03,820049,1178.14493,1562.40800,1.4765344e+05,4.2067116e+01,3.1632786e+03,8.3925552e+00,1.5303475e+05,4.3638863e+01,0,nan,nan,nan,nan,1178.14493,2.7027761e-04,1562.40800,2.5517252e-04,5.7564285e-03,-9.6202798e-02
-0.6181498800906464,1.0000016325262702,0.0002850822379869142,2366.4158501198945,2.5206355e-03,820050,1178.13724,1562.40995,1.4783666e+05,4.2083183e+01,3.1477068e+03,8.3803244e+00,1.5313336e+05,4.3655529e+01,0,nan,nan,nan,nan,1178.13724,2.6993972e-04,1562.40995,2.5473395e-04,-2.6455391e-03,-9.3937866e-02
-0.6167609692492988,0.9998941717602893,0.00028506503932807127,2366.417239030736,2.5206581e-03,820051,1178.13752,1562.40711,1.4780330e+05,4.2080620e+01,3.1558179e+03,8.3892336e+00,1.5311680e+05,4.3652866e+01,0,nan,nan,nan,nan,1178.13752,2.6983020e-04,1562.40711,2.5467257e-04,-2.7641940e-03,-9.6850790e-02
-0.6153720586403291,1.0005988025289334,0.00028511158764180154,2366.4186279413448,2.5206804e-03,820052,1178.14464,1562.41112,1.4786369e+05,4.2087460e+01,3.1532493e+03,8.3774757e+00,1.5322459e+05,4.3659962e+01,0,nan,nan,nan,nan,1178.14464,2.6990179e-04,1562.41112,2.5476329e-04,5.2547199e-03,-9.2384540e-02
-0.6139831477994556,0.9998752156568749,0.00028499310315558367,2366.4200168521857,2.5207030e-03,820053,1178.13725,1562.40908,1.4772061e+05,4.2069946e+01,3.1537375e+03,8.3998938e+00,1.5311370e+05,4.3641796e+01,0,nan,nan,nan,nan,1178.13725,2.7018049e-04,1562.40908,2.5497237e-04,-3.0837501e-03,-9.4843887e-02
-0.6125942369590134,0.9996772102541727,0.00028504645594043835,2366.421405763026,2.5207256e-03,820054,1178.13717,1562.40652,1.4774831e+05,4.2077797e+01,3.1510923e+03,8.3979454e+00,1.5308330e+05,4.3649940e+01,0,nan,nan,nan,nan,1178.13717,2.7003896e-04,1562.40652,2.5491026e-04,-2.4455222e-03,-9.7321436e-02
-0.611205326117213,0.9999988880676282,0.00028504039235236687,2366.422794673868,2.5207482e-03,820055,1178.14582,1562.41107,1.4780347e+05,4.2076878e+01,3.1480613e+03,8.3814611e+00,1.5313248e+05,4.3648991e+01,0,nan,nan,nan,nan,1178.14582,2.7013008e-04,1562.41107,2.5483774e-04,6.8799509e-03,-9.3559131e-02
-0.609816415276318,1.0004382259867104,0.0002851589908486536,2366.4241835847088,2.5207708e-03,820056,1178.14083,1562.41006,1.4789052e+05,4.2094376e+01,3.1560872e+03,8.3903027e+00,1.5319970e+05,4.3667133e+01,0,nan,nan,nan,nan,1178.14083,2.6980109e-04,1562.41006,2.5466521e-04,1.3917744e-03,-9.3911760e-02
-0.6084275044354446,0.9998821305058044,0.00028506907782531053,2366.4255724955497,2.5207934e-03,820057,1178.13528,1562.41558,1.4773853e+05,4.2081085e+01,3.1516401e+03,8.4061871e+00,1.5311448e+05,4.3653351e+01,0,nan,nan,nan,nan,1178.13528,2.7032141e-04,1562.41558,2.5496053e-04,-4.6024234e-03,-8.8848241e-02
-0.6070385935936442,1.0002882197403522,0.00028512306506184456,2366.4269614063915,2.5208159e-03,820058,1178.14035,1562.40588,1.4785484e+05,4.2089039e+01,3.1577620e+03,8.3914051e+00,1.5317662e+05,4.3661602e+01,0,nan,nan,nan,nan,1178.14035,2.6994519e-04,1562.40588,2.5473579e-04,8.7173522e-04,-9.7914435e-02
-0.6056496827522966,0.9991557706704914,0.0002849560852666599,2366.428350317233,2.5208385e-03,820059,1178.14651,1562.40909,1.4766503e+05,4.2064381e+01,3.1591748e+03,8.3941679e+00,1.5300317e+05,4.3636021e+01,0,nan,nan,nan,nan,1178.14651,2.7028969e-04,1562.40909,2.5497086e-04,6.8785748e-03,-9.5123917e-02
-0.6042607719118759,0.9995795184741605,0.00028497410048661064,2366.4297392280732,2.5208611e-03,820060,1178.14116,1562.40771,1.4774548e+05,4.2067028e+01,3.1402920e+03,8.3752699e+00,1.5306803e+05,4.3638771e+01,0,nan,nan,nan,nan,1178.14116,2.7004888e-04,1562.40771,2.5481492e-04,1.5497721e-03,-9.6503846e-02
-0.6028718610705281,0.9992052447599167,0.0002849712636626393,2366.4311281389146,2.5208837e-03,820061,1178.13884,1562.41172,1.4766806e+05,4.2066608e+01,3.1644529e+03,8.3991089e+00,1.5301069e+05,4.3638332e+01,0,nan,nan,nan,nan,1178.13884,2.7032217e-04,1562.41172,2.5496320e-04,-1.3766622e-03,-9.2004739e-02
-0.6014829504620112,1.0004662059692457,0.00028514640891414415,2366.432517049523,2.5209060e-03,820062,1178.14084,1562.40893,1.4790427e+05,4.2092457e+01,3.1552622e+03,8.3870354e+00,1.5320377e+05,4.3665146e+01,0,nan,nan,nan,nan,1178.14084,2.6974807e-04,1562.40893,2.5465558e-04,8.9282624e-04,-9.5654868e-02
-0.6000940396206634,0.9998171845186882,0.0002850459035803545,2366.4339059603644,2.5209286e-03,820063,1178.13970,1562.41113,1.4778308e+05,4.2077618e+01,3.1619180e+03,8.3873777e+00,1.5310438e+05,4.3649754e+01,0,nan,nan,nan,nan,1178.13970,2.6986469e-04,1562.41113,2.5477874e-04,-4.6122332e-06,-9.2900760e-02
-0.5987051287793373,1.0006832401939847,0.0002851445683308425,2366.4352948712058,2.5209512e-03,820064,1178.14318,1562.40954,1.4790467e+05,4.2092186e+01,3.1487761e+03,8.3799505e+00,1.5323698e+05,4.3664864e+01,0,nan,nan,nan,nan,1178.14318,2.6972147e-04,1562.40954,2.5469417e-04,4.1564992e-03,-9.4388150e-02
-0.5973162179388951,0.9998848228122114,0.00028502488765303483,2366.436683782046,2.5209738e-03,820065,1178.13911,1562.41194,1.4776722e+05,4.2074516e+01,3.1439426e+03,8.3808670e+00,1.5311473e+05,4.3646538e+01,0,nan,nan,nan,nan,1178.13911,2.7003634e-04,1562.41194,2.5479044e-04,-3.8362970e-04,-9.2341132e-02
-0.5959273070970947,1.0007428648838688,0.0002851865655452694,2366.438072692888,2.5209964e-03,820066,1178.13443,1562.40641,1.4793866e+05,4.2098385e+01,3.1543137e+03,8.3917913e+00,1.5324614e+05,4.3671295e+01,0,nan,nan,nan,nan,1178.13443,2.6968232e-04,1562.40641,2.5463518e-04,-6.0309405e-03,-9.7476102e-02
-0.5945383962562213,1.0002618720832501,0.0002851257661185051,2366.439461603729,2.5210190e-03,820067,1178.14290,1562.41005,1.4784792e+05,4.2089417e+01,3.1405955e+03,8.3937178e+00,1.5317250e+05,4.3661991e+01,0,nan,nan,nan,nan,1178.14290,2.6986082e-04,1562.41005,2.5474041e-04,3.7695295e-03,-9.3622327e-02
-0.5931494856486097,0.9994799609599413,0.000284991964313256,2366.4408505143365,2.5210413e-03,820068,1178.14126,1562.40749,1.4770891e+05,4.2069668e+01,3.1573801e+03,8.3908367e+00,1.5305278e+05,4.3641510e+01,0,nan,nan,nan,nan,1178.14126,2.7029248e-04,1562.40749,2.5492546e-04,1.2735247e-03,-9.7186446e-02
-0.5917605748068093,1.0000444551625804,0.0002850690630624522,2366.4422394251783,2.5210639e-03,820069,1178.13332,1562.41016,1.4781906e+05,4.2081059e+01,3.1533044e+03,8.3856192e+00,1.5313925e+05,4.3653324e+01,0,nan,nan,nan,nan,1178.13332,2.6983564e-04,1562.41016,2.5475153e-04,-6.8609458e-03,-9.3970232e-02
-0.590371663965009,1.0001662962337792,0.0002850917280374636,2366.44362833602,2.5210865e-03,820070,1178.14453,1562.41061,1.4784567e+05,4.2084415e+01,3.1426458e+03,8.3834724e+00,1.5315795e+05,4.3656803e+01,0,nan,nan,nan,nan,1178.14453,2.6982644e-04,1562.41061,2.5460587e-04,5.2902782e-03,-9.2749730e-02
-0.5889827531245881,0.999852638128887,0.00028511225820097277,2366.4450172468605,2.5211091e-03,820071,1178.13827,1562.40472,1.4780686e+05,4.2087456e+01,3.1517000e+03,8.4072199e+00,1.5310995e+05,4.3659958e+01,0,nan,nan,nan,nan,1178.13827,2.6975319e-04,1562.40472,2.5486280e-04,-1.7505481e-03,-9.9390984e-02
-0.5875938422832405,1.0006487621361928,0.0002851554789825907,2366.446406157702,2.5211317e-03,820072,1178.14004,1562.41295,1.4787598e+05,4.2093845e+01,3.1548945e+03,8.3997602e+00,1.5323191e+05,4.3666592e+01,0,nan,nan,nan,nan,1178.14004,2.6985788e-04,1562.41295,2.5478468e-04,5.4687762e-04,-9.0562023e-02
-0.5862049314418929,0.9999142353390409,0.0002850565207936352,2366.447795068543,2.5211542e-03,820073,1178.13679,1562.40744,1.4778178e+05,4.2079254e+01,3.1579114e+03,8.3866215e+00,1.5311948e+05,4.3651451e+01,0,nan,nan,nan,nan,1178.13679,2.7000403e-04,1562.40744,2.5496332e-04,-2.9516143e-03,-9.6701808e-02
-0.5848160208333758,0.9993196851470724,0.0002849592705364946,2366.4491839791517,2.5211766e-03,820074,1178.13714,1562.40803,1.4768453e+05,4.2064915e+01,3.1476316e+03,8.3874922e+00,1.5302850e+05,4.3636578e+01,0,nan,nan,nan,nan,1178.13714,2.7001943e-04,1562.40803,2.5484053e-04,-2.6646026e-03,-9.6158899e-02
-0.5834271099920496,1.0000252930007476,0.00028505484944540906,2366.450572889993,2.5211992e-03,820075,1178.14344,1562.40994,1.4779297e+05,4.2079041e+01,3.1446243e+03,8.3773279e+00,1.5313661e+05,4.3651230e+01,0,nan,nan,nan,nan,1178.14344,2.7017033e-04,1562.40994,2.5484504e-04,4.2535956e-03,-9.4556749e-02
-0.5820381991516075,0.9996120550875199,0.0002849869469485687,2366.4519618008335,2.5212218e-03,820076,1178.13979,1562.41137,1.4774103e+05,4.2069035e+01,3.1471357e+03,8.3866053e+00,1.5307339e+05,4.3640850e+01,0,nan,nan,nan,nan,1178.13979,2.6993090e-04,1562.41137,2.5488838e-04,-5.1731151e-04,-9.2916965e-02
-0.5806492883102597,1.0001196604871903,0.0002850758152142825,2366.453350711675,2.5212443e-03,820077,1178.14104,1562.40804,1.4783250e+05,4.2082172e+01,3.1390420e+03,8.3870544e+00,1.5315120e+05,4.3654480e+01,0,nan,nan,nan,nan,1178.14104,2.6985040e-04,1562.40804,2.5478509e-04,9.8808133e-04,-9.6254691e-02
-0.5792603774689336,1.0005811046071897,0.00028518982061885996,2366.454739622516,2.5212669e-03,820078,1178.13833,1562.40982,1.4794750e+05,4.2099026e+01,3.1500955e+03,8.3900118e+00,1.5322194e+05,4.3671959e+01,0,nan,nan,nan,nan,1178.13833,2.6960991e-04,1562.40982,2.5448808e-04,-1.8502282e-03,-9.4718136e-02
-0.5778714668613221,1.0002769767537347,0.00028517244656239165,2366.456128533124,2.5212893e-03,820079,1178.13967,1562.40849,1.4789355e+05,4.2096478e+01,3.1618062e+03,8.3945332e+00,1.5317544e+05,4.3669319e+01,0,nan,nan,nan,nan,1178.13967,2.6971259e-04,1562.40849,2.5473532e-04,-4.9630232e-04,-9.5378615e-02
-0.5764825560195217,1.0005038886460527,0.00028514508282099946,2366.4575174439656,2.5213119e-03,820080,1178.13981,1562.40908,1.4785780e+05,4.2092464e+01,3.1614116e+03,8.4057293e+00,1.5321027e+05,4.3665154e+01,0,nan,nan,nan,nan,1178.13981,2.6988186e-04,1562.40908,2.5473940e-04,6.4691500e-05,-9.5041975e-02
-0.5750936451777212,1.0002889964943806,0.00028510048302990144,2366.4589063548074,2.5213344e-03,820081,1178.14243,1562.40608,1.4788839e+05,4.2085903e+01,3.1380024e+03,8.3703108e+00,1.5317744e+05,4.3658348e+01,0,nan,nan,nan,nan,1178.14243,2.6975555e-04,1562.40608,2.5477717e-04,2.8145541e-03,-9.7870670e-02
-0.5737047343373005,0.9999139271983631,0.00028505491616155116,2366.460295265648,2.5213570e-03,820082,1178.13930,1562.41451,1.4779984e+05,4.2079197e+01,3.1548496e+03,8.3832035e+00,1.5312009e+05,4.3651394e+01,0,nan,nan,nan,nan,1178.13930,2.6984632e-04,1562.41451,2.5492028e-04,-6.3506642e-04,-8.9297667e-02
-0.5723158237292363,1.0003668429063761,0.00028507188548810794,2366.461684176256,2.5213794e-03,820083,1178.13883,1562.40965,1.4785012e+05,4.2081730e+01,3.1428506e+03,8.3786335e+00,1.5318955e+05,4.3654018e+01,0,nan,nan,nan,nan,1178.13883,2.6987673e-04,1562.40965,2.5477834e-04,-3.5487441e-04,-9.4336316e-02
-0.5709269128874358,0.9999113252361654,0.0002850235995168936,2366.4630730870977,2.5214020e-03,820084,1178.13844,1562.40958,1.4778575e+05,4.2074627e+01,3.1422473e+03,8.3753328e+00,1.5311989e+05,4.3646652e+01,0,nan,nan,nan,nan,1178.13844,2.7008360e-04,1562.40958,2.5472351e-04,-1.5039789e-03,-9.4818503e-02
-0.5695380020461097,0.9996030667676395,0.0002850474251401559,2366.464461997939,2.5214246e-03,820085,1178.14042,1562.41225,1.4777706e+05,4.2078171e+01,3.1517456e+03,8.3830042e+00,1.5307278e+05,4.3650330e+01,0,nan,nan,nan,nan,1178.14042,2.6984187e-04,1562.41225,2.5486847e-04,8.6110627e-04,-9.1744334e-02
-0.5681490912056675,0.9994862936515597,0.00028499153187647934,2366.4658509087794,2.5214471e-03,820086,1178.14015,1562.40589,1.4772317e+05,4.2069950e+01,3.1583938e+03,8.3916531e+00,1.5305500e+05,4.3641800e+01,0,nan,nan,nan,nan,1178.14015,2.7001428e-04,1562.40589,2.5477004e-04,9.3745935e-04,-9.7832739e-02
-0.5667601805985302,1.0000000421930473,0.00028509572912560643,2366.4672398193866,2.5214695e-03,820087,1178.14035,1562.41003,1.4784897e+05,4.2085358e+01,3.1416396e+03,8.3931313e+00,1.5313378e+05,4.3657784e+01,0,nan,nan,nan,nan,1178.14035,2.6971588e-04,1562.41003,2.5481172e-04,1.4993225e-05,-9.4021775e-02
-0.5653712697571824,0.9998844841378314,0.00028502451731850654,2366.468628730228,2.5214921e-03,820088,1178.13890,1562.40729,1.4779245e+05,4.2074879e+01,3.1395994e+03,8.3760557e+00,1.5311619e+05,4.3646912e+01,0,nan,nan,nan,nan,1178.13890,2.6993360e-04,1562.40729,2.5471329e-04,-1.3382975e-03,-9.6957475e-02
-0.5639823589162876,0.9999521287443135,0.0002850780944164719,2366.470017641069,2.5215147e-03,820089,1178.13678,1562.41372,1.4781133e+05,4.2082821e+01,3.1414307e+03,8.3892002e+00,1.5312666e+05,4.3655148e+01,0,nan,nan,nan,nan,1178.13678,2.7006873e-04,1562.41372,2.5481146e-04,-2.8631503e-03,-8.9990124e-02
-0.5625934483082448,1.0003843480561094,0.00028514179470860354,2366.471406551677,2.5215370e-03,820090,1178.14076,1562.40671,1.4791520e+05,4.2092251e+01,3.1456328e+03,8.3813610e+00,1.5319295e+05,4.3664932e+01,0,nan,nan,nan,nan,1178.14076,2.6969469e-04,1562.40671,2.5473523e-04,6.2176696e-04,-9.7608425e-02
-0.5612045374664443,1.0003396097256858,0.0002851690537045803,2366.4727954625187,2.5215596e-03,820091,1178.14425,1562.40847,1.4789652e+05,4.2096306e+01,3.1482988e+03,8.4001999e+00,1.5318622e+05,4.3669140e+01,0,nan,nan,nan,nan,1178.14425,2.6975654e-04,1562.40847,2.5481751e-04,4.4303555e-03,-9.5567860e-02
-0.5598156266250967,0.9996590742555393,0.0002849771344731665,2366.47418437336,2.5215822e-03,820092,1178.13873,1562.40949,1.4772750e+05,4.2068005e+01,3.1397300e+03,8.3817539e+00,1.5308212e+05,4.3639782e+01,0,nan,nan,nan,nan,1178.13873,2.7011865e-04,1562.40949,2.5491446e-04,-1.5564415e-03,-9.4721124e-02
-0.5584267160170324,0.9999044549753747,0.0002850838947774622,2366.475573283968,2.5216045e-03,820093,1178.14055,1562.41423,1.4783073e+05,4.2083797e+01,3.1523069e+03,8.3782434e+00,1.5311983e+05,4.3656166e+01,0,nan,nan,nan,nan,1178.14055,2.6976850e-04,1562.41423,2.5484106e-04,7.3899014e-04,-8.9247540e-02
-0.557037805176159,1.0001242531360086,0.0002851543018223423,2366.476962194809,2.5216271e-03,820094,1178.13684,1562.40836,1.4786855e+05,4.2094227e+01,3.1615879e+03,8.4016085e+00,1.5315361e+05,4.3666985e+01,0,nan,nan,nan,nan,1178.13684,2.6978695e-04,1562.40836,2.5483425e-04,-2.8288385e-03,-9.5436521e-02
-0.5556488943348112,0.9999879133217143,0.0002850843423195505,2366.4783511056503,2.5216497e-03,820095,1178.13917,1562.40970,1.4779425e+05,4.2083935e+01,3.1664404e+03,8.4015980e+00,1.5313284e+05,4.3656303e+01,0,nan,nan,nan,nan,1178.13917,2.7011262e-04,1562.40970,2.5481402e-04,-6.5328635e-04,-9.4151057e-02
-0.554259983726747,1.0000284632059606,0.00028510471497143633,2366.4797400162583,2.5216721e-03,820096,1178.13878,1562.41221,1.4784766e+05,4.2086975e+01,3.1502852e+03,8.3885899e+00,1.5313919e+05,4.3659458e+01,0,nan,nan,nan,nan,1178.13878,2.6964312e-04,1562.41221,2.5469082e-04,-1.2644932e-03,-9.2276305e-02
-0.5528710728858736,0.9998572945145906,0.0002849942675496863,2366.4811289270992,2.5216946e-03,820097,1178.14267,1562.40936,1.4774489e+05,4.2070705e+01,3.1451572e+03,8.3835316e+00,1.5311309e+05,4.3642582e+01,0,nan,nan,nan,nan,1178.14267,2.7006489e-04,1562.40936,2.5491029e-04,3.3131123e-03,-9.5204636e-02
-0.5514821620445258,0.9999157054264541,0.00028505566953153925,2366.4825178379406,2.5217172e-03,820098,1178.13359,1562.40483,1.4779381e+05,4.2079811e+01,3.1526548e+03,8.3848953e+00,1.5312217e+05,4.3652023e+01,0,nan,nan,nan,nan,1178.13359,2.6985724e-04,1562.40483,2.5482257e-04,-6.5890411e-03,-9.9336714e-02
-0.5500932514355561,0.9996902210170682,0.00028504978333602436,2366.4839067485495,2.5217396e-03,820099,1178.14132,1562.41216,1.4778617e+05,4.2078968e+01,3.1568064e+03,8.3888130e+00,1.5308777e+05,4.3651157e+01,0,nan,nan,nan,nan,1178.14132,2.6999490e-04,1562.41216,2.5473849e-04,1.6913682e-03,-9.1390572e-02
-0.5487043405946612,1.000016408737344,0.00028506918513303086,2366.4852956593904,2.5217622e-03,820100,1178.14289,1562.40842,1.4781100e+05,4.2081871e+01,3.1478196e+03,8.3822870e+00,1.5313784e+05,4.3654167e+01,0,nan,nan,nan,nan,1178.14289,2.7005110e-04,1562.40842,2.5486210e-04,3.2220986e-03,-9.6047543e-02
-0.5473154297537877,0.9993492558691802,0.0002850119864788768,2366.4866845702313,2.5217847e-03,820101,1178.13343,1562.41138,1.4772989e+05,4.2073463e+01,3.1491523e+03,8.3937588e+00,1.5303581e+05,4.3645443e+01,0,nan,nan,nan,nan,1178.13343,2.7006801e-04,1562.41138,2.5489210e-04,-7.3307361e-03,-9.3180463e-02
-0.5459265191452707,1.0000862083649587,0.0002850515815535871,2366.48807348084,2.5218071e-03,820102,1178.14420,1562.41015,1.4780830e+05,4.2079346e+01,3.1473425e+03,8.3827982e+00,1.5314880e+05,4.3651546e+01,0,nan,nan,nan,nan,1178.14420,2.6999804e-04,1562.41015,2.5472359e-04,4.7615175e-03,-9.3898140e-02
-0.5445376083034703,0.9998071737929233,0.00028502016437559325,2366.4894623916816,2.5218297e-03,820103,1178.13635,1562.41030,1.4778197e+05,4.2074745e+01,3.1319714e+03,8.3771629e+00,1.5310620e+05,4.3646774e+01,0,nan,nan,nan,nan,1178.13635,2.6987828e-04,1562.41030,2.5481422e-04,-3.4198577e-03,-9.3851343e-02
-0.5431486974630496,0.9995540613622006,0.0002850451757452604,2366.490851302522,2.5218523e-03,820104,1178.14005,1562.40749,1.4777861e+05,4.2078476e+01,3.1545984e+03,8.3883219e+00,1.5306758e+05,4.3650642e+01,0,nan,nan,nan,nan,1178.14005,2.6984056e-04,1562.40749,2.5483023e-04,5.4997468e-04,-9.6351042e-02
-0.5417597868545325,1.0003708627015486,0.00028515423407217356,2366.4922402131306,2.5218746e-03,820105,1178.14191,1562.40918,1.4788169e+05,4.2094612e+01,3.1494712e+03,8.3983736e+00,1.5319280e+05,4.3667381e+01,0,nan,nan,nan,nan,1178.14191,2.6991131e-04,1562.40918,2.5468331e-04,2.4350712e-03,-9.5115237e-02
-0.5403708760131849,1.000282958530919,0.0002851400416320773,2366.493629123972,2.5218972e-03,820106,1178.14027,1562.40830,1.4786672e+05,4.2092548e+01,3.1678313e+03,8.3943977e+00,1.5317947e+05,4.3665245e+01,0,nan,nan,nan,nan,1178.14027,2.6985459e-04,1562.40830,2.5481344e-04,8.2756385e-05,-9.5328435e-02
-0.53898196517229,0.9994314298818938,0.00028500155123691495,2366.495018034813,2.5219198e-03,820107,1178.13992,1562.40970,1.4773025e+05,4.2072144e+01,3.1504514e+03,8.3976288e+00,1.5304920e+05,4.3644077e+01,0,nan,nan,nan,nan,1178.13992,2.7007994e-04,1562.40970,2.5488005e-04,1.4926725e-04,-9.4128937e-02
-0.5375930545642471,1.0001160813625534,0.0002850967535983833,2366.496406945421,2.5219421e-03,820108,1178.13835,1562.40877,1.4783861e+05,4.2086235e+01,3.1612209e+03,8.3942127e+00,1.5315419e+05,4.3658695e+01,0,nan,nan,nan,nan,1178.13835,2.6995721e-04,1562.40877,2.5466268e-04,-1.6761690e-03,-9.5527723e-02
-0.5362041437228995,1.0001770548685303,0.0002851167833974786,2366.497795856262,2.5219647e-03,820109,1178.13589,1562.41190,1.4785262e+05,4.2089233e+01,3.1511548e+03,8.3946571e+00,1.5316366e+05,4.3661800e+01,0,nan,nan,nan,nan,1178.13589,2.6981172e-04,1562.41190,2.5473890e-04,-4.5535057e-03,-9.2152968e-02
-0.5348152331143825,1.0012087027348158,0.0002852721683170429,2366.4991847668707,2.5219871e-03,820110,1178.14628,1562.41187,1.4799428e+05,4.2112206e+01,3.1630044e+03,8.4124660e+00,1.5332178e+05,4.3685635e+01,0,nan,nan,nan,nan,1178.14628,2.6971000e-04,1562.41187,2.5464018e-04,7.3561375e-03,-9.2408136e-02
-0.5334263222730348,0.9998767779569586,0.00028505690384374817,2366.500573677712,2.5220097e-03,820111,1178.13623,1562.40592,1.4781395e+05,4.2080467e+01,3.1396804e+03,8.3902292e+00,1.5311795e+05,4.3652710e+01,0,nan,nan,nan,nan,1178.13623,2.6984001e-04,1562.40592,2.5465846e-04,-3.7270880e-03,-9.8377280e-02
-0.5320374116654447,0.9991192372706691,0.0002849855511003746,2366.5019625883197,2.5220320e-03,820112,1178.14124,1562.41230,1.4769897e+05,4.2069973e+01,3.1539128e+03,8.3884554e+00,1.5300208e+05,4.3641823e+01,0,nan,nan,nan,nan,1178.14124,2.6999286e-04,1562.41230,2.5508908e-04,1.4347066e-03,-9.1842927e-02
-0.5306485008236443,0.9999846525903401,0.0002850969906573624,2366.5033514991615,2.5220546e-03,820113,1178.13872,1562.41008,1.4783062e+05,4.2086456e+01,3.1557864e+03,8.3917732e+00,1.5313475e+05,4.3658924e+01,0,nan,nan,nan,nan,1178.13872,2.6993724e-04,1562.41008,2.5485395e-04,-1.2051486e-03,-9.4370939e-02
-0.529259589981844,1.0001064170121936,0.00028504851263473293,2366.5047404100033,2.5220772e-03,820114,1178.14038,1562.41440,1.4779808e+05,4.2079338e+01,3.1482205e+03,8.3802319e+00,1.5315353e+05,4.3651539e+01,0,nan,nan,nan,nan,1178.14038,2.6991172e-04,1562.41440,2.5485313e-04,2.9571712e-04,-8.9168184e-02
-0.5278706793742539,1.000139018274573,0.00028509997245865936,2366.506129320611,2.5220995e-03,820115,1178.13723,1562.40361,1.4783456e+05,4.2086971e+01,3.1604419e+03,8.3968916e+00,1.5315866e+05,4.3659458e+01,0,nan,nan,nan,nan,1178.13723,2.6983037e-04,1562.40361,2.5473579e-04,-2.9574858e-03,-1.0115880e-01
-0.5264817685333589,1.0004847675915667,0.0002851063240379633,2366.5075182314517,2.5221221e-03,820116,1178.14226,1562.41196,1.4786281e+05,4.2087952e+01,3.1414363e+03,8.3910179e+00,1.5321175e+05,4.3660473e+01,0,nan,nan,nan,nan,1178.14226,2.7002298e-04,1562.41196,2.5471862e-04,3.1203763e-03,-9.2145026e-02
-0.5250928579243892,0.9996060055363861,0.0002850329359014049,2366.5089071420607,2.5221445e-03,820117,1178.13620,1562.41362,1.4775275e+05,4.2077152e+01,3.1544075e+03,8.3919516e+00,1.5307731e+05,4.3649273e+01,0,nan,nan,nan,nan,1178.13620,2.7006553e-04,1562.41362,2.5494630e-04,-3.6897860e-03,-9.0218797e-02
-0.5237039470839685,1.000496456885394,0.00028516512703765577,2366.510296052901,2.5221671e-03,820118,1178.14304,1562.40433,1.4792031e+05,4.2096706e+01,3.1636365e+03,8.3887148e+00,1.5321381e+05,4.3669556e+01,0,nan,nan,nan,nan,1178.14304,2.6994367e-04,1562.40433,2.5460849e-04,3.6452699e-03,-9.9996820e-02
-0.5223150364754514,0.9997521030126016,0.0002850563813191073,2366.5116849635097,2.5221894e-03,820119,1178.13709,1562.41088,1.4779048e+05,4.2080692e+01,3.1481035e+03,8.3810568e+00,1.5309995e+05,4.3652939e+01,0,nan,nan,nan,nan,1178.13709,2.6986728e-04,1562.41088,2.5486154e-04,-2.7228254e-03,-9.3041711e-02
-0.5209261256341038,0.9996956129502427,0.00028508674536623584,2366.513073874351,2.5222120e-03,820120,1178.14174,1562.40994,1.4780372e+05,4.2085205e+01,3.1581409e+03,8.4017439e+00,1.5309144e+05,4.3657627e+01,0,nan,nan,nan,nan,1178.14174,2.6988596e-04,1562.40994,2.5468593e-04,2.3099235e-03,-9.4264939e-02
-0.5195372150255868,0.9997580910151546,0.00028506676366810656,2366.5144627849595,2.5222343e-03,820121,1178.13766,1562.40686,1.4779967e+05,4.2082291e+01,3.1605508e+03,8.3942966e+00,1.5310114e+05,4.3654606e+01,0,nan,nan,nan,nan,1178.13766,2.6988308e-04,1562.40686,2.5484635e-04,-2.5812758e-03,-9.7430810e-02
-0.5181483041842606,1.0004133075450203,0.00028514089963057573,2366.515851695801,2.5222569e-03,820122,1178.13867,1562.41032,1.4790550e+05,4.2093277e+01,3.1521455e+03,8.3784857e+00,1.5320161e+05,4.3666000e+01,0,nan,nan,nan,nan,1178.13867,2.6975898e-04,1562.41032,2.5469495e-04,-9.9982996e-04,-9.3609422e-02
-0.5167593933438184,1.0005606063323373,0.00028516175078177565,2366.5172406066413,2.5222795e-03,820123,1178.14162,1562.41368,1.4790322e+05,4.2096386e+01,3.1540742e+03,8.3863869e+00,1.5322430e+05,4.3669228e+01,0,nan,nan,nan,nan,1178.14162,2.6978104e-04,1562.41368,2.5485674e-04,1.8447998e-03,-9.0228312e-02
-0.5153704827353014,1.0002003467108067,0.00028510754899247766,2366.51862951725,2.5223019e-03,820124,1178.14201,1562.40603,1.4786247e+05,4.2088432e+01,3.1547839e+03,8.3838844e+00,1.5316927e+05,4.3660969e+01,0,nan,nan,nan,nan,1178.14201,2.6987883e-04,1562.40603,2.5471929e-04,2.3323514e-03,-9.8381341e-02
-0.5139815718935009,1.00023310272459,0.0002851281703342356,2366.5200184280916,2.5223244e-03,820125,1178.13977,1562.40907,1.4782706e+05,4.2091503e+01,3.1623682e+03,8.4067230e+00,1.5317441e+05,4.3664162e+01,0,nan,nan,nan,nan,1178.13977,2.6999830e-04,1562.40907,2.5481940e-04,-8.8681572e-06,-9.5377512e-02
-0.5125926612854581,1.0001041073430148,0.0002851086324598555,2366.5214073386996,2.5223468e-03,820126,1178.13683,1562.41154,1.4784753e+05,4.2088661e+01,3.1537227e+03,8.3918076e+00,1.5315478e+05,4.3661205e+01,0,nan,nan,nan,nan,1178.13683,2.6981303e-04,1562.41154,2.5475875e-04,-3.4400558e-03,-9.2443027e-02
-0.5112037504445632,0.9999143254040072,0.0002850331331675184,2366.5227962495405,2.5223694e-03,820127,1178.13937,1562.40661,1.4778722e+05,4.2077549e+01,3.1565134e+03,8.3857145e+00,1.5312586e+05,4.3649681e+01,0,nan,nan,nan,nan,1178.13937,2.6987621e-04,1562.40661,2.5479373e-04,-3.0833889e-05,-9.7137317e-02
-0.5098148398355935,0.9993186680261333,0.0002850054213889768,2366.5241851601495,2.5223917e-03,820128,1178.14032,1562.41132,1.4769894e+05,4.2073490e+01,3.1589670e+03,8.4119530e+00,1.5303477e+05,4.3645473e+01,0,nan,nan,nan,nan,1178.14032,2.7009952e-04,1562.41132,2.5489024e-04,4.9723993e-04,-9.2074603e-02
-0.5084259292280033,0.9998901230082836,0.00028503705059219035,2366.525574070757,2.5224141e-03,820129,1178.13750,1562.40999,1.4776239e+05,4.2078197e+01,3.1501860e+03,8.3992443e+00,1.5312241e+05,4.3650356e+01,0,nan,nan,nan,nan,1178.13750,2.7003724e-04,1562.40999,2.5487473e-04,-2.2892910e-03,-9.4166957e-02
-0.5070370183871085,1.0001232899756287,0.0002851497307928579,2366.526962981598,2.5224367e-03,820130,1178.13986,1562.41015,1.4787006e+05,4.2094868e+01,3.1733145e+03,8.4090176e+00,1.5315823e+05,4.3667648e+01,0,nan,nan,nan,nan,1178.13986,2.6979260e-04,1562.41015,2.5475153e-04,2.9098164e-04,-9.3478799e-02
-0.5056481077781387,1.0001783769979857,0.00028511061722507957,2366.528351892207,2.5224590e-03,820131,1178.13868,1562.41046,1.4782706e+05,4.2089130e+01,3.1651355e+03,8.4017477e+00,1.5316680e+05,4.3661694e+01,0,nan,nan,nan,nan,1178.13868,2.6988515e-04,1562.41046,2.5479481e-04,-9.3003514e-04,-9.3367301e-02
-0.504259196936791,0.9996511726443255,0.00028503172364372913,2366.5297408030483,2.5224816e-03,820132,1178.13828,1562.40585,1.4774306e+05,4.2077515e+01,3.1721292e+03,8.4135275e+00,1.5308619e+05,4.3649647e+01,0,nan,nan,nan,nan,1178.13828,2.7007356e-04,1562.40585,2.5489685e-04,-1.5359375e-03,-9.8259024e-02
-0.5028702863287482,0.9998030675506496,0.00028500102526651485,2366.5311297136564,2.5225040e-03,820133,1178.13489,1562.40877,1.4774434e+05,4.2073017e+01,3.1624934e+03,8.3928890e+00,1.5310958e+05,4.3644981e+01,0,nan,nan,nan,nan,1178.13489,2.7005855e-04,1562.40877,2.5502581e-04,-4.5636026e-03,-9.5613189e-02
-0.5014813754878533,0.999605889748519,0.0002850915386630703,2366.5325186244972,2.5225265e-03,820134,1178.14713,1562.41271,1.4776106e+05,4.2086411e+01,3.1768030e+03,8.4296761e+00,1.5307950e+05,4.3658875e+01,0,nan,nan,nan,nan,1178.14713,2.7013474e-04,1562.41271,2.5486972e-04,7.9731718e-03,-9.1172099e-02
-0.5000924648793362,1.000310001175405,0.0002851180885441892,2366.5339075351058,2.5225489e-03,820135,1178.13792,1562.41288,1.4782461e+05,4.2090363e+01,3.1702771e+03,8.4045572e+00,1.5318745e+05,4.3662975e+01,0,nan,nan,nan,nan,1178.13792,2.7006626e-04,1562.41288,2.5476096e-04,-2.3239055e-03,-9.1321118e-02
-0.4987035540375574,0.9991926086432283,0.00028495088098005216,2366.5352964459476,2.5225715e-03,820136,1178.13901,1562.41046,1.4766116e+05,4.2065712e+01,3.1645676e+03,8.3977928e+00,1.5301645e+05,4.3637405e+01,0,nan,nan,nan,nan,1178.13901,2.7006792e-04,1562.41046,2.5504886e-04,-7.7989936e-04,-9.3554951e-02
-0.4973146434294931,1.000098306511656,0.00028509835416016963,2366.5366853565556,2.5225938e-03,820137,1178.14045,1562.40859,1.4784272e+05,4.2087521e+01,3.1637920e+03,8.3919764e+00,1.5315527e+05,4.3660023e+01,0,nan,nan,nan,nan,1178.14045,2.6995110e-04,1562.40859,2.5477426e-04,5.2349252e-04,-9.5593333e-02
-0.49592573258905087,1.0001992275957403,0.0002850833836735105,2366.538074267396,2.5226164e-03,820138,1178.13988,1562.41113,1.4782525e+05,4.2085339e+01,3.1588291e+03,8.3937073e+00,1.5317083e+05,4.3657764e+01,0,nan,nan,nan,nan,1178.13988,2.6987493e-04,1562.41113,2.5478305e-04,5.2165025e-04,-9.3040012e-02
-0.4945368219800811,0.9998737769772367,0.000285022988147173,2366.539463178005,2.5226388e-03,820139,1178.14347,1562.40821,1.4770906e+05,4.2076454e+01,3.1636926e+03,8.4185562e+00,1.5312111e+05,4.3648548e+01,0,nan,nan,nan,nan,1178.14347,2.7028369e-04,1562.40821,2.5499877e-04,3.8896499e-03,-9.5763400e-02
-0.49314791137203834,1.0003144399762522,0.0002851419204983076,2366.540852088613,2.5226611e-03,820140,1178.13710,1562.41013,1.4785175e+05,4.2094044e+01,3.1780691e+03,8.4059591e+00,1.5318870e+05,4.3666790e+01,0,nan,nan,nan,nan,1178.13710,2.6993500e-04,1562.41013,2.5475759e-04,-2.6764986e-03,-9.3989812e-02
-0.4917590005315961,1.0002129880318997,0.00028515416868836257,2366.5422409994535,2.5226837e-03,820141,1178.13992,1562.41032,1.4785403e+05,4.2095882e+01,3.1743240e+03,8.4115267e+00,1.5317328e+05,4.3668701e+01,0,nan,nan,nan,nan,1178.13992,2.7005587e-04,1562.41032,2.5473911e-04,7.4764737e-04,-9.3769081e-02
-0.49037008992400605,0.9995464168294648,0.00028501872871673203,2366.543629910061,2.5227061e-03,820142,1178.13822,1562.41413,1.4772098e+05,4.2075916e+01,3.1679429e+03,8.4010544e+00,1.5307131e+05,4.3647987e+01,0,nan,nan,nan,nan,1178.13822,2.7012182e-04,1562.41413,2.5493017e-04,-1.6345739e-03,-8.9835726e-02
-0.4889811790822057,1.000154706339459,0.00028512786248756415,2366.545018820903,2.5227286e-03,820143,1178.13839,1562.40787,1.4787125e+05,4.2092056e+01,3.1666467e+03,8.4048691e+00,1.5316458e+05,4.3664734e+01,0,nan,nan,nan,nan,1178.13839,2.6974390e-04,1562.40787,2.5473101e-04,-1.5908789e-03,-9.6216612e-02
-0.48759226847414133,0.999912213039052,0.00028507589241778174,2366.546407731511,2.5227510e-03,820144,1178.13602,1562.40771,1.4779677e+05,4.2084415e+01,3.1771079e+03,8.4088612e+00,1.5312755e+05,4.3656803e+01,0,nan,nan,nan,nan,1178.13602,2.6996597e-04,1562.40771,2.5475552e-04,-4.0012901e-03,-9.6660472e-02
-0.48620335786655133,1.000371701761126,0.00028512732369148793,2366.5477966421186,2.5227733e-03,820145,1178.14350,1562.41140,1.4781233e+05,4.2092033e+01,3.1675969e+03,8.4247084e+00,1.5319802e+05,4.3664711e+01,0,nan,nan,nan,nan,1178.14350,2.7008940e-04,1562.41140,2.5481443e-04,3.8231639e-03,-9.2584975e-02
-0.4848144470247509,1.0000934112453395,0.0002851431086117543,2366.5491855529604,2.5227959e-03,820146,1178.14150,1562.41001,1.4783291e+05,4.2094395e+01,3.1771985e+03,8.4266577e+00,1.5315550e+05,4.3667156e+01,0,nan,nan,nan,nan,1178.14150,2.7004958e-04,1562.41001,2.5473023e-04,1.5512056e-03,-9.4421118e-02
-0.4834255364157811,1.0011816430623064,0.00028527440101069554,2366.5505744635693,2.5228183e-03,820147,1178.14164,1562.41261,1.4797966e+05,4.2113804e+01,3.1670247e+03,8.4180317e+00,1.5332225e+05,4.3687294e+01,0,nan,nan,nan,nan,1178.14164,2.6996026e-04,1562.41261,2.5460578e-04,2.1249750e-03,-9.1303326e-02
-0.4820366255753389,1.000019506774638,0.0002850987912585102,2366.5519633744098,2.5228409e-03,820148,1178.14072,1562.40671,1.4779702e+05,4.2087906e+01,3.1762847e+03,8.4191189e+00,1.5314439e+05,4.3660427e+01,0,nan,nan,nan,nan,1178.14072,2.7003390e-04,1562.40671,2.5486035e-04,1.1372751e-03,-9.7630948e-02
-0.48064771496684344,0.999871358498029,0.0002850956118294083,2366.5533522850183,2.5228632e-03,820149,1178.13811,1562.40781,1.4779239e+05,4.2087463e+01,3.1819827e+03,8.4178247e+00,1.5312180e+05,4.3659969e+01,0,nan,nan,nan,nan,1178.13811,2.6994871e-04,1562.40781,2.5482985e-04,-1.9768407e-03,-9.6935503e-02
-0.4792588043583264,0.9998904597577305,0.0002851081797195097,2366.554741195627,2.5228856e-03,820150,1178.14276,1562.41494,1.4778423e+05,4.2089348e+01,3.1895725e+03,8.4160404e+00,1.5312481e+05,4.3661919e+01,0,nan,nan,nan,nan,1178.14276,2.6987362e-04,1562.41494,2.5496163e-04,3.4446397e-03,-8.8846214e-02
-0.47786989351788417,1.0003391096531722,0.0002852503401105756,2366.556130106467,2.5229082e-03,820151,1178.13988,1562.41107,1.4793048e+05,4.2110355e+01,3.1797595e+03,8.4171638e+00,1.5319361e+05,4.3683716e+01,0,nan,nan,nan,nan,1178.13988,2.6984929e-04,1562.41107,2.5476093e-04,-3.2578725e-06,-9.3564518e-02
-0.4764809829093887,1.0001387283217367,0.00028509456253727474,2366.5575190170757,2.5229305e-03,820152,1178.13515,1562.40818,1.4781366e+05,4.2087391e+01,3.1717061e+03,8.4094324e+00,1.5316303e+05,4.3659889e+01,0,nan,nan,nan,nan,1178.13515,2.7004600e-04,1562.40818,2.5487330e-04,-4.8460579e-03,-9.5882080e-02
-0.47509207230087164,1.000379040803865,0.0002851863550311173,2366.5589079276842,2.5229529e-03,820153,1178.14619,1562.40939,1.4789716e+05,4.2100964e+01,3.1821079e+03,8.4125099e+00,1.5319992e+05,4.3673973e+01,0,nan,nan,nan,nan,1178.14619,2.6987054e-04,1562.40939,2.5473925e-04,6.6955267e-03,-9.4424158e-02
-0.47370316145952396,0.9998392633125793,0.0002850689404380404,2366.5602968385256,2.5229754e-03,820154,1178.13707,1562.40888,1.4776631e+05,4.2083656e+01,3.1831509e+03,8.4116755e+00,1.5311734e+05,4.3656017e+01,0,nan,nan,nan,nan,1178.13707,2.7003526e-04,1562.40888,2.5496547e-04,-3.0134944e-03,-9.4900288e-02
-0.4723142508510069,1.0001582126332833,0.0002851268949215633,2366.561685749134,2.5229978e-03,820155,1178.14646,1562.40872,1.4783900e+05,4.2092236e+01,3.1841765e+03,8.4135990e+00,1.5316627e+05,4.3664917e+01,0,nan,nan,nan,nan,1178.14646,2.7009237e-04,1562.40872,2.5481169e-04,6.5922285e-03,-9.5512018e-02
-0.47092534024341687,0.9997805126358073,0.00028506853445681136,2366.5630746597417,2.5230201e-03,820156,1178.13830,1562.41296,1.4776900e+05,4.2083641e+01,3.1720884e+03,8.4084864e+00,1.5310852e+05,4.3656002e+01,0,nan,nan,nan,nan,1178.13830,2.7014411e-04,1562.41296,2.5489661e-04,-1.7700520e-03,-9.0777531e-02
-0.46953642940161644,0.9998286657170169,0.00028501745302006085,2366.5644635705835,2.5230427e-03,820157,1178.14195,1562.40674,1.4771700e+05,4.2076122e+01,3.1749561e+03,8.4053535e+00,1.5311597e+05,4.3648201e+01,0,nan,nan,nan,nan,1178.14195,2.7064816e-04,1562.40674,2.5495159e-04,2.3671039e-03,-9.7491674e-02
-0.46814751879355215,0.9995543971585256,0.0002850044108136574,2366.5658524811915,2.5230651e-03,820158,1178.13813,1562.41091,1.4770267e+05,4.2074223e+01,3.1707820e+03,8.4135437e+00,1.5307405e+05,4.3646229e+01,0,nan,nan,nan,nan,1178.13813,2.7037354e-04,1562.41091,2.5496862e-04,-1.4595366e-03,-9.3482792e-02
-0.4667586081859621,1.0004918623835015,0.000285272026141237,2366.567241391799,2.5230874e-03,820159,1178.13816,1562.41326,1.4791419e+05,4.2113747e+01,3.1883403e+03,8.4362555e+00,1.5321769e+05,4.3687233e+01,0,nan,nan,nan,nan,1178.13816,2.6973221e-04,1562.41326,2.5480025e-04,-1.4696482e-03,-9.0823166e-02
-0.4653696973441617,1.0002292414002898,0.0002851977618395879,2366.568630302641,2.5231100e-03,820160,1178.13507,1562.40432,1.4788769e+05,4.2102810e+01,3.1880327e+03,8.4145861e+00,1.5317755e+05,4.3675884e+01,0,nan,nan,nan,nan,1178.13507,2.6993197e-04,1562.40432,2.5465837e-04,-5.0287377e-03,-9.9818535e-02
-0.46398078673519194,1.0002068200241325,0.00028516473794339684,2366.57001921325,2.5231324e-03,820161,1178.14414,1562.41219,1.4784694e+05,4.2097950e+01,3.1861819e+03,8.4199104e+00,1.5317420e+05,4.3670845e+01,0,nan,nan,nan,nan,1178.14414,2.6997339e-04,1562.41219,2.5477540e-04,4.5318296e-03,-9.2078336e-02
-0.46259187612758035,0.9994767859567807,0.0002850745627300668,2366.5714081238575,2.5231547e-03,820162,1178.13900,1562.41131,1.4775683e+05,4.2084663e+01,3.1870537e+03,8.4172783e+00,1.5306247e+05,4.3657059e+01,0,nan,nan,nan,nan,1178.13900,2.6998229e-04,1562.41131,2.5483494e-04,-4.4607194e-04,-9.2618868e-02
-0.4612029652862542,1.0005358247693217,0.0002852324220480833,2366.572797034699,2.5231773e-03,820163,1178.13854,1562.40805,1.4792520e+05,4.2107986e+01,3.1904668e+03,8.4227915e+00,1.5322472e+05,4.3681252e+01,0,nan,nan,nan,nan,1178.13854,2.6980450e-04,1562.40805,2.5480246e-04,-9.7578962e-04,-9.6208319e-02
-0.45981405467773717,1.0003361935024533,0.0002852093038057819,2366.5741859453074,2.5231997e-03,820164,1178.13676,1562.41029,1.4792353e+05,4.2104584e+01,3.1794768e+03,8.4120035e+00,1.5319422e+05,4.3677731e+01,0,nan,nan,nan,nan,1178.13676,2.6966905e-04,1562.41029,2.5467589e-04,-2.9836586e-03,-9.3833573e-02
-0.45842514406922014,1.0000378787999449,0.0002851184414719569,2366.575574855916,2.5232220e-03,820165,1178.14011,1562.40739,1.4782286e+05,4.2091194e+01,3.1789509e+03,8.4122381e+00,1.5314859e+05,4.3663837e+01,0,nan,nan,nan,nan,1178.14011,2.7003259e-04,1562.40739,2.5483774e-04,2.9523202e-04,-9.6904799e-02
-0.4570362334611774,1.0007153400016533,0.0002852368213354228,2366.576963766524,2.5232444e-03,820166,1178.13977,1562.40833,1.4792519e+05,4.2108685e+01,3.1907996e+03,8.4266357e+00,1.5325241e+05,4.3681984e+01,0,nan,nan,nan,nan,1178.13977,2.6980104e-04,1562.40833,2.5465991e-04,2.4830928e-04,-9.5378108e-02
-0.45564732262028246,1.0001272792842852,0.00028515391124006356,2366.578352677365,2.5232669e-03,820167,1178.13908,1562.41120,1.4783072e+05,4.2096462e+01,3.1963970e+03,8.4258060e+00,1.5316242e+05,4.3669304e+01,0,nan,nan,nan,nan,1178.13908,2.6993029e-04,1562.41120,2.5485427e-04,-1.5340582e-04,-9.2515908e-02
-0.45425841201176537,0.9994281985441502,0.00028507234363975384,2366.5797415879733,2.5232893e-03,820168,1178.13905,1562.41069,1.4775344e+05,4.2084435e+01,3.1798792e+03,8.4283342e+00,1.5305542e+05,4.3656830e+01,0,nan,nan,nan,nan,1178.13905,2.7008518e-04,1562.41069,2.5492051e-04,-5.4164761e-04,-9.3554661e-02
-0.45286950140324833,1.0000285176068056,0.0002851386434158823,2366.581130498582,2.5233116e-03,820169,1178.14099,1562.40895,1.4783039e+05,4.2094246e+01,3.1861445e+03,8.4232359e+00,1.5314741e+05,4.3667000e+01,0,nan,nan,nan,nan,1178.14099,2.7000933e-04,1562.40895,2.5483978e-04,1.2367467e-03,-9.5384531e-02
-0.45148059079565833,0.9993859045123533,0.0002850681128075453,2366.5825194091894,2.5233340e-03,820170,1178.14260,1562.41149,1.4774939e+05,4.2083851e+01,3.1878315e+03,8.4177732e+00,1.5304906e+05,4.3656216e+01,0,nan,nan,nan,nan,1178.14260,2.7000913e-04,1562.41149,2.5495084e-04,2.8722717e-03,-9.2518151e-02
-0.4500916799538579,0.9995252486262766,0.0002850798552489314,2366.5839083200312,2.5233566e-03,820171,1178.13881,1562.40443,1.4776738e+05,4.2085594e+01,3.1864365e+03,8.4125414e+00,1.5307045e+05,4.3658031e+01,0,nan,nan,nan,nan,1178.13881,2.7005488e-04,1562.40443,2.5504295e-04,-3.7218709e-04,-9.9467613e-02
-0.44870276934534087,0.9996205023683498,0.00028514485671864414,2366.5852972306398,2.5233789e-03,820172,1178.14009,1562.41232,1.4779780e+05,4.2095207e+01,3.1978301e+03,8.4277191e+00,1.5308509e+05,4.3667999e+01,0,nan,nan,nan,nan,1178.14009,2.7014970e-04,1562.41232,2.5484397e-04,3.7221768e-04,-9.1914169e-02
-0.4473138587372981,0.999391608608971,0.0002850842028191925,2366.586686141248,2.5234013e-03,820173,1178.13925,1562.41392,1.4774873e+05,4.2086266e+01,3.1880710e+03,8.4186697e+00,1.5305009e+05,4.3658726e+01,0,nan,nan,nan,nan,1178.13925,2.7009213e-04,1562.41392,2.5490229e-04,-4.1616891e-04,-8.9796111e-02
-0.4459249481292338,1.0004813029759894,0.00028519120484068306,2366.588075051856,2.5234236e-03,820174,1178.13741,1562.40389,1.4786461e+05,4.2102077e+01,3.1906958e+03,8.4267950e+00,1.5321702e+05,4.3675125e+01,0,nan,nan,nan,nan,1178.13741,2.7018395e-04,1562.40389,2.5477650e-04,-2.5191226e-03,-1.0091884e-01
-0.4445360372874334,0.9997407757150611,0.0002850969757000933,2366.5894639626977,2.5234462e-03,820175,1178.14364,1562.41496,1.4775914e+05,4.2088181e+01,3.1897009e+03,8.4193602e+00,1.5310366e+05,4.3660709e+01,0,nan,nan,nan,nan,1178.14364,2.7037557e-04,1562.41496,2.5494685e-04,4.5506302e-03,-8.9045674e-02
-0.44314712667891637,1.0006971721387259,0.00028525782239043073,2366.590852873306,2.5234686e-03,820176,1178.14078,1562.40840,1.4792180e+05,4.2111935e+01,3.1925168e+03,8.4340925e+00,1.5325017e+05,4.3685352e+01,0,nan,nan,nan,nan,1178.14078,2.6986818e-04,1562.40840,2.5479589e-04,9.5397921e-04,-9.6157603e-02
-0.44175821607087357,1.0003794685795266,0.0002852459280604219,2366.5922417839142,2.5234909e-03,820177,1178.13710,1562.41059,1.4788214e+05,4.2110195e+01,3.2084243e+03,8.4328156e+00,1.5320156e+05,4.3683544e+01,0,nan,nan,nan,nan,1178.13710,2.6994891e-04,1562.41059,2.5480031e-04,-2.0409552e-03,-9.2971943e-02
-0.4403693054628093,0.9999132570305606,0.0002851522049438608,2366.5936306945223,2.5235133e-03,820178,1178.14063,1562.41172,1.4780858e+05,4.2096371e+01,3.1907214e+03,8.4309597e+00,1.5313020e+05,4.3669205e+01,0,nan,nan,nan,nan,1178.14063,2.7013727e-04,1562.41172,2.5486463e-04,1.2139039e-03,-9.2204772e-02
-0.43898039485429224,0.9996588743800325,0.0002851241087552975,2366.595019605131,2.5235356e-03,820179,1178.13743,1562.40990,1.4777195e+05,4.2092232e+01,3.2073279e+03,8.4295244e+00,1.5309128e+05,4.3664909e+01,0,nan,nan,nan,nan,1178.13743,2.7011870e-04,1562.40990,2.5486894e-04,-2.0525109e-03,-9.4129071e-02
-0.43759148401341885,0.9998850531906501,0.0002851078604687168,2366.5964085159717,2.5235582e-03,820180,1178.14117,1562.40892,1.4778714e+05,4.2089840e+01,3.1892058e+03,8.4212961e+00,1.5312595e+05,4.3662434e+01,0,nan,nan,nan,nan,1178.14117,2.7004190e-04,1562.40892,2.5477979e-04,1.2555118e-03,-9.5827758e-02
-0.4362025734053545,0.99973082327782,0.0002851132962542033,2366.5977974265797,2.5235806e-03,820181,1178.14069,1562.41115,1.4777844e+05,4.2090656e+01,3.1857686e+03,8.4286375e+00,1.5310238e+05,4.3663277e+01,0,nan,nan,nan,nan,1178.14069,2.7011026e-04,1562.41115,2.5490706e-04,6.5786415e-04,-9.2550449e-02
-0.4348136627968375,0.999201191169198,0.00028505386923954206,2366.5991863371883,2.5236029e-03,820182,1178.14451,1562.40937,1.4765645e+05,4.2081886e+01,3.2017363e+03,8.4684305e+00,1.5302130e+05,4.3654182e+01,0,nan,nan,nan,nan,1178.14451,2.7036120e-04,1562.40937,2.5518655e-04,5.0232224e-03,-9.4176158e-02
-0.43342475218786775,0.9999363258689757,0.0002851821774433672,2366.600575247797,2.5236253e-03,820183,1178.14269,1562.41060,1.4783702e+05,4.2100842e+01,3.2085764e+03,8.4324007e+00,1.5313391e+05,4.3673843e+01,0,nan,nan,nan,nan,1178.14269,2.7002342e-04,1562.41060,2.5484679e-04,3.1848466e-03,-9.2962556e-02
-0.43203584157982494,0.9997445275368383,0.00028515587485615685,2366.6019641584053,2.5236476e-03,820184,1178.14112,1562.40837,1.4778775e+05,4.2096962e+01,3.2000588e+03,8.4351482e+00,1.5310456e+05,4.3669823e+01,0,nan,nan,nan,nan,1178.14112,2.7009231e-04,1562.40837,2.5507307e-04,1.6494703e-03,-9.5907293e-02
-0.43064693097176066,1.000162560366501,0.0002852314008000576,2366.6033530690133,2.5236700e-03,820185,1178.13893,1562.40722,1.4788069e+05,4.2108120e+01,3.2091399e+03,8.4337330e+00,1.5316861e+05,4.3681396e+01,0,nan,nan,nan,nan,1178.13893,2.6991908e-04,1562.40722,2.5474624e-04,-7.6385104e-04,-9.6650012e-02
-0.429258020130413,0.9994616916942245,0.0002850937063013633,2366.6047419798547,2.5236926e-03,820186,1178.13631,1562.41522,1.4773689e+05,4.2087799e+01,3.1949055e+03,8.4273930e+00,1.5306130e+05,4.3660316e+01,0,nan,nan,nan,nan,1178.13631,2.7022607e-04,1562.41522,2.5488797e-04,-3.7760625e-03,-8.8390850e-02
-0.4278691095214432,0.9996533326108642,0.00028512829413337873,2366.6061308904636,2.5237149e-03,820187,1178.14317,1562.41131,1.4773748e+05,4.2092911e+01,3.2136257e+03,8.4462528e+00,1.5309067e+05,4.3665619e+01,0,nan,nan,nan,nan,1178.14317,2.7020337e-04,1562.41131,2.5503692e-04,2.9938212e-03,-9.2751630e-02
-0.4264801989138532,0.9998972543866818,0.00028517208147566463,2366.6075198010712,2.5237373e-03,820188,1178.13504,1562.40673,1.4782695e+05,4.2099380e+01,3.1981589e+03,8.4364071e+00,1.5312805e+05,4.3672329e+01,0,nan,nan,nan,nan,1178.13504,2.6999658e-04,1562.40673,2.5480363e-04,-4.7666011e-03,-9.7177893e-02
-0.4250912883053361,1.001190788314434,0.00028534941740714434,2366.6089087116798,2.5237596e-03,820189,1178.14213,1562.41009,1.4799731e+05,4.2125565e+01,3.2042634e+03,8.4319067e+00,1.5332617e+05,4.3699493e+01,0,nan,nan,nan,nan,1178.14213,2.6971436e-04,1562.41009,2.5484082e-04,2.1762515e-03,-9.3433239e-02
-0.42370237769681907,1.000679792841316,0.0002852824820026724,2366.6102976222883,2.5237820e-03,820190,1178.13668,1562.40868,1.4793761e+05,4.2115692e+01,3.2090803e+03,8.4362593e+00,1.5324792e+05,4.3689247e+01,0,nan,nan,nan,nan,1178.13668,2.6993142e-04,1562.40868,2.5482656e-04,-2.6157538e-03,-9.5064946e-02
-0.4223134670887763,1.000416741936218,0.0002852116505531549,2366.6116865328963,2.5238043e-03,820191,1178.14139,1562.41188,1.4788425e+05,4.2105240e+01,3.1909653e+03,8.4281950e+00,1.5320766e+05,4.3678406e+01,0,nan,nan,nan,nan,1178.14139,2.6987016e-04,1562.41188,2.5472871e-04,2.4641079e-03,-9.1505125e-02
-0.42092455648071203,0.9992765834902944,0.00028508200922456895,2366.6130754435044,2.5238267e-03,820192,1178.14000,1562.41065,1.4773206e+05,4.2086105e+01,3.1995801e+03,8.4312801e+00,1.5303306e+05,4.3658554e+01,0,nan,nan,nan,nan,1178.14000,2.7022770e-04,1562.41065,2.5508486e-04,2.4465474e-04,-9.3548611e-02
-0.41953564563936435,1.0002076245136757,0.0002852601156263048,2366.6144643543457,2.5238493e-03,820193,1178.14061,1562.41026,1.4790755e+05,4.2112400e+01,3.2019001e+03,8.4354229e+00,1.5317566e+05,4.3685837e+01,0,nan,nan,nan,nan,1178.14061,2.6988008e-04,1562.41026,2.5478957e-04,8.3900872e-04,-9.3561433e-02
-0.41814673503086885,0.9999515233384287,0.0002851737545057851,2366.6158532649542,2.5238716e-03,820194,1178.13696,1562.41311,1.4780012e+05,4.2099655e+01,3.1966096e+03,8.4484501e+00,1.5313645e+05,4.3672611e+01,0,nan,nan,nan,nan,1178.13696,2.7002089e-04,1562.41311,2.5497918e-04,-2.9163391e-03,-9.0961553e-02
-0.4167578244223518,1.000585128999701,0.00028527792173880324,2366.6172421755628,2.5238940e-03,820195,1178.14356,1562.40908,1.4792389e+05,4.2115032e+01,3.2027478e+03,8.4441929e+00,1.5323348e+05,4.3688568e+01,0,nan,nan,nan,nan,1178.14356,2.6994545e-04,1562.40908,2.5478451e-04,4.2609945e-03,-9.4718911e-02
-0.4153689138147402,0.9996906261450728,0.0002851906361107226,2366.6186310861704,2.5239163e-03,820196,1178.13580,1562.41020,1.4780384e+05,4.2102150e+01,3.2080791e+03,8.4407291e+00,1.5309650e+05,4.3675201e+01,0,nan,nan,nan,nan,1178.13580,2.6987301e-04,1562.41020,2.5496431e-04,-4.1772467e-03,-9.3780950e-02
-0.41398000320624473,0.9999052140493218,0.00028516627039668497,2366.620019996779,2.5239387e-03,820197,1178.14202,1562.41258,1.4779805e+05,4.2098553e+01,3.2071160e+03,8.4350758e+00,1.5312938e+05,4.3671471e+01,0,nan,nan,nan,nan,1178.14202,2.7006297e-04,1562.41258,2.5506614e-04,2.7007551e-03,-9.1624051e-02
-0.4125910925990859,0.9999243284956623,0.0002851616676148093,2366.621408907386,2.5239610e-03,820198,1178.13881,1562.40660,1.4780250e+05,4.2097878e+01,3.2001709e+03,8.4384136e+00,1.5313230e+05,4.3670769e+01,0,nan,nan,nan,nan,1178.13881,2.7015380e-04,1562.40660,2.5498998e-04,-1.4072207e-03,-9.7855650e-02
-0.41120218199102154,0.9997079188023857,0.00028512622090407506,2366.622797817994,2.5239834e-03,820199,1178.13837,1562.40731,1.4777341e+05,4.2092648e+01,3.1928652e+03,8.4419174e+00,1.5309916e+05,4.3665340e+01,0,nan,nan,nan,nan,1178.13837,2.7022560e-04,1562.40731,2.5504513e-04,-1.0872773e-03,-9.7480126e-02
-0.4098132713825261,0.9997019646758566,0.00028515733163688605,2366.6241867286026,2.5240057e-03,820200,1178.14426,1562.41099,1.4778817e+05,4.2097233e+01,3.2065212e+03,8.4431257e+00,1.5309825e+05,4.3670101e+01,0,nan,nan,nan,nan,1178.14426,2.7010430e-04,1562.41099,2.5496029e-04,5.0556981e-03,-9.2589490e-02
-0.40842436077400907,1.0000500997533024,0.00028522301766202953,2366.625575639211,2.5240281e-03,820201,1178.13578,1562.41392,1.4782038e+05,4.2106930e+01,3.2109119e+03,8.4620361e+00,1.5315156e+05,4.3680161e+01,0,nan,nan,nan,nan,1178.13578,2.6987842e-04,1562.41392,2.5505704e-04,-4.2091692e-03,-8.9482665e-02
-0.407035450165492,0.999500743438205,0.0002850688479505851,2366.6269645498196,2.5240504e-03,820202,1178.14209,1562.40360,1.4771830e+05,4.2084167e+01,3.2030483e+03,8.4326324e+00,1.5306742e+05,4.3656551e+01,0,nan,nan,nan,nan,1178.14209,2.7020549e-04,1562.40360,2.5502607e-04,2.3087889e-03,-1.0038915e-01
-0.405646539557902,1.0000477825180034,0.00028525615375674573,2366.628353460427,2.5240728e-03,820203,1178.14015,1562.41239,1.4785912e+05,4.2111820e+01,3.2167239e+03,8.4627886e+00,1.5315120e+05,4.3685234e+01,0,nan,nan,nan,nan,1178.14015,2.7006152e-04,1562.41239,2.5485165e-04,1.4805235e-04,-9.1651388e-02
-0.4042576289489322,0.9996464918839617,0.0002852346912695724,2366.629742371036,2.5240951e-03,820204,1178.14289,1562.40995,1.4777262e+05,4.2108654e+01,3.2248518e+03,8.4721041e+00,1.5308973e+05,4.3681946e+01,0,nan,nan,nan,nan,1178.14289,2.7021003e-04,1562.40995,2.5498864e-04,3.4911174e-03,-9.4308510e-02
-0.4028687181071318,1.0001017697930068,0.00028521014708831005,2366.631131281878,2.5241177e-03,820205,1178.14160,1562.40907,1.4781955e+05,4.2105022e+01,3.2026975e+03,8.4475651e+00,1.5315945e+05,4.3678181e+01,0,nan,nan,nan,nan,1178.14160,2.7002554e-04,1562.40907,2.5487429e-04,2.0184056e-03,-9.4714642e-02
-0.4014798074995202,1.0003720626767612,0.00028526429530678735,2366.6325201924856,2.5241401e-03,820206,1178.13672,1562.41094,1.4785450e+05,4.2113014e+01,3.2238721e+03,8.4543839e+00,1.5320083e+05,4.3686474e+01,0,nan,nan,nan,nan,1178.13672,2.7014207e-04,1562.41094,2.5502240e-04,-2.4634076e-03,-9.2771754e-02
-0.4000908968914774,1.0004286436034187,0.00028522101593846696,2366.6339091030936,2.5241624e-03,820207,1178.14198,1562.40712,1.4783811e+05,4.2106621e+01,3.2109016e+03,8.4487095e+00,1.5320948e+05,4.3679840e+01,0,nan,nan,nan,nan,1178.14198,2.7031632e-04,1562.40712,2.5500177e-04,2.3255346e-03,-9.6378967e-02
-0.3987019862825077,1.0000843712230616,0.0002852114385665335,2366.6352980137026,2.5241848e-03,820208,1178.13517,1562.40928,1.4784602e+05,4.2105202e+01,3.2087664e+03,8.4449415e+00,1.5315675e+05,4.3678371e+01,0,nan,nan,nan,nan,1178.13517,2.6996509e-04,1562.40928,2.5487694e-04,-4.8129470e-03,-9.4717011e-02
-0.3973130756748961,1.0002174976193015,0.00028523864787772797,2366.63668692431,2.5242071e-03,820209,1178.14263,1562.40857,1.4783555e+05,4.2109219e+01,3.2189995e+03,8.4643631e+00,1.5317711e+05,4.3682533e+01,0,nan,nan,nan,nan,1178.14263,2.6994632e-04,1562.40857,2.5491448e-04,2.3552624e-03,-9.5807552e-02
-0.39592416506637906,0.9998514914201923,0.0002851876070885488,2366.6380758349187,2.5242295e-03,820210,1178.13621,1562.41188,1.4779883e+05,4.2101673e+01,3.2142083e+03,8.4505405e+00,1.5312105e+05,4.3674709e+01,0,nan,nan,nan,nan,1178.13621,2.7007319e-04,1562.41188,2.5489187e-04,-3.7714553e-03,-9.2190102e-02
-0.39453525445788357,0.9998712203533938,0.0002851480349131848,2366.639464745527,2.5242518e-03,820211,1178.14096,1562.41097,1.4777108e+05,4.2095829e+01,3.2133684e+03,8.4440880e+00,1.5312405e+05,4.3668644e+01,0,nan,nan,nan,nan,1178.14096,2.7027313e-04,1562.41097,2.5501195e-04,8.6403865e-04,-9.3400955e-02
-0.39314634384936653,1.0004057165080567,0.0002852941015982426,2366.6408536561357,2.5242742e-03,820212,1178.13812,1562.40961,1.4789970e+05,4.2117390e+01,3.2217334e+03,8.4504662e+00,1.5320589e+05,4.3691010e+01,0,nan,nan,nan,nan,1178.13812,2.6994050e-04,1562.40961,2.5487141e-04,-1.7650649e-03,-9.4136804e-02
-0.3917574332408495,0.9997652849943616,0.0002851645541392694,2366.6422425667442,2.5242965e-03,820213,1178.14242,1562.41016,1.4776898e+05,4.2098255e+01,3.2123674e+03,8.4471273e+00,1.5310778e+05,4.3671162e+01,0,nan,nan,nan,nan,1178.14242,2.7018526e-04,1562.41016,2.5504333e-04,2.7733303e-03,-9.3905538e-02
-0.39036852263325944,1.0000991893169908,0.00028522530166198175,2366.643631477352,2.5243189e-03,820214,1178.13859,1562.40641,1.4785414e+05,4.2107224e+01,3.2060327e+03,8.4410257e+00,1.5315889e+05,4.3680462e+01,0,nan,nan,nan,nan,1178.13859,2.7002671e-04,1562.40641,2.5483387e-04,-1.6851460e-03,-9.7342059e-02
-0.3889796120247424,1.0002414320134878,0.0002853054331723394,2366.6450203879604,2.5243412e-03,820215,1178.13543,1562.41045,1.4792752e+05,4.2119045e+01,3.2142217e+03,8.4446392e+00,1.5318066e+05,4.3692726e+01,0,nan,nan,nan,nan,1178.13543,2.6978951e-04,1562.41045,2.5487298e-04,-4.6814685e-03,-9.3565047e-02
-0.3875907014157727,1.0005996710853953,0.0002853071978674754,2366.6464092985693,2.5243636e-03,820216,1178.14194,1562.41273,1.4788094e+05,4.2119297e+01,3.2195940e+03,8.4586430e+00,1.5323548e+05,4.3692989e+01,0,nan,nan,nan,nan,1178.14194,2.7023628e-04,1562.41273,2.5501518e-04,2.6326592e-03,-9.1427930e-02
-0.38620179080770833,0.9997669488970307,0.00028518179302217464,2366.6477982091774,2.5243859e-03,820217,1178.13839,1562.40749,1.4777216e+05,4.2100773e+01,3.2295786e+03,8.4572840e+00,1.5310794e+05,4.3673775e+01,0,nan,nan,nan,nan,1178.13839,2.7006597e-04,1562.40749,2.5514327e-04,-1.5313459e-03,-9.7057261e-02
-0.3848128801996656,0.9998219052526948,0.0002851786736833509,2366.6491871197854,2.5244083e-03,820218,1178.14165,1562.41159,1.4779702e+05,4.2100304e+01,3.2067351e+03,8.4385347e+00,1.5311633e+05,4.3673290e+01,0,nan,nan,nan,nan,1178.14165,2.7008337e-04,1562.41159,2.5506865e-04,2.2432506e-03,-9.2387699e-02
-0.3834239695906958,0.999999704051539,0.0002851958111771998,2366.6505760303944,2.5244306e-03,820219,1178.13701,1562.41263,1.4779741e+05,4.2102825e+01,3.2229863e+03,8.4559746e+00,1.5314353e+05,4.3675903e+01,0,nan,nan,nan,nan,1178.13701,2.7022322e-04,1562.41263,2.5505945e-04,-3.1003328e-03,-9.1698125e-02
-0.3820350589830842,1.0008818546376692,0.0002853279588908249,2366.651964941002,2.5244530e-03,820220,1178.13755,1562.40465,1.4793617e+05,4.2122322e+01,3.2272837e+03,8.4532919e+00,1.5327859e+05,4.3696133e+01,0,nan,nan,nan,nan,1178.13755,2.7001658e-04,1562.40465,2.5482161e-04,-2.4173940e-03,-9.9862121e-02
-0.38064614837504146,0.9996899014185382,0.0002852019815205159,2366.65335385161,2.5244753e-03,820221,1178.13834,1562.41050,1.4780102e+05,4.2103722e+01,3.2171726e+03,8.4487324e+00,1.5309602e+05,4.3676830e+01,0,nan,nan,nan,nan,1178.13834,2.7006978e-04,1562.41050,2.5497423e-04,-1.3222196e-03,-9.3655750e-02
-0.3792572379989024,0.9997839282518236,0.00028517311703372353,2366.654742761986,2.5244975e-03,820222,1178.14280,1562.41172,1.4778903e+05,4.2099453e+01,3.2100908e+03,8.4553413e+00,1.5311039e+05,4.3672401e+01,0,nan,nan,nan,nan,1178.14280,2.7004303e-04,1562.41172,2.5502749e-04,2.9613641e-03,-9.1990471e-02
-0.3778683273903853,1.0001568278038377,0.000285217007746591,2366.6561316725947,2.5245198e-03,820223,1178.13871,1562.40944,1.4782997e+05,4.2105923e+01,3.2257759e+03,8.4532423e+00,1.5316745e+05,4.3679115e+01,0,nan,nan,nan,nan,1178.13871,2.7000028e-04,1562.40944,2.5481553e-04,-1.0955376e-03,-9.4693273e-02
-0.376479416782321,0.9999352325923041,0.00028520397871530307,2366.6575205832028,2.5245422e-03,820224,1178.14159,1562.41096,1.4779495e+05,4.2103989e+01,3.2283059e+03,8.4614697e+00,1.5313348e+05,4.3677109e+01,0,nan,nan,nan,nan,1178.14159,2.7024670e-04,1562.41096,2.5502307e-04,1.9959307e-03,-9.3487948e-02
-0.37509050617427825,0.9994385941183391,0.00028513469917861126,2366.658909493811,2.5245645e-03,820225,1178.13791,1562.40901,1.4773306e+05,4.2093750e+01,3.2159880e+03,8.4545975e+00,1.5305739e+05,4.3666489e+01,0,nan,nan,nan,nan,1178.13791,2.7027499e-04,1562.40901,2.5500011e-04,-2.1732326e-03,-9.5548816e-02
-0.3737015955657612,1.0006629516850145,0.00028532020281862397,2366.6602984044193,2.5245869e-03,820226,1178.13539,1562.41213,1.4792508e+05,4.2121120e+01,3.2316030e+03,8.4588404e+00,1.5324486e+05,4.3694885e+01,0,nan,nan,nan,nan,1178.13539,2.6991885e-04,1562.41213,2.5481367e-04,-4.2930646e-03,-9.1785714e-02
-0.37231268495679143,0.9991232802169417,0.0002851307975537785,2366.6616873150283,2.5246092e-03,820227,1178.13925,1562.40942,1.4768888e+05,4.2093155e+01,3.2373179e+03,8.4675827e+00,1.5300903e+05,4.3665871e+01,0,nan,nan,nan,nan,1178.13925,2.7040453e-04,1562.40942,2.5513503e-04,-5.8792421e-04,-9.5268950e-02
-0.3709237743487487,1.000351168778018,0.00028525737531835026,2366.6630762256364,2.5246316e-03,820228,1178.13795,1562.40970,1.4784981e+05,4.2111828e+01,3.2275825e+03,8.4641590e+00,1.5319703e+05,4.3685242e+01,0,nan,nan,nan,nan,1178.13795,2.7024941e-04,1562.40970,2.5492194e-04,-2.1017939e-03,-9.4616458e-02
-0.3695348637411371,1.001071397660061,0.000285335152311145,2366.664465136244,2.5246539e-03,820229,1178.13873,1562.40821,1.4795216e+05,4.2123299e+01,3.2266589e+03,8.4594460e+00,1.5330730e+05,4.3697144e+01,0,nan,nan,nan,nan,1178.13873,2.6999295e-04,1562.40821,2.5484487e-04,-9.7102212e-04,-9.6072175e-02
-0.3681459531321673,0.9997525014148408,0.00028516594896750065,2366.665854046853,2.5246763e-03,820230,1178.14115,1562.41290,1.4774670e+05,4.2098305e+01,3.2187327e+03,8.4522829e+00,1.5310527e+05,4.3671215e+01,0,nan,nan,nan,nan,1178.14115,2.7044051e-04,1562.41290,2.5511935e-04,1.3860434e-03,-9.1267601e-02
-0.36675704252412455,1.00010656506623,0.00028520211490502367,2366.667242957461,2.5246986e-03,820231,1178.13862,1562.41144,1.4781683e+05,4.2103634e+01,3.2115488e+03,8.4502878e+00,1.5315945e+05,4.3676743e+01,0,nan,nan,nan,nan,1178.13862,2.7025779e-04,1562.41144,2.5496201e-04,-1.3760477e-03,-9.2151210e-02
-0.36536813191606027,0.99969692867618,0.00028519541648832416,2366.668631868069,2.5247210e-03,820232,1178.14304,1562.40848,1.4778506e+05,4.2102638e+01,3.2286619e+03,8.4651518e+00,1.5309667e+05,4.3675705e+01,0,nan,nan,nan,nan,1178.14304,2.7033873e-04,1562.40848,2.5508518e-04,3.4568654e-03,-9.5709816e-02
-0.3639792213070905,0.9998930664278994,0.00028516127730234794,2366.670020778678,2.5247433e-03,820233,1178.13802,1562.40905,1.4775678e+05,4.2097584e+01,3.2250002e+03,8.4489851e+00,1.5312666e+05,4.3670464e+01,0,nan,nan,nan,nan,1178.13802,2.7014970e-04,1562.40905,2.5509438e-04,-1.9945148e-03,-9.4833627e-02
-0.3625903109314041,0.999757360627088,0.0002851882524619624,2366.6714096890537,2.5247654e-03,820234,1178.13247,1562.41287,1.4778773e+05,4.2101547e+01,3.2233625e+03,8.4568090e+00,1.5310583e+05,4.3674580e+01,0,nan,nan,nan,nan,1178.13247,2.7031740e-04,1562.41287,2.5501422e-04,-7.9274289e-03,-9.1154024e-02
-0.36120140032381404,0.9996342955378775,0.0002851284201270285,2366.6727985996613,2.5247878e-03,820235,1178.14430,1562.40872,1.4768536e+05,4.2092705e+01,3.2231455e+03,8.4792213e+00,1.5308694e+05,4.3665405e+01,0,nan,nan,nan,nan,1178.14430,2.7065739e-04,1562.40872,2.5511647e-04,3.9766296e-03,-9.5765062e-02
-0.359812489715297,1.000382579942548,0.0002852530624521077,2366.67418751027,2.5248101e-03,820236,1178.13597,1562.41190,1.4786925e+05,4.2111092e+01,3.2203987e+03,8.4520426e+00,1.5320148e+05,4.3684479e+01,0,nan,nan,nan,nan,1178.13597,2.7000037e-04,1562.41190,2.5487802e-04,-3.9073848e-03,-9.1831960e-02
-0.35842357910677997,0.999920881646759,0.00028519829683246043,2366.6755764208783,2.5248325e-03,820237,1178.14066,1562.40885,1.4780833e+05,4.2102997e+01,3.2256475e+03,8.4518757e+00,1.5313073e+05,4.3676079e+01,0,nan,nan,nan,nan,1178.14066,2.7015904e-04,1562.40885,2.5495960e-04,1.0977461e-03,-9.5091596e-02
-0.35703466849826293,0.9999862861482264,0.0002852446306218947,2366.676965331487,2.5248548e-03,820238,1178.14279,1562.41431,1.4782725e+05,4.2109825e+01,3.2254019e+03,8.4543419e+00,1.5314070e+05,4.3683163e+01,0,nan,nan,nan,nan,1178.14279,2.7004528e-04,1562.41431,2.5501908e-04,3.2570481e-03,-8.9340068e-02
-0.35564575788976743,0.9998052516973709,0.0002851953971149061,2366.6783542420953,2.5248772e-03,820239,1178.13268,1562.40717,1.4780866e+05,4.2102539e+01,3.2192544e+03,8.4557629e+00,1.5311292e+05,4.3675606e+01,0,nan,nan,nan,nan,1178.13268,2.6983811e-04,1562.40717,2.5502683e-04,-7.4937041e-03,-9.6707612e-02
-0.35425684728215584,0.9994550188625957,0.0002851439241444037,2366.679743152703,2.5248996e-03,820240,1178.14217,1562.40947,1.4771786e+05,4.2094929e+01,3.2348440e+03,8.4652348e+00,1.5305923e+05,4.3667709e+01,0,nan,nan,nan,nan,1178.14217,2.7014787e-04,1562.40947,2.5521489e-04,2.7098064e-03,-9.4556794e-02
-0.35286793690601675,1.0000294774793883,0.000285248784879555,2366.681132063079,2.5249217e-03,820241,1178.13782,1562.41464,1.4783003e+05,4.2110394e+01,3.2242283e+03,8.4613085e+00,1.5314716e+05,4.3683754e+01,0,nan,nan,nan,nan,1178.13782,2.7011437e-04,1562.41464,2.5498064e-04,-2.3402725e-03,-8.9112945e-02
-0.351479026297974,1.0005148395691275,0.00028528674294090145,2366.682520973687,2.5249440e-03,820242,1178.13978,1562.40703,1.4790034e+05,4.2115982e+01,3.2233218e+03,8.4545736e+00,1.5322144e+05,4.3689552e+01,0,nan,nan,nan,nan,1178.13978,2.7002240e-04,1562.40703,2.5480890e-04,-2.4790858e-04,-9.6881755e-02
-0.3500901156903624,1.000146263280154,0.00028525133770573863,2366.6839098842947,2.5249664e-03,820243,1178.13797,1562.41022,1.4787356e+05,4.2110744e+01,3.2176504e+03,8.4515276e+00,1.5316494e+05,4.3684116e+01,0,nan,nan,nan,nan,1178.13797,2.6999298e-04,1562.41022,2.5485989e-04,-1.9105951e-03,-9.4103508e-02
-0.34870120508139263,0.9995465635122696,0.0002852047295810294,2366.6852987949037,2.5249887e-03,820244,1178.13921,1562.41321,1.4775356e+05,4.2103840e+01,3.2245803e+03,8.4646111e+00,1.5307305e+05,4.3676960e+01,0,nan,nan,nan,nan,1178.13921,2.7044490e-04,1562.41321,2.5511000e-04,-4.8368872e-04,-9.0405114e-02
-0.34731229447242284,0.9994923230837632,0.0002851417093546565,2366.6866877055127,2.5250111e-03,820245,1178.13932,1562.40877,1.4772369e+05,4.2094528e+01,3.2347847e+03,8.4635143e+00,1.5306469e+05,4.3667294e+01,0,nan,nan,nan,nan,1178.13932,2.7007356e-04,1562.40877,2.5503436e-04,-6.0266221e-04,-9.5774606e-02
-0.34592338386483285,0.9999453986090536,0.00028525158153018385,2366.6880766161203,2.5250334e-03,820246,1178.13837,1562.41023,1.4782614e+05,4.2110733e+01,3.2243071e+03,8.4698400e+00,1.5313402e+05,4.3684105e+01,0,nan,nan,nan,nan,1178.13837,2.6987950e-04,1562.41023,2.5493922e-04,-2.0273102e-03,-9.4390713e-02
-0.34453447348914645,0.9999595859630087,0.00028518192822293836,2366.689465526496,2.5250555e-03,820247,1178.13909,1562.40794,1.4774998e+05,4.2100433e+01,3.2294817e+03,8.4584436e+00,1.5313612e+05,4.3673424e+01,0,nan,nan,nan,nan,1178.13909,2.7041321e-04,1562.40794,2.5506542e-04,-8.9659641e-04,-9.6717738e-02
-0.3431455628806294,1.000107876003827,0.000285268404917736,2366.6908544371045,2.5250779e-03,820248,1178.14226,1562.41348,1.4783642e+05,4.2113182e+01,3.2245837e+03,8.4682360e+00,1.5315878e+05,4.3686649e+01,0,nan,nan,nan,nan,1178.14226,2.7008785e-04,1562.41348,2.5507118e-04,2.9830621e-03,-9.0055674e-02
-0.34175665227303936,0.9994394147372117,0.000285179662890395,2366.692243347712,2.5251003e-03,820249,1178.13536,1562.41198,1.4776356e+05,4.2100067e+01,3.2321050e+03,8.4610538e+00,1.5305636e+05,4.3673042e+01,0,nan,nan,nan,nan,1178.13536,2.7017549e-04,1562.41198,2.5500541e-04,-4.5607998e-03,-9.1961421e-02
-0.3403677416645223,0.9999864331387583,0.00028527298024212005,2366.6936322583206,2.5251226e-03,820250,1178.13866,1562.41043,1.4784125e+05,4.2113834e+01,3.2341870e+03,8.4609909e+00,1.5314008e+05,4.3687321e+01,0,nan,nan,nan,nan,1178.13866,2.7000275e-04,1562.41043,2.5489714e-04,-1.4727708e-03,-9.3882747e-02
-0.3389788310560053,1.000391726509869,0.0002853262839725688,2366.695021168929,2.5251450e-03,820251,1178.13977,1562.41037,1.4790886e+05,4.2121685e+01,3.2252349e+03,8.4645958e+00,1.5320209e+05,4.3695465e+01,0,nan,nan,nan,nan,1178.13977,2.6994941e-04,1562.41037,2.5490116e-04,-1.0378846e-04,-9.4126672e-02
-0.3375899206807932,1.0001446435280488,0.0002852347214285095,2366.6964100793043,2.5251671e-03,820252,1178.13974,1562.40730,1.4782698e+05,4.2108150e+01,3.2262192e+03,8.4628420e+00,1.5316419e+05,4.3681427e+01,0,nan,nan,nan,nan,1178.13974,2.7017822e-04,1562.40730,2.5494013e-04,7.2259303e-05,-9.6737653e-02
-0.3362010100736343,0.9999193763364368,0.0002852027302222903,2366.6977989899115,2.5251894e-03,820253,1178.13864,1562.41495,1.4777936e+05,4.2103409e+01,3.2214856e+03,8.4571514e+00,1.5312964e+05,4.3676510e+01,0,nan,nan,nan,nan,1178.13864,2.7036711e-04,1562.41495,2.5502930e-04,-1.1222810e-03,-8.9036688e-02
-0.33481209946511725,1.0000012887802907,0.0002852127621765507,2366.69918790052,2.5252118e-03,820254,1178.14183,1562.40660,1.4781998e+05,4.2104877e+01,3.2273069e+03,8.4579992e+00,1.5314212e+05,4.3678032e+01,0,nan,nan,nan,nan,1178.14183,2.7015636e-04,1562.40660,2.5490267e-04,1.7649115e-03,-9.7485229e-02
-0.3334231888566218,1.0004144593721827,0.0002852582985536536,2366.7005768111285,2.5252341e-03,820255,1178.13382,1562.40981,1.4788891e+05,4.2111580e+01,3.2262810e+03,8.4503365e+00,1.5320534e+05,4.3684990e+01,0,nan,nan,nan,nan,1178.13382,2.6994589e-04,1562.40981,2.5482109e-04,-6.6262726e-03,-9.4585963e-02
-0.3320342784809354,1.000203621452396,0.00028525532330284586,2366.701965721504,2.5252562e-03,820256,1178.14342,1562.41004,1.4784195e+05,4.2111126e+01,3.2234045e+03,8.4546318e+00,1.5317298e+05,4.3684517e+01,0,nan,nan,nan,nan,1178.14342,2.7004530e-04,1562.41004,2.5481725e-04,4.0032244e-03,-9.4015673e-02
-0.3306453678728711,0.9997874038346422,0.00028524879815744985,2366.703354632112,2.5252786e-03,820257,1178.13974,1562.41125,1.4782420e+05,4.2110149e+01,3.2283342e+03,8.4686823e+00,1.5310919e+05,4.3683498e+01,0,nan,nan,nan,nan,1178.13974,2.7003587e-04,1562.41125,2.5486646e-04,3.8615792e-05,-9.2699751e-02
-0.32925645726482833,0.9995682247956007,0.0002851332882339054,2366.7047435427203,2.5253010e-03,820258,1178.13934,1562.41157,1.4772892e+05,4.2093079e+01,3.2200046e+03,8.4523754e+00,1.5307556e+05,4.3665794e+01,0,nan,nan,nan,nan,1178.13934,2.7045718e-04,1562.41157,2.5515474e-04,3.1344360e-05,-9.2008695e-02
-0.3278675466563113,0.9998082645581327,0.0002851784773002776,2366.706132453329,2.5253233e-03,820259,1178.13816,1562.40969,1.4779934e+05,4.2099735e+01,3.2234221e+03,8.4475346e+00,1.5311227e+05,4.3672695e+01,0,nan,nan,nan,nan,1178.13816,2.7004333e-04,1562.40969,2.5484324e-04,-1.8023143e-03,-9.4574630e-02
-0.3264786362806249,0.9997036390651388,0.00028522427787464814,2366.7075213637045,2.5253454e-03,820260,1178.13680,1562.41192,1.4778194e+05,4.2106480e+01,3.2237903e+03,8.4704304e+00,1.5309619e+05,4.3679691e+01,0,nan,nan,nan,nan,1178.13680,2.7023931e-04,1562.41192,2.5508509e-04,-3.1205155e-03,-9.2385441e-02
-0.3250897256730133,1.0005719844229133,0.0002853159719349523,2366.708910274312,2.5253678e-03,820261,1178.14099,1562.40806,1.4790319e+05,4.2119995e+01,3.2250662e+03,8.4599581e+00,1.5322911e+05,4.3693718e+01,0,nan,nan,nan,nan,1178.14099,2.7025753e-04,1562.40806,2.5494091e-04,1.5929055e-03,-9.5927961e-02
-0.32370081506406506,0.999868023222623,0.00028520666175360545,2366.710299184921,2.5253901e-03,820262,1178.13648,1562.41232,1.4776583e+05,4.2103844e+01,3.2367014e+03,8.4604788e+00,1.5312123e+05,4.3676960e+01,0,nan,nan,nan,nan,1178.13648,2.7027563e-04,1562.41232,2.5512648e-04,-3.2538781e-03,-9.1390446e-02
-0.322311904455548,1.0000702211687835,0.0002852423066605686,2366.7116880955296,2.5254125e-03,820263,1178.14584,1562.40775,1.4780144e+05,4.2109093e+01,3.2302561e+03,8.4814825e+00,1.5315214e+05,4.3682404e+01,0,nan,nan,nan,nan,1178.14584,2.7016678e-04,1562.40775,2.5500628e-04,6.3503352e-03,-9.6564688e-02
-0.3209229940803144,0.9999431890074622,0.00028516823872581866,2366.713077005905,2.5254346e-03,820264,1178.13852,1562.41085,1.4777319e+05,4.2098141e+01,3.2233494e+03,8.4545536e+00,1.5313262e+05,4.3671043e+01,0,nan,nan,nan,nan,1178.13852,2.7033468e-04,1562.41085,2.5501655e-04,-1.4482042e-03,-9.3615837e-02
-0.31953408347227163,0.9998520363190747,0.00028523071555773327,2366.714465916513,2.5254569e-03,820265,1178.13822,1562.41079,1.4777038e+05,4.2107349e+01,3.2364080e+03,8.4727583e+00,1.5311861e+05,4.3680595e+01,0,nan,nan,nan,nan,1178.13822,2.7027034e-04,1562.41079,2.5501515e-04,-1.1113270e-03,-9.3637809e-02
-0.31814517286330185,0.9998768059237438,0.00028522593864366026,2366.715854827122,2.5254793e-03,820266,1178.13948,1562.41309,1.4778244e+05,4.2106625e+01,3.2360415e+03,8.4621105e+00,1.5312234e+05,4.3679844e+01,0,nan,nan,nan,nan,1178.13948,2.7006844e-04,1562.41309,2.5509467e-04,-2.8061797e-04,-9.0787895e-02
-0.31675626248761546,1.0001430752718292,0.00028525302800220625,2366.7172437374975,2.5255014e-03,820267,1178.14167,1562.41067,1.4784192e+05,4.2110611e+01,3.2248586e+03,8.4633846e+00,1.5316306e+05,4.3683975e+01,0,nan,nan,nan,nan,1178.14167,2.7005517e-04,1562.41067,2.5487455e-04,2.0182226e-03,-9.3178712e-02
-0.31536735187955117,1.0000100831719334,0.00028518213210481123,2366.7186326481055,2.5255238e-03,820268,1178.13696,1562.41259,1.4775778e+05,4.2100128e+01,3.2175471e+03,8.4523811e+00,1.5314262e+05,4.3673103e+01,0,nan,nan,nan,nan,1178.13696,2.7007938e-04,1562.41259,2.5516842e-04,-3.3816276e-03,-9.0978898e-02
-0.31397844127150837,0.9998280992541626,0.0002851994431533997,2366.7200215587136,2.5255461e-03,820269,1178.14251,1562.40440,1.4779509e+05,4.2102665e+01,3.2293730e+03,8.4588623e+00,1.5311470e+05,4.3675735e+01,0,nan,nan,nan,nan,1178.14251,2.7010811e-04,1562.40440,2.5497199e-04,3.0242798e-03,-9.9930122e-02
-0.312589530895822,0.9998156176458838,0.0002852526655157386,2366.7214104690893,2.5255682e-03,820270,1178.14018,1562.40987,1.4784059e+05,4.2110500e+01,3.2305823e+03,8.4536562e+00,1.5311273e+05,4.3683868e+01,0,nan,nan,nan,nan,1178.14018,2.7002080e-04,1562.40987,2.5490645e-04,3.9975316e-04,-9.4148234e-02
-0.3112006202877577,0.9997971753059098,0.0002852335991616098,2366.7227993796973,2.5255906e-03,820271,1178.13994,1562.41485,1.4777372e+05,4.2107670e+01,3.2330288e+03,8.4703054e+00,1.5310984e+05,4.3680931e+01,0,nan,nan,nan,nan,1178.13994,2.7018547e-04,1562.41485,2.5503189e-04,-1.5190573e-04,-8.8724621e-02
-0.30981170967971494,0.9996902853123051,0.0002851546121751555,2366.7241882903054,2.5256129e-03,820272,1178.13846,1562.40787,1.4775542e+05,4.2095997e+01,3.2188782e+03,8.4516659e+00,1.5309342e+05,4.3668819e+01,0,nan,nan,nan,nan,1178.13846,2.7018951e-04,1562.40787,2.5504889e-04,-1.6999393e-03,-9.5998727e-02
-0.30842279930402855,1.0004280493063318,0.0002852981073061263,2366.725577200681,2.5256351e-03,820273,1178.13937,1562.41266,1.4790256e+05,4.2117165e+01,3.2257849e+03,8.4546585e+00,1.5320634e+05,4.3690777e+01,0,nan,nan,nan,nan,1178.13937,2.6997726e-04,1562.41266,2.5481419e-04,-5.6492543e-04,-9.1577269e-02
-0.30703388869505877,1.0000294733901944,0.00028527598438664623,2366.72696611129,2.5256574e-03,820274,1178.13983,1562.40788,1.4782850e+05,4.2113884e+01,3.2392966e+03,8.4721489e+00,1.5314525e+05,4.3687370e+01,0,nan,nan,nan,nan,1178.13983,2.7026131e-04,1562.40788,2.5488171e-04,3.0348095e-04,-9.6215814e-02
-0.3056449780869944,0.999317338517068,0.0002851114663496261,2366.728355021898,2.5256798e-03,820275,1178.14013,1562.41352,1.4766425e+05,4.2089581e+01,3.2263789e+03,8.4596939e+00,1.5303612e+05,4.3662163e+01,0,nan,nan,nan,nan,1178.14013,2.7045267e-04,1562.41352,2.5523046e-04,4.6066515e-04,-9.0079404e-02
-0.3042560677117823,1.0000612379916236,0.0002852404096049454,2366.7297439322733,2.5257019e-03,820276,1178.14052,1562.41047,1.4781417e+05,4.2108597e+01,3.2303926e+03,8.4636497e+00,1.5314998e+05,4.3681889e+01,0,nan,nan,nan,nan,1178.14052,2.7018914e-04,1562.41047,2.5493547e-04,9.0807251e-04,-9.3399331e-02
-0.3028671571032653,0.999934315393397,0.0002852128142113763,2366.731132842882,2.5257242e-03,820277,1178.13481,1562.40793,1.4779533e+05,4.2104504e+01,3.2354370e+03,8.4677153e+00,1.5313050e+05,4.3677647e+01,0,nan,nan,nan,nan,1178.13481,2.7009670e-04,1562.40793,2.5503160e-04,-5.5449205e-03,-9.6099630e-02
-0.301478246495201,1.0002973060677132,0.00028525462595361444,2366.73252175349,2.5257466e-03,820278,1178.13920,1562.41268,1.4785061e+05,4.2110664e+01,3.2298838e+03,8.4591799e+00,1.5318603e+05,4.3684032e+01,0,nan,nan,nan,nan,1178.13920,2.7012636e-04,1562.41268,2.5490054e-04,-7.1896036e-04,-9.1149032e-02
-0.30008933611998884,1.0002160335471921,0.00028528834686841135,2366.733910663865,2.5257687e-03,820279,1178.14251,1562.40925,1.4787800e+05,4.2115627e+01,3.2234065e+03,8.4666033e+00,1.5317352e+05,4.3689182e+01,0,nan,nan,nan,nan,1178.14251,2.7022377e-04,1562.40925,2.5482755e-04,2.5054177e-03,-9.4821677e-02
-0.2987004255110191,0.9995137222791364,0.00028518563807401537,2366.735299574474,2.5257911e-03,820280,1178.13915,1562.40811,1.4771081e+05,4.2100445e+01,3.2317363e+03,8.4848385e+00,1.5306591e+05,4.3673435e+01,0,nan,nan,nan,nan,1178.13915,2.7028492e-04,1562.40811,2.5508393e-04,-9.3222834e-04,-9.6324809e-02
-0.29731151490250207,1.0001967612150338,0.00028518443557427306,2366.7366884850826,2.5258134e-03,820281,1178.13849,1562.41074,1.4778961e+05,4.2100258e+01,3.2103608e+03,8.4400616e+00,1.5317045e+05,4.3673237e+01,0,nan,nan,nan,nan,1178.13849,2.7060352e-04,1562.41074,2.5513340e-04,-1.5313483e-03,-9.3787819e-02
-0.2959226045272684,0.999063175577503,0.0002850922310539476,2366.738077395458,2.5258355e-03,820282,1178.13913,1562.40819,1.4767852e+05,4.2086628e+01,3.2192488e+03,8.4538698e+00,1.5299680e+05,4.3659100e+01,0,nan,nan,nan,nan,1178.13913,2.7020634e-04,1562.40819,2.5509208e-04,-8.4768707e-04,-9.6150033e-02
-0.2945336939192256,1.0004909776604671,0.00028524497563538914,2366.739466306066,2.5258579e-03,820283,1178.13968,1562.40716,1.4781842e+05,4.2109161e+01,3.2389836e+03,8.4651146e+00,1.5321539e+05,4.3682476e+01,0,nan,nan,nan,nan,1178.13968,2.7069025e-04,1562.40716,2.5500849e-04,-3.5386102e-04,-9.7704530e-02
-0.29314478354353923,1.0003761972773806,0.000285273251065362,2366.7408552164416,2.5258800e-03,820284,1178.13628,1562.41183,1.4787905e+05,4.2113316e+01,3.2183433e+03,8.4498596e+00,1.5319777e+05,4.3686787e+01,0,nan,nan,nan,nan,1178.13628,2.6984527e-04,1562.41183,2.5493689e-04,-3.6676829e-03,-9.1836959e-02
-0.2917558729350222,0.9998492165267239,0.000285194896585055,2366.74224412705,2.5259024e-03,820285,1178.13870,1562.40997,1.4779359e+05,4.2101738e+01,3.2218711e+03,8.4503355e+00,1.5311700e+05,4.3674774e+01,0,nan,nan,nan,nan,1178.13870,2.7017458e-04,1562.40997,2.5496000e-04,-1.0557359e-03,-9.4073221e-02
-0.29036696232650516,0.9997691769901008,0.0002851921768567704,2366.7436330376586,2.5259247e-03,820286,1178.13809,1562.41166,1.4778912e+05,4.2101322e+01,3.2095410e+03,8.4613876e+00,1.5310469e+05,4.3674343e+01,0,nan,nan,nan,nan,1178.13809,2.7017682e-04,1562.41166,2.5497255e-04,-1.0956611e-03,-9.2005640e-02
-0.28897805195174575,1.0004061292738684,0.00028531698051929665,2366.7450219480334,2.5259468e-03,820287,1178.14310,1562.40676,1.4788838e+05,4.2119732e+01,3.2340535e+03,8.4688940e+00,1.5320219e+05,4.3693439e+01,0,nan,nan,nan,nan,1178.14310,2.7018634e-04,1562.40676,2.5491999e-04,3.4318059e-03,-9.6802533e-02
-0.287589141342776,1.0006059081925094,0.00028536617668332867,2366.7464108586423,2.5259692e-03,820288,1178.13581,1562.41017,1.4796006e+05,4.2126976e+01,3.2340054e+03,8.4659595e+00,1.5323272e+05,4.3700954e+01,0,nan,nan,nan,nan,1178.13581,2.6980217e-04,1562.41017,2.5477388e-04,-3.7677214e-03,-9.3668021e-02
-0.2862002309675423,0.9994159758568806,0.0002851033998355399,2366.7477997690175,2.5259913e-03,820289,1178.14250,1562.40770,1.4767670e+05,4.2088169e+01,3.2310735e+03,8.4606342e+00,1.5305044e+05,4.3660698e+01,0,nan,nan,nan,nan,1178.14250,2.7043195e-04,1562.40770,2.5531984e-04,2.9441325e-03,-9.6436165e-02
-0.2848113203594996,1.000399555614961,0.00028528847060878585,2366.7491886796256,2.5260136e-03,820290,1178.13643,1562.41040,1.4784309e+05,4.2115475e+01,3.2324482e+03,8.4764729e+00,1.5320102e+05,4.3689026e+01,0,nan,nan,nan,nan,1178.13643,2.7028503e-04,1562.41040,2.5491638e-04,-3.4327116e-03,-9.4477594e-02
-0.2834224099838132,1.0003201543000977,0.00028522730933871755,2366.7505775900013,2.5260358e-03,820291,1178.13766,1562.41402,1.4784917e+05,4.2106434e+01,3.2127244e+03,8.4430237e+00,1.5318880e+05,4.3679646e+01,0,nan,nan,nan,nan,1178.13766,2.7013337e-04,1562.41402,2.5497284e-04,-2.0626371e-03,-9.0109549e-02
-0.2820334993748434,1.0004062005443173,0.000285251211767544,2366.7519665006103,2.5260581e-03,820292,1178.14456,1562.41259,1.4785633e+05,4.2109943e+01,3.2156509e+03,8.4493389e+00,1.5320192e+05,4.3683289e+01,0,nan,nan,nan,nan,1178.14456,2.7002767e-04,1562.41259,2.5491559e-04,4.5170425e-03,-9.1770150e-02
-0.28064458900008404,0.9993862919865318,0.00028521001208608435,2366.753355410985,2.5260802e-03,820293,1178.13825,1562.40870,1.4777298e+05,4.2103855e+01,3.2364412e+03,8.4726877e+00,1.5304569e+05,4.3676968e+01,0,nan,nan,nan,nan,1178.13825,2.7003582e-04,1562.40870,2.5500223e-04,-1.8489029e-03,-9.5240995e-02
-0.279255678391567,0.9998279077230011,0.0002851735547987556,2366.7547443215935,2.5261026e-03,820294,1178.13820,1562.41387,1.4777745e+05,4.2098454e+01,3.2167278e+03,8.4399128e+00,1.5311327e+05,4.3671368e+01,0,nan,nan,nan,nan,1178.13820,2.7026032e-04,1562.41387,2.5501070e-04,-1.2850708e-03,-8.9987107e-02
-0.2778667677830499,0.9998236462200091,0.00028522955308836885,2366.756133232202,2.5261249e-03,820295,1178.14262,1562.40572,1.4780811e+05,4.2106705e+01,3.2272312e+03,8.4586172e+00,1.5311256e+05,4.3679928e+01,0,nan,nan,nan,nan,1178.14262,2.7004548e-04,1562.40572,2.5496449e-04,3.5714768e-03,-9.8905370e-02
-0.2764778574073635,0.9999589652802194,0.00028529017735629214,2366.7575221425777,2.5261471e-03,820296,1178.13456,1562.41136,1.4784347e+05,4.2115639e+01,3.2345088e+03,8.4739227e+00,1.5313323e+05,4.3689198e+01,0,nan,nan,nan,nan,1178.13456,2.6989295e-04,1562.41136,2.5499065e-04,-5.7363221e-03,-9.2952669e-02
-0.2750889467988681,1.0003311929982082,0.0002852475175457063,2366.7589110531862,2.5261694e-03,820297,1178.14539,1562.40992,1.4787152e+05,4.2109329e+01,3.2106760e+03,8.4448805e+00,1.5319019e+05,4.3682652e+01,0,nan,nan,nan,nan,1178.14539,2.7014894e-04,1562.40992,2.5480156e-04,5.7094819e-03,-9.3868494e-02
-0.27370003642408713,0.9995661732264681,0.00028520660248602985,2366.760299963561,2.5261915e-03,820298,1178.13375,1562.41219,1.4774355e+05,4.2103279e+01,3.2233860e+03,8.4727182e+00,1.5307298e+05,4.3676373e+01,0,nan,nan,nan,nan,1178.13375,2.7012473e-04,1562.41219,2.5505666e-04,-6.0078963e-03,-9.1720849e-02
-0.2723111258155701,0.9999131803884049,0.0002851723503760997,2366.7616888741695,2.5262139e-03,820299,1178.14351,1562.41173,1.4777555e+05,4.2098213e+01,3.2109856e+03,8.4469280e+00,1.5312608e+05,4.3671116e+01,0,nan,nan,nan,nan,1178.14351,2.7015977e-04,1562.41173,2.5502554e-04,4.2296578e-03,-9.2674337e-02
-0.27092221543990525,0.9997368873989388,0.00028519455466686046,2366.763077784545,2.5262360e-03,820300,1178.14178,1562.41310,1.4777669e+05,4.2101475e+01,3.2277175e+03,8.4543591e+00,1.5309903e+05,4.3674503e+01,0,nan,nan,nan,nan,1178.14178,2.7016195e-04,1562.41310,2.5495284e-04,2.2676371e-03,-9.0982370e-02
-0.26953330483229365,1.0000837656132322,0.0002853090108150343,2366.764466695153,2.5262584e-03,820301,1178.13616,1562.41107,1.4785917e+05,4.2118359e+01,3.2334846e+03,8.4620876e+00,1.5315211e+05,4.3692017e+01,0,nan,nan,nan,nan,1178.13616,2.7003622e-04,1562.41107,2.5506853e-04,-4.3094787e-03,-9.3390152e-02
-0.2681443944561545,1.000068205892844,0.0002851971102544948,2366.765855605529,2.5262805e-03,820302,1178.13534,1562.40577,1.4778802e+05,4.2101826e+01,3.2272891e+03,8.4561815e+00,1.5314969e+05,4.3674866e+01,0,nan,nan,nan,nan,1178.13534,2.7020366e-04,1562.40577,2.5499045e-04,-4.9783988e-03,-9.8466814e-02
-0.2667554838471848,1.0005345737181763,0.0002853046954063906,2366.767244516138,2.5263028e-03,820303,1178.14057,1562.41434,1.4790258e+05,4.2117695e+01,3.2285999e+03,8.4592390e+00,1.5322105e+05,4.3691330e+01,0,nan,nan,nan,nan,1178.14057,2.7004050e-04,1562.41434,2.5485264e-04,1.0972999e-03,-8.9354567e-02
-0.26536657347242537,0.9997924086430447,0.0002851440458560217,2366.7686334265127,2.5263249e-03,820304,1178.13959,1562.41164,1.4772100e+05,4.2093975e+01,3.2201541e+03,8.4589462e+00,1.5310736e+05,4.3666718e+01,0,nan,nan,nan,nan,1178.13959,2.7035797e-04,1562.41164,2.5502840e-04,-4.3640411e-04,-9.2322528e-02
-0.2639776628643611,0.9993609968741762,0.00028509555381182183,2366.7700223371207,2.5263473e-03,820305,1178.14077,1562.41151,1.4769497e+05,4.2086800e+01,3.2170010e+03,8.4446678e+00,1.5304125e+05,4.3659279e+01,0,nan,nan,nan,nan,1178.14077,2.7033288e-04,1562.41151,2.5511085e-04,7.0767628e-04,-9.2335090e-02
-0.26258875248822194,1.0005516190086254,0.00028532801108157587,2366.771411247497,2.5263694e-03,820306,1178.14432,1562.40792,1.4793525e+05,4.2121101e+01,3.2240110e+03,8.4538736e+00,1.5322353e+05,4.3694862e+01,0,nan,nan,nan,nan,1178.14432,2.7005153e-04,1562.40792,2.5484688e-04,4.5446195e-03,-9.6431956e-02
-0.26119984187972645,0.9996916052846824,0.0002852004455862264,2366.7728001581054,2.5263918e-03,820307,1178.13804,1562.40468,1.4773742e+05,4.2102261e+01,3.2330559e+03,8.4808073e+00,1.5309180e+05,4.3675316e+01,0,nan,nan,nan,nan,1178.13804,2.7046536e-04,1562.40468,2.5511940e-04,-1.5451517e-03,-9.9674679e-02
-0.2598109315049455,1.0005824235982252,0.0002852783969608082,2366.77418906848,2.5264139e-03,820308,1178.14476,1562.41603,1.4788669e+05,4.2113758e+01,3.2184219e+03,8.4566603e+00,1.5322817e+05,4.3687244e+01,0,nan,nan,nan,nan,1178.14476,2.7001207e-04,1562.41603,2.5491155e-04,5.5000409e-03,-8.7302700e-02
-0.2584220211306173,0.9995129597070015,0.00028519954483892997,2366.7755779788545,2.5264360e-03,820309,1178.13494,1562.40529,1.4774725e+05,4.2102100e+01,3.2304741e+03,8.4700308e+00,1.5306436e+05,4.3675156e+01,0,nan,nan,nan,nan,1178.13494,2.7014388e-04,1562.40529,2.5509851e-04,-4.9337689e-03,-9.9012420e-02
-0.2570331105216691,0.9994730966335379,0.0002851452239776656,2366.7769668894634,2.5264584e-03,820310,1178.14394,1562.41339,1.4772405e+05,4.2094078e+01,3.2262507e+03,8.4568539e+00,1.5305822e+05,4.3666828e+01,0,nan,nan,nan,nan,1178.14394,2.7040107e-04,1562.41339,2.5510322e-04,4.3824557e-03,-9.1192096e-02
-0.25564420014688816,0.9996331292001083,0.00028525038062919225,2366.778355799838,2.5264805e-03,820311,1178.13725,1562.41198,1.4780281e+05,4.2109589e+01,3.2290894e+03,8.4710846e+00,1.5308269e+05,4.3682919e+01,0,nan,nan,nan,nan,1178.13725,2.6993299e-04,1562.41198,2.5493285e-04,-2.0084127e-03,-9.2282586e-02
-0.2542552895388238,1.001185495401882,0.00028537232743478506,2366.7797447104463,2.5265028e-03,820312,1178.13697,1562.40985,1.4798481e+05,4.2127579e+01,3.2213140e+03,8.4430084e+00,1.5332038e+05,4.3701584e+01,0,nan,nan,nan,nan,1178.13697,2.6969492e-04,1562.40985,2.5483136e-04,-3.1318171e-03,-9.4841681e-02
-0.25286637916270627,0.9999226599047127,0.00028525601378493663,2366.7811336208224,2.5265249e-03,820313,1178.14201,1562.41040,1.4781439e+05,4.2110401e+01,3.2382480e+03,8.4620733e+00,1.5312695e+05,4.3683762e+01,0,nan,nan,nan,nan,1178.14201,2.7008404e-04,1562.41040,2.5497959e-04,2.2740152e-03,-9.3433589e-02
-0.25147746855418923,1.0003039723257963,0.0002852705994026135,2366.782522531431,2.5265473e-03,820314,1178.13816,1562.41255,1.4784670e+05,4.2112541e+01,3.2327681e+03,8.4616528e+00,1.5318531e+05,4.3685986e+01,0,nan,nan,nan,nan,1178.13816,2.7007557e-04,1562.41255,2.5493297e-04,-1.5375296e-03,-9.1455780e-02
-0.25008855817895553,0.999792990623197,0.0002851959852533345,2366.783911441806,2.5265694e-03,820315,1178.14354,1562.41075,1.4777814e+05,4.2101521e+01,3.2288379e+03,8.4533768e+00,1.5310703e+05,4.3674549e+01,0,nan,nan,nan,nan,1178.14354,2.7033090e-04,1562.41075,2.5499242e-04,3.8273535e-03,-9.4202392e-02
-0.24869964757091279,0.9991863423003962,0.00028510390791761027,2366.785300352414,2.5265918e-03,820316,1178.13696,1562.40922,1.4766483e+05,4.2087921e+01,3.2169893e+03,8.4526110e+00,1.5301409e+05,4.3660442e+01,0,nan,nan,nan,nan,1178.13696,2.7044301e-04,1562.40922,2.5514583e-04,-2.7404258e-03,-9.5239781e-02
-0.2473107371952264,0.9998375086407598,0.00028521586344758466,2366.78668926279,2.5266139e-03,820317,1178.13825,1562.41233,1.4775900e+05,4.2104443e+01,3.2296409e+03,8.4768696e+00,1.5311378e+05,4.3677578e+01,0,nan,nan,nan,nan,1178.13825,2.7027194e-04,1562.41233,2.5502587e-04,-1.8189718e-03,-9.1711439e-02
-0.24592182681954,1.0002680846896657,0.00028525360670295915,2366.7880781731656,2.5266360e-03,820318,1178.14216,1562.40773,1.4788269e+05,4.2110001e+01,3.2106423e+03,8.4410686e+00,1.5317969e+05,4.3683346e+01,0,nan,nan,nan,nan,1178.14216,2.7010348e-04,1562.40773,2.5485703e-04,2.4606367e-03,-9.6335739e-02
-0.2445329162119284,1.0004055952551325,0.00028529044583432443,2366.789467083773,2.5266584e-03,820319,1178.14113,1562.41199,1.4783709e+05,4.2115429e+01,3.2401968e+03,8.4635687e+00,1.5320072e+05,4.3688980e+01,0,nan,nan,nan,nan,1178.14113,2.7045651e-04,1562.41199,2.5495322e-04,1.3904091e-03,-9.1950648e-02
-0.24314400583626358,1.0001586715433293,0.0002852520540097153,2366.790855994149,2.5266805e-03,820320,1178.13476,1562.40958,1.4782523e+05,4.2109756e+01,3.2294119e+03,8.4687328e+00,1.5316288e+05,4.3683094e+01,0,nan,nan,nan,nan,1178.13476,2.7004918e-04,1562.40958,2.5496096e-04,-5.4272641e-03,-9.4803616e-02
-0.2417550952272938,0.9994826720094604,0.00028516217849730395,2366.792244904758,2.5267028e-03,820321,1178.14024,1562.41242,1.4772692e+05,4.2096481e+01,3.2347078e+03,8.4553576e+00,1.5305933e+05,4.3669323e+01,0,nan,nan,nan,nan,1178.14024,2.7019324e-04,1562.41242,2.5505378e-04,2.2291376e-04,-9.1556989e-02
-0.24036618485206013,1.0001852398289754,0.0002852457204871562,2366.793633815133,2.5267249e-03,820322,1178.13720,1562.41030,1.4782044e+05,4.2108810e+01,3.2288162e+03,8.4536676e+00,1.5316689e+05,4.3682110e+01,0,nan,nan,nan,nan,1178.13720,2.7025075e-04,1562.41030,2.5497234e-04,-3.0399626e-03,-9.4156049e-02
-0.23897727447684802,0.9998879910853563,0.00028515450213910794,2366.7950227255083,2.5267471e-03,820323,1178.14609,1562.40880,1.4776569e+05,4.2095333e+01,3.2145479e+03,8.4440775e+00,1.5312134e+05,4.3668133e+01,0,nan,nan,nan,nan,1178.14609,2.7015372e-04,1562.40880,2.5495383e-04,6.0186568e-03,-9.5737346e-02
-0.23758836386787827,0.9998209742759493,0.00028520960721816645,2366.796411636117,2.5267694e-03,820324,1178.13106,1562.41133,1.4781086e+05,4.2103462e+01,3.2171531e+03,8.4500847e+00,1.5311106e+05,4.3676563e+01,0,nan,nan,nan,nan,1178.13106,2.7011300e-04,1562.41133,2.5499144e-04,-9.6185468e-03,-9.2517808e-02
-0.23619945349219187,0.9997475727367259,0.0002851885499060789,2366.797800546493,2.5267915e-03,820325,1178.14335,1562.40911,1.4776155e+05,4.2100353e+01,3.2203862e+03,8.4635820e+00,1.5309980e+05,4.3673336e+01,0,nan,nan,nan,nan,1178.14335,2.7024504e-04,1562.40911,2.5498905e-04,3.7276996e-03,-9.4956249e-02
-0.23481054311741092,1.0011387438134012,0.00028537973240186506,2366.7991894568677,2.5268137e-03,820326,1178.14091,1562.41105,1.4799464e+05,4.2128563e+01,3.2110171e+03,8.4493275e+00,1.5331283e+05,4.3702606e+01,0,nan,nan,nan,nan,1178.14091,2.6986154e-04,1562.41105,2.5462979e-04,1.5264882e-03,-9.2952706e-02
-0.23342163250891543,1.0000530606757827,0.00028529013527542406,2366.800578367476,2.5268360e-03,820327,1178.13377,1562.41403,1.4784038e+05,4.2115334e+01,3.2371860e+03,8.4757862e+00,1.5314653e+05,4.3688877e+01,0,nan,nan,nan,nan,1178.13377,2.7009519e-04,1562.41403,2.5506565e-04,-6.5445332e-03,-8.9725755e-02
-0.23203272213322904,1.0004720617477219,0.0002852689842224665,2366.801967277852,2.5268581e-03,820328,1178.13988,1562.40831,1.4785955e+05,4.2112209e+01,3.2245781e+03,8.4563293e+00,1.5321069e+05,4.3685635e+01,0,nan,nan,nan,nan,1178.13988,2.7006085e-04,1562.40831,2.5490767e-04,-4.6220279e-04,-9.6314192e-02
-0.23064381175799537,1.0003199564308805,0.00028525563035904853,2366.803356188227,2.5268802e-03,820329,1178.14054,1562.40764,1.4787112e+05,4.2110226e+01,3.2137676e+03,8.4491329e+00,1.5318738e+05,4.3683582e+01,0,nan,nan,nan,nan,1178.14054,2.6994589e-04,1562.40764,2.5494152e-04,3.7310619e-04,-9.6536323e-02
-0.22925490114995262,1.0001575919535048,0.00028525539936564287,2366.804745098835,2.5269026e-03,820330,1178.13556,1562.41341,1.4782798e+05,4.2110191e+01,3.2177944e+03,8.4674349e+00,1.5316250e+05,4.3683544e+01,0,nan,nan,nan,nan,1178.13556,2.7017412e-04,1562.41341,2.5497205e-04,-4.3272260e-03,-9.0491183e-02
-0.22786599077426622,0.9999728096064331,0.00028517181756457054,2366.806134009211,2.5269247e-03,820331,1178.14156,1562.41129,1.4778088e+05,4.2097851e+01,3.2071111e+03,8.4487162e+00,1.5313417e+05,4.3670742e+01,0,nan,nan,nan,nan,1178.14156,2.7015299e-04,1562.41129,2.5503631e-04,1.9931747e-03,-9.2781365e-02
-0.22647708039812708,1.0005498423416008,0.00028530519014761897,2366.807522919587,2.5269468e-03,820332,1178.14014,1562.40918,1.4791659e+05,4.2117535e+01,3.2100852e+03,8.4600534e+00,1.5322253e+05,4.3691162e+01,0,nan,nan,nan,nan,1178.14014,2.6985694e-04,1562.40918,2.5481379e-04,5.1477324e-04,-9.4939239e-02
-0.22508816979006277,0.999892108460117,0.00028521191283143143,2366.808911830195,2.5269692e-03,820333,1178.13461,1562.41221,1.4780338e+05,4.2103760e+01,3.2107158e+03,8.4495821e+00,1.5312180e+05,4.3676872e+01,0,nan,nan,nan,nan,1178.13461,2.7004254e-04,1562.41221,2.5493189e-04,-5.5149724e-03,-9.1790102e-02
-0.2236992594153034,1.0003642868753175,0.00028523559485253475,2366.81030074057,2.5269913e-03,820334,1178.14569,1562.40399,1.4784575e+05,4.2107254e+01,3.2155339e+03,8.4544544e+00,1.5319409e+05,4.3680496e+01,0,nan,nan,nan,nan,1178.14569,2.7025997e-04,1562.40399,2.5470505e-04,6.4825099e-03,-9.9640809e-02
-0.22231034903916427,1.0002897351400382,0.00028521800772026584,2366.811689650946,2.5270134e-03,820335,1178.13598,1562.41321,1.4783519e+05,4.2104652e+01,3.2076228e+03,8.4542074e+00,1.5318267e+05,4.3677799e+01,0,nan,nan,nan,nan,1178.13598,2.7007406e-04,1562.41321,2.5505613e-04,-4.0509589e-03,-9.0348363e-02
-0.2209214384301945,1.0001330448342063,0.0002852189563774152,2366.813078561555,2.5270358e-03,820336,1178.13813,1562.40990,1.4780903e+05,4.2104794e+01,3.2270300e+03,8.4603252e+00,1.5315866e+05,4.3677944e+01,0,nan,nan,nan,nan,1178.13813,2.7030348e-04,1562.40990,2.5502284e-04,-2.0567914e-03,-9.4833888e-02
-0.21953252805541357,1.0003779396667312,0.0002852423987098979,2366.8144674719297,2.5270579e-03,820337,1178.14024,1562.40963,1.4783458e+05,4.2108250e+01,3.2226328e+03,8.4504356e+00,1.5319616e+05,4.3681530e+01,0,nan,nan,nan,nan,1178.14024,2.7021638e-04,1562.40963,2.5502936e-04,3.6247031e-04,-9.4722316e-02
-0.2181436176797487,0.9995717582566513,0.00028510283744203886,2366.8158563823054,2.5270800e-03,820338,1178.13654,1562.41125,1.4770039e+05,4.2087650e+01,3.2201372e+03,8.4496918e+00,1.5307269e+05,4.3660156e+01,0,nan,nan,nan,nan,1178.13654,2.7058821e-04,1562.41125,2.5509222e-04,-3.4216931e-03,-9.2698865e-02
-0.21675470707123168,1.000395663007834,0.00028531549747616363,2366.817245292914,2.5271024e-03,820339,1178.13813,1562.41093,1.4789995e+05,4.2119038e+01,3.2161741e+03,8.4630003e+00,1.5319886e+05,4.3692722e+01,0,nan,nan,nan,nan,1178.13813,2.7000191e-04,1562.41093,2.5491041e-04,-2.1924740e-03,-9.3379043e-02
-0.21536579669645073,1.000026640399888,0.00028524874517792896,2366.8186342032886,2.5271245e-03,820340,1178.14119,1562.41366,1.4781112e+05,4.2109180e+01,3.2204766e+03,8.4688101e+00,1.5314234e+05,4.3682495e+01,0,nan,nan,nan,nan,1178.14119,2.7005593e-04,1562.41366,2.5495389e-04,1.2776705e-03,-9.0011418e-02
-0.2139768863207859,0.9996405039674985,0.0002851660134290236,2366.8200231136643,2.5271466e-03,820341,1178.13797,1562.40869,1.4770333e+05,4.2096970e+01,3.2244719e+03,8.4739943e+00,1.5308320e+05,4.3669827e+01,0,nan,nan,nan,nan,1178.13797,2.7042357e-04,1562.40869,2.5518090e-04,-1.9317914e-03,-9.5340237e-02
-0.2125879759450995,1.000541984890136,0.0002853125753788837,2366.82141202404,2.5271687e-03,820342,1178.13973,1562.40886,1.4788450e+05,4.2118599e+01,3.2360076e+03,8.4725523e+00,1.5322125e+05,4.3692268e+01,0,nan,nan,nan,nan,1178.13973,2.7005048e-04,1562.40886,2.5490855e-04,-5.3343317e-04,-9.5450215e-02
-0.21119906533658245,1.0000377617630454,0.00028516109955093605,2366.8228009346485,2.5271911e-03,820343,1178.13824,1562.41460,1.4774042e+05,4.2096241e+01,3.2270044e+03,8.4592571e+00,1.5314403e+05,4.3669071e+01,0,nan,nan,nan,nan,1178.13824,2.7036841e-04,1562.41460,2.5513078e-04,-2.0886366e-03,-8.9800537e-02
-0.20981015496089606,0.9992415437162261,0.000285102108066586,2366.824189845024,2.5272132e-03,820344,1178.13620,1562.41284,1.4768047e+05,4.2087532e+01,3.2206055e+03,8.4482422e+00,1.5302211e+05,4.3660042e+01,0,nan,nan,nan,nan,1178.13620,2.7039883e-04,1562.41284,2.5509673e-04,-3.4322303e-03,-9.1606505e-02
-0.20842124458613667,0.9997623859672276,0.0002851843761679911,2366.825578755399,2.5272353e-03,820345,1178.14268,1562.41106,1.4777112e+05,4.2099678e+01,3.2240122e+03,8.4601307e+00,1.5310188e+05,4.3672638e+01,0,nan,nan,nan,nan,1178.14268,2.7007886e-04,1562.41106,2.5508931e-04,3.3141216e-03,-9.3233608e-02
-0.20703233420999756,0.9992979513944737,0.0002851536963222364,2366.826967665775,2.5272574e-03,820346,1178.13991,1562.41285,1.4770542e+05,4.2095150e+01,3.2369197e+03,8.4580011e+00,1.5303075e+05,4.3667942e+01,0,nan,nan,nan,nan,1178.13991,2.7021702e-04,1562.41285,2.5514886e-04,-6.4162532e-04,-9.1218963e-02
-0.20564342360148052,1.0001788280070691,0.0002852026376314213,2366.8283565763836,2.5272798e-03,820347,1178.14021,1562.40898,1.4778081e+05,4.2102375e+01,3.2193218e+03,8.4601612e+00,1.5316566e+05,4.3675438e+01,0,nan,nan,nan,nan,1178.14021,2.7027522e-04,1562.40898,2.5503049e-04,-7.2255854e-05,-9.5306732e-02
-0.2042545132262684,0.9996728345174044,0.0002852117938561293,2366.829745486759,2.5273019e-03,820348,1178.13784,1562.41505,1.4777450e+05,4.2103729e+01,3.2278147e+03,8.4647083e+00,1.5308817e+05,4.3676842e+01,0,nan,nan,nan,nan,1178.13784,2.7010861e-04,1562.41505,2.5498655e-04,-2.3259656e-03,-8.9244179e-02
-0.20286560285103472,1.000538376624572,0.00028526253467330145,2366.831134397134,2.5273240e-03,820349,1178.13809,1562.40602,1.4787702e+05,4.2111225e+01,3.2206577e+03,8.4469633e+00,1.5322072e+05,4.3684612e+01,0,nan,nan,nan,nan,1178.13809,2.7014309e-04,1562.40602,2.5478628e-04,-1.3486575e-03,-9.7919434e-02
-0.2014766924748956,0.9998256094927862,0.00028526478884787393,2366.83252330751,2.5273461e-03,820350,1178.13777,1562.40770,1.4784395e+05,4.2111561e+01,3.2321895e+03,8.4637804e+00,1.5311158e+05,4.3684963e+01,0,nan,nan,nan,nan,1178.13777,2.7009755e-04,1562.40770,2.5496646e-04,-2.6346126e-03,-9.6069887e-02
-0.20008778186730558,0.9996511523988448,0.0002851668127246889,2366.833912218118,2.5273685e-03,820351,1178.13759,1562.41582,1.4774081e+05,4.2097095e+01,3.2320356e+03,8.4613924e+00,1.5308488e+05,4.3669960e+01,0,nan,nan,nan,nan,1178.13759,2.7025107e-04,1562.41582,2.5517045e-04,-2.5906267e-03,-8.7920472e-02
-0.1986988714916192,1.000757755892093,0.00028531361252671857,2366.8353011284935,2.5273906e-03,820352,1178.14190,1562.40692,1.4788345e+05,4.2118767e+01,3.2348992e+03,8.4744053e+00,1.5325434e+05,4.3692444e+01,0,nan,nan,nan,nan,1178.14190,2.7028090e-04,1562.40692,2.5493192e-04,1.5458971e-03,-9.7771563e-02
-0.19592105074024638,0.9996308838111837,0.0002851531819183263,2366.838078949245,2.5274348e-03,820354,1178.14010,1562.41129,1.4773091e+05,4.2095097e+01,3.2176472e+03,8.4697056e+00,1.5308181e+05,4.3667885e+01,0,nan,nan,nan,nan,1178.14010,2.7032831e-04,1562.41129,2.5509897e-04,-8.0592334e-05,-9.2873015e-02
-0.19453214036503427,1.0003998801126153,0.00028529654033578375,2366.83946785962,2.5274570e-03,820355,1178.13506,1562.40606,1.4787616e+05,4.2116264e+01,3.2338489e+03,8.4619541e+00,1.5319959e+05,4.3689842e+01,0,nan,nan,nan,nan,1178.13506,2.7008000e-04,1562.40606,2.5486635e-04,-5.1617259e-03,-9.8652393e-02
-0.19314322975696996,0.9998171120890774,0.0002852267229866126,2366.840856770228,2.5274793e-03,820356,1178.13791,1562.41489,1.4779933e+05,4.2105957e+01,3.2342385e+03,8.4581976e+00,1.5311036e+05,4.3679153e+01,0,nan,nan,nan,nan,1178.13791,2.7009178e-04,1562.41489,2.5508919e-04,-1.9556100e-03,-8.9210801e-02
-0.19175431938128357,1.0001841405664056,0.00028524854590146107,2366.842245680604,2.5275014e-03,820357,1178.14172,1562.41075,1.4784306e+05,4.2109184e+01,3.2220510e+03,8.4569235e+00,1.5316658e+05,4.3682503e+01,0,nan,nan,nan,nan,1178.14172,2.7009181e-04,1562.41075,2.5494795e-04,2.5297685e-03,-9.3966275e-02
-0.1903654090056187,1.0001043897944029,0.0002852422536993382,2366.8436345909795,2.5275236e-03,820358,1178.13823,1562.41468,1.4780631e+05,4.2108269e+01,3.2244087e+03,8.4603138e+00,1.5315439e+05,4.3681545e+01,0,nan,nan,nan,nan,1178.13823,2.7006210e-04,1562.41468,2.5502619e-04,-1.7227868e-03,-8.9147888e-02
-0.1889764986308378,0.9994100229750427,0.0002851614575699849,2366.8450235013543,2.5275457e-03,820359,1178.13743,1562.40785,1.4775122e+05,4.2096340e+01,3.2224885e+03,8.4552031e+00,1.5304808e+05,4.3669174e+01,0,nan,nan,nan,nan,1178.13743,2.7018675e-04,1562.40785,2.5495229e-04,-2.0138985e-03,-9.6376866e-02
-0.18758758825469865,1.0000834950837996,0.00028522948738787844,2366.8464124117304,2.5275678e-03,820360,1178.13852,1562.40955,1.4781684e+05,4.2106388e+01,3.2320046e+03,8.4599276e+00,1.5315123e+05,4.3679600e+01,0,nan,nan,nan,nan,1178.13852,2.7012156e-04,1562.40955,2.5487403e-04,-1.2756116e-03,-9.4824575e-02
-0.18619867787901226,0.9998392195241198,0.00028521524301151565,2366.847801322106,2.5275899e-03,820361,1178.13937,1562.41377,1.4776600e+05,4.2104294e+01,3.2286819e+03,8.4633226e+00,1.5311384e+05,4.3677425e+01,0,nan,nan,nan,nan,1178.13937,2.7016905e-04,1562.41377,2.5507045e-04,-6.9333788e-04,-9.0444848e-02
-0.1848097672709695,1.0000449243606102,0.0002852542822188594,2366.849190232714,2.5276123e-03,820362,1178.14022,1562.41204,1.4784031e+05,4.2110062e+01,3.2244128e+03,8.4522972e+00,1.5314538e+05,4.3683411e+01,0,nan,nan,nan,nan,1178.14022,2.7021111e-04,1562.41204,2.5489557e-04,2.2123160e-04,-9.2414357e-02
-0.18342085689573584,1.000231429058184,0.0002852114838033398,2366.8505791430894,2.5276344e-03,820363,1178.13652,1562.40861,1.4779934e+05,4.2103752e+01,3.2336021e+03,8.4626532e+00,1.5317395e+05,4.3676865e+01,0,nan,nan,nan,nan,1178.13652,2.7019306e-04,1562.40861,2.5500858e-04,-3.6796832e-03,-9.6001133e-02
-0.18203194652050217,1.0009084426634982,0.0002854035371202385,2366.8519680534646,2.5276565e-03,820364,1178.13928,1562.41130,1.4797741e+05,4.2132111e+01,3.2328418e+03,8.4735813e+00,1.5327766e+05,4.3706284e+01,0,nan,nan,nan,nan,1178.13928,2.6993681e-04,1562.41130,2.5477959e-04,-4.8761131e-04,-9.3179025e-02
-0.18064303614529004,0.9997244616071802,0.0002852474975141486,2366.85335696384,2.5276786e-03,820365,1178.13766,1562.41149,1.4776941e+05,4.2109081e+01,3.2511016e+03,8.4803839e+00,1.5309638e+05,4.3682392e+01,0,nan,nan,nan,nan,1178.13766,2.7026472e-04,1562.41149,2.5500756e-04,-3.0482502e-03,-9.2432015e-02
-0.17925412577005637,1.0008229573013656,0.00028537825687695225,2366.854745874215,2.5277007e-03,820366,1178.13754,1562.41076,1.4795608e+05,4.2128395e+01,3.2359734e+03,8.4679623e+00,1.5326462e+05,4.3702427e+01,0,nan,nan,nan,nan,1178.13754,2.6979958e-04,1562.41076,2.5474036e-04,-2.7726260e-03,-9.3480960e-02
-0.1778652153948227,0.9991796140351177,0.000285128358223978,2366.8561347845903,2.5277229e-03,820367,1178.14447,1562.40891,1.4766909e+05,4.2091511e+01,3.2382605e+03,8.4764853e+00,1.5301300e+05,4.3664165e+01,0,nan,nan,nan,nan,1178.14447,2.7048922e-04,1562.40891,2.5490308e-04,4.3580490e-03,-9.5272727e-02
-0.17647630501915787,0.9997108092650131,0.00028524136047319913,2366.857523694966,2.5277450e-03,820368,1178.13653,1562.41270,1.4781009e+05,4.2108200e+01,3.2260410e+03,8.4589319e+00,1.5309438e+05,4.3681480e+01,0,nan,nan,nan,nan,1178.13653,2.7012810e-04,1562.41270,2.5501510e-04,-3.4043074e-03,-9.1610156e-02
-0.1750873946439242,0.9999057861404211,0.00028517634277042353,2366.858912605341,2.5277671e-03,820369,1178.13581,1562.41073,1.4773484e+05,4.2098614e+01,3.2347817e+03,8.4630375e+00,1.5312427e+05,4.3671532e+01,0,nan,nan,nan,nan,1178.13581,2.7010188e-04,1562.41073,2.5513957e-04,-4.4944962e-03,-9.3507633e-02
-0.17369848403585988,1.0000202335184765,0.0002852696380715967,2366.8603015159492,2.5277894e-03,820370,1178.14039,1562.41054,1.4780641e+05,4.2112396e+01,3.2372676e+03,8.4840498e+00,1.5314183e+05,4.3685829e+01,0,nan,nan,nan,nan,1178.14039,2.7016248e-04,1562.41054,2.5498046e-04,7.5136177e-04,-9.3507066e-02
-0.17230957365972077,1.000186763842955,0.00028528618876572364,2366.8616904263254,2.5278116e-03,820371,1178.13773,1562.41500,1.4784102e+05,4.2114845e+01,3.2367102e+03,8.4764252e+00,1.5316738e+05,4.3688374e+01,0,nan,nan,nan,nan,1178.13773,2.7037863e-04,1562.41500,2.5498515e-04,-2.2468078e-03,-8.8333338e-02
-0.17092066328405592,1.0002268123642999,0.0002852972076903609,2366.863079336701,2.5278337e-03,820372,1178.14333,1562.40962,1.4783414e+05,4.2116486e+01,3.2420469e+03,8.4899950e+00,1.5317353e+05,4.3690075e+01,0,nan,nan,nan,nan,1178.14333,2.7026949e-04,1562.40962,2.5495951e-04,3.7719861e-03,-9.4289951e-02
-0.16953175290882225,0.9999669401999091,0.00028521326420700364,2366.8644682470763,2.5278558e-03,820373,1178.13659,1562.40786,1.4780672e+05,4.2104099e+01,3.2284814e+03,8.4550371e+00,1.5313378e+05,4.3677227e+01,0,nan,nan,nan,nan,1178.13659,2.6985217e-04,1562.40786,2.5500639e-04,-3.9845970e-03,-9.5992140e-02
-0.16814284253358858,0.9999757413239413,0.0002852422344090257,2366.8658571574515,2.5278779e-03,820374,1178.14170,1562.41196,1.4778992e+05,4.2108395e+01,3.2351992e+03,8.4736233e+00,1.5313517e+05,4.3681679e+01,0,nan,nan,nan,nan,1178.14170,2.7028582e-04,1562.41196,2.5522150e-04,2.5892477e-03,-9.2233874e-02
-0.16675393215792375,0.9997808180251351,0.00028522987734512045,2366.867246067827,2.5279000e-03,820375,1178.13648,1562.41444,1.4778708e+05,4.2106583e+01,3.2352869e+03,8.4674273e+00,1.5310536e+05,4.3679798e+01,0,nan,nan,nan,nan,1178.13648,2.7019196e-04,1562.41444,2.5501670e-04,-3.2800378e-03,-8.9528799e-02
-0.16536502178223736,0.9997835235454227,0.0002852151897981811,2366.868634978203,2.5279222e-03,820376,1178.13833,1562.41312,1.4775089e+05,4.2104424e+01,3.2356414e+03,8.4840889e+00,1.5310581e+05,4.3677559e+01,0,nan,nan,nan,nan,1178.13833,2.7057430e-04,1562.41312,2.5502805e-04,-1.6463409e-03,-9.0730853e-02
-0.16397611140655094,1.0003552909986384,0.00028531277559759176,2366.8700238885785,2.5279443e-03,820377,1178.14174,1562.40889,1.4788328e+05,4.2118839e+01,3.2328408e+03,8.4689465e+00,1.5319342e+05,4.3692516e+01,0,nan,nan,nan,nan,1178.14174,2.7013410e-04,1562.40889,2.5492982e-04,1.4003388e-03,-9.5653936e-02
-0.16258720103179156,1.000162250643664,0.0002852306831236836,2366.8714127989533,2.5279664e-03,820378,1178.13859,1562.41062,1.4781709e+05,4.2106728e+01,3.2295942e+03,8.4632492e+00,1.5316391e+05,4.3679955e+01,0,nan,nan,nan,nan,1178.13859,2.7017423e-04,1562.41062,2.5504324e-04,-1.4142819e-03,-9.3586214e-02
-0.16119829065565244,0.9992929701842344,0.0002851594143594577,2366.8728017093295,2.5279885e-03,820379,1178.13899,1562.41041,1.4771919e+05,4.2096226e+01,3.2387683e+03,8.4694014e+00,1.5303083e+05,4.3669056e+01,0,nan,nan,nan,nan,1178.13899,2.7032971e-04,1562.41041,2.5520218e-04,-1.2869112e-03,-9.3542725e-02
-0.15980938028041877,0.9998617927572314,0.0002851709676813734,2366.8741906197047,2.5280106e-03,820380,1178.13966,1562.41270,1.4772098e+05,4.2097946e+01,3.2410769e+03,8.4666872e+00,1.5311798e+05,4.3670837e+01,0,nan,nan,nan,nan,1178.13966,2.7056367e-04,1562.41270,2.5503978e-04,-1.4951776e-04,-9.1268659e-02
-0.1584204699051851,0.9999487934008189,0.00028523033332068646,2366.87557953008,2.5280328e-03,820381,1178.14210,1562.40657,1.4782436e+05,4.2106720e+01,3.2228665e+03,8.4587698e+00,1.5313136e+05,4.3679943e+01,0,nan,nan,nan,nan,1178.14210,2.7029926e-04,1562.40657,2.5490214e-04,2.4227761e-03,-9.8170452e-02
-0.15703155952952025,1.0003159698325461,0.0002853092532123208,2366.8769684404556,2.5280549e-03,820382,1178.13813,1562.41426,1.4785042e+05,4.2118382e+01,3.2356143e+03,8.4670210e+00,1.5318762e+05,4.3692043e+01,0,nan,nan,nan,nan,1178.13813,2.7016955e-04,1562.41426,2.5507811e-04,-2.0599088e-03,-8.9107491e-02
-0.15564264915338114,1.0002336285281448,0.00028527580806997246,2366.8783573508317,2.5280770e-03,820383,1178.13920,1562.40793,1.4785756e+05,4.2113461e+01,3.2264668e+03,8.4660139e+00,1.5317508e+05,4.3686935e+01,0,nan,nan,nan,nan,1178.13920,2.7011795e-04,1562.40793,2.5488186e-04,-1.3329557e-03,-9.6355148e-02
-0.15425373854576954,0.9996244081031026,0.0002851801116160286,2366.8797462614393,2.5280993e-03,820384,1178.13820,1562.41088,1.4773008e+05,4.2099342e+01,3.2317119e+03,8.4722548e+00,1.5308183e+05,4.3672295e+01,0,nan,nan,nan,nan,1178.13820,2.7029353e-04,1562.41088,2.5528853e-04,-2.2436138e-03,-9.3477041e-02
-0.15286482817010472,1.0003442785932097,0.00028529359792467477,2366.881135171815,2.5281215e-03,820385,1178.14206,1562.41171,1.4784148e+05,4.2116116e+01,3.2484812e+03,8.4746323e+00,1.5319212e+05,4.3689690e+01,0,nan,nan,nan,nan,1178.14206,2.7018163e-04,1562.41171,2.5481891e-04,2.3565837e-03,-9.2468262e-02
-0.15147591779441832,0.9997904123179666,0.00028523162630708215,2366.8825240821907,2.5281436e-03,820386,1178.13625,1562.41304,1.4775756e+05,4.2106983e+01,3.2387803e+03,8.4714117e+00,1.5310736e+05,4.3680214e+01,0,nan,nan,nan,nan,1178.13625,2.7034778e-04,1562.41304,2.5520017e-04,-3.5164035e-03,-9.0754084e-02
-0.15008700741918465,1.000108974974158,0.000285247965888779,2366.883912992566,2.5281657e-03,820387,1178.13670,1562.41071,1.4778861e+05,4.2109409e+01,3.2407546e+03,8.4750824e+00,1.5315620e+05,4.3682732e+01,0,nan,nan,nan,nan,1178.13670,2.7013620e-04,1562.41071,2.5517281e-04,-3.3121372e-03,-9.3380496e-02
-0.14869809704395098,1.0001014541484183,0.00028525344828969753,2366.885301902941,2.5281878e-03,820388,1178.13931,1562.41020,1.4780131e+05,4.2110237e+01,3.2474673e+03,8.4847689e+00,1.5315509e+05,4.3683590e+01,0,nan,nan,nan,nan,1178.13931,2.7028128e-04,1562.41020,2.5511844e-04,-1.9592569e-04,-9.4178647e-02
-0.14730918666828613,1.0000089352173482,0.0002852614604227103,2366.886690813317,2.5282099e-03,820389,1178.14163,1562.40808,1.4784556e+05,4.2111439e+01,3.2368013e+03,8.4624462e+00,1.5314098e+05,4.3684834e+01,0,nan,nan,nan,nan,1178.14163,2.7007595e-04,1562.40808,2.5490159e-04,2.2925048e-03,-9.5995516e-02
-0.14592027629259974,0.9991953000015626,0.0002851523643614738,2366.8880797236925,2.5282321e-03,820390,1178.14109,1562.41456,1.4768366e+05,4.2095345e+01,3.2439089e+03,8.4718914e+00,1.5301645e+05,4.3668140e+01,0,nan,nan,nan,nan,1178.14109,2.7043058e-04,1562.41456,2.5526536e-04,1.4765069e-03,-8.9391150e-02
-0.14453136591691335,0.9996135446134574,0.0002851564726693682,2366.889468634068,2.5282542e-03,820391,1178.14259,1562.40916,1.4772869e+05,4.2095970e+01,3.2262183e+03,8.4630060e+00,1.5308056e+05,4.3668789e+01,0,nan,nan,nan,nan,1178.14259,2.7042773e-04,1562.40916,2.5517840e-04,2.6224253e-03,-9.5385253e-02
-0.14314245554215396,0.9996251263310291,0.000285250183605032,2366.890857544443,2.5282763e-03,820392,1178.13734,1562.41093,1.4778997e+05,4.2109818e+01,3.2444651e+03,8.4696217e+00,1.5308239e+05,4.3683155e+01,0,nan,nan,nan,nan,1178.13734,2.7014571e-04,1562.41093,2.5510785e-04,-2.5951539e-03,-9.3146898e-02
-0.14175354516601482,1.000316922902237,0.00028523886375422374,2366.892246454819,2.5282984e-03,820393,1178.13928,1562.41052,1.4783145e+05,4.2108166e+01,3.2324607e+03,8.4573345e+00,1.5318839e+05,4.3681442e+01,0,nan,nan,nan,nan,1178.13928,2.7021285e-04,1562.41052,2.5502668e-04,-8.7812176e-04,-9.3727380e-02
-0.1403646347898757,0.9995977865204622,0.00028519392923239144,2366.893635365195,2.5283205e-03,820394,1178.14327,1562.40940,1.4774664e+05,4.2101543e+01,3.2385352e+03,8.4708700e+00,1.5307833e+05,4.3674576e+01,0,nan,nan,nan,nan,1178.14327,2.7014953e-04,1562.40940,2.5503652e-04,3.2015902e-03,-9.4474487e-02
-0.1389757246479254,1.0002835487083286,0.00028534688530949776,2366.895024275337,2.5283424e-03,820395,1178.14091,1562.40969,1.4788242e+05,4.2124142e+01,3.2595483e+03,8.4850845e+00,1.5318342e+05,4.3698017e+01,0,nan,nan,nan,nan,1178.14091,2.7018084e-04,1562.40969,2.5488989e-04,1.3446881e-03,-9.4874382e-02
-0.1375868142727133,1.0004684798353098,0.0002853118123050183,2366.8964131857124,2.5283645e-03,820396,1178.13889,1562.41040,1.4785664e+05,4.2118984e+01,3.2415361e+03,8.4738617e+00,1.5321180e+05,4.3692665e+01,0,nan,nan,nan,nan,1178.13889,2.7048288e-04,1562.41040,2.5508297e-04,-1.0496860e-03,-9.3556777e-02
-0.13619790389657419,0.9997576674739014,0.00028519219656752824,2366.8978020960885,2.5283867e-03,820397,1178.13619,1562.41235,1.4774939e+05,4.2101345e+01,3.2347976e+03,8.4603481e+00,1.5310302e+05,4.3674370e+01,0,nan,nan,nan,nan,1178.13619,2.7025209e-04,1562.41235,2.5513204e-04,-2.9707558e-03,-9.1816284e-02
-0.13480899352179324,0.9998687995395457,0.00028524657871955834,2366.8991910064633,2.5284088e-03,820398,1178.14225,1562.41193,1.4780075e+05,4.2109394e+01,3.2329604e+03,8.4666233e+00,1.5312009e+05,4.3682716e+01,0,nan,nan,nan,nan,1178.14225,2.7007831e-04,1562.41193,2.5492764e-04,2.4733534e-03,-9.2155159e-02
-0.13342008314612838,1.0003177999129513,0.000285340450044283,2366.900579916839,2.5284309e-03,820399,1178.13896,1562.40739,1.4788748e+05,4.2123268e+01,3.2458367e+03,8.4910603e+00,1.5318892e+05,4.3697109e+01,0,nan,nan,nan,nan,1178.13896,2.6993910e-04,1562.40739,2.5487368e-04,-1.0434940e-03,-9.6357569e-02
-0.132031172770442,1.0000197015358916,0.00028518669230398523,2366.9019688272147,2.5284530e-03,820400,1178.14167,1562.41156,1.4778433e+05,4.2100590e+01,3.2193081e+03,8.4553299e+00,1.5314334e+05,4.3673584e+01,0,nan,nan,nan,nan,1178.14167,2.7030133e-04,1562.41156,2.5500354e-04,2.0876850e-03,-9.3132302e-02
-0.1306422623947556,0.9997589663423385,0.0002851699439731287,2366.9033577375903,2.5284751e-03,820401,1178.13476,1562.41062,1.4774192e+05,4.2098137e+01,3.2300999e+03,8.4597225e+00,1.5310348e+05,4.3671040e+01,0,nan,nan,nan,nan,1178.13476,2.7035488e-04,1562.41062,2.5502581e-04,-5.6625246e-03,-9.3274042e-02
-0.1292533520190692,1.0004635129949087,0.000285232612509486,2366.904746647966,2.5284973e-03,820402,1178.14042,1562.41096,1.4781130e+05,4.2107410e+01,3.2333625e+03,8.4630737e+00,1.5321145e+05,4.3680656e+01,0,nan,nan,nan,nan,1178.14042,2.7021309e-04,1562.41096,2.5508201e-04,3.6683949e-04,-9.2921875e-02
-0.12786444164430982,0.9999315236959438,0.00028526181216161404,2366.906135558341,2.5285194e-03,820403,1178.13714,1562.40960,1.4779722e+05,4.2111736e+01,3.2525483e+03,8.4794397e+00,1.5313005e+05,4.3685146e+01,0,nan,nan,nan,nan,1178.13714,2.7020829e-04,1562.40960,2.5498806e-04,-3.6806485e-03,-9.4888046e-02
-0.1264755312686234,0.9992618518221429,0.00028514180542240497,2366.9075244687165,2.5285415e-03,820404,1178.14321,1562.41330,1.4766256e+05,4.2094040e+01,3.2479006e+03,8.4774113e+00,1.5302758e+05,4.3666790e+01,0,nan,nan,nan,nan,1178.14321,2.7046562e-04,1562.41330,2.5527016e-04,3.1765038e-03,-9.0623878e-02
-0.1250866208924843,0.9998056367931966,0.00028527899799594053,2366.9089133790926,2.5285636e-03,820405,1178.13505,1562.41182,1.4778133e+05,4.2114311e+01,3.2579644e+03,8.4812479e+00,1.5311092e+05,4.3687820e+01,0,nan,nan,nan,nan,1178.13505,2.7032118e-04,1562.41182,2.5514982e-04,-4.4426750e-03,-9.2405476e-02
-0.12369771051727219,0.9998993137807864,0.00028520971212212627,2366.910302289468,2.5285857e-03,820406,1178.14011,1562.40819,1.4777038e+05,4.2104111e+01,3.2385522e+03,8.4729557e+00,1.5312534e+05,4.3677235e+01,0,nan,nan,nan,nan,1178.14011,2.7025311e-04,1562.40819,2.5498154e-04,5.4274895e-04,-9.6229069e-02
-0.12230880014203852,1.0003120844331885,0.00028531867243611765,2366.911691199843,2.5286078e-03,820407,1178.13456,1562.40869,1.4786980e+05,4.2120216e+01,3.2381550e+03,8.4788780e+00,1.5318864e+05,4.3693943e+01,0,nan,nan,nan,nan,1178.13456,2.7005971e-04,1562.40869,2.5482435e-04,-6.0497564e-03,-9.6073009e-02
-0.12091988976589939,0.999867797523954,0.00028528794292711216,2366.913080110219,2.5286300e-03,820408,1178.14066,1562.41515,1.4782666e+05,4.2115700e+01,3.2414905e+03,8.4733658e+00,1.5312067e+05,4.3689259e+01,0,nan,nan,nan,nan,1178.14066,2.7011128e-04,1562.41515,2.5512360e-04,9.3683630e-04,-8.8868670e-02
-0.11953097962397065,1.0005118048065462,0.00028532391278997656,2366.914469020361,2.5286519e-03,820409,1178.13905,1562.41072,1.4785891e+05,4.2121025e+01,3.2509150e+03,8.4850922e+00,1.5321938e+05,4.3694786e+01,0,nan,nan,nan,nan,1178.13905,2.7023605e-04,1562.41072,2.5494979e-04,-3.6504990e-04,-9.3759499e-02
-0.11814206924873698,1.000276822495964,0.00028524283417964675,2366.9158579307364,2.5286740e-03,820410,1178.13988,1562.41295,1.4783916e+05,4.2109081e+01,3.2253496e+03,8.4541397e+00,1.5318347e+05,4.3682392e+01,0,nan,nan,nan,nan,1178.13988,2.7000339e-04,1562.41295,2.5495011e-04,2.1864905e-04,-9.0888768e-02
-0.11675315887259785,1.00004147721507,0.0002852549956668681,2366.9172468411125,2.5286961e-03,820411,1178.13588,1562.40342,1.4780123e+05,4.2110901e+01,3.2461428e+03,8.4718552e+00,1.5314750e+05,4.3684280e+01,0,nan,nan,nan,nan,1178.13588,2.7005211e-04,1562.40342,2.5505532e-04,-4.3015997e-03,-1.0053094e-01
-0.11536424849691146,1.0000211638383725,0.0002852440488900954,2366.918635751488,2.5287182e-03,820412,1178.14675,1562.41207,1.4781106e+05,4.2109306e+01,3.2423933e+03,8.4705944e+00,1.5314447e+05,4.3682625e+01,0,nan,nan,nan,nan,1178.14675,2.7021271e-04,1562.41207,2.5503445e-04,6.8344264e-03,-9.1319948e-02
-0.11397533812169934,0.9999480394173159,0.00028524695294348005,2366.9200246618634,2.5287403e-03,820413,1178.13462,1562.41098,1.4781775e+05,4.2109756e+01,3.2347249e+03,8.4679422e+00,1.5313336e+05,4.3683094e+01,0,nan,nan,nan,nan,1178.13462,2.7015599e-04,1562.41098,2.5493730e-04,-5.6703934e-03,-9.3358085e-02
-0.11258642774646567,0.9990949240811007,0.0002851697679316576,2366.9214135722386,2.5287624e-03,820414,1178.14118,1562.41208,1.4764805e+05,4.2098381e+01,3.2627983e+03,8.4981298e+00,1.5300280e+05,4.3671295e+01,0,nan,nan,nan,nan,1178.14118,2.7057156e-04,1562.41208,2.5531132e-04,1.3712893e-03,-9.1973864e-02
-0.11119751737077928,0.9997475986200909,0.0002852109957917889,2366.9228024826143,2.5287846e-03,820415,1178.13407,1562.41051,1.4777625e+05,4.2104496e+01,3.2319968e+03,8.4708138e+00,1.5310283e+05,4.3677635e+01,0,nan,nan,nan,nan,1178.13407,2.7014627e-04,1562.41051,2.5505997e-04,-6.3596424e-03,-9.3099438e-02
-0.10980860722792352,0.9996710616986003,0.00028521267315215573,2366.924191392757,2.5288064e-03,820416,1178.14630,1562.40943,1.4775014e+05,4.2104767e+01,3.2500999e+03,8.4724951e+00,1.5309119e+05,4.3677914e+01,0,nan,nan,nan,nan,1178.14630,2.7045640e-04,1562.40943,2.5508369e-04,6.3577546e-03,-9.4520971e-02
-0.10841969685316413,1.0005852496946823,0.0002853636690596736,2366.925580303132,2.5288286e-03,820417,1178.13684,1562.40749,1.4792414e+05,4.2127079e+01,3.2493191e+03,8.4684629e+00,1.5323128e+05,4.3701065e+01,0,nan,nan,nan,nan,1178.13684,2.7000363e-04,1562.40749,2.5492278e-04,-3.0306301e-03,-9.6948251e-02
-0.10703078647747774,0.9999832101831877,0.0002852531862823413,2366.9269692135076,2.5288507e-03,820418,1178.13804,1562.41208,1.4779822e+05,4.2110798e+01,3.2411833e+03,8.4723787e+00,1.5313916e+05,4.3684170e+01,0,nan,nan,nan,nan,1178.13804,2.7012438e-04,1562.41208,2.5496265e-04,-2.3673514e-03,-9.1611370e-02
-0.10564187610179133,1.000516901785157,0.00028533445206236057,2366.9283581238833,2.5288728e-03,820419,1178.13580,1562.41107,1.4792255e+05,4.2122810e+01,3.2364915e+03,8.4664774e+00,1.5322098e+05,4.3696636e+01,0,nan,nan,nan,nan,1178.13580,2.6987441e-04,1562.41107,2.5499161e-04,-4.2561437e-03,-9.2722461e-02
-0.10425296572748469,0.9999761222404736,0.00028530050365274505,2366.9297470342576,2.5288949e-03,820420,1178.13944,1562.41265,1.4785164e+05,4.2117825e+01,3.2376331e+03,8.4702578e+00,1.5313825e+05,4.3691463e+01,0,nan,nan,nan,nan,1178.13944,2.7008576e-04,1562.41265,2.5493713e-04,-1.3667003e-04,-9.1184184e-02
-0.10286405535225102,0.9997943084222652,0.0002852604717860748,2366.931135944633,2.5289170e-03,820421,1178.14049,1562.41252,1.4777486e+05,4.2111942e+01,3.2412273e+03,8.4827023e+00,1.5311050e+05,4.3685360e+01,0,nan,nan,nan,nan,1178.14049,2.7033125e-04,1562.41252,2.5513195e-04,2.9528324e-04,-9.2017002e-02
-0.10147514520939525,0.9997498678852661,0.0002852028032306409,2366.9325248547757,2.5289389e-03,820422,1178.13908,1562.41060,1.4773938e+05,4.2103455e+01,3.2446377e+03,8.4846840e+00,1.5310378e+05,4.3676552e+01,0,nan,nan,nan,nan,1178.13908,2.7037243e-04,1562.41060,2.5514423e-04,-8.1997842e-04,-9.3833096e-02
-0.10008623483327769,1.0010670983040393,0.000285413827060178,2366.933913765152,2.5289610e-03,820423,1178.13789,1562.40722,1.4796106e+05,4.2134628e+01,3.2535842e+03,8.4815836e+00,1.5330559e+05,4.3708893e+01,0,nan,nan,nan,nan,1178.13789,2.7017863e-04,1562.40722,2.5491632e-04,-2.3954303e-03,-9.8084234e-02
-0.09869732445804402,1.0001044556213046,0.00028527644729153253,2366.935302675527,2.5289832e-03,820424,1178.13236,1562.41511,1.4781075e+05,4.2114372e+01,3.2442288e+03,8.4742937e+00,1.5315827e+05,4.3687881e+01,0,nan,nan,nan,nan,1178.13236,2.7013163e-04,1562.41511,2.5510311e-04,-8.4407814e-03,-8.8653497e-02
-0.09730841408326307,0.9996411360322677,0.0002851911871375108,2366.936691585902,2.5290053e-03,820425,1178.14325,1562.40995,1.4772356e+05,4.2101814e+01,3.2516931e+03,8.4775801e+00,1.5308739e+05,4.3674850e+01,0,nan,nan,nan,nan,1178.14325,2.7055701e-04,1562.40995,2.5512709e-04,3.2762634e-03,-9.4530858e-02
-0.09591950370714551,1.0003130668542073,0.0002853037571649911,2366.938080496278,2.5290274e-03,820426,1178.13311,1562.40572,1.4787778e+05,4.2118454e+01,3.2356492e+03,8.4645138e+00,1.5319039e+05,4.3692116e+01,0,nan,nan,nan,nan,1178.13311,2.6996390e-04,1562.40572,2.5505523e-04,-7.4108136e-03,-9.8756664e-02
-0.09453059356474248,0.9996110435863618,0.00028519326400958003,2366.9394694064204,2.5290493e-03,820427,1178.13813,1562.41378,1.4770969e+05,4.2102169e+01,3.2438223e+03,8.4853058e+00,1.5308297e+05,4.3675220e+01,0,nan,nan,nan,nan,1178.13813,2.7037124e-04,1562.41378,2.5519577e-04,-1.9087043e-03,-8.9836240e-02
-0.09314168318950881,1.0000502298682443,0.00028521782929366254,2366.9408583167956,2.5290714e-03,820428,1178.14291,1562.41420,1.4780073e+05,4.2105816e+01,3.2368625e+03,8.4607401e+00,1.5315031e+05,4.3679008e+01,0,nan,nan,nan,nan,1178.14291,2.7025799e-04,1562.41420,2.5495738e-04,2.9996098e-03,-8.9835308e-02
-0.09175277281336969,0.9996829113050182,0.00028520022570795086,2366.9422472271717,2.5290935e-03,820429,1178.13900,1562.40813,1.4775259e+05,4.2103241e+01,3.2440779e+03,8.4735250e+00,1.5309416e+05,4.3676338e+01,0,nan,nan,nan,nan,1178.13900,2.7015616e-04,1562.40813,2.5508658e-04,-8.0819521e-04,-9.5623955e-02
-0.09036386243770485,0.9999558074682194,0.0002852560728803486,2366.9436361375474,2.5291156e-03,820430,1178.14054,1562.41158,1.4777844e+05,4.2111511e+01,3.2434397e+03,8.4848356e+00,1.5313605e+05,4.3684917e+01,0,nan,nan,nan,nan,1178.14054,2.7027354e-04,1562.41158,2.5523189e-04,4.3673124e-05,-9.3192749e-02
-0.08897495206292391,0.9998110866417803,0.00028525165026249525,2366.945025047922,2.5291378e-03,820431,1178.13465,1562.41186,1.4776833e+05,4.2110886e+01,3.2431602e+03,8.4782066e+00,1.5311397e+05,4.3684265e+01,0,nan,nan,nan,nan,1178.13465,2.7020118e-04,1562.41186,2.5517584e-04,-5.3230659e-03,-9.2375085e-02
-0.08758604192006815,1.0000559046051685,0.00028527277766762636,2366.946413958065,2.5291597e-03,820432,1178.14253,1562.40917,1.4785192e+05,4.2114029e+01,3.2337632e+03,8.4695673e+00,1.5315156e+05,4.3687527e+01,0,nan,nan,nan,nan,1178.14253,2.7000508e-04,1562.40917,2.5495287e-04,2.1547622e-03,-9.4927683e-02
-0.08619713154440332,0.9996791573051576,0.0002851781684717001,2366.9478028684407,2.5291818e-03,820433,1178.13783,1562.41489,1.4770522e+05,4.2100090e+01,3.2376125e+03,8.4801540e+00,1.5309395e+05,4.3673065e+01,0,nan,nan,nan,nan,1178.13783,2.7038448e-04,1562.41489,2.5530846e-04,-2.2297201e-03,-8.8565074e-02
-0.08480822116871692,1.0003377673333205,0.0002852673620028211,2366.9491917788164,2.5292039e-03,820434,1178.13464,1562.40763,1.4782950e+05,4.2113281e+01,3.2382905e+03,8.4724474e+00,1.5319492e+05,4.3686752e+01,0,nan,nan,nan,nan,1178.13464,2.7012895e-04,1562.40763,2.5507167e-04,-5.7160459e-03,-9.6801579e-02
-0.08341931079303053,0.9995250457219094,0.00028520447163865934,2366.950580689192,2.5292260e-03,820435,1178.14646,1562.40779,1.4774106e+05,4.2104023e+01,3.2554858e+03,8.4781609e+00,1.5307055e+05,4.3677147e+01,0,nan,nan,nan,nan,1178.14646,2.7029190e-04,1562.40779,2.5495456e-04,7.0523531e-03,-9.6394375e-02
-0.08203040065110179,1.0000049114007639,0.00028530617701403834,2366.951969599334,2.5292479e-03,820436,1178.13565,1562.41895,1.4784934e+05,4.2119068e+01,3.2533206e+03,8.4733572e+00,1.5314412e+05,4.3692753e+01,0,nan,nan,nan,nan,1178.13565,2.7007938e-04,1562.41895,2.5497426e-04,-4.5753955e-03,-8.5026294e-02
-0.08064149027496266,1.0000855783211375,0.0002852366792635805,2366.95335850971,2.5292700e-03,820437,1178.14020,1562.40835,1.4784167e+05,4.2108833e+01,3.2318171e+03,8.4585123e+00,1.5315658e+05,4.3682137e+01,0,nan,nan,nan,nan,1178.14020,2.6993919e-04,1562.40835,2.5496696e-04,-4.8316646e-04,-9.5655516e-02
-0.07925257989972899,0.9996537493007657,0.00028515414359859816,2366.9547474200854,2.5292921e-03,820438,1178.13889,1562.41059,1.4773311e+05,4.2096676e+01,3.2354851e+03,8.4653912e+00,1.5309055e+05,4.3669525e+01,0,nan,nan,nan,nan,1178.13889,2.7025014e-04,1562.41059,2.5508241e-04,-1.2648908e-03,-9.3412071e-02
-0.07786366975777868,0.999729882184536,0.0002852082663990883,2366.9561363302273,2.5293140e-03,820439,1178.14320,1562.40999,1.4777620e+05,4.2104698e+01,3.2337092e+03,8.4650326e+00,1.5310230e+05,4.3677841e+01,0,nan,nan,nan,nan,1178.14320,2.7034985e-04,1562.40999,2.5519010e-04,4.0406631e-03,-9.4433330e-02
-0.07647475938166112,0.9997579163774715,0.00028523672133201475,2366.9575252406034,2.5293361e-03,820440,1178.13651,1562.41215,1.4778939e+05,4.2108921e+01,3.2327493e+03,8.4784803e+00,1.5310669e+05,4.3682224e+01,0,nan,nan,nan,nan,1178.13651,2.7014560e-04,1562.41215,2.5502389e-04,-3.4422723e-03,-9.1639303e-02
-0.075085849005522,1.00011475668877,0.0002852725382484949,2366.9589141509796,2.5293583e-03,820441,1178.13989,1562.40482,1.4782994e+05,4.2114231e+01,3.2390713e+03,8.4809628e+00,1.5316144e+05,4.3687737e+01,0,nan,nan,nan,nan,1178.13989,2.7002790e-04,1562.40482,2.5501006e-04,-7.2784891e-04,-9.9613786e-02
-0.07369693863074106,1.0002028030340764,0.0002852561763337958,2366.9603030613544,2.5293804e-03,820442,1178.13830,1562.41804,1.4783381e+05,4.2111847e+01,3.2297463e+03,8.4648933e+00,1.5317502e+05,4.3685261e+01,0,nan,nan,nan,nan,1178.13830,2.7015910e-04,1562.41804,2.5511556e-04,-1.3516173e-03,-8.6057730e-02
-0.07230802848790686,0.999288630723431,0.0002851268726802885,2366.961691971497,2.5294023e-03,820443,1178.13839,1562.41007,1.4767142e+05,4.2092781e+01,3.2287034e+03,8.4813852e+00,1.5303511e+05,4.3665485e+01,0,nan,nan,nan,nan,1178.13839,2.7036524e-04,1562.41007,2.5505706e-04,-2.1377078e-03,-9.3621321e-02
-0.07091911811222046,0.9999202168021885,0.00028526416353617844,2366.963080881873,2.5294244e-03,820444,1178.14050,1562.40965,1.4781345e+05,4.2113079e+01,3.2432424e+03,8.4695444e+00,1.5313194e+05,4.3686539e+01,0,nan,nan,nan,nan,1178.14050,2.7015258e-04,1562.40965,2.5509743e-04,3.8955611e-04,-9.4741099e-02
-0.06953020773653407,1.000719869631487,0.0002853537572097097,2366.9644697922486,2.5294465e-03,820445,1178.13894,1562.41098,1.4791972e+05,4.2126335e+01,3.2435933e+03,8.4745293e+00,1.5325450e+05,4.3700287e+01,0,nan,nan,nan,nan,1178.13894,2.7013314e-04,1562.41098,2.5495296e-04,-1.0592005e-03,-9.2872366e-02
-0.06814129759413104,0.9996960325454142,0.0002852107459507849,2366.965858702391,2.5294684e-03,820446,1178.13931,1562.41168,1.4777572e+05,4.2105244e+01,3.2423232e+03,8.4670677e+00,1.5309780e+05,4.3678413e+01,0,nan,nan,nan,nan,1178.13931,2.7018381e-04,1562.41168,2.5494857e-04,-4.5766874e-04,-9.2484474e-02
-0.06675238721891892,0.9999421279557829,0.00028522653871694055,2366.967247612766,2.5294905e-03,820447,1178.13999,1562.40920,1.4780477e+05,4.2107609e+01,3.2323416e+03,8.4724054e+00,1.5313558e+05,4.3680862e+01,0,nan,nan,nan,nan,1178.13999,2.7014571e-04,1562.40920,2.5503061e-04,6.2732212e-04,-9.4831482e-02
-0.06536347684323253,1.0009535900052442,0.0002853770396282662,2366.968636523142,2.5295126e-03,820448,1178.13199,1562.41291,1.4794964e+05,4.2129848e+01,3.2338062e+03,8.4724598e+00,1.5329059e+05,4.3703938e+01,0,nan,nan,nan,nan,1178.13199,2.7003454e-04,1562.41291,2.5488355e-04,-7.4054017e-03,-9.1101751e-02
-0.06397456670037678,0.9997885622776215,0.0002852396733692714,2366.9700254332847,2.5295345e-03,820449,1178.14163,1562.41122,1.4779339e+05,4.2109596e+01,3.2422400e+03,8.4704914e+00,1.5311227e+05,4.3682930e+01,0,nan,nan,nan,nan,1178.14163,2.7012624e-04,1562.41122,2.5515613e-04,1.2076995e-03,-9.2062995e-02
-0.0625856563256174,0.9998131261065225,0.00028523352324732657,2366.9714143436595,2.5295566e-03,820450,1178.13430,1562.41059,1.4778108e+05,4.2108715e+01,3.2495242e+03,8.4793510e+00,1.5311612e+05,4.3682014e+01,0,nan,nan,nan,nan,1178.13430,2.7018855e-04,1562.41059,2.5522537e-04,-6.3069137e-03,-9.3570232e-02
-0.06119674594947827,1.0004292064068026,0.00028528470179752847,2366.9728032540356,2.5295787e-03,820451,1178.14105,1562.41251,1.4782355e+05,4.2116299e+01,3.2432339e+03,8.4800339e+00,1.5321058e+05,4.3689880e+01,0,nan,nan,nan,nan,1178.14105,2.7029752e-04,1562.41251,2.5501201e-04,1.7886279e-03,-9.1557898e-02
-0.059807835806622515,0.9998132620307492,0.000285198727586288,2366.9741921641785,2.5296006e-03,820452,1178.14287,1562.40512,1.4775295e+05,4.2103634e+01,3.2311033e+03,8.4714403e+00,1.5311634e+05,4.3676743e+01,0,nan,nan,nan,nan,1178.14287,2.7072377e-04,1562.40512,2.5512974e-04,3.2840001e-03,-9.9044792e-02
-0.058418925431388845,1.0002643718638857,0.00028529492497026543,2366.9755810745537,2.5296228e-03,820453,1178.14039,1562.41546,1.4785897e+05,4.2117863e+01,3.2417202e+03,8.4665003e+00,1.5318553e+05,4.3691502e+01,0,nan,nan,nan,nan,1178.14039,2.7014985e-04,1562.41546,2.5502680e-04,5.6922389e-04,-8.8070281e-02
-0.05703001505617673,0.9997787700890652,0.0002852260620610128,2366.976969984929,2.5296449e-03,820454,1178.14082,1562.41395,1.4777430e+05,4.2107727e+01,3.2355564e+03,8.4655724e+00,1.5311127e+05,4.3680984e+01,0,nan,nan,nan,nan,1178.14082,2.7027700e-04,1562.41395,2.5511417e-04,1.2496143e-03,-9.0489738e-02
-0.05564110491286825,0.9996343110184901,0.0002851425615184624,2366.9783588950722,2.5296668e-03,820455,1178.13541,1562.41498,1.4768261e+05,4.2095428e+01,3.2341577e+03,8.4757338e+00,1.5308923e+05,4.3668228e+01,0,nan,nan,nan,nan,1178.13541,2.7035939e-04,1562.41498,2.5523754e-04,-4.4919443e-03,-8.9288890e-02
-0.05425219453808731,0.999958117743605,0.00028528241001585323,2366.979747805447,2.5296889e-03,820456,1178.14136,1562.40683,1.4780267e+05,4.2116093e+01,3.2587354e+03,8.4910994e+00,1.5313892e+05,4.3689671e+01,0,nan,nan,nan,nan,1178.14136,2.7034458e-04,1562.40683,2.5511105e-04,1.1728145e-03,-9.7839512e-02
-0.05286328439525311,1.0002050423415068,0.0002852761432389045,2366.98113671559,2.5297108e-03,820457,1178.13846,1562.40984,1.4786103e+05,4.2115200e+01,3.2455515e+03,8.4658823e+00,1.5317684e+05,4.3688740e+01,0,nan,nan,nan,nan,1178.13846,2.7025767e-04,1562.40984,2.5487089e-04,-8.1163092e-04,-9.3879238e-02
-0.05147437401956672,0.9995052460735103,0.000285217145961977,2366.9825256259655,2.5297329e-03,820458,1178.14079,1562.41205,1.4776136e+05,4.2106514e+01,3.2350632e+03,8.4737720e+00,1.5306977e+05,4.3679733e+01,0,nan,nan,nan,nan,1178.14079,2.7029228e-04,1562.41205,2.5506882e-04,8.8394945e-04,-9.1611899e-02
-0.05008546364388032,1.0001213837248506,0.0002852649196794458,2366.983914536341,2.5297550e-03,820459,1178.13607,1562.41300,1.4782888e+05,4.2113598e+01,3.2359802e+03,8.4701014e+00,1.5316422e+05,4.3687080e+01,0,nan,nan,nan,nan,1178.13607,2.7010342e-04,1562.41300,2.5497560e-04,-4.1337679e-03,-9.1201343e-02
-0.048696553501477294,0.999659387192287,0.00028515400712483406,2366.9853034464836,2.5297769e-03,820460,1178.14263,1562.40584,1.4773005e+05,4.2097252e+01,3.2267600e+03,8.4651957e+00,1.5309358e+05,4.3670120e+01,0,nan,nan,nan,nan,1178.14263,2.7058736e-04,1562.40584,2.5498928e-04,2.8472012e-03,-9.8269410e-02
-0.04730764312626518,0.9995404400377865,0.00028519104312218796,2366.986692356859,2.5297990e-03,820461,1178.14320,1562.41113,1.4773683e+05,4.2102741e+01,3.2336309e+03,8.4794416e+00,1.5307545e+05,4.3675819e+01,0,nan,nan,nan,nan,1178.14320,2.7032479e-04,1562.41113,2.5523888e-04,4.2429054e-03,-9.3151487e-02
-0.04591873298340943,0.9997642437550572,0.0002851646107035616,2366.9880812670017,2.5298209e-03,820462,1178.13492,1562.40991,1.4776608e+05,4.2098869e+01,3.2154180e+03,8.4531164e+00,1.5310983e+05,4.3671799e+01,0,nan,nan,nan,nan,1178.13492,2.7017633e-04,1562.40991,2.5511070e-04,-5.1021660e-03,-9.3785875e-02
-0.04452982260727031,0.9993721006322217,0.00028513395905991094,2366.989470177378,2.5298430e-03,820463,1178.13754,1562.41259,1.4770008e+05,4.2094372e+01,3.2328154e+03,8.4601908e+00,1.5304988e+05,4.3667133e+01,0,nan,nan,nan,nan,1178.13754,2.7041580e-04,1562.41259,2.5516876e-04,-2.1710894e-03,-9.1556162e-02
-0.043140912232036636,1.000193378638228,0.0002852906580299087,2366.990859087753,2.5298651e-03,820464,1178.13673,1562.41325,1.4785662e+05,4.2117531e+01,3.2448008e+03,8.4691582e+00,1.5317575e+05,4.3691158e+01,0,nan,nan,nan,nan,1178.13673,2.7004170e-04,1562.41325,2.5494921e-04,-3.5430701e-03,-9.1113433e-02
-0.04175200208965516,1.0002678325733487,0.00028522648319390315,2366.9922479978954,2.5298870e-03,820465,1178.13846,1562.41017,1.4783539e+05,4.2108086e+01,3.2148135e+03,8.4625454e+00,1.5318725e+05,4.3681362e+01,0,nan,nan,nan,nan,1178.13846,2.7016771e-04,1562.41017,2.5505843e-04,-1.7653363e-03,-9.3992628e-02
-0.04036309171396877,0.9993388941133619,0.00028511248860691585,2366.993636908271,2.5299091e-03,820466,1178.14340,1562.40980,1.4766808e+05,4.2091282e+01,3.2398274e+03,8.4772654e+00,1.5304508e+05,4.3663929e+01,0,nan,nan,nan,nan,1178.14340,2.7039304e-04,1562.40980,2.5513605e-04,3.3760273e-03,-9.3606539e-02
-0.03897418157156574,1.0004917196468703,0.0002853447339273726,2366.9950258184135,2.5299310e-03,820467,1178.13878,1562.41270,1.4789923e+05,4.2125595e+01,3.2382251e+03,8.4884119e+00,1.5322173e+05,4.3699524e+01,0,nan,nan,nan,nan,1178.13878,2.6999883e-04,1562.41270,2.5486344e-04,-9.3606208e-04,-9.0889253e-02
-0.03758527119635363,0.9997651809345339,0.0002851881371901819,2366.9964147287887,2.5299531e-03,820468,1178.13831,1562.40260,1.4773245e+05,4.2102505e+01,3.2416272e+03,8.4759579e+00,1.5311056e+05,4.3675571e+01,0,nan,nan,nan,nan,1178.13831,2.7059644e-04,1562.40260,2.5515622e-04,-2.3073282e-03,-1.0205728e-01
-0.03619636105304515,0.9993205438138314,0.0002851173588878823,2366.997803638932,2.5299750e-03,820469,1178.14060,1562.42023,1.4767286e+05,4.2092087e+01,3.2329260e+03,8.4650164e+00,1.5304256e+05,4.3664761e+01,0,nan,nan,nan,nan,1178.14060,2.7032589e-04,1562.42023,2.5526708e-04,5.5401126e-04,-8.3301991e-02
-0.03480745067735875,0.9993739101336615,0.000285123814231682,2366.9991925493077,2.5299971e-03,820470,1178.13927,1562.40967,1.4766939e+05,4.2093063e+01,3.2384253e+03,8.4664364e+00,1.5305083e+05,4.3665775e+01,0,nan,nan,nan,nan,1178.13927,2.7048649e-04,1562.40967,2.5519860e-04,-8.3892536e-04,-9.4999492e-02
-0.03341854053497728,0.9999746261915151,0.00028520060628767544,2367.00058145945,2.5300190e-03,820471,1178.14015,1562.41246,1.4776039e+05,4.2104427e+01,3.2320891e+03,8.4628468e+00,1.5314292e+05,4.3677563e+01,0,nan,nan,nan,nan,1178.14015,2.7040232e-04,1562.41246,2.5520491e-04,3.9364127e-04,-9.1616370e-02
-0.03202963015974361,1.000303339257598,0.00028522434870084136,2367.0019703698254,2.5300412e-03,820472,1178.13348,1562.41279,1.4780478e+05,4.2107960e+01,3.2353184e+03,8.4626732e+00,1.5319336e+05,4.3681229e+01,0,nan,nan,nan,nan,1178.13348,2.7022054e-04,1562.41279,2.5500351e-04,-6.4064930e-03,-9.1270305e-02
-0.030640719784057215,1.0001038984036643,0.0002852541738629797,2367.003359280201,2.5300633e-03,820473,1178.14384,1562.41167,1.4785250e+05,4.2112385e+01,3.2333423e+03,8.4599371e+00,1.5316292e+05,4.3685822e+01,0,nan,nan,nan,nan,1178.14384,2.6998864e-04,1562.41167,2.5494435e-04,3.7851643e-03,-9.1894336e-02
-0.029251809641201464,0.9994465109971249,0.00028513995233513746,2367.004748190344,2.5300852e-03,820474,1178.13827,1562.40915,1.4770697e+05,4.2095547e+01,3.2367976e+03,8.4647532e+00,1.5306233e+05,4.3668354e+01,0,nan,nan,nan,nan,1178.13827,2.7034761e-04,1562.40915,2.5518995e-04,-1.6926897e-03,-9.5150955e-02
-0.027862899266442077,0.9999407949787029,0.0002852309192918536,2367.0061371007187,2.5301073e-03,820475,1178.14090,1562.40966,1.4780794e+05,4.2109009e+01,3.2345493e+03,8.4625273e+00,1.5313812e+05,4.3682316e+01,0,nan,nan,nan,nan,1178.14090,2.7022927e-04,1562.40966,2.5513585e-04,4.8696485e-04,-9.4222218e-02
-0.026473989124491778,0.9994226945729896,0.0002851057870014283,2367.0075260108606,2.5301292e-03,820476,1178.14050,1562.41081,1.4767717e+05,4.2090561e+01,3.2409182e+03,8.4633799e+00,1.5305888e+05,4.3663177e+01,0,nan,nan,nan,nan,1178.14050,2.7038137e-04,1562.41081,2.5525945e-04,8.4784837e-04,-9.2662498e-02
-0.025085078748826938,0.9994885960721901,0.00028517850973008965,2367.0089149212363,2.5301513e-03,820477,1178.13666,1562.41233,1.4775381e+05,4.2101322e+01,3.2282546e+03,8.4698458e+00,1.5306906e+05,4.3674343e+01,0,nan,nan,nan,nan,1178.13666,2.7027709e-04,1562.41233,2.5503649e-04,-3.6500972e-03,-9.1322981e-02
-0.02369616860642391,1.0002368347223294,0.00028525466720578376,2367.0103038313787,2.5301732e-03,820478,1178.14234,1562.41018,1.4786345e+05,4.2112591e+01,3.2264741e+03,8.4622984e+00,1.5318375e+05,4.3686031e+01,0,nan,nan,nan,nan,1178.14234,2.7008387e-04,1562.41018,2.5499056e-04,2.1791514e-03,-9.3910769e-02
-0.02230725823119024,0.9998849632571185,0.00028517347970281935,2367.011692741754,2.5301953e-03,820479,1178.13928,1562.40910,1.4777102e+05,4.2100628e+01,3.2348564e+03,8.4580078e+00,1.5312994e+05,4.3673622e+01,0,nan,nan,nan,nan,1178.13928,2.7036987e-04,1562.40910,2.5509959e-04,-1.3376490e-03,-9.4965756e-02
-0.020918348088334485,0.9999900903898302,0.0002852420439861851,2367.0130816518968,2.5302172e-03,820480,1178.13571,1562.40966,1.4781027e+05,4.2110779e+01,3.2304377e+03,8.4769678e+00,1.5314614e+05,4.3684151e+01,0,nan,nan,nan,nan,1178.13571,2.7027936e-04,1562.40966,2.5500817e-04,-4.2741653e-03,-9.5016144e-02
-0.01952943771266965,0.998952914721358,0.00028509677974693524,2367.0144705622724,2.5302393e-03,820481,1178.14267,1562.41176,1.4764470e+05,4.2089355e+01,3.2333701e+03,8.4731731e+00,1.5298739e+05,4.3661930e+01,0,nan,nan,nan,nan,1178.14267,2.7043535e-04,1562.41176,2.5517665e-04,2.9784667e-03,-9.2426971e-02
-0.018140527569813894,0.9992247445357332,0.000285193369908142,2367.0158594724153,2.5302612e-03,820482,1178.13902,1562.41210,1.4774517e+05,4.2103638e+01,3.2320125e+03,8.4678659e+00,1.5302911e+05,4.3676746e+01,0,nan,nan,nan,nan,1178.13902,2.7026478e-04,1562.41210,2.5518957e-04,-7.0949318e-04,-9.1805361e-02
-0.016751617427863595,0.998943513453363,0.00028506469541801616,2367.017248382557,2.5302831e-03,820483,1178.13832,1562.41161,1.4763067e+05,4.2084663e+01,3.2325791e+03,8.4623165e+00,1.5298612e+05,4.3657066e+01,0,nan,nan,nan,nan,1178.13832,2.7050480e-04,1562.41161,2.5516775e-04,-1.7573696e-03,-9.2200957e-02
-0.015362707051746029,1.000282265280119,0.00028528423679137325,2367.0186372929334,2.5303052e-03,820484,1178.13791,1562.41484,1.4785394e+05,4.2117107e+01,3.2332373e+03,8.4657755e+00,1.5319125e+05,4.3690716e+01,0,nan,nan,nan,nan,1178.13791,2.7010738e-04,1562.41484,2.5507645e-04,-2.0749283e-03,-8.9139402e-02
-0.013973796909343002,0.9998357790910211,0.00028519845877529154,2367.0200262030758,2.5303271e-03,820485,1178.13814,1562.40613,1.4776200e+05,4.2104469e+01,3.2315649e+03,8.4816713e+00,1.5312295e+05,4.3677605e+01,0,nan,nan,nan,nan,1178.13814,2.7018969e-04,1562.40613,2.5497787e-04,-2.0453797e-03,-9.8077230e-02
-0.012584886534109331,1.0006210570068363,0.0002853016885682904,2367.021415113451,2.5303492e-03,820486,1178.14102,1562.40902,1.4792981e+05,4.2119728e+01,3.2213469e+03,8.4551477e+00,1.5324331e+05,4.3693439e+01,0,nan,nan,nan,nan,1178.14102,2.6990959e-04,1562.40902,2.5483430e-04,1.0328442e-03,-9.5247395e-02
-0.01119597639125358,0.9996343305150707,0.0002851366150901671,2367.022804023594,2.5303711e-03,820487,1178.13748,1562.41369,1.4777939e+05,4.2095383e+01,3.2194385e+03,8.4409380e+00,1.5309228e+05,4.3668182e+01,0,nan,nan,nan,nan,1178.13748,2.7010840e-04,1562.41369,2.5501286e-04,-2.4828869e-03,-9.0361178e-02
-0.009807066015136014,0.9997650003618754,0.0002852039960633207,2367.02419293397,2.5303932e-03,820488,1178.13817,1562.40841,1.4780139e+05,4.2105354e+01,3.2324011e+03,8.4597940e+00,1.5311238e+05,4.3678524e+01,0,nan,nan,nan,nan,1178.13817,2.6996995e-04,1562.40841,2.5501120e-04,-1.9080715e-03,-9.6115544e-02
-0.008418155873185713,1.0000140949762752,0.0002852379713370063,2367.025581844112,2.5304151e-03,820489,1178.14321,1562.41188,1.4784370e+05,4.2110397e+01,3.2270232e+03,8.4595642e+00,1.5315061e+05,4.3683754e+01,0,nan,nan,nan,nan,1178.14321,2.7005718e-04,1562.41188,2.5490395e-04,3.4400036e-03,-9.1950305e-02
-0.007029245497499317,0.9999390450550106,0.00028523536908511664,2367.0269707544876,2.5304372e-03,820490,1178.13814,1562.40941,1.4782283e+05,4.2110035e+01,3.2324258e+03,8.4686308e+00,1.5313920e+05,4.3683380e+01,0,nan,nan,nan,nan,1178.13814,2.7013017e-04,1562.40941,2.5497482e-04,-2.0555933e-03,-9.5266804e-02
-0.005640335354665122,0.9996828250310376,0.00028522409651048704,2367.0283596646304,2.5304591e-03,820491,1178.14115,1562.41231,1.4780044e+05,4.2108391e+01,3.2255496e+03,8.4708366e+00,1.5310005e+05,4.3681675e+01,0,nan,nan,nan,nan,1178.14115,2.7007016e-04,1562.41231,2.5500753e-04,1.3259032e-03,-9.1749690e-02
-0.004251425211809368,1.0000359325436978,0.0002853220094507554,2367.0297485747733,2.5304810e-03,820492,1178.13287,1562.40784,1.4787061e+05,4.2122871e+01,3.2316511e+03,8.4964733e+00,1.5315420e+05,4.3696697e+01,0,nan,nan,nan,nan,1178.13287,2.6984638e-04,1562.40784,2.5485398e-04,-7.7187754e-03,-9.6377097e-02
-0.0028625148361229717,1.000020258107241,0.00028525181218057793,2367.031137485149,2.5305031e-03,820493,1178.14524,1562.41335,1.4783791e+05,4.2112530e+01,3.2293691e+03,8.4664516e+00,1.5315189e+05,4.3685970e+01,0,nan,nan,nan,nan,1178.14524,2.7009359e-04,1562.41335,2.5495386e-04,5.3058593e-03,-9.0590470e-02
-0.0014736046941942293,0.9997571422207747,0.00028515542650092235,2367.032526395291,2.5305250e-03,820494,1178.13969,1562.40940,1.4778225e+05,4.2098320e+01,3.2240862e+03,8.4462061e+00,1.5311167e+05,4.3671230e+01,0,nan,nan,nan,nan,1178.13969,2.7014452e-04,1562.40940,2.5505672e-04,-2.9572835e-05,-9.4714753e-02
-8.469431850783251e-05,1.000117656638747,0.0002852137972052804,2367.0339153056666,2.5305471e-03,820495,1178.14067,1562.41225,1.4780700e+05,4.2106960e+01,3.2310994e+03,8.4562683e+00,1.5316697e+05,4.3680191e+01,0,nan,nan,nan,nan,1178.14067,2.7034021e-04,1562.41225,2.5510421e-04,7.4688805e-04,-9.1757223e-02
0.0013042158243479207,1.0001185680762972,0.0002852790372232506,2367.0353042158094,2.5305690e-03,820496,1178.14000,1562.41203,1.4784392e+05,4.2116615e+01,3.2368323e+03,8.4807491e+00,1.5316719e+05,4.3690208e+01,0,nan,nan,nan,nan,1178.14000,2.7029056e-04,1562.41203,2.5491012e-04,-1.2048169e-04,-9.2525326e-02
0.0026931259662982213,0.9988451818817472,0.0002851198006584441,2367.0366931259514,2.5305909e-03,820497,1178.13631,1562.41124,1.4768141e+05,4.2093124e+01,3.2380632e+03,8.4623480e+00,1.5297225e+05,4.3665840e+01,0,nan,nan,nan,nan,1178.13631,2.7017671e-04,1562.41124,2.5514327e-04,-3.3871420e-03,-9.3135327e-02
0.0040820363424157865,1.0002386503278013,0.00028527557468420846,2367.0380820363275,2.5306130e-03,820498,1178.13741,1562.40986,1.4787559e+05,4.2116146e+01,3.2271165e+03,8.4652576e+00,1.5318573e+05,4.3689720e+01,0,nan,nan,nan,nan,1178.13741,2.6984859e-04,1562.40986,2.5491056e-04,-2.6267190e-03,-9.4450824e-02
0.0054709464857242655,1.0002430375270548,0.00028521135375835855,2367.039470946471,2.5306349e-03,820499,1178.14152,1562.41081,1.4781792e+05,4.2106686e+01,3.2227332e+03,8.4615812e+00,1.5318648e+05,4.3679909e+01,0,nan,nan,nan,nan,1178.14152,2.7017848e-04,1562.41081,2.5498308e-04,1.7752303e-03,-9.3033798e-02
0.00685985686050521,0.999077424089922,0.00028509257216517464,2367.0408598568456,2.5306570e-03,820500,1178.13967,1562.41561,1.4766452e+05,4.2089172e+01,3.2197236e+03,8.4605608e+00,1.5300805e+05,4.3661739e+01,0,nan,nan,nan,nan,1178.13967,2.7050014e-04,1562.41561,2.5532258e-04,-6.8561807e-05,-8.9002855e-02
0.00824876700288668,0.9998886484715325,0.0002851475781856621,2367.042248766988,2.5306789e-03,820501,1178.13360,1562.40451,1.4776081e+05,4.2097313e+01,3.2159844e+03,8.4601564e+00,1.5313236e+05,4.3670185e+01,0,nan,nan,nan,nan,1178.13360,2.7033084e-04,1562.40451,2.5512330e-04,-6.6977977e-03,-9.9782228e-02
0.009637677146195157,0.9995163443514796,0.00028519470002651213,2367.0436376771313,2.5307008e-03,820502,1178.14310,1562.40881,1.4778700e+05,4.2104290e+01,3.2362810e+03,8.4673300e+00,1.5307541e+05,4.3677422e+01,0,nan,nan,nan,nan,1178.14310,2.7014673e-04,1562.40881,2.5503081e-04,3.1962094e-03,-9.5259331e-02
0.011026587520976102,0.9996882862472866,0.00028520021080352735,2367.045026587506,2.5307229e-03,820503,1178.13801,1562.41446,1.4776519e+05,4.2105122e+01,3.2447864e+03,8.4645615e+00,1.5310181e+05,4.3678284e+01,0,nan,nan,nan,nan,1178.13801,2.7023756e-04,1562.41446,2.5500229e-04,-1.6287608e-03,-8.9495532e-02
0.012415497663831855,0.9991754079750836,0.0002851492987062807,2367.046415497649,2.5307448e-03,820504,1178.14094,1562.41376,1.4769777e+05,4.2097626e+01,3.2292388e+03,8.4788675e+00,1.5302334e+05,4.3670509e+01,0,nan,nan,nan,nan,1178.14094,2.7042825e-04,1562.41376,2.5526361e-04,1.3425982e-03,-8.9791790e-02
0.013804407806666051,0.9997352205153689,0.00028521886277849156,2367.047804407792,2.5307667e-03,820505,1178.13658,1562.41128,1.4781698e+05,4.2107914e+01,3.2183311e+03,8.4623251e+00,1.5310914e+05,4.3681183e+01,0,nan,nan,nan,nan,1178.13658,2.6995654e-04,1562.41128,2.5491932e-04,-3.7746371e-03,-9.2593566e-02
0.015193318182352448,0.9999796538901139,0.00028519033286052376,2367.0491933181675,2.5307888e-03,820506,1178.13877,1562.40776,1.4783212e+05,4.2103722e+01,3.2170349e+03,8.4421883e+00,1.5314664e+05,4.3676834e+01,0,nan,nan,nan,nan,1178.13877,2.6995706e-04,1562.40776,2.5496364e-04,-1.2859580e-03,-9.6933730e-02
0.0165822283252082,0.9995089336282021,0.0002851398055666503,2367.0505822283103,2.5308107e-03,820507,1178.13536,1562.41357,1.4776117e+05,4.2096283e+01,3.2178433e+03,8.4462519e+00,1.5307462e+05,4.3669113e+01,0,nan,nan,nan,nan,1178.13536,2.7012406e-04,1562.41357,2.5497825e-04,-4.8812935e-03,-9.0399235e-02
0.01797113846713694,0.9997519520010317,0.0002852031196038603,2367.0519711384522,2.5308325e-03,820508,1178.14144,1562.41174,1.4781048e+05,4.2105648e+01,3.2137498e+03,8.4518900e+00,1.5311191e+05,4.3678829e+01,0,nan,nan,nan,nan,1178.14144,2.7014030e-04,1562.41174,2.5502587e-04,1.4968415e-03,-9.2301480e-02
0.01936004884282334,0.9997977129921101,0.00028514139334603433,2367.053360048828,2.5308547e-03,820509,1178.14174,1562.40838,1.4777377e+05,4.2096550e+01,3.2152910e+03,8.4495926e+00,1.5311898e+05,4.3669395e+01,0,nan,nan,nan,nan,1178.14174,2.7037572e-04,1562.40838,2.5505808e-04,1.9540805e-03,-9.6099675e-02
0.02074895898613182,1.0000515936032857,0.00028521373286645495,2367.0547489589712,2.5308765e-03,820510,1178.13847,1562.40935,1.4783311e+05,4.2107250e+01,3.2207275e+03,8.4534254e+00,1.5315794e+05,4.3680492e+01,0,nan,nan,nan,nan,1178.13847,2.7014859e-04,1562.40935,2.5492249e-04,-1.2780620e-03,-9.4866782e-02
0.022137869128534847,1.0000268678289286,0.00028516330206042394,2367.0561378691136,2.5308984e-03,820511,1178.13196,1562.41417,1.4778352e+05,4.2099819e+01,3.2182305e+03,8.4508991e+00,1.5315420e+05,4.3672787e+01,0,nan,nan,nan,nan,1178.13196,2.7028000e-04,1562.41417,2.5505963e-04,-8.9754639e-03,-8.9931756e-02
0.02352677950374696,0.9999424345691914,0.00028522345335441556,2367.057526779489,2.5309206e-03,820512,1178.14158,1562.41254,1.4781609e+05,4.2108715e+01,3.2306934e+03,8.4657640e+00,1.5314134e+05,4.3682014e+01,0,nan,nan,nan,nan,1178.14158,2.7021242e-04,1562.41254,2.5490668e-04,1.7183319e-03,-9.1810174e-02
0.02491568964705544,0.9999537219775678,0.0002852272986921309,2367.058915689632,2.5309424e-03,820513,1178.14033,1562.41458,1.4780169e+05,4.2109299e+01,3.2332437e+03,8.4628048e+00,1.5314312e+05,4.3682621e+01,0,nan,nan,nan,nan,1178.14033,2.7004807e-04,1562.41458,2.5508535e-04,8.2194363e-04,-8.9196317e-02
0.026304599789005737,0.9999117386085978,0.00028521482143266597,2367.060304599774,2.5309643e-03,820514,1178.14196,1562.41069,1.4782505e+05,4.2107475e+01,3.2210950e+03,8.4531221e+00,1.5313675e+05,4.3680729e+01,0,nan,nan,nan,nan,1178.14196,2.7026801e-04,1562.41069,2.5497426e-04,2.4236199e-03,-9.3553595e-02
0.027693510164217852,1.0000673861786933,0.0002852650278161547,2367.0616935101493,2.5309864e-03,820515,1178.13726,1562.40820,1.4786450e+05,4.2114906e+01,3.2260601e+03,8.4744844e+00,1.5316066e+05,4.3688435e+01,0,nan,nan,nan,nan,1178.13726,2.7001754e-04,1562.40820,2.5487546e-04,-2.8437409e-03,-9.6070938e-02
0.029082420307526332,0.9999699955569766,0.0002851861787443743,2367.0630824202926,2.5310083e-03,820516,1178.13735,1562.41053,1.4779420e+05,4.2103275e+01,3.2219558e+03,8.4530563e+00,1.5314580e+05,4.3676373e+01,0,nan,nan,nan,nan,1178.13735,2.7019708e-04,1562.41053,2.5513439e-04,-2.3626965e-03,-9.3478993e-02
0.030471330450382084,0.9993228360770277,0.0002851374506432814,2367.0644713304355,2.5310302e-03,820517,1178.13794,1562.41416,1.4774711e+05,4.2096100e+01,3.2155588e+03,8.4521942e+00,1.5304673e+05,4.3668926e+01,0,nan,nan,nan,nan,1178.13794,2.7018052e-04,1562.41416,2.5500698e-04,-2.3607160e-03,-9.0489730e-02
0.03186024059278511,1.0001329397113827,0.0002852173756160483,2367.065860240578,2.5310521e-03,820518,1178.13480,1562.41687,1.4778844e+05,4.2107914e+01,3.2317722e+03,8.4753857e+00,1.5317086e+05,4.3681183e+01,0,nan,nan,nan,nan,1178.13480,2.7056778e-04,1562.41687,2.5495686e-04,-5.3444128e-03,-8.6928762e-02
0.03324915096799722,0.9992443139873814,0.00028505289358070124,2367.067249150953,2.5310742e-03,820519,1178.14124,1562.40511,1.4763559e+05,4.2083649e+01,3.2248826e+03,8.4576330e+00,1.5303481e+05,4.3656006e+01,0,nan,nan,nan,nan,1178.14124,2.7072607e-04,1562.40511,2.5507031e-04,9.5318304e-04,-9.9208601e-02
0.03463806111085298,1.0000460921287526,0.0002852287077649368,2367.068638061096,2.5310961e-03,820520,1178.14024,1562.40776,1.4786045e+05,4.2109612e+01,3.2108149e+03,8.4536963e+00,1.5315766e+05,4.3682945e+01,0,nan,nan,nan,nan,1178.14024,2.6993046e-04,1562.40776,2.5490695e-04,4.6123890e-04,-9.6289568e-02
0.036026971254161454,1.0002069194978038,0.00028524380620397995,2367.0700269712393,2.5311180e-03,820521,1178.13773,1562.41476,1.4788128e+05,4.2111855e+01,3.2087236e+03,8.4454441e+00,1.5318233e+05,4.3685272e+01,0,nan,nan,nan,nan,1178.13773,2.6990921e-04,1562.41476,2.5495433e-04,-2.1072184e-03,-8.9327827e-02
0.03741588139656448,0.9996685115379824,0.0002851955570676351,2367.0714158813817,2.5311399e-03,820522,1178.13909,1562.41147,1.4779216e+05,4.2104752e+01,3.2273342e+03,8.4627237e+00,1.5309992e+05,4.3677898e+01,0,nan,nan,nan,nan,1178.13909,2.6996961e-04,1562.41147,2.5496146e-04,-1.1535394e-03,-9.2425488e-02
0.03880479177132387,1.0007054849042738,0.0002852890267802302,2367.0728047917564,2.5311620e-03,820523,1178.13668,1562.41173,1.4791823e+05,4.2118561e+01,3.2172747e+03,8.4477825e+00,1.5325878e+05,4.3692226e+01,0,nan,nan,nan,nan,1178.13668,2.7000954e-04,1562.41173,2.5493870e-04,-3.3435253e-03,-9.2249431e-02
0.04019370191463235,0.9999710841153886,0.0002852048158729312,2367.0741937018997,2.5311839e-03,820524,1178.13807,1562.41032,1.4782856e+05,4.2106144e+01,3.2138301e+03,8.4460316e+00,1.5314636e+05,4.3679340e+01,0,nan,nan,nan,nan,1178.13807,2.7019094e-04,1562.41032,2.5502779e-04,-1.8872410e-03,-9.3530551e-02
0.041582612057035374,1.0001454190997272,0.0002852395968834179,2367.075582612042,2.5312058e-03,820525,1178.13838,1562.41057,1.4784862e+05,4.2111290e+01,3.2274851e+03,8.4533644e+00,1.5317309e+05,4.3684681e+01,0,nan,nan,nan,nan,1178.13838,2.7006376e-04,1562.41057,2.5496425e-04,-1.7182973e-03,-9.3687221e-02
0.04297152219941684,1.0003397884053018,0.0002852082660359176,2367.0769715221845,2.5312277e-03,820526,1178.13828,1562.41000,1.4786445e+05,4.2106670e+01,3.2015149e+03,8.4400558e+00,1.5320291e+05,4.3679893e+01,0,nan,nan,nan,nan,1178.13828,2.7001151e-04,1562.41000,2.5484691e-04,-1.7475388e-03,-9.4566651e-02
0.04436043257555597,0.9999728894693684,0.0002852160772973088,2367.0783604325607,2.5312498e-03,820527,1178.14066,1562.41665,1.4786880e+05,4.2107838e+01,3.2063025e+03,8.4430742e+00,1.5314677e+05,4.3681103e+01,0,nan,nan,nan,nan,1178.14066,2.6996311e-04,1562.41665,2.5486739e-04,4.1712148e-04,-8.7412201e-02
0.04574934271841172,0.9991333425646521,0.0002850708849119814,2367.0797493427035,2.5312717e-03,820528,1178.13666,1562.40738,1.4769789e+05,4.2086414e+01,3.2139968e+03,8.4511156e+00,1.5301822e+05,4.3658878e+01,0,nan,nan,nan,nan,1178.13666,2.7029493e-04,1562.40738,2.5505727e-04,-3.0908750e-03,-9.7043172e-02
0.047138252860340464,0.9990740412968694,0.00028508737381992104,2367.0811382528454,2.5312935e-03,820529,1178.13786,1562.41308,1.4766822e+05,4.2088856e+01,3.2240322e+03,8.4529772e+00,1.5300917e+05,4.3661411e+01,0,nan,nan,nan,nan,1178.13786,2.7035640e-04,1562.41308,2.5521679e-04,-1.6019179e-03,-9.1104195e-02
0.04852716300229076,1.0001302143582427,0.00028527802772961903,2367.0825271629874,2.5313154e-03,820530,1178.14411,1562.41156,1.4789052e+05,4.2117012e+01,3.2265400e+03,8.4564123e+00,1.5317097e+05,4.3690620e+01,0,nan,nan,nan,nan,1178.14411,2.7003730e-04,1562.41156,2.5485439e-04,4.4426173e-03,-9.2282556e-02
0.04991607314469379,0.9995432685009105,0.0002851333682012236,2367.08391607313,2.5313373e-03,820531,1178.13677,1562.41402,1.4773297e+05,4.2095669e+01,3.2207078e+03,8.4514570e+00,1.5308111e+05,4.3668476e+01,0,nan,nan,nan,nan,1178.13677,2.7027854e-04,1562.41402,2.5522296e-04,-3.6492823e-03,-8.9824229e-02
0.0513049835199059,1.0003462377496553,0.00028526187104716363,2367.085304983505,2.5313594e-03,820532,1178.14161,1562.41120,1.4788722e+05,4.2114651e+01,3.2230063e+03,8.4577379e+00,1.5320411e+05,4.3688168e+01,0,nan,nan,nan,nan,1178.14161,2.7011408e-04,1562.41120,2.5484856e-04,1.7317221e-03,-9.3159564e-02
0.05269389366230893,1.0001462720942083,0.0002851814408319087,2367.0866938936474,2.5313813e-03,820533,1178.14070,1562.41051,1.4785095e+05,4.2102783e+01,3.2040554e+03,8.4330626e+00,1.5317352e+05,4.3675858e+01,0,nan,nan,nan,nan,1178.14070,2.6999041e-04,1562.41051,2.5488550e-04,8.1021187e-04,-9.3075231e-02
0.05408280380561741,1.000028560248262,0.00028518319139411626,2367.0880828037907,2.5314032e-03,820534,1178.13947,1562.40815,1.4780075e+05,4.2103046e+01,3.2224819e+03,8.4525461e+00,1.5315552e+05,4.3676132e+01,0,nan,nan,nan,nan,1178.13947,2.7016230e-04,1562.40815,2.5499574e-04,-5.0495513e-04,-9.5841624e-02
0.05547171394847316,0.9995062010315459,0.0002850960163415256,2367.0894717139336,2.5314251e-03,820535,1178.13871,1562.41280,1.4769441e+05,4.2090187e+01,3.2193777e+03,8.4587584e+00,1.5307555e+05,4.3662788e+01,0,nan,nan,nan,nan,1178.13871,2.7042805e-04,1562.41280,2.5510357e-04,-1.5440783e-03,-9.1548830e-02
0.05686062409040191,1.0000049748092334,0.0002851644115847934,2367.0908606240755,2.5314470e-03,820536,1178.13823,1562.41308,1.4779956e+05,4.2100285e+01,3.2136536e+03,8.4467173e+00,1.5315195e+05,4.3673271e+01,0,nan,nan,nan,nan,1178.13823,2.7009138e-04,1562.41308,2.5510279e-04,-1.8459474e-03,-9.0999812e-02
0.0582495344660883,0.9999222197765175,0.0002851767930541453,2367.092249534451,2.5314691e-03,820537,1178.14106,1562.40680,1.4781544e+05,4.2102123e+01,3.2138669e+03,8.4459038e+00,1.5313931e+05,4.3675175e+01,0,nan,nan,nan,nan,1178.14106,2.7002243e-04,1562.40680,2.5501486e-04,1.3750452e-03,-9.7598471e-02
0.059638444608944054,1.0001201742122467,0.0002851867042705009,2367.093638444594,2.5314910e-03,820538,1178.13209,1562.41255,1.4783255e+05,4.2103588e+01,3.2103127e+03,8.4387579e+00,1.5316964e+05,4.3676697e+01,0,nan,nan,nan,nan,1178.13209,2.7008870e-04,1562.41255,2.5501900e-04,-7.6685990e-03,-9.1414228e-02
0.06102735475177825,0.9994401092100552,0.0002851532892749256,2367.095027354737,2.5315129e-03,820539,1178.14278,1562.41302,1.4772902e+05,4.2098663e+01,3.2331494e+03,8.4595985e+00,1.5306552e+05,4.3671585e+01,0,nan,nan,nan,nan,1178.14278,2.7027080e-04,1562.41302,2.5517619e-04,2.8351853e-03,-9.1257475e-02
0.062416264894634005,0.9998917875496857,0.00028519320881888053,2367.0964162648797,2.5315348e-03,820540,1178.13678,1562.41034,1.4784977e+05,4.2104561e+01,3.2051025e+03,8.4394464e+00,1.5313472e+05,4.3677704e+01,0,nan,nan,nan,nan,1178.13678,2.6993011e-04,1562.41034,2.5489411e-04,-3.0478667e-03,-9.3687445e-02
0.0638051750365843,0.9993464332066857,0.00028508900084819964,2367.0978051750217,2.5315566e-03,820541,1178.14063,1562.41018,1.4768722e+05,4.2089180e+01,3.2298855e+03,8.4579544e+00,1.5305120e+05,4.3661751e+01,0,nan,nan,nan,nan,1178.14063,2.7046478e-04,1562.41018,2.5509286e-04,1.1618676e-03,-9.3665257e-02
0.06519408517989278,0.9995901440656058,0.0002851325062916225,2367.099194085165,2.5315785e-03,820542,1178.13192,1562.41512,1.4776719e+05,4.2095612e+01,3.2077061e+03,8.4459572e+00,1.5308855e+05,4.3668419e+01,0,nan,nan,nan,nan,1178.13192,2.7000491e-04,1562.41512,2.5510503e-04,-8.8011455e-03,-8.8361442e-02
0.06658299532227425,0.999389398384857,0.0002851328602379304,2367.1005829953074,2.5316004e-03,820543,1178.14446,1562.40651,1.4774833e+05,4.2095669e+01,3.2163218e+03,8.4596558e+00,1.5305781e+05,4.3668476e+01,0,nan,nan,nan,nan,1178.14446,2.7017869e-04,1562.40651,2.5493209e-04,4.8635476e-03,-9.8155141e-02
0.06797190569705519,0.9996730622581868,0.0002851597273862438,2367.101971905682,2.5316225e-03,820544,1178.14264,1562.41119,1.4776916e+05,4.2099632e+01,3.2186250e+03,8.4505682e+00,1.5310127e+05,4.3672592e+01,0,nan,nan,nan,nan,1178.14264,2.7015206e-04,1562.41119,2.5496815e-04,2.9634302e-03,-9.2769720e-02
0.06936081584036367,1.0004404801168132,0.0002852253296261027,2367.1033608158255,2.5316444e-03,820545,1178.13415,1562.41473,1.4785931e+05,4.2109325e+01,3.2138110e+03,8.4466534e+00,1.5321881e+05,4.3682644e+01,0,nan,nan,nan,nan,1178.13415,2.7006539e-04,1562.41473,2.5501373e-04,-6.3626487e-03,-8.9097425e-02
0.07074972598365059,0.9988404523531995,0.0002850294454856603,2367.1047497259688,2.5316663e-03,820546,1178.14111,1562.40936,1.4758978e+05,4.2080406e+01,3.2321204e+03,8.4693346e+00,1.5297377e+05,4.3652645e+01,0,nan,nan,nan,nan,1178.14111,2.7084866e-04,1562.40936,2.5521513e-04,1.3224985e-03,-9.5071130e-02
0.0721386361256009,0.999889724559854,0.00028516265318544545,2367.1061386361107,2.5316882e-03,820547,1178.13415,1562.41568,1.4780983e+05,4.2100071e+01,3.2113811e+03,8.4418573e+00,1.5313447e+05,4.3673050e+01,0,nan,nan,nan,nan,1178.13415,2.7013017e-04,1562.41568,2.5488372e-04,-6.1496673e-03,-8.8066861e-02
0.07352754626845664,0.9992818184941369,0.00028508908197768986,2367.1075275462536,2.5317101e-03,820548,1178.14273,1562.40364,1.4767402e+05,4.2089214e+01,3.2335872e+03,8.4651127e+00,1.5304138e+05,4.3661781e+01,0,nan,nan,nan,nan,1178.14273,2.7029199e-04,1562.40364,2.5524496e-04,2.9395525e-03,-1.0075059e-01
0.07491645641131241,0.9995778792483947,0.00028514701575630856,2367.1089164563964,2.5317320e-03,820549,1178.13326,1562.41228,1.4774367e+05,4.2097767e+01,3.2191084e+03,8.4575005e+00,1.5308672e+05,4.3670654e+01,0,nan,nan,nan,nan,1178.13326,2.7017746e-04,1562.41228,2.5507464e-04,-6.6529266e-03,-9.2274338e-02
0.0763053665541466,0.9998382542449452,0.00028519401157361593,2367.1103053665393,2.5317539e-03,820550,1178.13930,1562.41006,1.4783303e+05,4.2104706e+01,3.2144287e+03,8.4446392e+00,1.5312659e+05,4.3677853e+01,0,nan,nan,nan,nan,1178.13930,2.6995532e-04,1562.41006,2.5496847e-04,-2.4083108e-04,-9.4263382e-02
0.07769427669654963,1.0005868534034421,0.0002852443573990853,2367.1116942766816,2.5317757e-03,820551,1178.14184,1562.41285,1.4789238e+05,4.2112137e+01,3.2072029e+03,8.4486198e+00,1.5324123e+05,4.3685562e+01,0,nan,nan,nan,nan,1178.14184,2.6985820e-04,1562.41285,2.5491050e-04,1.6886980e-03,-9.0996549e-02
0.07908318683895266,0.9995881056658928,0.0002851918393950944,2367.113083186824,2.5317976e-03,820552,1178.13820,1562.41007,1.4779025e+05,4.2104382e+01,3.2126094e+03,8.4672441e+00,1.5308828e+05,4.3677517e+01,0,nan,nan,nan,nan,1178.13820,2.6988832e-04,1562.41007,2.5505031e-04,-2.3182670e-03,-9.3894847e-02
0.08047209698178685,0.999748932970909,0.00028516193543081644,2367.114472096967,2.5318195e-03,820553,1178.13498,1562.41284,1.4775269e+05,4.2099968e+01,3.2296721e+03,8.4549923e+00,1.5311291e+05,4.3672939e+01,0,nan,nan,nan,nan,1178.13498,2.7031187e-04,1562.41284,2.5507814e-04,-5.9969397e-03,-9.1567159e-02
0.0818610071246426,0.9992406867723406,0.000285116117537381,2367.1158610071097,2.5318414e-03,820554,1178.14045,1562.41234,1.4770684e+05,4.2093201e+01,3.2224163e+03,8.4513588e+00,1.5303506e+05,4.3665916e+01,0,nan,nan,nan,nan,1178.14045,2.7032799e-04,1562.41234,2.5512572e-04,1.7793532e-04,-9.1551214e-02
0.08324991749942355,0.999819546940062,0.0002851259709724537,2367.1172499174845,2.5318635e-03,820555,1178.13671,1562.41043,1.4775800e+05,4.2094650e+01,3.2208372e+03,8.4474592e+00,1.5312370e+05,4.3667423e+01,0,nan,nan,nan,nan,1178.13671,2.7052508e-04,1562.41043,2.5501088e-04,-4.4212053e-03,-9.3721084e-02
0.08463882764271047,0.9999739760051995,0.0002852088973825947,2367.118638827628,2.5318854e-03,820556,1178.13837,1562.40875,1.4784045e+05,4.2106895e+01,3.2142749e+03,8.4490004e+00,1.5314734e+05,4.3680122e+01,0,nan,nan,nan,nan,1178.13837,2.7002706e-04,1562.40875,2.5486815e-04,-1.6054630e-03,-9.5880009e-02
0.08602773778556622,0.9997136285224739,0.00028519786454554025,2367.1200277377707,2.5319073e-03,820557,1178.14110,1562.41216,1.4783936e+05,4.2105255e+01,3.2128110e+03,8.4476862e+00,1.5310745e+05,4.3678429e+01,0,nan,nan,nan,nan,1178.14110,2.7017036e-04,1562.41216,2.5492048e-04,1.4224316e-03,-9.1704644e-02
0.08741664792796924,0.9994935213074796,0.00028513119675819545,2367.121416647913,2.5319292e-03,820558,1178.13912,1562.40938,1.4772775e+05,4.2095413e+01,3.2178523e+03,8.4618330e+00,1.5307373e+05,4.3668213e+01,0,nan,nan,nan,nan,1178.13912,2.7033992e-04,1562.40938,2.5508247e-04,-7.4756896e-04,-9.4572790e-02
0.08880555807037227,0.9994523347617054,0.0002851419378605971,2367.1228055580555,2.5319511e-03,820559,1178.13949,1562.41072,1.4776284e+05,4.2096992e+01,3.2205696e+03,8.4509640e+00,1.5306741e+05,4.3669853e+01,0,nan,nan,nan,nan,1178.13949,2.7013099e-04,1562.41072,2.5495447e-04,-6.7029352e-04,-9.3004651e-02
0.09019446821365919,1.0003957500225722,0.0002852493810014774,2367.1241944681988,2.5319729e-03,820560,1178.13887,1562.40942,1.4787975e+05,4.2112854e+01,3.2114824e+03,8.4424257e+00,1.5321188e+05,4.3686302e+01,0,nan,nan,nan,nan,1178.13887,2.7010610e-04,1562.40942,2.5493407e-04,-1.6640195e-03,-9.4762854e-02
0.0915833783556095,1.0000352135802577,0.0002852118822386732,2367.1255833783407,2.5319948e-03,820561,1178.13631,1562.41208,1.4783120e+05,4.2107311e+01,3.2194731e+03,8.4562006e+00,1.5315664e+05,4.3680553e+01,0,nan,nan,nan,nan,1178.13631,2.7003331e-04,1562.41208,2.5493652e-04,-3.8575428e-03,-9.1737337e-02
0.09297228849846524,0.9994600245798542,0.00028516600648895754,2367.1269722884836,2.5320167e-03,820562,1178.14112,1562.41573,1.4777062e+05,4.2100529e+01,3.2212917e+03,8.4484177e+00,1.5306852e+05,4.3673523e+01,0,nan,nan,nan,nan,1178.14112,2.7008145e-04,1562.41573,2.5504443e-04,1.8008323e-03,-8.7946661e-02
0.09436119864129944,1.00027117598845,0.00028524110201718765,2367.1283611986264,2.5320386e-03,820563,1178.13849,1562.40813,1.4788452e+05,4.2111610e+01,3.2119194e+03,8.4448814e+00,1.5319272e+05,4.3685013e+01,0,nan,nan,nan,nan,1178.13849,2.6981242e-04,1562.40813,2.5485252e-04,-1.9744590e-03,-9.5498249e-02
0.0957501087841552,0.9998713453549559,0.00028514439656388555,2367.1297501087693,2.5320605e-03,820564,1178.14168,1562.41599,1.4776767e+05,4.2097328e+01,3.2129861e+03,8.4556208e+00,1.5313147e+05,4.3670197e+01,0,nan,nan,nan,nan,1178.14168,2.7025837e-04,1562.41599,2.5504289e-04,1.8329356e-03,-8.8210613e-02
0.09713901892655823,0.999560922211605,0.00028509605861048196,2367.1311390189117,2.5320824e-03,820565,1178.13562,1562.40862,1.4774555e+05,4.2090179e+01,3.2080059e+03,8.4420500e+00,1.5308389e+05,4.3662785e+01,0,nan,nan,nan,nan,1178.13562,2.7026542e-04,1562.40862,2.5493806e-04,-5.0693946e-03,-9.5525719e-02
0.09852792906896125,0.9993220873602022,0.00028509582629808965,2367.132527929054,2.5321043e-03,820566,1178.13902,1562.40786,1.4772080e+05,4.2090137e+01,3.2205493e+03,8.4479666e+00,1.5304728e+05,4.3662743e+01,0,nan,nan,nan,nan,1178.13902,2.7017645e-04,1562.40786,2.5508960e-04,-8.1337645e-04,-9.5558539e-02
0.09991683921179545,0.9994360756963367,0.0002850862276754827,2367.133916839197,2.5321261e-03,820567,1178.14138,1562.41019,1.4769325e+05,4.2088707e+01,3.2134290e+03,8.4545956e+00,1.5306470e+05,4.3661259e+01,0,nan,nan,nan,nan,1178.14138,2.7033052e-04,1562.41019,2.5507933e-04,1.1609561e-03,-9.3499042e-02
0.10130574935510392,0.9999738666761292,0.0002852082510367618,2367.13530574934,2.5321480e-03,820568,1178.13823,1562.41500,1.4788320e+05,4.2106712e+01,3.1983521e+03,8.4313202e+00,1.5314703e+05,4.3679939e+01,0,nan,nan,nan,nan,1178.13823,2.6981821e-04,1562.41500,2.5477787e-04,-2.2060452e-03,-8.9081280e-02
0.10269465949750695,0.9995480587252278,0.00028510312558254055,2367.1366946594826,2.5321699e-03,820569,1178.14085,1562.41145,1.4776261e+05,4.2091187e+01,3.2063413e+03,8.4353609e+00,1.5308178e+05,4.3663830e+01,0,nan,nan,nan,nan,1178.14085,2.7021169e-04,1562.41145,2.5495503e-04,1.1477260e-03,-9.2797086e-02
0.10408356963988842,1.000044338258299,0.0002852014403707966,2367.138083569625,2.5321918e-03,820570,1178.13835,1562.41041,1.4784903e+05,4.2105690e+01,3.2050774e+03,8.4418745e+00,1.5315775e+05,4.3678875e+01,0,nan,nan,nan,nan,1178.13835,2.6981195e-04,1562.41041,2.5493378e-04,-1.7279690e-03,-9.3616791e-02
0.10547247978274417,0.9997959157619264,0.0002852153406216011,2367.139472479768,2.5322137e-03,820571,1178.14010,1562.40916,1.4780711e+05,4.2107731e+01,3.2118157e+03,8.4714088e+00,1.5311966e+05,4.3680992e+01,0,nan,nan,nan,nan,1178.14010,2.7014798e-04,1562.40916,2.5487013e-04,-9.7347023e-05,-9.4889350e-02
0.1068613899251472,0.9997608615965734,0.0002851489875440592,2367.1408613899102,2.5322356e-03,820572,1178.13551,1562.41675,1.4778175e+05,4.2097916e+01,3.2052542e+03,8.4429588e+00,1.5311425e+05,4.3670815e+01,0,nan,nan,nan,nan,1178.13551,2.7002592e-04,1562.41675,2.5508177e-04,-4.5382781e-03,-8.7038942e-02
0.10825030006752867,0.9997109814745708,0.00028511287297672635,2367.1422503000526,2.5322575e-03,820573,1178.14209,1562.41001,1.4775417e+05,4.2092575e+01,3.2113613e+03,8.4436560e+00,1.5310656e+05,4.3665272e+01,0,nan,nan,nan,nan,1178.14209,2.7038294e-04,1562.41001,2.5496905e-04,2.2819939e-03,-9.4141595e-02
0.10963921021083715,0.9993872695043289,0.0002851056001627038,2367.143639210196,2.5322794e-03,820574,1178.13915,1562.41061,1.4775198e+05,4.2091492e+01,3.2027170e+03,8.4432831e+00,1.5305694e+05,4.3664146e+01,0,nan,nan,nan,nan,1178.13915,2.7006373e-04,1562.41061,2.5511664e-04,-4.7702421e-04,-9.3184285e-02
0.1110281203536929,0.9994803286123601,0.00028512012698223715,2367.145028120339,2.5323012e-03,820575,1178.13851,1562.40857,1.4774631e+05,4.2093624e+01,3.2101240e+03,8.4514380e+00,1.5307114e+05,4.3666355e+01,0,nan,nan,nan,nan,1178.13851,2.7012423e-04,1562.40857,2.5499635e-04,-1.2755423e-03,-9.5980443e-02
0.11241703049609593,0.9998977847706523,0.0002851738260552935,2367.146417030481,2.5323231e-03,820576,1178.13795,1562.41252,1.4777486e+05,4.2101536e+01,3.2141646e+03,8.4634657e+00,1.5313502e+05,4.3674564e+01,0,nan,nan,nan,nan,1178.13795,2.7032665e-04,1562.41252,2.5504697e-04,-2.5800872e-03,-9.0864643e-02
0.11380594063847739,0.9998745391337021,0.00028513985127657745,2367.1478059406236,2.5323450e-03,820577,1178.14094,1562.40847,1.4780250e+05,4.2096504e+01,3.1957708e+03,8.4383631e+00,1.5313141e+05,4.3669346e+01,0,nan,nan,nan,nan,1178.14094,2.7014207e-04,1562.40847,2.5485471e-04,1.0705160e-03,-9.5928766e-02
0.11519485054850251,0.998919575923898,0.0002850366227548386,2367.1491948505336,2.5323667e-03,820578,1178.13518,1562.41048,1.4767080e+05,4.2081249e+01,3.2012324e+03,8.4352093e+00,1.5298509e+05,4.3653519e+01,0,nan,nan,nan,nan,1178.13518,2.7014336e-04,1562.41048,2.5508335e-04,-5.6194235e-03,-9.3664780e-02
0.11658376069135826,1.0000371533450647,0.00028513933770024056,2367.1505837606765,2.5323885e-03,820579,1178.14342,1562.41424,1.4779448e+05,4.2096397e+01,3.2006958e+03,8.4373331e+00,1.5315619e+05,4.3669235e+01,0,nan,nan,nan,nan,1178.14342,2.7023509e-04,1562.41424,2.5500264e-04,4.0985667e-03,-8.9860648e-02
0.11797267083421402,1.0001554309347973,0.0002852369641571744,2367.1519726708193,2.5324104e-03,820580,1178.13733,1562.41146,1.4787859e+05,4.2110794e+01,3.1968042e+03,8.4444933e+00,1.5317425e+05,4.3684166e+01,0,nan,nan,nan,nan,1178.13733,2.7004082e-04,1562.41146,2.5485983e-04,-2.6761042e-03,-9.2337392e-02
0.11936158097614276,0.9997268048718547,0.0002851328160786117,2367.1533615809612,2.5324323e-03,820581,1178.13870,1562.41324,1.4777298e+05,4.2095402e+01,3.2090205e+03,8.4362049e+00,1.5310855e+05,4.3668198e+01,0,nan,nan,nan,nan,1178.13870,2.7039135e-04,1562.41324,2.5507910e-04,-1.0964983e-03,-9.1366500e-02
0.12075049111945123,0.9999393320400553,0.0002851832213222226,2367.1547504911046,2.5324542e-03,820582,1178.13571,1562.41196,1.4780927e+05,4.2102821e+01,3.2172019e+03,8.4389668e+00,1.5314103e+05,4.3675900e+01,0,nan,nan,nan,nan,1178.13571,2.7003139e-04,1562.41196,2.5509810e-04,-4.1119778e-03,-9.2273116e-02
0.12213940126185426,0.9997922672764372,0.00028518049410894815,2367.156139401247,2.5324761e-03,820583,1178.14353,1562.41138,1.4779461e+05,4.2102402e+01,3.2168000e+03,8.4524794e+00,1.5311844e+05,4.3675465e+01,0,nan,nan,nan,nan,1178.14353,2.7006507e-04,1562.41138,2.5487237e-04,3.6640961e-03,-9.2535272e-02
0.12352831140423573,1.0000273496394132,0.0002851937757612124,2367.1575283113893,2.5324980e-03,820584,1178.13722,1562.41427,1.4781322e+05,4.2104343e+01,3.2168892e+03,8.4541950e+00,1.5315438e+05,4.3677479e+01,0,nan,nan,nan,nan,1178.13722,2.7007193e-04,1562.41427,2.5499388e-04,-3.2079429e-03,-8.9532092e-02
0.12491722154709148,1.0003344982987863,0.0002852044132492381,2367.158917221532,2.5325199e-03,820585,1178.13457,1562.40651,1.4788130e+05,4.2105900e+01,3.2022417e+03,8.4370489e+00,1.5320134e+05,4.3679089e+01,0,nan,nan,nan,nan,1178.13457,2.6976404e-04,1562.40651,2.5507141e-04,-6.1765956e-03,-9.7962193e-02
0.1263061316894945,1.0000720359545596,0.0002852503528905658,2367.1603061316746,2.5325418e-03,820586,1178.13484,1562.41095,1.4788092e+05,4.2112659e+01,3.2121025e+03,8.4488440e+00,1.5316106e+05,4.3686104e+01,0,nan,nan,nan,nan,1178.13484,2.6992263e-04,1562.41095,2.5489219e-04,-5.7319510e-03,-9.3598798e-02
0.12769504183142324,0.9999166227688987,0.00028516528850057454,2367.1616950418165,2.5325636e-03,820587,1178.14077,1562.40575,1.4777777e+05,4.2100082e+01,3.2136323e+03,8.4667454e+00,1.5313719e+05,4.3673054e+01,0,nan,nan,nan,nan,1178.14077,2.7033975e-04,1562.40575,2.5489813e-04,7.4259448e-04,-9.8198399e-02
0.1290839517405429,1.0003173798863405,0.0002852926286094082,2367.1630839517256,2.5325853e-03,820588,1178.13803,1562.41766,1.4788725e+05,4.2118855e+01,3.2301377e+03,8.4677677e+00,1.5319850e+05,4.3692532e+01,0,nan,nan,nan,nan,1178.13803,2.7004717e-04,1562.41766,2.5485747e-04,-2.4311873e-03,-8.6274311e-02
0.13047286188385138,1.0001931036205933,0.0002851359569210695,2367.164472861869,2.5326072e-03,820589,1178.13798,1562.41190,1.4780809e+05,4.2095703e+01,3.1952747e+03,8.4278069e+00,1.5317938e+05,4.3668518e+01,0,nan,nan,nan,nan,1178.13798,2.7013395e-04,1562.41190,2.5486969e-04,-2.5192215e-03,-9.2037715e-02
0.13186177202623287,0.9998271163166231,0.00028512155887113535,2367.1658617720113,2.5326291e-03,820590,1178.13829,1562.40837,1.4774419e+05,4.2093559e+01,3.2122063e+03,8.4511433e+00,1.5312325e+05,4.3666286e+01,0,nan,nan,nan,nan,1178.13829,2.7029199e-04,1562.40837,2.5498788e-04,-1.7593723e-03,-9.6035391e-02
0.1332506821686359,0.9998848757726181,0.0002851335002226501,2367.1672506821537,2.5326509e-03,820591,1178.13884,1562.41175,1.4778281e+05,4.2095295e+01,3.2032520e+03,8.4368095e+00,1.5313202e+05,4.3668091e+01,0,nan,nan,nan,nan,1178.13884,2.7022720e-04,1562.41175,2.5496189e-04,-1.5492624e-03,-9.2460699e-02
0.13463959231149164,0.9999812677332508,0.00028518569082974305,2367.1686395922966,2.5326728e-03,820592,1178.14036,1562.41423,1.4780308e+05,4.2102978e+01,3.2083706e+03,8.4499092e+00,1.5314669e+05,4.3676060e+01,0,nan,nan,nan,nan,1178.14036,2.7000444e-04,1562.41423,2.5505453e-04,-4.2006365e-04,-8.9992099e-02
0.1360285024548001,1.0002153422941782,0.0002852664034375838,2367.17002850244,2.5326947e-03,820593,1178.13601,1562.40816,1.4792192e+05,4.2114868e+01,3.2053950e+03,8.4406796e+00,1.5318245e+05,4.3688396e+01,0,nan,nan,nan,nan,1178.13601,2.6979015e-04,1562.40816,2.5472834e-04,-4.1361777e-03,-9.6037008e-02
0.13741741259672885,1.0001082979178206,0.0002852277224614162,2367.171417412582,2.5327166e-03,820594,1178.13888,1562.41931,1.4783433e+05,4.2109135e+01,3.2227654e+03,8.4502859e+00,1.5316595e+05,4.3682449e+01,0,nan,nan,nan,nan,1178.13888,2.7000922e-04,1562.41931,2.5489790e-04,-7.9930079e-04,-8.4025241e-02
0.13880632250675398,1.000286974897814,0.0002852324044447769,2367.172806322492,2.5327383e-03,820595,1178.13989,1562.40453,1.4786964e+05,4.2109798e+01,3.2129485e+03,8.4445219e+00,1.5319323e+05,4.3683140e+01,0,nan,nan,nan,nan,1178.13989,2.7005016e-04,1562.40453,2.5514423e-04,4.0946936e-04,-9.8832116e-02
0.14019523264960973,0.9998077743364135,0.0002852358972047896,2367.1741952326347,2.5327601e-03,820596,1178.14254,1562.41245,1.4780491e+05,4.2110291e+01,3.2263728e+03,8.4633064e+00,1.5311975e+05,4.3683647e+01,0,nan,nan,nan,nan,1178.14254,2.7023000e-04,1562.41245,2.5501064e-04,2.8998321e-03,-9.1704354e-02
0.1415841427924439,1.0000611535908048,0.00028516856414690403,2367.1755841427776,2.5327820e-03,820597,1178.13652,1562.41244,1.4782855e+05,4.2100323e+01,3.2039697e+03,8.4395447e+00,1.5315845e+05,4.3673306e+01,0,nan,nan,nan,nan,1178.13652,2.7008954e-04,1562.41244,2.5491876e-04,-3.1190030e-03,-9.2202716e-02
0.14297305293529966,0.9995514060640137,0.00028512436947004423,2367.1769730529204,2.5328039e-03,820598,1178.13872,1562.41290,1.4774058e+05,4.2093773e+01,3.2193882e+03,8.4480038e+00,1.5308030e+05,4.3666512e+01,0,nan,nan,nan,nan,1178.13872,2.7024341e-04,1562.41290,2.5510075e-04,-2.1221885e-03,-9.1144718e-02
0.14436196307724997,1.0001716327703545,0.0002851624447255675,2367.1783619630623,2.5328258e-03,820599,1178.13868,1562.40877,1.4780798e+05,4.2099365e+01,3.1981992e+03,8.4430828e+00,1.5317517e+05,4.3672314e+01,0,nan,nan,nan,nan,1178.13868,2.7011149e-04,1562.40877,2.5499245e-04,-1.6475704e-03,-9.5684223e-02
0.14575087322010571,1.000740977781725,0.0002852917238205069,2367.179750873205,2.5328477e-03,820600,1178.13473,1562.41296,1.4793866e+05,4.2118423e+01,3.2117949e+03,8.4473190e+00,1.5326227e+05,4.3692085e+01,0,nan,nan,nan,nan,1178.13473,2.6991701e-04,1562.41296,2.5485476e-04,-5.2567255e-03,-9.1013715e-02
0.14713978313010928,1.000193247051108,0.0002852433793223859,2367.181139783115,2.5328693e-03,820601,1178.14454,1562.40939,1.4783284e+05,4.2111256e+01,3.2221738e+03,8.4738007e+00,1.5317828e+05,4.3684650e+01,0,nan,nan,nan,nan,1178.14454,2.7019173e-04,1562.40939,2.5483791e-04,4.5054168e-03,-9.4981700e-02
0.1485286932720596,0.9998924999187327,0.00028518077946740686,2367.182528693257,2.5328912e-03,820602,1178.13456,1562.41199,1.4775191e+05,4.2101982e+01,3.2351934e+03,8.4625139e+00,1.5313211e+05,4.3675030e+01,0,nan,nan,nan,nan,1178.13456,2.7027074e-04,1562.41199,2.5514740e-04,-5.7452628e-03,-9.2104286e-02
0.14991760341536806,1.0004165921182944,0.0002852551290410052,2367.1839176034005,2.5329131e-03,820603,1178.13861,1562.40666,1.4789936e+05,4.2112934e+01,3.2134036e+03,8.4495764e+00,1.5321227e+05,4.3686386e+01,0,nan,nan,nan,nan,1178.13861,2.7006026e-04,1562.40666,2.5488980e-04,-1.1261615e-03,-9.7512692e-02
0.151306513558655,1.0005740555986689,0.0002853479320745188,2367.1853065135438,2.5329350e-03,820604,1178.13879,1562.42335,1.4790869e+05,4.2126602e+01,3.2224146e+03,8.4720097e+00,1.5323628e+05,4.3700569e+01,0,nan,nan,nan,nan,1178.13879,2.6994766e-04,1562.42335,2.5498198e-04,-1.0923690e-03,-7.9682328e-02
0.15269542370060527,0.999451917384906,0.00028515753510370334,2367.1866954236857,2.5329569e-03,820605,1178.13534,1562.40454,1.4773394e+05,4.2098457e+01,3.2351768e+03,8.4702587e+00,1.5306431e+05,4.3671375e+01,0,nan,nan,nan,nan,1178.13534,2.7009481e-04,1562.40454,2.5510535e-04,-5.1428652e-03,-9.9806182e-02
0.15408433361017765,1.0001829127493929,0.0002851931927483263,2367.1880843335953,2.5329785e-03,820606,1178.14236,1562.41168,1.4777909e+05,4.2103699e+01,3.2302415e+03,8.4641886e+00,1.5317614e+05,4.3676807e+01,0,nan,nan,nan,nan,1178.14236,2.7037325e-04,1562.41168,2.5496123e-04,2.4044632e-03,-9.2211112e-02
0.15547324375348615,0.9998608352031311,0.0002851749894939263,2367.1894732437386,2.5330004e-03,820607,1178.13689,1562.40961,1.4779467e+05,4.2100975e+01,3.2049761e+03,8.4455738e+00,1.5312670e+05,4.3673985e+01,0,nan,nan,nan,nan,1178.13689,2.7028014e-04,1562.40961,2.5506160e-04,-3.1536461e-03,-9.4227500e-02
0.15686215389541489,1.0002848118401482,0.0002852084139535882,2367.1908621538805,2.5330223e-03,820608,1178.14112,1562.41121,1.4781869e+05,4.2105877e+01,3.2150276e+03,8.4514112e+00,1.5319152e+05,4.3679070e+01,0,nan,nan,nan,nan,1178.14112,2.7024007e-04,1562.41121,2.5488762e-04,9.6841977e-04,-9.3328580e-02
0.15825106403827063,1.0002603305589588,0.0002852377390258392,2367.1922510640234,2.5330442e-03,820609,1178.13453,1562.41466,1.4784364e+05,4.2110172e+01,3.2167563e+03,8.4521275e+00,1.5318766e+05,4.3683525e+01,0,nan,nan,nan,nan,1178.13453,2.7008698e-04,1562.41466,2.5518291e-04,-5.3196484e-03,-8.9309163e-02
0.15963997394829574,0.9998211224797244,0.00028517956296122846,2367.1936399739334,2.5330659e-03,820610,1178.14184,1562.41196,1.4777220e+05,4.2101547e+01,3.2026355e+03,8.4531898e+00,1.5312027e+05,4.3674580e+01,0,nan,nan,nan,nan,1178.14184,2.7039149e-04,1562.41196,2.5513972e-04,2.1298171e-03,-9.2596933e-02
0.16102888409112995,1.0002999687970089,0.0002852023187344035,2367.1950288840762,2.5330877e-03,820611,1178.13737,1562.41119,1.4785061e+05,4.2104877e+01,3.2106731e+03,8.4363728e+00,1.5319347e+05,4.3678032e+01,0,nan,nan,nan,nan,1178.13737,2.7000008e-04,1562.41119,2.5501876e-04,-3.0223362e-03,-9.2755377e-02
0.1624177942339857,0.999335610813776,0.00028517115508732766,2367.196417794219,2.5331096e-03,820612,1178.13877,1562.41408,1.4774908e+05,4.2100243e+01,3.2188210e+03,8.4633999e+00,1.5304566e+05,4.3673222e+01,0,nan,nan,nan,nan,1178.13877,2.7038617e-04,1562.41408,2.5496402e-04,-1.7564957e-03,-8.9778028e-02
0.163806704375936,0.9998677038836071,0.0002851344077360427,2367.197806704361,2.5331315e-03,820613,1178.13977,1562.41165,1.4776531e+05,4.2094780e+01,3.2217913e+03,8.4469995e+00,1.5312702e+05,4.3667557e+01,0,nan,nan,nan,nan,1178.13977,2.7023067e-04,1562.41165,2.5492889e-04,-3.6986443e-04,-9.2139147e-02
0.16519561428593954,0.9998963879056937,0.00028511558983942075,2367.199195614271,2.5331532e-03,820614,1178.13996,1562.41149,1.4778664e+05,4.2091969e+01,3.1979067e+03,8.4335651e+00,1.5313128e+05,4.3664639e+01,0,nan,nan,nan,nan,1178.13996,2.7021245e-04,1562.41149,2.5506134e-04,4.6754017e-04,-9.2231825e-02
0.16658452442924804,0.9993471642039764,0.0002850951458758673,2367.2005845244144,2.5331751e-03,820615,1178.13753,1562.41075,1.4771142e+05,4.2088917e+01,3.2060872e+03,8.4404564e+00,1.5304703e+05,4.3661472e+01,0,nan,nan,nan,nan,1178.13753,2.7006387e-04,1562.41075,2.5513564e-04,-2.3386937e-03,-9.3643531e-02
0.16797343457165106,1.0007651597133411,0.000285285975365521,2367.2019734345567,2.5331969e-03,820616,1178.13624,1562.41442,1.4789811e+05,4.2117046e+01,3.2118884e+03,8.4540682e+00,1.5326406e+05,4.3690655e+01,0,nan,nan,nan,nan,1178.13624,2.7015730e-04,1562.41442,2.5496597e-04,-4.0461984e-03,-8.9482740e-02
0.1693623447140541,1.0001402713812955,0.0002852170570965709,2367.203362344699,2.5332188e-03,820617,1178.13874,1562.41108,1.4780870e+05,4.2106834e+01,3.2257378e+03,8.4644880e+00,1.5316822e+05,4.3680061e+01,0,nan,nan,nan,nan,1178.13874,2.7003579e-04,1562.41108,2.5496120e-04,-1.4044716e-03,-9.2649072e-02
0.17075125462451035,0.999514261934466,0.0002851094093433961,2367.2047512546096,2.5332405e-03,820618,1178.13790,1562.40951,1.4770203e+05,4.2090908e+01,3.2086174e+03,8.4644365e+00,1.5307222e+05,4.3663540e+01,0,nan,nan,nan,nan,1178.13790,2.7025005e-04,1562.40951,2.5523081e-04,-2.4405611e-03,-9.4456933e-02
0.17214016476646066,0.9999228860545978,0.00028520433429970673,2367.2061401647516,2.5332624e-03,820619,1178.13962,1562.41072,1.4779428e+05,4.2104881e+01,3.2124973e+03,8.4599457e+00,1.5313466e+05,4.3678036e+01,0,nan,nan,nan,nan,1178.13962,2.7014257e-04,1562.41072,2.5514507e-04,-8.0447324e-04,-9.3510240e-02
0.17352907490886368,0.9999978332358309,0.0002852362018096889,2367.207529074894,2.5332842e-03,820620,1178.13519,1562.40857,1.4785836e+05,4.2109550e+01,3.2208936e+03,8.4562836e+00,1.5314600e+05,4.3682877e+01,0,nan,nan,nan,nan,1178.13519,2.7000590e-04,1562.40857,2.5493375e-04,-4.9685431e-03,-9.5695332e-02
0.17491798481931997,0.9998682517131409,0.0002851854851220819,2367.2089179848044,2.5333059e-03,820621,1178.14190,1562.41430,1.4777952e+05,4.2102020e+01,3.2144102e+03,8.4573936e+00,1.5312600e+05,4.3675068e+01,0,nan,nan,nan,nan,1178.14190,2.7019362e-04,1562.41430,2.5510960e-04,1.5185161e-03,-8.9352489e-02
0.17630689496217572,0.9995061892413026,0.0002851557533680644,2367.2103068949473,2.5333278e-03,820622,1178.13774,1562.41063,1.4773519e+05,4.2097588e+01,3.2276167e+03,8.4666977e+00,1.5307041e+05,4.3670471e+01,0,nan,nan,nan,nan,1178.13774,2.7024478e-04,1562.41063,2.5514711e-04,-2.3629856e-03,-9.3600571e-02
0.17769580510457875,1.0001611232271734,0.0002852277319990756,2367.2116958050897,2.5333497e-03,820623,1178.13820,1562.41350,1.4782538e+05,4.2108177e+01,3.2321643e+03,8.4558010e+00,1.5317056e+05,4.3681454e+01,0,nan,nan,nan,nan,1178.13820,2.7026888e-04,1562.41350,2.5496594e-04,-1.2514684e-03,-9.0784289e-02
0.17908471501415113,1.0001157300924477,0.0002852825446926254,2367.2130847149992,2.5333713e-03,820624,1178.13615,1562.41453,1.4786716e+05,4.2116226e+01,3.2274624e+03,8.4582968e+00,1.5316345e+05,4.3689804e+01,0,nan,nan,nan,nan,1178.13615,2.6992301e-04,1562.41453,2.5511428e-04,-3.9716414e-03,-8.9267731e-02
0.1804736251569853,0.9994866417727968,0.0002850861628567055,2367.214473625142,2.5333932e-03,820625,1178.14045,1562.40412,1.4769361e+05,4.2087189e+01,3.2251667e+03,8.4490347e+00,1.5306697e+05,4.3659687e+01,0,nan,nan,nan,nan,1178.14045,2.7031059e-04,1562.40412,2.5503512e-04,7.1943132e-04,-1.0012890e-01
0.1818625353002938,0.9998551229597186,0.0002851832947536227,2367.2158625352854,2.5334151e-03,820626,1178.13430,1562.41989,1.4779514e+05,4.2101490e+01,3.2158408e+03,8.4411354e+00,1.5312325e+05,4.3674519e+01,0,nan,nan,nan,nan,1178.13430,2.7012927e-04,1562.41989,2.5509566e-04,-5.9293583e-03,-8.3671339e-02
0.1832514452098662,1.0006530833778464,0.0002852759776966048,2367.217251445195,2.5334368e-03,820627,1178.13865,1562.41157,1.4787884e+05,4.2115128e+01,3.2230999e+03,8.4615307e+00,1.5324530e+05,4.3688667e+01,0,nan,nan,nan,nan,1178.13865,2.7022400e-04,1562.41157,2.5495063e-04,-1.7833967e-03,-9.2608802e-02
0.18464035535179493,1.0005263251156127,0.00028525758604445073,2367.218640355337,2.5334586e-03,820628,1178.13859,1562.40935,1.4787672e+05,4.2112370e+01,3.2163169e+03,8.4575491e+00,1.5322573e+05,4.3685806e+01,0,nan,nan,nan,nan,1178.13859,2.7000863e-04,1562.40935,2.5484787e-04,-1.6451408e-03,-9.5070928e-02
0.1860292654951034,0.9999047898879364,0.0002851581224560075,2367.22002926548,2.5334805e-03,820629,1178.14252,1562.41102,1.4778166e+05,4.2097649e+01,3.2039961e+03,8.4416494e+00,1.5313039e+05,4.3670532e+01,0,nan,nan,nan,nan,1178.14252,2.7043029e-04,1562.41102,2.5514109e-04,2.7846766e-03,-9.3273327e-02
0.18741817540467579,1.0000159711057162,0.0002852370214684805,2367.2214181753898,2.5335022e-03,820630,1178.13632,1562.41433,1.4787041e+05,4.2109249e+01,3.2111848e+03,8.4440804e+00,1.5314725e+05,4.3682568e+01,0,nan,nan,nan,nan,1178.13632,2.6986480e-04,1562.41433,2.5492796e-04,-4.1963658e-03,-8.9440897e-02
0.1888070855470788,0.9997629554934798,0.00028514306407011235,2367.222807085532,2.5335241e-03,820631,1178.13973,1562.40764,1.4773186e+05,4.2095337e+01,3.2172754e+03,8.4606142e+00,1.5310834e+05,4.3668133e+01,0,nan,nan,nan,nan,1178.13973,2.7037511e-04,1562.40764,2.5517339e-04,-6.4515439e-04,-9.6572787e-02
0.19019599569036574,0.9997069244354958,0.0002851605664020271,2367.2241959956755,2.5335460e-03,820632,1178.13830,1562.40914,1.4773678e+05,4.2097878e+01,3.2339231e+03,8.4605045e+00,1.5309959e+05,4.3670769e+01,0,nan,nan,nan,nan,1178.13830,2.7050829e-04,1562.40914,2.5521812e-04,-1.7023112e-03,-9.5182255e-02
0.19158490560039085,1.0005332658175028,0.0002852513191379964,2367.2255849055855,2.5335676e-03,820633,1178.14207,1562.41288,1.4791242e+05,4.2111225e+01,3.1980156e+03,8.4357948e+00,1.5322598e+05,4.3684620e+01,0,nan,nan,nan,nan,1178.14207,2.7006000e-04,1562.41288,2.5484824e-04,2.1452033e-03,-9.1292106e-02
0.19297381574234115,0.9997745851393703,0.0002851458175810264,2367.2269738157274,2.5335895e-03,820634,1178.13707,1562.41253,1.4772552e+05,4.2095608e+01,3.2287944e+03,8.4607430e+00,1.5310962e+05,4.3668415e+01,0,nan,nan,nan,nan,1178.13707,2.7057642e-04,1562.41253,2.5522499e-04,-3.3174243e-03,-9.1954060e-02
0.1943627256523447,1.0001307728671813,0.00028525170912357874,2367.2283627256375,2.5336111e-03,820635,1178.14314,1562.41174,1.4783988e+05,4.2111191e+01,3.2221992e+03,8.4647493e+00,1.5316400e+05,4.3684582e+01,0,nan,nan,nan,nan,1178.14314,2.7006015e-04,1562.41174,2.5490340e-04,2.5163759e-03,-9.2641361e-02
0.19575163579520044,1.0000120861910693,0.00028514036399526034,2367.2297516357803,2.5336330e-03,820636,1178.13113,1562.41476,1.4779197e+05,4.2094707e+01,3.2042705e+03,8.4340248e+00,1.5314566e+05,4.3667484e+01,0,nan,nan,nan,nan,1178.13113,2.7008110e-04,1562.41476,2.5506207e-04,-8.9738034e-03,-8.9143947e-02
0.19714054593760347,1.0006085995316185,0.00028529471509989603,2367.2311405459227,2.5336549e-03,820637,1178.13642,1562.40880,1.4790220e+05,4.2117447e+01,3.2048066e+03,8.4593639e+00,1.5323684e+05,4.3691071e+01,0,nan,nan,nan,nan,1178.13642,2.6996716e-04,1562.40880,2.5493596e-04,-3.9183805e-03,-9.5333859e-02
0.1985294558471543,0.9998580029246068,0.0002851628010657469,2367.2325294558323,2.5336766e-03,820638,1178.14520,1562.41314,1.4778200e+05,4.2097927e+01,3.2108389e+03,8.4481468e+00,1.5312172e+05,4.3670822e+01,0,nan,nan,nan,nan,1178.14520,2.7022907e-04,1562.41314,2.5499673e-04,5.3094099e-03,-9.0748578e-02
0.19991836599001006,1.0005251627978373,0.00028535563011529127,2367.233918365975,2.5336985e-03,820639,1178.13514,1562.41336,1.4794959e+05,4.2126350e+01,3.2187981e+03,8.4533110e+00,1.5322372e+05,4.3700302e+01,0,nan,nan,nan,nan,1178.13514,2.6986489e-04,1562.41336,2.5490343e-04,-4.9123261e-03,-9.0273298e-02
0.2013072759004879,0.999752830530029,0.0002851660428431797,2367.2353072758856,2.5337201e-03,820640,1178.14304,1562.40906,1.4775895e+05,4.2098305e+01,3.2282976e+03,8.4572363e+00,1.5310527e+05,4.3671215e+01,0,nan,nan,nan,nan,1178.14304,2.7018224e-04,1562.40906,2.5499816e-04,3.1853316e-03,-9.4955400e-02
0.20269618604198547,0.9999522154551164,0.00028520600887171324,2367.236696186027,2.5337420e-03,820641,1178.14098,1562.41044,1.4782289e+05,4.2104160e+01,3.2127197e+03,8.4583530e+00,1.5313562e+05,4.3677288e+01,0,nan,nan,nan,nan,1178.14098,2.6999813e-04,1562.41044,2.5488241e-04,9.1399660e-04,-9.3422458e-02
0.2040850961839142,0.9991481931340696,0.00028511831023078345,2367.238085096169,2.5337639e-03,820642,1178.13761,1562.41633,1.4771675e+05,4.2091160e+01,3.2167444e+03,8.4531479e+00,1.5301231e+05,4.3663807e+01,0,nan,nan,nan,nan,1178.13761,2.7009117e-04,1562.41633,2.5506827e-04,-2.5074526e-03,-8.7350011e-02
0.20547400609393932,1.0001769845762427,0.00028520603705352353,2367.239474006079,2.5337855e-03,820643,1178.14034,1562.41126,1.4783675e+05,4.2104069e+01,3.2101414e+03,8.4453020e+00,1.5316969e+05,4.3677189e+01,0,nan,nan,nan,nan,1178.14034,2.7010430e-04,1562.41126,2.5492976e-04,-5.3003405e-05,-9.2668511e-02
0.20686291623679506,0.9999114621909733,0.00028518402539143723,2367.240862916222,2.5338074e-03,820644,1178.14055,1562.40883,1.4775230e+05,4.2100769e+01,3.2333813e+03,8.4624090e+00,1.5312884e+05,4.3673767e+01,0,nan,nan,nan,nan,1178.14055,2.7022578e-04,1562.40883,2.5499010e-04,3.8118922e-04,-9.5958725e-02
0.20825182614679863,0.9998924527586316,0.0002851886149882858,2367.242251826132,2.5338291e-03,820645,1178.13762,1562.41018,1.4779330e+05,4.2101395e+01,3.2201379e+03,8.4546261e+00,1.5312575e+05,4.3674416e+01,0,nan,nan,nan,nan,1178.13762,2.7003628e-04,1562.41018,2.5498334e-04,-2.5830197e-03,-9.3882963e-02
0.20964073628874894,0.9999551635853733,0.0002851718466885496,2367.243640736274,2.5338510e-03,820646,1178.12934,1562.41245,1.4773102e+05,4.2098866e+01,3.2206687e+03,8.4661627e+00,1.5313517e+05,4.3671795e+01,0,nan,nan,nan,nan,1178.12934,2.7045084e-04,1562.41245,2.5506489e-04,-1.1114329e-02,-9.1374815e-02
0.21102964619922676,0.9994436387134912,0.0002850774380767369,2367.2450296461843,2.5338726e-03,820647,1178.14482,1562.41162,1.4764534e+05,4.2084877e+01,3.2213970e+03,8.4648123e+00,1.5305664e+05,4.3657288e+01,0,nan,nan,nan,nan,1178.14482,2.7031256e-04,1562.41162,2.5513425e-04,4.7335927e-03,-9.2031054e-02
0.21241855634160822,1.0005320219539349,0.0002852833886131618,2367.2464185563267,2.5338945e-03,820648,1178.13776,1562.41092,1.4788008e+05,4.2115227e+01,3.2228401e+03,8.4555511e+00,1.5322314e+05,4.3688770e+01,0,nan,nan,nan,nan,1178.13776,2.7006230e-04,1562.41092,2.5489263e-04,-2.8166880e-03,-9.3402326e-02
0.21380746625072788,0.9994502608323732,0.00028515985413953254,2367.247807466236,2.5339162e-03,820649,1178.14165,1562.41208,1.4775436e+05,4.2096943e+01,3.2189348e+03,8.4494648e+00,1.5305728e+05,4.3669800e+01,0,nan,nan,nan,nan,1178.14165,2.7024007e-04,1562.41208,2.5498489e-04,1.7302922e-03,-9.1983907e-02
0.21519637639403635,0.9999920116533865,0.0002852401784716831,2367.249196376379,2.5339380e-03,820650,1178.13734,1562.41377,1.4783323e+05,4.2108749e+01,3.2300972e+03,8.4618101e+00,1.5314006e+05,4.3682045e+01,0,nan,nan,nan,nan,1178.13734,2.7009149e-04,1562.41377,2.5486216e-04,-2.1813603e-03,-9.0287812e-02
0.2165852863045142,1.0004432393610203,0.00028525610340854356,2367.2505852862896,2.5339597e-03,820651,1178.13879,1562.41219,1.4786445e+05,4.2111046e+01,3.2217764e+03,8.4528847e+00,1.5320897e+05,4.3684433e+01,0,nan,nan,nan,nan,1178.13879,2.7039548e-04,1562.41219,2.5504042e-04,-1.8756692e-03,-9.2059784e-02
0.21797419644644295,1.000369040562729,0.000285217377722864,2367.2519741964315,2.5339816e-03,820652,1178.13944,1562.40901,1.4785106e+05,4.2105278e+01,3.2021616e+03,8.4395952e+00,1.5319741e+05,4.3678448e+01,0,nan,nan,nan,nan,1178.13944,2.7012971e-04,1562.40901,2.5496885e-04,-9.3082630e-04,-9.5099181e-02
0.2193631065892987,0.9999494060360476,0.0002851979486109098,2367.2533631065744,2.5340035e-03,820653,1178.13902,1562.41556,1.4778336e+05,4.2102360e+01,3.2198516e+03,8.4554453e+00,1.5313295e+05,4.3675415e+01,0,nan,nan,nan,nan,1178.13902,2.7028081e-04,1562.41556,2.5502051e-04,-7.7608501e-04,-8.7874837e-02
0.2207520164993238,1.000406261347261,0.00028530904298273063,2367.2547520164844,2.5340251e-03,820654,1178.14137,1562.40849,1.4790331e+05,4.2118702e+01,3.2269026e+03,8.4556370e+00,1.5320273e+05,4.3692371e+01,0,nan,nan,nan,nan,1178.14137,2.6995674e-04,1562.40849,2.5483887e-04,1.5019355e-03,-9.5419645e-02
0.22214092664125254,1.0003507997633267,0.00028523572175056773,2367.2561409266264,2.5340470e-03,820655,1178.13776,1562.41192,1.4784022e+05,4.2107826e+01,3.2141907e+03,8.4572172e+00,1.5319403e+05,4.3681087e+01,0,nan,nan,nan,nan,1178.13776,2.6990808e-04,1562.41192,2.5501102e-04,-2.2815296e-03,-9.2108741e-02
0.22352983655127764,0.9998650294775397,0.0002852356226047899,2367.2575298365364,2.5340687e-03,820656,1178.13793,1562.41302,1.4781366e+05,4.2107754e+01,3.2211648e+03,8.4699917e+00,1.5311945e+05,4.3681015e+01,0,nan,nan,nan,nan,1178.13793,2.7015081e-04,1562.41302,2.5500529e-04,-1.7159710e-03,-9.0560049e-02
0.22491874669413342,0.9993651397206149,0.0002850906564233634,2367.2589187466792,2.5340905e-03,820657,1178.14070,1562.41235,1.4767661e+05,4.2086300e+01,3.2108442e+03,8.4513979e+00,1.5304270e+05,4.3658760e+01,0,nan,nan,nan,nan,1178.14070,2.7042636e-04,1562.41235,2.5528812e-04,5.5432692e-04,-9.1962822e-02
0.22630765660415852,0.9999071352766558,0.00028519623009960624,2367.2603076565892,2.5341122e-03,820658,1178.14064,1562.40855,1.4778517e+05,4.2101830e+01,3.2179302e+03,8.4605808e+00,1.5312550e+05,4.3674873e+01,0,nan,nan,nan,nan,1178.14064,2.7011323e-04,1562.40855,2.5506556e-04,3.6740603e-04,-9.5759764e-02
0.22769656651416206,0.9991425113574943,0.000285123469303982,2367.2616965664993,2.5341338e-03,820659,1178.14312,1562.40801,1.4770181e+05,4.2091034e+01,3.2279192e+03,8.4614697e+00,1.5300820e+05,4.3663673e+01,0,nan,nan,nan,nan,1178.14312,2.7030581e-04,1562.40801,2.5504237e-04,3.0555725e-03,-9.6355125e-02
0.22908547665611237,0.9995702069335174,0.0002851252112488281,2367.263085476641,2.5341557e-03,820660,1178.13285,1562.41618,1.4768100e+05,4.2091240e+01,3.2303359e+03,8.4710903e+00,1.5307350e+05,4.3663883e+01,0,nan,nan,nan,nan,1178.13285,2.7037278e-04,1562.41618,2.5537479e-04,-7.1146819e-03,-8.7495089e-02
0.2304743865665902,0.999466746565102,0.00028517491513601706,2367.2644743865517,2.5341774e-03,820661,1178.13872,1562.40758,1.4773156e+05,4.2098518e+01,3.2239351e+03,8.4668741e+00,1.5305745e+05,4.3671436e+01,0,nan,nan,nan,nan,1178.13872,2.7023928e-04,1562.40758,2.5523893e-04,-1.6804282e-03,-9.6673943e-02
0.2318632967094244,0.9995239764117005,0.0002851640013424896,2367.2658632966945,2.5341993e-03,820662,1178.14234,1562.41635,1.4774338e+05,4.2096855e+01,3.2320681e+03,8.4570704e+00,1.5306602e+05,4.3669708e+01,0,nan,nan,nan,nan,1178.14234,2.7029731e-04,1562.41635,2.5511524e-04,2.8045948e-03,-8.7305136e-02
0.2332522066189968,1.0004031113362204,0.00028520643336159843,2367.267252206604,2.5342209e-03,820663,1178.14074,1562.40958,1.4783567e+05,4.2103062e+01,3.2167000e+03,8.4417801e+00,1.5320044e+05,4.3676147e+01,0,nan,nan,nan,nan,1178.14074,2.7007912e-04,1562.40958,2.5499912e-04,8.6176157e-04,-9.4091803e-02
0.23464111676139981,0.9999506452162324,0.00028525428014215603,2367.2686411167465,2.5342428e-03,820664,1178.13598,1562.41214,1.4780244e+05,4.2110065e+01,3.2303096e+03,8.4736509e+00,1.5313095e+05,4.3683414e+01,0,nan,nan,nan,nan,1178.13598,2.7005293e-04,1562.41214,2.5494030e-04,-4.1438891e-03,-9.1944836e-02
0.23603002667187764,0.9986545874825655,0.0002849852351230667,2367.270030026657,2.5342645e-03,820665,1178.14184,1562.41689,1.4752189e+05,4.2070293e+01,3.2327014e+03,8.4607935e+00,1.5293227e+05,4.3642155e+01,0,nan,nan,nan,nan,1178.14184,2.7061551e-04,1562.41689,2.5553061e-04,1.7140124e-03,-8.6832732e-02
0.23741893681380638,0.9995898263881797,0.0002852124126765054,2367.271418936799,2.5342864e-03,820666,1178.13859,1562.40611,1.4780077e+05,4.2103771e+01,3.2282451e+03,8.4623957e+00,1.5307528e+05,4.3676888e+01,0,nan,nan,nan,nan,1178.13859,2.7024181e-04,1562.40611,2.5484525e-04,-1.6797794e-03,-9.8221444e-02
0.2388078467238315,0.9994921210717133,0.00028511649916508695,2367.272807846709,2.5343080e-03,820667,1178.13980,1562.41248,1.4772364e+05,4.2089558e+01,3.2102087e+03,8.4385271e+00,1.5306011e+05,4.3662140e+01,0,nan,nan,nan,nan,1178.13980,2.7033221e-04,1562.41248,2.5505130e-04,-4.5377234e-04,-9.1651082e-02
0.24019675686668726,0.9999852499885512,0.0002852227022008338,2367.274196756852,2.5343299e-03,820668,1178.13887,1562.40971,1.4781548e+05,4.2105183e+01,3.2241409e+03,8.4565506e+00,1.5313542e+05,4.3678345e+01,0,nan,nan,nan,nan,1178.13887,2.7015098e-04,1562.40971,2.5495383e-04,-1.3124138e-03,-9.3851104e-02
0.2415856667766908,1.000379625224122,0.00028529794201053664,2367.275585666762,2.5343515e-03,820669,1178.13901,1562.41428,1.4786350e+05,4.2116230e+01,3.2194067e+03,8.4643145e+00,1.5319561e+05,4.3689808e+01,0,nan,nan,nan,nan,1178.13901,2.7006885e-04,1562.41428,2.5499251e-04,-1.2919051e-03,-8.9631304e-02
0.24297457668626318,1.000104083581507,0.0002852680946800736,2367.2769745766714,2.5343732e-03,820670,1178.13838,1562.41517,1.4785700e+05,4.2111767e+01,3.2245879e+03,8.4564638e+00,1.5315320e+05,4.3685177e+01,0,nan,nan,nan,nan,1178.13838,2.7003139e-04,1562.41517,2.5487648e-04,-1.3942390e-03,-8.8647522e-02
0.2443634868286662,0.9998134662974589,0.0002851693049069221,2367.2783634868138,2.5343951e-03,820671,1178.13830,1562.41078,1.4774528e+05,4.2097122e+01,3.2255989e+03,8.4633732e+00,1.5310848e+05,4.3669987e+01,0,nan,nan,nan,nan,1178.13830,2.7035217e-04,1562.41078,2.5495692e-04,-1.8390743e-03,-9.3098544e-02
0.24575239673866978,0.9998975689373251,0.0002850931577453785,2367.279752396724,2.5344167e-03,820672,1178.14120,1562.40695,1.4767672e+05,4.2085823e+01,3.2202026e+03,8.4585180e+00,1.5312116e+05,4.3658268e+01,0,nan,nan,nan,nan,1178.14120,2.7048492e-04,1562.40695,2.5512971e-04,1.4038796e-03,-9.7653851e-02
0.24714130688197825,0.9995225623421036,0.000285170730828153,2367.281141306867,2.5344386e-03,820673,1178.13598,1562.41303,1.4774428e+05,4.2097214e+01,3.2289443e+03,8.4518385e+00,1.5306352e+05,4.3670086e+01,0,nan,nan,nan,nan,1178.13598,2.7015925e-04,1562.41303,2.5494801e-04,-4.4087777e-03,-9.1193125e-02
0.24853021679155063,1.0005257348998444,0.0002852765055295028,2367.2825302167766,2.5344603e-03,820674,1178.13812,1562.41449,1.4788342e+05,4.2112770e+01,3.2185100e+03,8.4437017e+00,1.5321694e+05,4.3686222e+01,0,nan,nan,nan,nan,1178.13812,2.6994536e-04,1562.41449,2.5499740e-04,-1.9668192e-03,-8.9207307e-02
0.249919126701123,1.0002282775954006,0.0002852860975305162,2367.283919126686,2.5344819e-03,820675,1178.13435,1562.40997,1.4784273e+05,4.2114128e+01,3.2310425e+03,8.4714155e+00,1.5317117e+05,4.3687630e+01,0,nan,nan,nan,nan,1178.13435,2.7005075e-04,1562.40997,2.5490663e-04,-6.5249973e-03,-9.4061390e-02
0.2513080368439572,0.9996157062021531,0.00028510375878706095,2367.285308036829,2.5345038e-03,820676,1178.14019,1562.41149,1.4768972e+05,4.2087158e+01,3.2150273e+03,8.4434738e+00,1.5307714e+05,4.3659649e+01,0,nan,nan,nan,nan,1178.14019,2.7056746e-04,1562.41149,2.5522619e-04,-2.5583571e-04,-9.2807069e-02
0.2526969467535296,0.9996759260464961,0.00028515526018313214,2367.2866969467386,2.5345255e-03,820677,1178.13781,1562.41335,1.4774825e+05,4.2094700e+01,3.2147690e+03,8.4480772e+00,1.5308616e+05,4.3667473e+01,0,nan,nan,nan,nan,1178.13781,2.7013838e-04,1562.41335,2.5505445e-04,-2.5145938e-03,-9.1021262e-02
0.2540858568959326,0.9997886584987791,0.00028521040035966387,2367.288085856881,2.5345474e-03,820678,1178.13884,1562.41170,1.4779234e+05,4.2102779e+01,3.2098403e+03,8.4596987e+00,1.5310320e+05,4.3675858e+01,0,nan,nan,nan,nan,1178.13884,2.7027860e-04,1562.41170,2.5501009e-04,-1.2213192e-03,-9.2488125e-02
0.25547476680641046,0.9999071156743983,0.00028525148480733836,2367.2894747667915,2.5345690e-03,820679,1178.14104,1562.41328,1.4781188e+05,4.2108784e+01,3.2226819e+03,8.4658556e+00,1.5312112e+05,4.3682087e+01,0,nan,nan,nan,nan,1178.14104,2.7018940e-04,1562.41328,2.5503905e-04,8.1828702e-04,-9.0799198e-02
0.256863676716414,1.000011986166891,0.0002851957160191938,2367.2908636767015,2.5345907e-03,820680,1178.13610,1562.41093,1.4778661e+05,4.2100494e+01,3.2106758e+03,8.4474545e+00,1.5313697e+05,4.3673485e+01,0,nan,nan,nan,nan,1178.13610,2.7009705e-04,1562.41093,2.5497339e-04,-4.5004864e-03,-9.3241990e-02
0.258252586858817,0.9995393102834756,0.00028516608200361413,2367.292252586844,2.5346125e-03,820681,1178.14011,1562.40962,1.4772262e+05,4.2096062e+01,3.2276284e+03,8.4695644e+00,1.5306438e+05,4.3668888e+01,0,nan,nan,nan,nan,1178.14011,2.7024848e-04,1562.40962,2.5510925e-04,1.0318603e-04,-9.4631210e-02
0.25964149676838943,1.0000612838435587,0.000285168345168474,2367.2936414967535,2.5346342e-03,820682,1178.13761,1562.41296,1.4775642e+05,4.2096333e+01,3.2180598e+03,8.4505949e+00,1.5314409e+05,4.3669170e+01,0,nan,nan,nan,nan,1178.13761,2.7025925e-04,1562.41296,2.5509615e-04,-2.0999538e-03,-9.0770163e-02
0.26103040667839295,1.0001159751511084,0.0002852531737185826,2367.2950304066635,2.5346559e-03,820683,1178.13436,1562.41553,1.4781509e+05,4.2108799e+01,3.2316414e+03,8.4621115e+00,1.5315225e+05,4.3682102e+01,0,nan,nan,nan,nan,1178.13436,2.7012793e-04,1562.41553,2.5504146e-04,-5.9365742e-03,-8.8509969e-02
0.262419316820796,1.0002762842038755,0.0002852492680634742,2367.296419316806,2.5346777e-03,820684,1178.14278,1562.40682,1.4785055e+05,4.2108166e+01,3.2033838e+03,8.4523802e+00,1.5317658e+05,4.3681442e+01,0,nan,nan,nan,nan,1178.14278,2.7020811e-04,1562.40682,2.5481329e-04,2.8314712e-03,-9.7357519e-02
0.26380822673036836,1.000017109717084,0.0002852245832076696,2367.2978082267155,2.5346994e-03,820685,1178.13929,1562.41518,1.4781861e+05,4.2104462e+01,3.2159075e+03,8.4504642e+00,1.5313669e+05,4.3677601e+01,0,nan,nan,nan,nan,1178.13929,2.6999391e-04,1562.41518,2.5501940e-04,-1.1987260e-03,-8.8611491e-02
0.2651971366403719,0.9998743996512742,0.00028519640618652196,2367.2991971366255,2.5347210e-03,820686,1178.13635,1562.40887,1.4778686e+05,4.2100239e+01,3.2222363e+03,8.4560223e+00,1.5311461e+05,4.3673222e+01,0,nan,nan,nan,nan,1178.13635,2.7000278e-04,1562.40887,2.5499423e-04,-4.2958716e-03,-9.5432378e-02
0.2665860467836804,1.0009813276654238,0.00028532849982055105,2367.300586046769,2.5347429e-03,820687,1178.13931,1562.40971,1.4796145e+05,4.2119682e+01,3.2026169e+03,8.4407063e+00,1.5328391e+05,4.3693390e+01,0,nan,nan,nan,nan,1178.13931,2.6990048e-04,1562.40971,2.5470916e-04,-5.1660329e-04,-9.4163835e-02
0.2679749566932528,1.0005184315975706,0.0002852989553458108,2367.3019749566784,2.5347646e-03,820688,1178.13908,1562.41539,1.4786634e+05,4.2115261e+01,3.2184333e+03,8.4544716e+00,1.5321280e+05,4.3688805e+01,0,nan,nan,nan,nan,1178.13908,2.7017735e-04,1562.41539,2.5490817e-04,-1.1208616e-03,-8.8346548e-02
0.2693638666028252,1.0001746216793357,0.0002852195280642344,2367.303363866588,2.5347862e-03,820689,1178.13871,1562.41134,1.4781181e+05,4.2103477e+01,3.2231021e+03,8.4500904e+00,1.5315994e+05,4.3676579e+01,0,nan,nan,nan,nan,1178.13871,2.7021507e-04,1562.41134,2.5497036e-04,-1.7610517e-03,-9.3087167e-02
0.2707527767456594,0.9996608816986632,0.0002851503157623921,2367.3047527767308,2.5348081e-03,820690,1178.13535,1562.40696,1.4771447e+05,4.2093197e+01,3.2260574e+03,8.4594831e+00,1.5308105e+05,4.3665916e+01,0,nan,nan,nan,nan,1178.13535,2.7014088e-04,1562.40696,2.5515512e-04,-4.7373967e-03,-9.7242303e-02
0.2721416866561372,1.0007221001670692,0.0002852983296287906,2367.3061416866412,2.5348298e-03,820691,1178.13702,1562.41609,1.4789689e+05,4.2114990e+01,3.2044268e+03,8.4377298e+00,1.5324334e+05,4.3688522e+01,0,nan,nan,nan,nan,1178.13702,2.6988683e-04,1562.41609,2.5500733e-04,-2.9052782e-03,-8.7801807e-02
0.27353059656525686,1.0007834726739473,0.00028525234140852363,2367.3075305965504,2.5348514e-03,820692,1178.13561,1562.41191,1.4788336e+05,4.2108143e+01,3.2027388e+03,8.4354973e+00,1.5325253e+05,4.3681419e+01,0,nan,nan,nan,nan,1178.13561,2.6994155e-04,1562.41191,2.5487813e-04,-5.0465493e-03,-9.1626711e-02
0.27491950647528196,0.9998028550163351,0.00028512297186697867,2367.3089195064604,2.5348731e-03,820693,1178.13701,1562.41120,1.4771648e+05,4.2088985e+01,3.2115198e+03,8.4363527e+00,1.5310214e+05,4.3661545e+01,0,nan,nan,nan,nan,1178.13701,2.7044036e-04,1562.41120,2.5527118e-04,-3.0817203e-03,-9.2729941e-02
0.27630841661811617,0.9999985711891134,0.0002851854800150203,2367.310308416603,2.5348950e-03,820694,1178.13808,1562.41617,1.4778050e+05,4.2098152e+01,3.2151736e+03,8.4497337e+00,1.5313191e+05,4.3671055e+01,0,nan,nan,nan,nan,1178.13808,2.7018375e-04,1562.41617,2.5504958e-04,-2.2291478e-03,-8.7750316e-02
0.2776973265276885,1.0004349664912766,0.00028528029272661157,2367.311697326513,2.5349166e-03,820695,1178.13993,1562.41225,1.4787648e+05,4.2112087e+01,3.2129795e+03,8.4570999e+00,1.5319852e+05,4.3685513e+01,0,nan,nan,nan,nan,1178.13993,2.6993544e-04,1562.41225,2.5483879e-04,-4.6755580e-04,-9.1912948e-02
0.27908623643726094,1.0002786611015597,0.00028523514688260965,2367.3130862364224,2.5349383e-03,820696,1178.13971,1562.41165,1.4783317e+05,4.2105370e+01,3.1995251e+03,8.4548378e+00,1.5317436e+05,4.3678539e+01,0,nan,nan,nan,nan,1178.13971,2.7010773e-04,1562.41165,2.5492714e-04,-6.1057863e-04,-9.2427567e-02
0.28047514657918965,1.000044629973783,0.0002852666007217403,2367.3144751465643,2.5349602e-03,820697,1178.13523,1562.41196,1.4783523e+05,4.2109951e+01,3.2253621e+03,8.4583912e+00,1.5313831e+05,4.3683296e+01,0,nan,nan,nan,nan,1178.13523,2.6996105e-04,1562.41196,2.5488393e-04,-4.9086362e-03,-9.1966443e-02
0.2818640564892148,1.0001347225907546,0.0002852899923870719,2367.3158640564743,2.5349818e-03,820698,1178.14388,1562.41098,1.4787380e+05,4.2113350e+01,3.2279924e+03,8.4537296e+00,1.5315189e+05,4.3686817e+01,0,nan,nan,nan,nan,1178.14388,2.7003442e-04,1562.41098,2.5491687e-04,4.0833624e-03,-9.2930980e-02
0.2832529663983129,1.0005487016398578,0.00028523774332985506,2367.3172529663834,2.5350035e-03,820699,1178.13804,1562.41332,1.4786419e+05,4.2105572e+01,3.2071335e+03,8.4347916e+00,1.5321506e+05,4.3678753e+01,0,nan,nan,nan,nan,1178.13804,2.7001373e-04,1562.41332,2.5509609e-04,-2.2297935e-03,-9.0432733e-02
0.284641876308338,1.000992004499839,0.00028532716966298834,2367.3186418762934,2.5350251e-03,820700,1178.14084,1562.41334,1.4794914e+05,4.2118713e+01,3.2009365e+03,8.4445038e+00,1.5328273e+05,4.3692387e+01,0,nan,nan,nan,nan,1178.14084,2.6983864e-04,1562.41334,2.5484103e-04,9.6715300e-04,-9.0159222e-02
0.28603078645119373,1.000273261583612,0.0002852006173925524,2367.3200307864363,2.5350470e-03,820701,1178.13310,1562.41129,1.4782800e+05,4.2099972e+01,3.2011416e+03,8.4362106e+00,1.5317245e+05,4.3672947e+01,0,nan,nan,nan,nan,1178.13310,2.7005511e-04,1562.41129,2.5480497e-04,-7.1142656e-03,-9.2380077e-02
0.28741969636076614,1.0005642106947807,0.0002853099200299281,2367.321419696346,2.5350687e-03,820702,1178.14319,1562.40991,1.4790172e+05,4.2116047e+01,3.2109619e+03,8.4540272e+00,1.5321680e+05,4.3689621e+01,0,nan,nan,nan,nan,1178.14319,2.7002671e-04,1562.40991,2.5475974e-04,2.7869714e-03,-9.4167210e-02
0.28880860627031696,0.9999741445948894,0.0002851877019859524,2367.3228086062554,2.5350903e-03,820703,1178.13576,1562.41490,1.4777828e+05,4.2097950e+01,3.2142759e+03,8.4384670e+00,1.5312623e+05,4.3670845e+01,0,nan,nan,nan,nan,1178.13576,2.7019143e-04,1562.41490,2.5495069e-04,-4.0243575e-03,-8.8450491e-02
0.29019751618034206,1.0003465664099322,0.00028522249730415853,2367.3241975161654,2.5351120e-03,820704,1178.13943,1562.41501,1.4782180e+05,4.2103031e+01,3.2039482e+03,8.4336662e+00,1.5318305e+05,4.3676117e+01,0,nan,nan,nan,nan,1178.13943,2.7017831e-04,1562.41501,2.5509440e-04,-9.1459200e-04,-8.8881589e-02
0.29158642609036717,0.9998632426060224,0.0002851418368635357,2367.3255864260755,2.5351336e-03,820705,1178.13785,1562.40434,1.4773281e+05,4.2091068e+01,3.2069978e+03,8.4348803e+00,1.5310883e+05,4.3663704e+01,0,nan,nan,nan,nan,1178.13785,2.7020049e-04,1562.40434,2.5499266e-04,-2.4027827e-03,-9.9849030e-02
0.2929753362332014,0.9996580881877906,0.00028509036615435304,2367.3269753362183,2.5351555e-03,820706,1178.14511,1562.41109,1.4768139e+05,4.2083408e+01,3.2059609e+03,8.4509010e+00,1.5307720e+05,4.3655762e+01,0,nan,nan,nan,nan,1178.14511,2.7049551e-04,1562.41109,2.5523710e-04,5.2849189e-03,-9.3378425e-02
0.29436424614232104,0.9995975298408473,0.00028515405805793647,2367.3283642461274,2.5351772e-03,820707,1178.13218,1562.41959,1.4773141e+05,4.2092754e+01,3.2094946e+03,8.4506636e+00,1.5306772e+05,4.3665455e+01,0,nan,nan,nan,nan,1178.13218,2.7031777e-04,1562.41959,2.5513006e-04,-8.6393990e-03,-8.3787158e-02
0.29575315605279884,0.9999112252274741,0.0002851731324977071,2367.329753156038,2.5351988e-03,820708,1178.13997,1562.40984,1.4778445e+05,4.2095512e+01,3.2107468e+03,8.4443703e+00,1.5311555e+05,4.3668316e+01,0,nan,nan,nan,nan,1178.13997,2.7030555e-04,1562.40984,2.5489114e-04,1.4763807e-04,-9.4426565e-02
0.2971420659632767,0.9999634298355418,0.00028518036026253937,2367.3311420659484,2.5352205e-03,820709,1178.13839,1562.41323,1.4779864e+05,4.2096516e+01,3.1959573e+03,8.4388752e+00,1.5312333e+05,4.3669361e+01,0,nan,nan,nan,nan,1178.13839,2.7009967e-04,1562.41323,2.5494676e-04,-1.6799453e-03,-9.0531453e-02
0.29853097610520546,1.0002203128157061,0.000285232232072505,2367.3325309760903,2.5352424e-03,820710,1178.13821,1562.41005,1.4779834e+05,4.2104122e+01,3.2249487e+03,8.4516678e+00,1.5316245e+05,4.3677246e+01,0,nan,nan,nan,nan,1178.13821,2.7017339e-04,1562.41005,2.5505305e-04,-1.7640755e-03,-9.3779780e-02
0.2999198860147778,0.9994218835122096,0.00028514614934856895,2367.333919886,2.5352640e-03,820711,1178.14113,1562.41374,1.4769838e+05,4.2091358e+01,3.2211318e+03,8.4458408e+00,1.5303998e+05,4.3664005e+01,0,nan,nan,nan,nan,1178.14113,2.7018064e-04,1562.41374,2.5509295e-04,1.0665546e-03,-9.0254582e-02
0.30130879592525567,0.9997437247490605,0.0002851315734397094,2367.3353087959104,2.5352857e-03,820712,1178.13657,1562.40970,1.4774759e+05,4.2089149e+01,3.1945208e+03,8.4420967e+00,1.5308906e+05,4.3661716e+01,0,nan,nan,nan,nan,1178.13657,2.7013620e-04,1562.40970,2.5501897e-04,-3.8216086e-03,-9.4878547e-02
0.30269770583435374,0.9999347273504912,0.00028520695656166785,2367.3366977058195,2.5353073e-03,820713,1178.13625,1562.41511,1.4779725e+05,4.2100220e+01,3.1955779e+03,8.4385052e+00,1.5311811e+05,4.3673199e+01,0,nan,nan,nan,nan,1178.13625,2.7011021e-04,1562.41511,2.5495584e-04,-4.2075454e-03,-8.8911675e-02
0.30408661574437884,1.0001487913800324,0.0002852489556232382,2367.3380866157295,2.5353290e-03,820714,1178.13507,1562.41028,1.4782072e+05,4.2106361e+01,3.1988706e+03,8.4598684e+00,1.5315069e+05,4.3679573e+01,0,nan,nan,nan,nan,1178.13507,2.7011998e-04,1562.41028,2.5501312e-04,-4.8603574e-03,-9.3355522e-02
0.305475525654404,0.9998978082664451,0.00028514167754661916,2367.3394755256395,2.5353506e-03,820715,1178.14265,1562.41125,1.4776309e+05,4.2090469e+01,3.1933948e+03,8.4294767e+00,1.5311205e+05,4.3663086e+01,0,nan,nan,nan,nan,1178.14265,2.7017377e-04,1562.41125,2.5502322e-04,3.4527434e-03,-9.2402339e-02
0.30686443579725975,0.9992667732634039,0.0002850681872290469,2367.3408644357824,2.5353725e-03,820716,1178.13720,1562.41288,1.4766348e+05,4.2079571e+01,3.2081130e+03,8.4379930e+00,1.5301522e+05,4.3651779e+01,0,nan,nan,nan,nan,1178.13720,2.7015348e-04,1562.41288,2.5517098e-04,-3.0708364e-03,-9.1049880e-02
0.30825334570726326,0.9991700334096697,0.0002850364883996505,2367.3422533456924,2.5353942e-03,820717,1178.14034,1562.41370,1.4762319e+05,4.2074833e+01,3.2012952e+03,8.4418297e+00,1.5300020e+05,4.3646866e+01,0,nan,nan,nan,nan,1178.14034,2.7047843e-04,1562.41370,2.5515608e-04,1.6909458e-04,-9.0800226e-02
0.3096422556163829,0.9998629409531924,0.0002851116874642816,2367.3436422556015,2.5354158e-03,820718,1178.13311,1562.41151,1.4773002e+05,4.2085880e+01,3.1989980e+03,8.4305410e+00,1.5310611e+05,4.3658325e+01,0,nan,nan,nan,nan,1178.13311,2.7004210e-04,1562.41151,2.5521874e-04,-7.2407816e-03,-9.2911124e-02
0.311031165526408,0.9998657876054774,0.0002851652891110287,2367.3450311655115,2.5354375e-03,820719,1178.14075,1562.40877,1.4778806e+05,4.2093739e+01,3.1989919e+03,8.4320040e+00,1.5310634e+05,4.3666477e+01,0,nan,nan,nan,nan,1178.14075,2.7014725e-04,1562.40877,2.5489304e-04,-1.1668175e-04,-9.5885754e-02
0.3124200754368859,1.000277521807509,0.0002851745626593359,2367.346420075422,2.5354591e-03,820720,1178.14265,1562.41085,1.4780117e+05,4.2095051e+01,3.1893083e+03,8.4294558e+00,1.5316919e+05,4.3667839e+01,0,nan,nan,nan,nan,1178.14265,2.7024420e-04,1562.41085,2.5498966e-04,2.9799419e-03,-9.3112789e-02
0.3138089853464367,0.9997176736813161,0.00028511564224102735,2367.3478089853315,2.5354808e-03,820721,1178.13562,1562.41349,1.4773973e+05,4.2086300e+01,3.1939177e+03,8.4234171e+00,1.5308327e+05,4.3658760e+01,0,nan,nan,nan,nan,1178.13562,2.7006856e-04,1562.41349,2.5506568e-04,-4.8130690e-03,-9.0153597e-02
0.3151978952560091,1.0000886215322866,0.0002851431885612668,2367.349197895241,2.5355024e-03,820722,1178.14126,1562.40813,1.4777012e+05,4.2090313e+01,3.1881912e+03,8.4213743e+00,1.5313988e+05,4.3662922e+01,0,nan,nan,nan,nan,1178.14126,2.7016483e-04,1562.40813,2.5513579e-04,1.7769475e-03,-9.6298061e-02
0.31658680539931755,0.9998955696691132,0.00028515801378207047,2367.3505868053844,2.5355243e-03,820723,1178.13625,1562.41601,1.4780891e+05,4.2092449e+01,3.1793494e+03,8.4171114e+00,1.5311012e+05,4.3665138e+01,0,nan,nan,nan,nan,1178.13625,2.6992554e-04,1562.41601,2.5506254e-04,-3.9889934e-03,-8.8250697e-02
0.3179757153084157,1.0001563488062557,0.00028519466484465465,2367.3519757152935,2.5355460e-03,820724,1178.13702,1562.41302,1.4779980e+05,4.2097805e+01,3.2064417e+03,8.4325180e+00,1.5314986e+05,4.3670696e+01,0,nan,nan,nan,nan,1178.13702,2.7002991e-04,1562.41302,2.5495191e-04,-3.1165809e-03,-9.0856530e-02
0.31936462521798803,0.9995713677711918,0.0002851311936498052,2367.353364625203,2.5355676e-03,820725,1178.13337,1562.40925,1.4770966e+05,4.2088387e+01,3.2116116e+03,8.4467354e+00,1.5306009e+05,4.3660923e+01,0,nan,nan,nan,nan,1178.13337,2.6994682e-04,1562.40925,2.5516030e-04,-7.0107114e-03,-9.4912782e-02
0.3207535351284659,1.0001382060731392,0.0002852227888348558,2367.3547535351136,2.5355893e-03,820726,1178.14429,1562.41893,1.4783197e+05,4.2101849e+01,3.2060027e+03,8.4396620e+00,1.5314670e+05,4.3674892e+01,0,nan,nan,nan,nan,1178.14429,2.6993721e-04,1562.41893,2.5494801e-04,4.3757819e-03,-8.5366391e-02
0.322142445038491,1.0003388744704973,0.0002852517773614518,2367.3561424450236,2.5356109e-03,820727,1178.13362,1562.40530,1.4789083e+05,4.2106083e+01,3.1963638e+03,8.4281616e+00,1.5317723e+05,4.3679279e+01,0,nan,nan,nan,nan,1178.13362,2.6977086e-04,1562.40530,2.5474519e-04,-6.7130551e-03,-9.8692171e-02
0.3235313549480418,0.9998489935475797,0.00028516801158072616,2367.357531354933,2.5356326e-03,820728,1178.14226,1562.41322,1.4774672e+05,4.2093666e+01,3.1995811e+03,8.4449682e+00,1.5310205e+05,4.3666401e+01,0,nan,nan,nan,nan,1178.14226,2.7032805e-04,1562.41322,2.5492397e-04,1.8982430e-03,-9.1313779e-02
0.3249202648576142,1.000161045869066,0.0002851023166368242,2367.3589202648427,2.5356542e-03,820729,1178.13816,1562.41250,1.4776967e+05,4.2083920e+01,3.1801282e+03,8.4074411e+00,1.5314964e+05,4.3656288e+01,0,nan,nan,nan,nan,1178.13816,2.7007723e-04,1562.41250,2.5497211e-04,-2.7071373e-03,-9.2074461e-02
0.3263091747676393,1.0002434243739406,0.0002851998669408801,2367.3603091747527,2.5356759e-03,820730,1178.13566,1562.41159,1.4782736e+05,4.2098263e+01,3.1812881e+03,8.4316950e+00,1.5316208e+05,4.3671173e+01,0,nan,nan,nan,nan,1178.13566,2.6990665e-04,1562.41159,2.5492138e-04,-4.5719212e-03,-9.2004232e-02
0.3276980846776429,0.9999067578916716,0.00028512950892105115,2367.3616980846627,2.5356975e-03,820731,1178.13815,1562.40990,1.4778147e+05,4.2087833e+01,3.1851836e+03,8.4213400e+00,1.5311034e+05,4.3660347e+01,0,nan,nan,nan,nan,1178.13815,2.7014883e-04,1562.40990,2.5496673e-04,-2.4027370e-03,-9.3849696e-02
0.32908699458676255,1.0005903065831634,0.00028522292025556366,2367.363086994572,2.5357192e-03,820732,1178.14033,1562.41679,1.4787678e+05,4.2101566e+01,3.1864321e+03,8.4180269e+00,1.5321483e+05,4.3674599e+01,0,nan,nan,nan,nan,1178.14033,2.6995232e-04,1562.41679,2.5478381e-04,7.3746033e-04,-8.6481579e-02
0.33047590449678765,1.0002278667985651,0.00028520616670300473,2367.364475904482,2.5357408e-03,820733,1178.13806,1562.41057,1.4784527e+05,4.2099049e+01,3.1908438e+03,8.4224730e+00,1.5315916e+05,4.3671986e+01,0,nan,nan,nan,nan,1178.13806,2.7001087e-04,1562.41057,2.5494301e-04,-2.3060853e-03,-9.3274936e-02
0.3318648144072439,1.000083813587407,0.0002851278529381102,2367.3658648143924,2.5357625e-03,820734,1178.13719,1562.41100,1.4774219e+05,4.2087440e+01,3.1903606e+03,8.4285536e+00,1.5313692e+05,4.3659943e+01,0,nan,nan,nan,nan,1178.13719,2.6992557e-04,1562.41100,2.5497790e-04,-3.2057236e-03,-9.2913978e-02
0.3332537245496469,1.0002759305602666,0.00028515422588906226,2367.3672537245347,2.5357844e-03,820735,1178.14078,1562.41187,1.4781272e+05,4.2091282e+01,3.1853762e+03,8.4104300e+00,1.5316616e+05,4.3663929e+01,0,nan,nan,nan,nan,1178.14078,2.7003529e-04,1562.41187,2.5486210e-04,7.9714658e-04,-9.2090778e-02
0.3346426344592193,0.9998754832943164,0.00028514002309214053,2367.3686426344443,2.5358060e-03,820736,1178.13858,1562.41474,1.4774698e+05,4.2089138e+01,3.1930181e+03,8.4307756e+00,1.5310467e+05,4.3661705e+01,0,nan,nan,nan,nan,1178.13858,2.7010083e-04,1562.41474,2.5503419e-04,-1.4873120e-03,-8.8997364e-02
0.3360315443696972,1.0002314350519306,0.00028519616337327003,2367.370031544355,2.5358277e-03,820737,1178.13890,1562.41474,1.4780089e+05,4.2097378e+01,3.2001719e+03,8.4341230e+00,1.5315902e+05,4.3670254e+01,0,nan,nan,nan,nan,1178.13890,2.7010785e-04,1562.41474,2.5502330e-04,-1.2418603e-03,-8.9704238e-02
0.3374204542797007,1.000841360303015,0.00028528577085075603,2367.371420454265,2.5358493e-03,820738,1178.13851,1562.41099,1.4789405e+05,4.2110558e+01,3.2007368e+03,8.4331579e+00,1.5325223e+05,4.3683926e+01,0,nan,nan,nan,nan,1178.13851,2.7012191e-04,1562.41099,2.5483989e-04,-1.3809543e-03,-9.3139604e-02
0.33880936418882035,0.9995359185003702,0.0002851112756947911,2367.372809364174,2.5358710e-03,820739,1178.13781,1562.41274,1.4771819e+05,4.2084763e+01,3.1924246e+03,8.4367390e+00,1.5305217e+05,4.3657162e+01,0,nan,nan,nan,nan,1178.13781,2.7004015e-04,1562.41274,2.5509027e-04,-2.5629920e-03,-9.1371149e-02
0.34019827409884545,1.0002495937910105,0.00028520527054998255,2367.374198274084,2.5358927e-03,820740,1178.13920,1562.41166,1.4783972e+05,4.2098587e+01,3.1867488e+03,8.4176683e+00,1.5316130e+05,4.3671509e+01,0,nan,nan,nan,nan,1178.13920,2.6984830e-04,1562.41166,2.5480246e-04,-6.7177776e-04,-9.2133865e-02
0.341587184008849,0.9994301588059911,0.0002850194453104434,2367.375587183994,2.5359143e-03,820741,1178.13678,1562.41007,1.4764158e+05,4.2071114e+01,3.1851362e+03,8.4274845e+00,1.5303566e+05,4.3643005e+01,0,nan,nan,nan,nan,1178.13678,2.7027700e-04,1562.41007,2.5510229e-04,-2.7217783e-03,-9.4299346e-02
0.34297609391842143,1.000242159859667,0.0002852004275958625,2367.3769760939035,2.5359360e-03,820742,1178.14008,1562.41358,1.4780909e+05,4.2097782e+01,3.1919734e+03,8.4314260e+00,1.5315983e+05,4.3670673e+01,0,nan,nan,nan,nan,1178.14008,2.6996669e-04,1562.41358,2.5491873e-04,1.7918737e-04,-9.0900779e-02
0.3443650038279938,0.9998200376009284,0.00028505603966115923,2367.378365003813,2.5359576e-03,820743,1178.13715,1562.41370,1.4769084e+05,4.2076424e+01,3.1781147e+03,8.4188118e+00,1.5309503e+05,4.3648518e+01,0,nan,nan,nan,nan,1178.13715,2.7024816e-04,1562.41370,2.5496221e-04,-2.6900992e-03,-9.0755172e-02
0.3457539137380189,1.0001927053065753,0.00028518209267761806,2367.379753913723,2.5359793e-03,820744,1178.14096,1562.40854,1.4781836e+05,4.2094994e+01,3.1820757e+03,8.4159546e+00,1.5315194e+05,4.3667778e+01,0,nan,nan,nan,nan,1178.14096,2.7024961e-04,1562.40854,2.5490220e-04,8.2356913e-04,-9.5588773e-02
0.3471428236484752,0.9996010888087715,0.0002850344945123745,2367.3811428236336,2.5360009e-03,820745,1178.13887,1562.41048,1.4767808e+05,4.2073158e+01,3.1835950e+03,8.4130640e+00,1.5306120e+05,4.3645130e+01,0,nan,nan,nan,nan,1178.13887,2.7035788e-04,1562.41048,2.5513311e-04,-9.4664481e-04,-9.3698591e-02
0.34853173355804756,0.9997388139450786,0.00028508277005596613,2367.382531733543,2.5360226e-03,820746,1178.13920,1562.41362,1.4774217e+05,4.2080246e+01,3.1632034e+03,8.4090605e+00,1.5308214e+05,4.3652481e+01,0,nan,nan,nan,nan,1178.13920,2.7018378e-04,1562.41362,2.5507578e-04,-7.5728231e-04,-9.0679586e-02
0.3499206434671672,1.0001241340189233,0.0002851687617672858,2367.3839206434523,2.5360442e-03,820747,1178.13713,1562.40792,1.4782253e+05,4.2092899e+01,3.1881169e+03,8.4180384e+00,1.5314098e+05,4.3665607e+01,0,nan,nan,nan,nan,1178.13713,2.7005022e-04,1562.40792,2.5469181e-04,-3.2205139e-03,-9.6143574e-02
0.3513095533776235,0.9997806761274576,0.0002851022374438029,2367.3853095533627,2.5360659e-03,820748,1178.14074,1562.41245,1.4773141e+05,4.2083046e+01,3.1923357e+03,8.4219379e+00,1.5308825e+05,4.3655380e+01,0,nan,nan,nan,nan,1178.14074,2.7024039e-04,1562.41245,2.5495252e-04,5.7629426e-04,-9.1812409e-02
0.3526984632871959,1.000395455305784,0.00028521310545290214,2367.3866984632723,2.5360875e-03,820749,1178.14113,1562.41294,1.4784041e+05,4.2099365e+01,3.1820657e+03,8.4309206e+00,1.5318225e+05,4.3672314e+01,0,nan,nan,nan,nan,1178.14113,2.6987231e-04,1562.41294,2.5477583e-04,1.0177669e-03,-9.0787157e-02
0.35408737319676825,1.000494731624748,0.0002852405531456614,2367.388087373182,2.5361092e-03,820750,1178.13729,1562.41419,1.4790080e+05,4.2103374e+01,3.1763982e+03,8.4070396e+00,1.5319731e+05,4.3676476e+01,0,nan,nan,nan,nan,1178.13729,2.6981125e-04,1562.41419,2.5480034e-04,-3.1788396e-03,-8.9775600e-02
0.3554762831072461,1.000828965820299,0.0002852608072065636,2367.3894762830923,2.5361308e-03,820751,1178.14080,1562.41134,1.4790708e+05,4.2106327e+01,3.1862117e+03,8.4158764e+00,1.5324834e+05,4.3679539e+01,0,nan,nan,nan,nan,1178.14080,2.6984242e-04,1562.41134,2.5467732e-04,8.5861998e-04,-9.2991233e-02
0.35686519301724967,0.9998631959873158,0.00028512784572338584,2367.3908651930024,2.5361525e-03,820752,1178.13490,1562.40672,1.4776231e+05,4.2086670e+01,3.1823071e+03,8.4119358e+00,1.5310033e+05,4.3659142e+01,0,nan,nan,nan,nan,1178.13490,2.7006201e-04,1562.40672,2.5492429e-04,-5.6195073e-03,-9.7175591e-02
0.3582541029259166,0.9995170319925983,0.000285086095631516,2367.392254102911,2.5361741e-03,820753,1178.13569,1562.41378,1.4771680e+05,4.2080467e+01,3.1689321e+03,8.4265614e+00,1.5304719e+05,4.3652710e+01,0,nan,nan,nan,nan,1178.13569,2.7005971e-04,1562.41378,2.5490223e-04,-4.8644384e-03,-9.0069838e-02
0.35964301283456196,1.0000677715221875,0.00028512999795908436,2367.3936430128197,2.5361958e-03,820754,1178.14121,1562.41103,1.4778300e+05,4.2086910e+01,3.1726248e+03,8.4092512e+00,1.5313139e+05,4.3659393e+01,0,nan,nan,nan,nan,1178.14121,2.6995130e-04,1562.41103,2.5489845e-04,9.7302627e-04,-9.2872299e-02
0.36103192251220917,1.0000674184930778,0.00028516490183146185,2367.3950319224973,2.5362172e-03,820755,1178.14150,1562.41314,1.4781505e+05,4.2092033e+01,3.1773904e+03,8.4039164e+00,1.5313120e+05,4.3664703e+01,0,nan,nan,nan,nan,1178.14150,2.6983290e-04,1562.41314,2.5490750e-04,1.1182652e-03,-9.0910316e-02
0.36242083242268697,0.9998962707774346,0.0002851128626141362,2367.396420832408,2.5362389e-03,820756,1178.13439,1562.41252,1.4777853e+05,4.2084309e+01,3.1698308e+03,8.4068270e+00,1.5310488e+05,4.3656696e+01,0,nan,nan,nan,nan,1178.13439,2.7008494e-04,1562.41252,2.5489405e-04,-6.3847783e-03,-9.1917619e-02
0.3638097423317851,1.0004102407241697,0.000285167781051461,2367.397809742317,2.5362605e-03,820757,1178.13456,1562.41056,1.4782497e+05,4.2092388e+01,3.1774080e+03,8.4132776e+00,1.5318345e+05,4.3665073e+01,0,nan,nan,nan,nan,1178.13456,2.7000858e-04,1562.41056,2.5468098e-04,-5.8484999e-03,-9.3368426e-02
0.3651986522418102,1.0009536994835617,0.00028522732221425575,2367.399198652227,2.5362822e-03,820758,1178.14201,1562.41468,1.4790967e+05,4.2101135e+01,3.1680576e+03,8.4053411e+00,1.5326655e+05,4.3674152e+01,0,nan,nan,nan,nan,1178.14201,2.6975884e-04,1562.41468,2.5472554e-04,2.2414357e-03,-8.9303538e-02
0.3665875621518353,1.0000543836003593,0.0002851476463013168,2367.400587562137,2.5363038e-03,820759,1178.13864,1562.41034,1.4780253e+05,4.2089348e+01,3.1710520e+03,8.4155111e+00,1.5312872e+05,4.3661919e+01,0,nan,nan,nan,nan,1178.13864,2.6997394e-04,1562.41034,2.5477173e-04,-1.5753153e-03,-9.3863398e-02
0.36797647206095496,0.9992452947411274,0.00028501589507963574,2367.401976472046,2.5363255e-03,820760,1178.14171,1562.40964,1.4766142e+05,4.2069870e+01,3.1830967e+03,8.4101324e+00,1.5300472e+05,4.3641712e+01,0,nan,nan,nan,nan,1178.14171,2.7010808e-04,1562.40964,2.5500095e-04,1.1383694e-03,-9.4751790e-02
0.36936538197095853,1.0002703333839598,0.00028520674496628216,2367.403365381956,2.5363471e-03,820761,1178.13861,1562.41248,1.4785112e+05,4.2098007e+01,3.1772192e+03,8.4268694e+00,1.5316156e+05,4.3670906e+01,0,nan,nan,nan,nan,1178.13861,2.6995948e-04,1562.41248,2.5485497e-04,-1.8364686e-03,-9.1758557e-02
0.37075429188098363,1.0005231880365861,0.00028521122632433184,2367.404754291866,2.5363688e-03,820762,1178.13947,1562.41247,1.4788017e+05,4.2098640e+01,3.1768877e+03,8.3995972e+00,1.5320017e+05,4.3671558e+01,0,nan,nan,nan,nan,1178.13947,2.6975610e-04,1562.41247,2.5480732e-04,-1.7157235e-03,-9.1499843e-02
0.37214320179100874,1.0003951262477309,0.0002851785924984937,2367.406143201776,2.5363904e-03,820763,1178.14116,1562.41206,1.4779745e+05,4.2093796e+01,3.1771216e+03,8.4239168e+00,1.5318045e+05,4.3666534e+01,0,nan,nan,nan,nan,1178.14116,2.7004667e-04,1562.41206,2.5494053e-04,1.0374379e-03,-9.2097677e-02
0.37353211170103384,1.0000203851816312,0.0002851056708305538,2367.407532111686,2.5364121e-03,820764,1178.13341,1562.40963,1.4777991e+05,4.2083000e+01,3.1740588e+03,8.4050245e+00,1.5312297e+05,4.3655338e+01,0,nan,nan,nan,nan,1178.13341,2.6986239e-04,1562.40963,2.5490081e-04,-7.2689680e-03,-9.4795756e-02
0.3749210216101319,1.0002535110790916,0.00028514861323521834,2367.4089210215952,2.5364337e-03,820765,1178.13999,1562.41536,1.4781102e+05,4.2089314e+01,3.1680161e+03,8.4042282e+00,1.5315856e+05,4.3661884e+01,0,nan,nan,nan,nan,1178.13999,2.7004510e-04,1562.41536,2.5507636e-04,-4.8945344e-04,-8.8794231e-02
0.3763099312877791,1.000446322049086,0.0002852598611378584,2367.410309931273,2.5364552e-03,820766,1178.13431,1562.41496,1.4791341e+05,4.2105705e+01,3.1751519e+03,8.4151239e+00,1.5318800e+05,4.3678890e+01,0,nan,nan,nan,nan,1178.13431,2.6961794e-04,1562.41496,2.5493710e-04,-5.6598131e-03,-8.9306772e-02
0.37769884119735153,1.0004736398562142,0.00028515062753110696,2367.4116988411824,2.5364768e-03,820767,1178.14153,1562.41070,1.4784567e+05,4.2089558e+01,3.1655596e+03,8.3913822e+00,1.5319208e+05,4.3662140e+01,0,nan,nan,nan,nan,1178.14153,2.6984556e-04,1562.41070,2.5490872e-04,1.6779902e-03,-9.3143493e-02
0.3790877511064496,0.999921720871162,0.0002851357779457155,2367.4130877510916,2.5364985e-03,820768,1178.13672,1562.41320,1.4778658e+05,4.2087341e+01,3.1701313e+03,8.4037161e+00,1.5310748e+05,4.3659840e+01,0,nan,nan,nan,nan,1178.13672,2.6987406e-04,1562.41320,2.5501574e-04,-3.1126211e-03,-9.0761848e-02
0.38047666101692745,0.9998450401564566,0.0002851027896009319,2367.414476661002,2.5365201e-03,820769,1178.14007,1562.41364,1.4776542e+05,4.2082447e+01,3.1631135e+03,8.4027462e+00,1.5309566e+05,4.3654762e+01,0,nan,nan,nan,nan,1178.14007,2.7006041e-04,1562.41364,2.5492199e-04,4.1728324e-04,-9.0228125e-02
0.3818655709274053,0.99909160173777,0.0002849946441824331,2367.4158655709125,2.5365418e-03,820770,1178.13671,1562.41703,1.4762011e+05,4.2066460e+01,3.1849114e+03,8.4124012e+00,1.5298020e+05,4.3638180e+01,0,nan,nan,nan,nan,1178.13671,2.7015893e-04,1562.41703,2.5524796e-04,-4.3911948e-03,-8.6946175e-02
0.3832544808365034,1.0001280111916424,0.00028518657344855957,2367.4172544808216,2.5365634e-03,820771,1178.13714,1562.41183,1.4782180e+05,4.2094772e+01,3.1835312e+03,8.4143848e+00,1.5313881e+05,4.3667545e+01,0,nan,nan,nan,nan,1178.13714,2.6993381e-04,1562.41183,2.5479967e-04,-3.1193828e-03,-9.2864849e-02
0.3846433907465285,1.0000691502895982,0.00028510804568500125,2367.4186433907316,2.5365851e-03,820772,1178.13743,1562.41205,1.4779350e+05,4.2083153e+01,3.1607708e+03,8.3979225e+00,1.5312972e+05,4.3655499e+01,0,nan,nan,nan,nan,1178.13743,2.7009053e-04,1562.41205,2.5485802e-04,-3.2586029e-03,-9.1749907e-02
0.38603230042372294,0.9999163246374481,0.0002850692703203506,2367.420032300409,2.5366065e-03,820773,1178.13903,1562.41327,1.4775742e+05,4.2077408e+01,3.1591162e+03,8.3984871e+00,1.5310625e+05,4.3649540e+01,0,nan,nan,nan,nan,1178.13903,2.7021888e-04,1562.41327,2.5488323e-04,-9.7142300e-04,-9.1003619e-02
0.38742121033374805,0.9997380243779137,0.0002850577318489437,2367.421421210319,2.5366282e-03,820774,1178.14320,1562.41499,1.4772773e+05,4.2075691e+01,3.1665161e+03,8.3982792e+00,1.5307888e+05,4.3647755e+01,0,nan,nan,nan,nan,1178.14320,2.7010278e-04,1562.41499,2.5502822e-04,3.3376371e-03,-8.8751957e-02
0.3888101202432989,1.0001424377387846,0.0002851321949714484,2367.4228101202284,2.5366498e-03,820775,1178.13507,1562.41184,1.4779638e+05,4.2086662e+01,3.1684968e+03,8.4047604e+00,1.5314073e+05,4.3659134e+01,0,nan,nan,nan,nan,1178.13507,2.6997281e-04,1562.41184,2.5491198e-04,-4.6978462e-03,-9.2783935e-02
0.3901990301528713,0.9999180758070962,0.0002851192761078245,2367.424199030138,2.5366715e-03,820776,1178.13757,1562.40749,1.4777003e+05,4.2084736e+01,3.1754958e+03,8.4131021e+00,1.5310631e+05,4.3657139e+01,0,nan,nan,nan,nan,1178.13757,2.7002822e-04,1562.40749,2.5485223e-04,-3.0184409e-03,-9.6969344e-02
0.3915879400628964,0.9993244744846106,0.0002850269210001593,2367.425587940048,2.5366931e-03,820777,1178.13962,1562.41462,1.4766670e+05,4.2071087e+01,3.1573528e+03,8.4056177e+00,1.5301536e+05,4.3642979e+01,0,nan,nan,nan,nan,1178.13962,2.7023506e-04,1562.41462,2.5507834e-04,-1.4726380e-04,-8.9647502e-02
0.3929768499729215,0.9995759848339622,0.0002849948959796928,2367.426976849958,2.5367148e-03,820778,1178.13918,1562.41657,1.4769159e+05,4.2066341e+01,3.1553330e+03,8.3848944e+00,1.5305381e+05,4.3638058e+01,0,nan,nan,nan,nan,1178.13918,2.7041181e-04,1562.41657,2.5504973e-04,-9.5741957e-04,-8.7653518e-02
0.39436575964918896,0.999871643118385,0.00028507375801166174,2367.4283657596343,2.5367362e-03,820779,1178.13808,1562.40676,1.4773972e+05,4.2077972e+01,3.1648191e+03,8.4035683e+00,1.5309903e+05,4.3650120e+01,0,nan,nan,nan,nan,1178.13808,2.7010034e-04,1562.40676,2.5500462e-04,-2.8591475e-03,-9.7477578e-02
0.39575466955966676,1.0006119017752713,0.00028523309148703477,2367.4297546695448,2.5367578e-03,820780,1178.14013,1562.41893,1.4789355e+05,4.2101475e+01,3.1785371e+03,8.4061823e+00,1.5321233e+05,4.3674503e+01,0,nan,nan,nan,nan,1178.14013,2.6967941e-04,1562.41893,2.5481376e-04,-1.6923790e-04,-8.4370524e-02
0.39714357946969187,1.0000599360121385,0.00028510715147996935,2367.431143579455,2.5367795e-03,820781,1178.13871,1562.40817,1.4778111e+05,4.2082870e+01,3.1667715e+03,8.4022036e+00,1.5312777e+05,4.3655205e+01,0,nan,nan,nan,nan,1178.13871,2.7010465e-04,1562.40817,2.5485552e-04,-1.9260393e-03,-9.6102394e-02
0.39853248937924274,1.000031849902111,0.00028517496299994825,2367.4325324893643,2.5368012e-03,820782,1178.13698,1562.41251,1.4784114e+05,4.2092873e+01,3.1667834e+03,8.4022388e+00,1.5312342e+05,4.3665577e+01,0,nan,nan,nan,nan,1178.13698,2.6971614e-04,1562.41251,2.5481207e-04,-3.7122688e-03,-9.1526002e-02
0.3999213992888151,0.9993863707823643,0.0002851140615363668,2367.433921399274,2.5368228e-03,820783,1178.13563,1562.41155,1.4776095e+05,4.2083870e+01,3.1737170e+03,8.4093323e+00,1.5302455e+05,4.3656239e+01,0,nan,nan,nan,nan,1178.13563,2.6982639e-04,1562.41155,2.5490139e-04,-4.7668312e-03,-9.2758752e-02
0.4013103089664623,1.0001569982685152,0.00028511305343663785,2367.4353103089516,2.5368442e-03,820784,1178.13913,1562.41018,1.4776873e+05,4.2083714e+01,3.1629990e+03,8.4191809e+00,1.5314250e+05,4.3656075e+01,0,nan,nan,nan,nan,1178.13913,2.7003686e-04,1562.41018,2.5486085e-04,-6.7708065e-04,-9.4156243e-02
0.40269921887556037,1.000027864798655,0.00028513590554048716,2367.4366992188607,2.5368659e-03,820785,1178.13666,1562.41376,1.4779072e+05,4.2087074e+01,3.1652600e+03,8.4185266e+00,1.5312270e+05,4.3659561e+01,0,nan,nan,nan,nan,1178.13666,2.6996303e-04,1562.41376,2.5482770e-04,-3.7145347e-03,-9.0576947e-02
0.4040881287855855,1.0000310396858456,0.0002850647387163246,2367.4380881287707,2.5368875e-03,820786,1178.13935,1562.41143,1.4773753e+05,4.2076565e+01,3.1589519e+03,8.3963957e+00,1.5312316e+05,4.3648659e+01,0,nan,nan,nan,nan,1178.13935,2.7016888e-04,1562.41143,2.5489001e-04,-1.9890068e-03,-9.2705451e-02
0.40547703869561064,1.0002256549945447,0.0002851468079763966,2367.4394770386807,2.5369092e-03,820787,1178.13518,1562.41409,1.4782303e+05,4.2088669e+01,3.1673762e+03,8.3970156e+00,1.5315292e+05,4.3661217e+01,0,nan,nan,nan,nan,1178.13518,2.7000942e-04,1562.41409,2.5487432e-04,-5.2942229e-03,-8.9739747e-02
0.4068659483728051,1.0001149292013045,0.00028510441338153663,2367.440865948358,2.5369306e-03,820788,1178.14227,1562.41313,1.4777102e+05,4.2082405e+01,3.1706963e+03,8.4039516e+00,1.5313595e+05,4.3654716e+01,0,nan,nan,nan,nan,1178.14227,2.6997321e-04,1562.41313,2.5486440e-04,1.5914568e-03,-9.1310620e-02
0.4082548582823559,0.9997840433326032,0.00028504259826888257,2367.4422548582675,2.5369523e-03,820789,1178.13958,1562.41192,1.4770664e+05,4.2073277e+01,3.1632024e+03,8.4047289e+00,1.5308527e+05,4.3645248e+01,0,nan,nan,nan,nan,1178.13958,2.7028046e-04,1562.41192,2.5497365e-04,-6.6555082e-04,-9.2113495e-02
0.40964376819192827,1.0003088804305564,0.00028514391522768153,2367.443643768177,2.5369739e-03,820790,1178.13543,1562.41949,1.4782425e+05,4.2088219e+01,3.1509194e+03,8.3997269e+00,1.5316561e+05,4.3660755e+01,0,nan,nan,nan,nan,1178.13543,2.6996457e-04,1562.41949,2.5507147e-04,-5.6159543e-03,-8.3986290e-02
0.4110326781019534,0.999257034689185,0.0002849602196513632,2367.445032678087,2.5369956e-03,820791,1178.13852,1562.40606,1.4766242e+05,4.2061108e+01,3.1466094e+03,8.3898973e+00,1.5300455e+05,4.3632626e+01,0,nan,nan,nan,nan,1178.13852,2.7025366e-04,1562.40606,2.5501940e-04,-1.3078130e-03,-9.8095678e-02
0.4124215877796006,0.9999689360764502,0.00028513696547068,2367.4464215877647,2.5370170e-03,820792,1178.13439,1562.40871,1.4783005e+05,4.2087193e+01,3.1566982e+03,8.3899632e+00,1.5311355e+05,4.3659687e+01,0,nan,nan,nan,nan,1178.13439,2.6974556e-04,1562.40871,2.5479516e-04,-6.2604547e-03,-9.5209882e-02
0.4138104976891514,0.9995263054045054,0.00028503521840325414,2367.4478104976743,2.5370386e-03,820793,1178.13864,1562.41219,1.4770542e+05,4.2072174e+01,3.1601816e+03,8.4007645e+00,1.5304577e+05,4.3644108e+01,0,nan,nan,nan,nan,1178.13864,2.6997845e-04,1562.41219,2.5496623e-04,-1.1241131e-03,-9.2175700e-02
0.4151994075987238,0.9997739823922784,0.0002850011939404482,2367.449199407584,2.5370603e-03,820794,1178.13698,1562.41441,1.4767222e+05,4.2067158e+01,3.1581926e+03,8.4005661e+00,1.5308369e+05,4.3638897e+01,0,nan,nan,nan,nan,1178.13698,2.7026844e-04,1562.41441,2.5506565e-04,-3.8412376e-03,-8.9277551e-02
0.4165883175087489,0.999530694800123,0.00028490496300192375,2367.450588317494,2.5370819e-03,820795,1178.13867,1562.40758,1.4757770e+05,4.2052948e+01,3.1600859e+03,8.3947992e+00,1.5304644e+05,4.3624165e+01,0,nan,nan,nan,nan,1178.13867,2.7059295e-04,1562.40758,2.5517459e-04,-1.6095553e-03,-9.6892126e-02
0.4179772271854691,1.0004896965835264,0.00028512126493375223,2367.4519772271706,2.5371034e-03,820796,1178.13833,1562.41263,1.4781875e+05,4.2084881e+01,3.1605647e+03,8.3951235e+00,1.5319328e+05,4.3657288e+01,0,nan,nan,nan,nan,1178.13833,2.6992595e-04,1562.41263,2.5495220e-04,-2.0405396e-03,-9.1787212e-02
0.41936613709504145,1.0003865002845513,0.0002851260175967512,2367.45336613708,2.5371250e-03,820797,1178.13935,1562.41732,1.4782175e+05,4.2085587e+01,3.1532058e+03,8.3897800e+00,1.5317750e+05,4.3658016e+01,0,nan,nan,nan,nan,1178.13935,2.6994204e-04,1562.41732,2.5492915e-04,-6.5639929e-04,-8.6343102e-02
0.4207550470055193,0.9994200213485057,0.00028498863873992723,2367.4547550469906,2.5371467e-03,820798,1178.13518,1562.41372,1.4766706e+05,4.2065311e+01,3.1504563e+03,8.3914509e+00,1.5302953e+05,4.3636986e+01,0,nan,nan,nan,nan,1178.13518,2.7021684e-04,1562.41372,2.5508902e-04,-5.3788605e-03,-9.0212807e-02
0.4221439566826922,0.9998021715101684,0.00028508418781075345,2367.456143956668,2.5371681e-03,820799,1178.13765,1562.41005,1.4774828e+05,4.2079418e+01,3.1648608e+03,8.4023085e+00,1.5308806e+05,4.3651619e+01,0,nan,nan,nan,nan,1178.13765,2.7006326e-04,1562.41005,2.5484228e-04,-2.6023218e-03,-9.3629248e-02
0.4235328665922646,1.000266795411305,0.00028509936817634507,2367.4575328665774,2.5371898e-03,820800,1178.13864,1562.41227,1.4780420e+05,4.2081669e+01,3.1531516e+03,8.3880253e+00,1.5315923e+05,4.3653954e+01,0,nan,nan,nan,nan,1178.13864,2.7002959e-04,1562.41227,2.5483398e-04,-2.0438440e-03,-9.2101038e-02
0.424921776501837,1.0002204854276742,0.00028515770551358247,2367.458921776487,2.5372114e-03,820801,1178.13790,1562.41138,1.4781273e+05,4.2090282e+01,3.1632649e+03,8.4065905e+00,1.5315216e+05,4.3662891e+01,0,nan,nan,nan,nan,1178.13790,2.6984484e-04,1562.41138,2.5489551e-04,-1.8229784e-03,-9.2300832e-02
0.42631068617903145,1.0001133491633363,0.00028508575744666645,2367.460310686164,2.5372328e-03,820802,1178.13978,1562.41040,1.4777888e+05,4.2079674e+01,3.1576750e+03,8.3997078e+00,1.5313578e+05,4.3651886e+01,0,nan,nan,nan,nan,1178.13978,2.7003212e-04,1562.41040,2.5487386e-04,-4.5108367e-04,-9.3742482e-02
0.427699596089035,1.000213746171809,0.00028512219274990513,2367.461699596074,2.5372545e-03,820803,1178.14028,1562.41328,1.4779094e+05,4.2085056e+01,3.1602678e+03,8.3916998e+00,1.5315120e+05,4.3657471e+01,0,nan,nan,nan,nan,1178.14028,2.7016370e-04,1562.41328,2.5492164e-04,6.2458671e-04,-9.0555355e-02
0.4290885059990601,0.9996280188906025,0.00028500514526159107,2367.463088505984,2.5372761e-03,820804,1178.13668,1562.40708,1.4767825e+05,4.2067791e+01,3.1614285e+03,8.3980846e+00,1.5306155e+05,4.3639561e+01,0,nan,nan,nan,nan,1178.13668,2.7045395e-04,1562.40708,2.5505337e-04,-4.2364583e-03,-9.7166643e-02
0.43047741567534914,1.0007729524357614,0.0002851987090612051,2367.4644774156604,2.5372976e-03,820805,1178.13848,1562.41623,1.4787872e+05,4.2096375e+01,3.1582422e+03,8.4032202e+00,1.5323691e+05,4.3669212e+01,0,nan,nan,nan,nan,1178.13848,2.6983398e-04,1562.41623,2.5474103e-04,-1.9726937e-03,-8.7628707e-02
0.4318663255858054,0.9993880576382391,0.0002850159260458757,2367.465866325571,2.5373192e-03,820806,1178.14125,1562.41178,1.4768203e+05,4.2069405e+01,3.1543613e+03,8.4060144e+00,1.5302489e+05,4.3641235e+01,0,nan,nan,nan,nan,1178.14125,2.7018675e-04,1562.41178,2.5485424e-04,9.6355379e-04,-9.2350185e-02
0.43325523549537776,1.0002868744421838,0.00028512204115712763,2367.4672552354805,2.5373409e-03,820807,1178.13592,1562.41048,1.4780727e+05,4.2085083e+01,3.1535508e+03,8.4012070e+00,1.5316256e+05,4.3657497e+01,0,nan,nan,nan,nan,1178.13592,2.6988107e-04,1562.41048,2.5476108e-04,-4.2838221e-03,-9.3963183e-02
0.4346441451716668,0.9994559349596382,0.0002850909146753447,2367.4686441451568,2.5373623e-03,820808,1178.13779,1562.41592,1.4773775e+05,4.2080505e+01,3.1636472e+03,8.4125547e+00,1.5303539e+05,4.3652748e+01,0,nan,nan,nan,nan,1178.13779,2.7036536e-04,1562.41592,2.5502566e-04,-2.5723567e-03,-8.7941915e-02
0.4360330550807649,1.0000546891021773,0.00028516697796957257,2367.470033055066,2.5373839e-03,820809,1178.13911,1562.41152,1.4782055e+05,4.2091751e+01,3.1777095e+03,8.4097481e+00,1.5312712e+05,4.3664413e+01,0,nan,nan,nan,nan,1178.13911,2.6983937e-04,1562.41152,2.5496306e-04,-1.0808215e-03,-9.2435382e-02
0.43742196499079,1.0003821972735754,0.000285182843034076,2367.471421964976,2.5374056e-03,820810,1178.14010,1562.41595,1.4782348e+05,4.2094105e+01,3.1675020e+03,8.4095745e+00,1.5317733e+05,4.3666859e+01,0,nan,nan,nan,nan,1178.14010,2.6975505e-04,1562.41595,2.5487339e-04,-1.3532974e-05,-8.7887026e-02
0.43881087466798446,1.0003333694607595,0.0002851463685246292,2367.472810874653,2.5374270e-03,820811,1178.13585,1562.41622,1.4781758e+05,4.2088741e+01,3.1647227e+03,8.3930016e+00,1.5316992e+05,4.3661293e+01,0,nan,nan,nan,nan,1178.13585,2.6996181e-04,1562.41622,2.5490744e-04,-5.0450941e-03,-8.7781020e-02
0.4401997845770826,0.9997694965383942,0.0002850844774246525,2367.474199784562,2.5374487e-03,820812,1178.13832,1562.40502,1.4774295e+05,4.2079624e+01,3.1650569e+03,8.4070606e+00,1.5308366e+05,4.3651836e+01,0,nan,nan,nan,nan,1178.13832,2.6995296e-04,1562.40502,2.5516958e-04,-1.8885864e-03,-9.9316999e-02
0.4415886944875604,1.0000766018937386,0.00028510477404929645,2367.4755886944727,2.5374703e-03,820813,1178.13890,1562.41419,1.4777708e+05,4.2082642e+01,3.1626411e+03,8.4020481e+00,1.5313075e+05,4.3654964e+01,0,nan,nan,nan,nan,1178.13890,2.7001373e-04,1562.41419,2.5487979e-04,-1.0283896e-03,-8.9889966e-02
0.44297760416430215,1.0002979643534111,0.0002851144980409405,2367.4769776041494,2.5374917e-03,820814,1178.14025,1562.41158,1.4778409e+05,4.2084099e+01,3.1539194e+03,8.4126101e+00,1.5316472e+05,4.3656475e+01,0,nan,nan,nan,nan,1178.14025,2.7003034e-04,1562.41158,2.5489382e-04,3.0387490e-04,-9.2643932e-02
0.44436651407385297,1.0002213771407322,0.0002851036079232091,2367.478366514059,2.5375134e-03,820815,1178.13421,1562.41677,1.4775747e+05,4.2082512e+01,3.1644993e+03,8.4036493e+00,1.5315308e+05,4.3654831e+01,0,nan,nan,nan,nan,1178.13421,2.7043300e-04,1562.41677,2.5490305e-04,-6.7062802e-03,-8.6812414e-02
0.44575542375104743,1.0004211105573302,0.0002852004311638228,2367.479755423736,2.5375348e-03,820816,1178.14206,1562.41059,1.4791370e+05,4.2096828e+01,3.1414783e+03,8.3825006e+00,1.5318375e+05,4.3669682e+01,0,nan,nan,nan,nan,1178.14206,2.6974909e-04,1562.41059,2.5464618e-04,1.5989044e-03,-9.3277201e-02
0.4471443336615253,1.0000075055290345,0.00028506413900756085,2367.4811443336466,2.5375565e-03,820817,1178.13623,1562.41395,1.4774758e+05,4.2076729e+01,3.1639756e+03,8.3923683e+00,1.5312050e+05,4.3648834e+01,0,nan,nan,nan,nan,1178.13623,2.7007700e-04,1562.41395,2.5503975e-04,-4.0294076e-03,-9.0586975e-02
0.44853324357064495,1.000233356828812,0.00028510014593460364,2367.4825332435557,2.5375781e-03,820818,1178.13755,1562.40762,1.4781591e+05,4.2082077e+01,3.1484966e+03,8.3962326e+00,1.5315517e+05,4.3654377e+01,0,nan,nan,nan,nan,1178.13755,2.6986768e-04,1562.40762,2.5465045e-04,-3.1959331e-03,-9.6716724e-02
0.4499221532478178,0.9998591632311776,0.00028509135196813683,2367.483922153233,2.5375995e-03,820819,1178.14098,1562.41219,1.4780714e+05,4.2080803e+01,3.1489031e+03,8.3840113e+00,1.5309797e+05,4.3653057e+01,0,nan,nan,nan,nan,1178.14098,2.7000153e-04,1562.41219,2.5485040e-04,1.1475048e-03,-9.1177642e-02
0.4513110631578429,0.9997401292389778,0.00028507774847090554,2367.485311063143,2.5376212e-03,820820,1178.14014,1562.41227,1.4771175e+05,4.2078819e+01,3.1633164e+03,8.4062252e+00,1.5307984e+05,4.3651001e+01,0,nan,nan,nan,nan,1178.14014,2.7030366e-04,1562.41227,2.5513620e-04,1.8124099e-04,-9.1920994e-02
0.45269997283503743,0.9999431351526431,0.0002850543875102935,2367.48669997282,2.5376426e-03,820821,1178.13917,1562.41319,1.4773581e+05,4.2075397e+01,3.1510256e+03,8.3876429e+00,1.5311103e+05,4.3647453e+01,0,nan,nan,nan,nan,1178.13917,2.7025721e-04,1562.41319,2.5496137e-04,-4.7337913e-04,-9.0532906e-02
0.45408888274506254,1.0002625313316063,0.0002851385650131479,2367.48808888273,2.5376643e-03,820822,1178.13668,1562.41061,1.4782967e+05,4.2087856e+01,3.1565745e+03,8.3957548e+00,1.5316005e+05,4.3660374e+01,0,nan,nan,nan,nan,1178.13668,2.6976797e-04,1562.41061,2.5477866e-04,-3.9516757e-03,-9.3577757e-02
0.45547779242132996,0.9998706552197557,0.00028504393933729405,2367.4894777924064,2.5376857e-03,820823,1178.13443,1562.41447,1.4771955e+05,4.2073921e+01,3.1428755e+03,8.4050713e+00,1.5310016e+05,4.3645916e+01,0,nan,nan,nan,nan,1178.13443,2.7014202e-04,1562.41447,2.5490514e-04,-6.7141228e-03,-8.9781612e-02
0.45686670233135507,0.9992731660422015,0.00028498708593328973,2367.4908667023165,2.5377073e-03,820824,1178.14117,1562.41276,1.4768108e+05,4.2065559e+01,3.1548982e+03,8.3930874e+00,1.5300878e+05,4.3637245e+01,0,nan,nan,nan,nan,1178.14117,2.7013637e-04,1562.41276,2.5490212e-04,8.8735385e-04,-9.1548577e-02
0.4582556122413802,1.0003059402131584,0.0002851759061374507,2367.4922556122265,2.5377290e-03,820825,1178.14059,1562.41159,1.4788125e+05,4.2093464e+01,3.1583958e+03,8.3898363e+00,1.5316705e+05,4.3666191e+01,0,nan,nan,nan,nan,1178.14059,2.6972740e-04,1562.41159,2.5478678e-04,2.3483137e-04,-9.2355333e-02
0.45964452191764765,0.9997079261760544,0.0002850519504861518,2367.4936445219028,2.5377504e-03,820826,1178.13174,1562.41257,1.4772495e+05,4.2075195e+01,3.1605271e+03,8.4012308e+00,1.5307559e+05,4.3647243e+01,0,nan,nan,nan,nan,1178.13174,2.6989711e-04,1562.41257,2.5497604e-04,-9.4678514e-03,-9.1314673e-02
0.4610334318281255,1.0002256352296852,0.00028506661797225377,2367.495033431813,2.5377721e-03,820827,1178.13959,1562.41361,1.4778197e+05,4.2077396e+01,3.1497373e+03,8.3857946e+00,1.5315498e+05,4.3649525e+01,0,nan,nan,nan,nan,1178.13959,2.6982228e-04,1562.41361,2.5494336e-04,-3.7954136e-04,-9.0026274e-02
0.46242234150577266,0.9996780027203478,0.0002849946023157736,2367.496422341491,2.5377935e-03,820828,1178.13591,1562.41241,1.4768855e+05,4.2066803e+01,3.1475044e+03,8.3899403e+00,1.5307127e+05,4.3638535e+01,0,nan,nan,nan,nan,1178.13591,2.7011207e-04,1562.41241,2.5505380e-04,-4.6962211e-03,-9.1811396e-02
0.4638112514148923,0.9998915427385976,0.0002851266387689785,2367.4978112514,2.5378151e-03,820829,1178.13905,1562.41241,1.4778198e+05,4.2086330e+01,3.1655159e+03,8.4043579e+00,1.5310409e+05,4.3658791e+01,0,nan,nan,nan,nan,1178.13905,2.6997278e-04,1562.41241,2.5490913e-04,-1.2193699e-03,-9.1767356e-02
0.4652001610916125,1.000004380811495,0.0002850718692399733,2367.4992001610767,2.5378366e-03,820830,1178.13838,1562.41155,1.4776150e+05,4.2078285e+01,3.1606987e+03,8.4038820e+00,1.5312152e+05,4.3650444e+01,0,nan,nan,nan,nan,1178.13838,2.7009117e-04,1562.41155,2.5493215e-04,-9.0751477e-04,-9.2507049e-02
0.46658907100209035,0.9999989926372984,0.00028508345358897876,2367.500589070987,2.5378582e-03,820831,1178.13631,1562.41851,1.4777244e+05,4.2080036e+01,3.1610989e+03,8.3946400e+00,1.5312083e+05,4.3652260e+01,0,nan,nan,nan,nan,1178.13631,2.6997790e-04,1562.41851,2.5496952e-04,-4.3742107e-03,-8.5400470e-02
0.46797798067837937,1.0001153006497003,0.00028509139311927304,2367.5019779806635,2.5378796e-03,820832,1178.13766,1562.40505,1.4779408e+05,4.2081242e+01,3.1613586e+03,8.3992357e+00,1.5313878e+05,4.3653515e+01,0,nan,nan,nan,nan,1178.13766,2.6992708e-04,1562.40505,2.5481483e-04,-2.7123473e-03,-9.8639891e-02
0.46936689058838293,0.9998726864348433,0.00028507551785251714,2367.5033668905735,2.5379013e-03,820833,1178.13708,1562.41583,1.4775153e+05,4.2078941e+01,3.1662224e+03,8.3929644e+00,1.5310178e+05,4.3651127e+01,0,nan,nan,nan,nan,1178.13708,2.6998654e-04,1562.41583,2.5492342e-04,-2.7440588e-03,-8.7846898e-02
0.4707558002655774,0.9996953800643261,0.0002851335637767526,2367.5047558002507,2.5379227e-03,820834,1178.13848,1562.41530,1.4778373e+05,4.2087547e+01,3.1686257e+03,8.4070711e+00,1.5307478e+05,4.3660057e+01,0,nan,nan,nan,nan,1178.13848,2.6997496e-04,1562.41530,2.5492604e-04,-1.4576636e-03,-8.8718645e-02
0.4721447101756025,1.000325259668446,0.00028515021534538477,2367.5061447101607,2.5379444e-03,820835,1178.13589,1562.40892,1.4779073e+05,4.2090054e+01,3.1697686e+03,8.4207401e+00,1.5317138e+05,4.3662651e+01,0,nan,nan,nan,nan,1178.13589,2.7008326e-04,1562.40892,2.5497569e-04,-4.5643481e-03,-9.5855333e-02
0.47353361985279696,0.999609650849194,0.0002850316081001913,2367.507533619838,2.5379658e-03,820836,1178.13748,1562.41182,1.4770752e+05,4.2072590e+01,3.1659358e+03,8.3954773e+00,1.5306197e+05,4.3644535e+01,0,nan,nan,nan,nan,1178.13748,2.7018835e-04,1562.41182,2.5499350e-04,-2.6700606e-03,-9.1553926e-02
0.47492252976189503,0.9994891440048997,0.00028504769407643535,2367.508922529747,2.5379874e-03,820837,1178.13554,1562.41388,1.4770302e+05,4.2075008e+01,3.1653652e+03,8.4093418e+00,1.5304367e+05,4.3647045e+01,0,nan,nan,nan,nan,1178.13554,2.7009076e-04,1562.41388,2.5501024e-04,-5.1146043e-03,-8.9858510e-02
0.47631143943908955,0.9998299185404435,0.00028512320672955207,2367.510311439424,2.5380088e-03,820838,1178.14045,1562.41200,1.4776255e+05,4.2086197e+01,3.1626997e+03,8.4294405e+00,1.5309602e+05,4.3658653e+01,0,nan,nan,nan,nan,1178.14045,2.7014740e-04,1562.41200,2.5490148e-04,9.7916512e-05,-9.1886789e-02
0.47770034934956734,0.99985796984566,0.0002850744046611061,2367.5117003493347,2.5380305e-03,820839,1178.14053,1562.41303,1.4775842e+05,4.2079041e+01,3.1521445e+03,8.3943758e+00,1.5310048e+05,4.3651230e+01,0,nan,nan,nan,nan,1178.14053,2.7013640e-04,1562.41303,2.5496594e-04,-2.4496822e-04,-9.1041282e-02
0.4790892590262875,0.9996256345546786,0.0002850378499215743,2367.5130892590114,2.5380519e-03,820840,1178.13630,1562.40961,1.4773127e+05,4.2073692e+01,3.1542886e+03,8.3928862e+00,1.5306508e+05,4.3645679e+01,0,nan,nan,nan,nan,1178.13630,2.7001215e-04,1562.40961,2.5494437e-04,-3.8732523e-03,-9.4551176e-02
0.48047816893585993,0.9991642077142057,0.00028497980967718596,2367.514478168921,2.5380736e-03,820841,1178.14202,1562.41355,1.4765183e+05,4.2065174e+01,3.1651238e+03,8.4000807e+00,1.5299459e+05,4.3636845e+01,0,nan,nan,nan,nan,1178.14202,2.7022537e-04,1562.41355,2.5500383e-04,2.3609323e-03,-9.0346076e-02
0.48186707861350714,0.9997151911791049,0.000285026629437221,2367.5158670785986,2.5380950e-03,820842,1178.13584,1562.41224,1.4772523e+05,4.2072132e+01,3.1597163e+03,8.3902760e+00,1.5307914e+05,4.3644062e+01,0,nan,nan,nan,nan,1178.13584,2.7024955e-04,1562.41224,2.5498075e-04,-4.2047948e-03,-9.1411293e-02
0.48325598828977456,0.9999941056270206,0.0002850826113877856,2367.517255988275,2.5381164e-03,820843,1178.13414,1562.41003,1.4778536e+05,4.2080444e+01,3.1489475e+03,8.3971157e+00,1.5312203e+05,4.3652687e+01,0,nan,nan,nan,nan,1178.13414,2.6990622e-04,1562.41003,2.5486795e-04,-6.3553341e-03,-9.4563872e-02
0.484644898199347,1.0000815412033532,0.0002851405084278774,2367.5186448981844,2.5381381e-03,820844,1178.13956,1562.41327,1.4782975e+05,4.2089039e+01,3.1612251e+03,8.3987551e+00,1.5313561e+05,4.3661602e+01,0,nan,nan,nan,nan,1178.13956,2.6996128e-04,1562.41327,2.5482182e-04,-5.4349686e-04,-9.0348944e-02
0.48603380787699413,1.0002494860407263,0.0002851161489274767,2367.520033807862,2.5381595e-03,820845,1178.13737,1562.41423,1.4779603e+05,4.2085499e+01,3.1685955e+03,8.4023066e+00,1.5316152e+05,4.3657928e+01,0,nan,nan,nan,nan,1178.13737,2.7011620e-04,1562.41423,2.5486984e-04,-3.1709429e-03,-8.9865074e-02
0.48742271778701923,1.0000272832645323,0.00028506882014115,2367.521422717772,2.5381811e-03,820846,1178.14005,1562.40583,1.4777700e+05,4.2078564e+01,3.1639573e+03,8.3952751e+00,1.5312767e+05,4.3650734e+01,0,nan,nan,nan,nan,1178.14005,2.6999044e-04,1562.40583,2.5475034e-04,-1.5503344e-04,-9.7943939e-02
0.48881162746373946,0.9994834826749354,0.0002850673263559718,2367.522811627449,2.5382026e-03,820847,1178.13325,1562.41811,1.4768388e+05,4.2078396e+01,3.1754336e+03,8.4238949e+00,1.5304459e+05,4.3650562e+01,0,nan,nan,nan,nan,1178.13325,2.7004525e-04,1562.41811,2.5500267e-04,-7.5855711e-03,-8.5797206e-02
0.4902005373733118,1.0002552477820212,0.00028517555278373256,2367.5242005373584,2.5382242e-03,820848,1178.13776,1562.41319,1.4785878e+05,4.2094421e+01,3.1587415e+03,8.4143963e+00,1.5316297e+05,4.3667187e+01,0,nan,nan,nan,nan,1178.13776,2.6972976e-04,1562.41319,2.5468649e-04,-2.8625471e-03,-9.0335488e-02
0.4915894470505063,1.0000843114996973,0.0002851542570608688,2367.5255894470356,2.5382456e-03,820849,1178.14039,1562.40972,1.4782233e+05,4.2091331e+01,3.1585908e+03,8.4212503e+00,1.5313700e+05,4.3663982e+01,0,nan,nan,nan,nan,1178.14039,2.6993809e-04,1562.40972,2.5482196e-04,1.0201992e-04,-9.4681196e-02
0.4929783567276792,1.0000895552661808,0.000285116628505889,2367.526978356713,2.5382671e-03,820850,1178.13866,1562.41189,1.4777738e+05,4.2085835e+01,3.1653765e+03,8.4134607e+00,1.5313800e+05,4.3658279e+01,0,nan,nan,nan,nan,1178.13866,2.7004135e-04,1562.41189,2.5487086e-04,-1.7351981e-03,-9.1473803e-02
0.49436726663679886,1.0002025504036642,0.00028511357159071723,2367.528367266622,2.5382887e-03,820851,1178.13765,1562.41266,1.4780562e+05,4.2085442e+01,3.1678047e+03,8.3983355e+00,1.5315550e+05,4.3657867e+01,0,nan,nan,nan,nan,1178.13765,2.6989402e-04,1562.41266,2.5488369e-04,-2.9086585e-03,-9.1121599e-02
0.4957561763139933,1.0004695515822974,0.0002851707857998759,2367.529756176299,2.5383101e-03,820852,1178.13607,1562.41564,1.4787423e+05,4.2093945e+01,3.1602388e+03,8.3929443e+00,1.5319659e+05,4.3666687e+01,0,nan,nan,nan,nan,1178.13607,2.6979001e-04,1562.41564,2.5486460e-04,-5.0900471e-03,-8.7998286e-02
0.4971450862244711,1.0002896062901248,0.00028510895685615617,2367.5311450862096,2.5383318e-03,820853,1178.13922,1562.40980,1.4779045e+05,4.2084873e+01,3.1666450e+03,8.4010086e+00,1.5316925e+05,4.3657280e+01,0,nan,nan,nan,nan,1178.13922,2.6994571e-04,1562.40980,2.5489499e-04,-1.0510788e-03,-9.4248042e-02
0.49853399590119135,0.9998411783140385,0.0002850529735453743,2367.5325339958863,2.5383532e-03,820854,1178.13592,1562.41309,1.4776108e+05,4.2076668e+01,3.1598298e+03,8.3942976e+00,1.5310080e+05,4.3648769e+01,0,nan,nan,nan,nan,1178.13592,2.6995040e-04,1562.41309,2.5486143e-04,-4.6772985e-03,-9.0365455e-02
0.49992290557793306,1.0003157990658078,0.00028513438893280413,2367.533922905563,2.5383746e-03,820855,1178.13764,1562.41350,1.4779892e+05,4.2088749e+01,3.1721965e+03,8.4121656e+00,1.5317369e+05,4.3661297e+01,0,nan,nan,nan,nan,1178.13764,2.7019341e-04,1562.41350,2.5491792e-04,-2.3340990e-03,-9.0586975e-02
0.5013118154884109,1.0004704372518791,0.0002851223158297462,2367.5353118154735,2.5383963e-03,820856,1178.13830,1562.40957,1.4782644e+05,4.2087025e+01,3.1585723e+03,8.3980618e+00,1.5319758e+05,4.3659512e+01,0,nan,nan,nan,nan,1178.13830,2.7003835e-04,1562.40957,2.5469821e-04,-2.6864500e-03,-9.4383754e-02
0.5027007251656054,0.9994505217109272,0.0002850071211676299,2367.5367007251507,2.5384177e-03,820857,1178.13720,1562.41295,1.4767120e+05,4.2070084e+01,3.1583479e+03,8.4013386e+00,1.5304162e+05,4.3641933e+01,0,nan,nan,nan,nan,1178.13720,2.7016460e-04,1562.41295,2.5518518e-04,-3.6336260e-03,-9.0949103e-02
0.5040896350747035,1.0000456802413837,0.00028516533059880396,2367.53808963506,2.5384394e-03,820858,1178.14038,1562.41294,1.4782589e+05,4.2093494e+01,3.1725247e+03,8.4146490e+00,1.5313298e+05,4.3666222e+01,0,nan,nan,nan,nan,1178.14038,2.6997019e-04,1562.41294,2.5490395e-04,3.0296756e-04,-9.1284759e-02
0.5054785447518979,1.0003193685937604,0.0002851250141247146,2367.539478544737,2.5384608e-03,820859,1178.13526,1562.41282,1.4779112e+05,4.2087601e+01,3.1754165e+03,8.4100513e+00,1.5317511e+05,4.3660110e+01,0,nan,nan,nan,nan,1178.13526,2.6999228e-04,1562.41282,2.5483264e-04,-5.3616506e-03,-9.1058366e-02
0.5068674544290924,1.000383111273164,0.0002850479060629169,2367.540867454414,2.5384822e-03,820860,1178.14208,1562.41222,1.4776406e+05,4.2076279e+01,3.1533171e+03,8.3930550e+00,1.5318509e+05,4.3648369e+01,0,nan,nan,nan,nan,1178.14208,2.7036696e-04,1562.41222,2.5496518e-04,1.9453160e-03,-9.1476128e-02
0.5082563643386433,1.0001871985393653,0.00028509757337024993,2367.5422563643237,2.5385038e-03,820861,1178.13671,1562.41248,1.4779538e+05,4.2083672e+01,3.1617461e+03,8.3967285e+00,1.5315531e+05,4.3656036e+01,0,nan,nan,nan,nan,1178.13671,2.7000639e-04,1562.41248,2.5485863e-04,-3.5070728e-03,-9.1086343e-02
0.509645274015385,0.9999048462524953,0.00028512572903470446,2367.5436452740005,2.5385253e-03,820862,1178.13679,1562.41200,1.4781339e+05,4.2087894e+01,3.1697390e+03,8.4026613e+00,1.5311231e+05,4.3660416e+01,0,nan,nan,nan,nan,1178.13679,2.6986984e-04,1562.41200,2.5489368e-04,-3.4991079e-03,-9.1996223e-02
0.5110341836925794,0.9997912865680539,0.00028503126499408016,2367.5450341836777,2.5385467e-03,820863,1178.13857,1562.41305,1.4772108e+05,4.2074013e+01,3.1593625e+03,8.3949919e+00,1.5309516e+05,4.3646015e+01,0,nan,nan,nan,nan,1178.13857,2.7034004e-04,1562.41305,2.5506460e-04,-1.6055098e-03,-9.1100454e-02
0.512423093602583,1.0003010709380402,0.0002851567390225895,2367.5464230935877,2.5385683e-03,820864,1178.13239,1562.41521,1.4783364e+05,4.2092602e+01,3.1536978e+03,8.4014473e+00,1.5317344e+05,4.3665295e+01,0,nan,nan,nan,nan,1178.13239,2.7026719e-04,1562.41521,2.5473189e-04,-7.8944061e-03,-8.9017272e-02
0.5138120032779665,1.0000883068088224,0.0002851215254654457,2367.547812003263,2.5385898e-03,820865,1178.14233,1562.41035,1.4779367e+05,4.2087463e+01,3.1818882e+03,8.4093361e+00,1.5314109e+05,4.3659969e+01,0,nan,nan,nan,nan,1178.14233,2.7002807e-04,1562.41035,2.5505744e-04,1.7923580e-03,-9.3982875e-02
0.515200912955161,0.9996185753225162,0.00028502070853913896,2367.5492009129403,2.5386112e-03,820866,1178.13567,1562.41155,1.4767480e+05,4.2072647e+01,3.1694822e+03,8.4138994e+00,1.5306941e+05,4.3644596e+01,0,nan,nan,nan,nan,1178.13567,2.7008142e-04,1562.41155,2.5507653e-04,-4.9412227e-03,-9.2620604e-02
0.5165898228651646,0.9999290690066713,0.0002850732681196717,2367.5505898228503,2.5386328e-03,820867,1178.13483,1562.41453,1.4771991e+05,4.2080471e+01,3.1696704e+03,8.4081249e+00,1.5311719e+05,4.3652714e+01,0,nan,nan,nan,nan,1178.13483,2.7003759e-04,1562.41453,2.5522985e-04,-6.0695857e-03,-8.9577422e-02
0.5179787325419063,0.9996529197934753,0.00028506770438592254,2367.551978732527,2.5386543e-03,820868,1178.13416,1562.41188,1.4768366e+05,4.2079716e+01,3.1804570e+03,8.4338751e+00,1.5307514e+05,4.3651928e+01,0,nan,nan,nan,nan,1178.13416,2.7022249e-04,1562.41188,2.5509545e-04,-6.0912897e-03,-9.2403077e-02
0.5193676422186481,1.0003343787163748,0.00028512299506884727,2367.5533676422037,2.5386757e-03,820869,1178.13816,1562.41048,1.4783456e+05,4.2087944e+01,3.1600261e+03,8.3921423e+00,1.5317973e+05,4.3660465e+01,0,nan,nan,nan,nan,1178.13816,2.6991416e-04,1562.41048,2.5482653e-04,-2.3879081e-03,-9.3611792e-02
0.5207565521286516,1.0001268208377607,0.0002850942022489041,2367.5547565521138,2.5386973e-03,820870,1178.13465,1562.41421,1.4775289e+05,4.2083755e+01,3.1665447e+03,8.4070864e+00,1.5314819e+05,4.3656120e+01,0,nan,nan,nan,nan,1178.13465,2.7018227e-04,1562.41421,2.5512578e-04,-5.5845808e-03,-8.9536175e-02
0.5221454618062988,0.9995441641707504,0.00028505024464719136,2367.5561454617914,2.5387187e-03,820871,1178.14009,1562.41065,1.4773405e+05,4.2077335e+01,3.1731484e+03,8.4029045e+00,1.5305920e+05,4.3649460e+01,0,nan,nan,nan,nan,1178.14009,2.7020779e-04,1562.41065,2.5502700e-04,-3.5571004e-04,-9.3689226e-02
0.5235343714830405,1.0002514704427556,0.0002850948488120535,2367.557534371468,2.5387402e-03,820872,1178.14068,1562.41013,1.4779161e+05,4.2083984e+01,3.1707800e+03,8.4030428e+00,1.5316775e+05,4.3656357e+01,0,nan,nan,nan,nan,1178.14068,2.6999574e-04,1562.41013,2.5509277e-04,7.6022715e-04,-9.3941160e-02
0.524923281159308,1.0004452756523263,0.0002851341837410991,2367.5589232811444,2.5387616e-03,820873,1178.13681,1562.41447,1.4783066e+05,4.2089855e+01,3.1576484e+03,8.3936329e+00,1.5319767e+05,4.3662449e+01,0,nan,nan,nan,nan,1178.13681,2.7011498e-04,1562.41447,2.5494304e-04,-3.5798310e-03,-8.9242823e-02
0.5263121910697859,0.9999064765550705,0.00028501222420973944,2367.560312191055,2.5387832e-03,820874,1178.14469,1562.41040,1.4768681e+05,4.2071922e+01,3.1708806e+03,8.4048586e+00,1.5311541e+05,4.3643845e+01,0,nan,nan,nan,nan,1178.14469,2.7046990e-04,1562.41040,2.5511716e-04,4.1757780e-03,-9.4337732e-02
0.527701100747433,0.9991740807842953,0.0002849320571961964,2367.5617011007325,2.5388047e-03,820875,1178.13023,1562.41215,1.4759030e+05,4.2060154e+01,3.1680103e+03,8.4195061e+00,1.5300350e+05,4.3631638e+01,0,nan,nan,nan,nan,1178.13023,2.7039208e-04,1562.41215,2.5520290e-04,-1.0999307e-02,-9.1964670e-02
0.529090010423722,0.9995820959511293,0.00028504394516828176,2367.563090010409,2.5388261e-03,820876,1178.14135,1562.41323,1.4770598e+05,4.2076736e+01,3.1762834e+03,8.4154377e+00,1.5306622e+05,4.3648838e+01,0,nan,nan,nan,nan,1178.14135,2.7027109e-04,1562.41323,2.5506210e-04,1.3234075e-03,-9.0730630e-02
0.5304789203337256,1.0000137117309171,0.00028512201393432127,2367.564478920319,2.5388477e-03,820877,1178.13988,1562.41293,1.4780839e+05,4.2088326e+01,3.1746133e+03,8.4030828e+00,1.5313256e+05,4.3660862e+01,0,nan,nan,nan,nan,1178.13988,2.7009597e-04,1562.41293,2.5490418e-04,1.1842199e-04,-9.0864897e-02
0.5318678300109201,0.9998464821635901,0.0002851293896142226,2367.565867829996,2.5388692e-03,820878,1178.14042,1562.41351,1.4779780e+05,4.2089485e+01,3.1712168e+03,8.4181757e+00,1.5310719e+05,4.3662064e+01,0,nan,nan,nan,nan,1178.14042,2.7001981e-04,1562.41351,2.5495133e-04,3.2939165e-04,-9.0450145e-02
0.533256739687209,0.9999200540168328,0.00028514730084656074,2367.5672567396723,2.5388906e-03,820879,1178.13607,1562.40985,1.4781167e+05,4.2092190e+01,3.1749688e+03,8.4202843e+00,1.5311870e+05,4.3664875e+01,0,nan,nan,nan,nan,1178.13607,2.6981434e-04,1562.40985,2.5483847e-04,-4.4245720e-03,-9.4054490e-02
0.5346456493644035,0.999979679464155,0.000285133984275826,2367.5686456493495,2.5389120e-03,820880,1178.13393,1562.41168,1.4779731e+05,4.2090298e+01,3.1819622e+03,8.4151630e+00,1.5312808e+05,4.3662907e+01,0,nan,nan,nan,nan,1178.13393,2.6994967e-04,1562.41168,2.5494932e-04,-6.6580786e-03,-9.2305005e-02
0.5360345592744071,1.0003822677235366,0.00028522084249690057,2367.5700345592595,2.5389337e-03,820881,1178.13809,1562.41551,1.4786712e+05,4.2103184e+01,3.1807188e+03,8.4223690e+00,1.5318997e+05,4.3676273e+01,0,nan,nan,nan,nan,1178.13809,2.6997062e-04,1562.41551,2.5487004e-04,-2.5209261e-03,-8.8866159e-02
0.5374234689516015,1.0002269062791502,0.00028515601421351486,2367.5714234689367,2.5389551e-03,820882,1178.13683,1562.41491,1.4782183e+05,4.2093678e+01,3.1776194e+03,8.4173059e+00,1.5316642e+05,4.3666416e+01,0,nan,nan,nan,nan,1178.13683,2.6997170e-04,1562.41491,2.5505220e-04,-3.1482507e-03,-8.8921271e-02
0.5388123786287959,0.9989524295909178,0.0002848935752701849,2367.572812378614,2.5389765e-03,820883,1178.14132,1562.40957,1.4749969e+05,4.2055004e+01,3.1867046e+03,8.4324608e+00,1.5297150e+05,4.3626297e+01,0,nan,nan,nan,nan,1178.14132,2.7079365e-04,1562.40957,2.5540803e-04,1.1313168e-03,-9.4424859e-02
0.5402012883050635,0.9996385041482315,0.0002850286901272879,2367.57420128829,2.5389979e-03,820884,1178.13932,1562.40892,1.4766889e+05,4.2075020e+01,3.1875815e+03,8.4143915e+00,1.5307680e+05,4.3647057e+01,0,nan,nan,nan,nan,1178.13932,2.7053230e-04,1562.40892,2.5516350e-04,-1.2124513e-03,-9.5405497e-02
0.5415901979827107,0.999619293634327,0.0002850987312526877,2367.575590197968,2.5390193e-03,820885,1178.13345,1562.41570,1.4775181e+05,4.2085426e+01,3.1841521e+03,8.4234543e+00,1.5307409e+05,4.3657852e+01,0,nan,nan,nan,nan,1178.13345,2.6999536e-04,1562.41570,2.5507141e-04,-7.0345257e-03,-8.7608956e-02
0.542979107892283,0.9994472071186046,0.0002850152253644454,2367.5769791078774,2.5390410e-03,820886,1178.14513,1562.41417,1.4763541e+05,4.2073166e+01,3.1958540e+03,8.4274893e+00,1.5304798e+05,4.3645134e+01,0,nan,nan,nan,nan,1178.14513,2.7050049e-04,1562.41417,2.5519193e-04,5.2021509e-03,-8.9556649e-02
0.5443680175685505,0.999845652257384,0.0002850964169746655,2367.5783680175537,2.5390624e-03,820887,1178.13127,1562.41444,1.4775533e+05,4.2085213e+01,3.1790227e+03,8.4193459e+00,1.5310923e+05,4.3657631e+01,0,nan,nan,nan,nan,1178.13127,2.7018023e-04,1562.41444,2.5506597e-04,-9.9358987e-03,-8.9335836e-02
0.5457569272461977,1.0005721613447536,0.0002851910856083097,2367.5797569272313,2.5390838e-03,820888,1178.13786,1562.40762,1.4783008e+05,4.2099255e+01,3.1950188e+03,8.4298344e+00,1.5322073e+05,4.3672199e+01,0,nan,nan,nan,nan,1178.13786,2.7009138e-04,1562.40762,2.5499047e-04,-2.1675269e-03,-9.6870974e-02
0.5471458369238449,1.0005235387947364,0.00028523398232649816,2367.581145836909,2.5391052e-03,820889,1178.14302,1562.41301,1.4786580e+05,4.2105652e+01,3.1974973e+03,8.4235563e+00,1.5321352e+05,4.3678833e+01,0,nan,nan,nan,nan,1178.14302,2.6998701e-04,1562.41301,2.5491414e-04,3.5674998e-03,-9.1151468e-02
0.5485347466001339,1.0007498167389919,0.00028526218498043846,2367.582534746585,2.5391267e-03,820890,1178.13130,1562.41258,1.4793056e+05,4.2109879e+01,3.1846384e+03,8.4244928e+00,1.5324841e+05,4.3683220e+01,0,nan,nan,nan,nan,1178.13130,2.6980933e-04,1562.41258,2.5491530e-04,-9.9633103e-03,-9.1563024e-02
0.5499236565101374,0.999467911902371,0.00028507270035880354,2367.5839236564952,2.5391483e-03,820891,1178.14483,1562.41196,1.4769255e+05,4.2081966e+01,3.1978997e+03,8.4382629e+00,1.5305233e+05,4.3654266e+01,0,nan,nan,nan,nan,1178.14483,2.6999880e-04,1562.41196,2.5512971e-04,5.0134305e-03,-9.1873758e-02
0.5513125661873319,0.9996297851463426,0.00028504252975804055,2367.5853125661724,2.5391697e-03,820892,1178.13210,1562.41723,1.4767086e+05,4.2077579e+01,3.1908140e+03,8.4240761e+00,1.5307734e+05,4.3649712e+01,0,nan,nan,nan,nan,1178.13210,2.7025517e-04,1562.41723,2.5503818e-04,-8.2509117e-03,-8.6494826e-02
0.5527014758645263,0.9999198777954948,0.00028504033122843847,2367.5867014758496,2.5391912e-03,820893,1178.14182,1562.41064,1.4771667e+05,4.2077316e+01,3.1787656e+03,8.4083948e+00,1.5312200e+05,4.3649441e+01,0,nan,nan,nan,nan,1178.14182,2.7031425e-04,1562.41064,2.5513489e-04,2.0045263e-03,-9.3763940e-02
0.5540903855412681,1.0009156216540418,0.0002852484054994297,2367.5880903855264,2.5392126e-03,820894,1178.13850,1562.41522,1.4790072e+05,4.2108097e+01,3.1816604e+03,8.4286757e+00,1.5327470e+05,4.3681370e+01,0,nan,nan,nan,nan,1178.13850,2.6977833e-04,1562.41522,2.5520916e-04,-1.5625216e-03,-8.8014178e-02
0.5554792952179883,1.0002692668368494,0.0002851351884031256,2367.589479295203,2.5392340e-03,820895,1178.13281,1562.40747,1.4777375e+05,4.2091446e+01,3.1943997e+03,8.4262285e+00,1.5317595e+05,4.3664097e+01,0,nan,nan,nan,nan,1178.13281,2.7012819e-04,1562.40747,2.5525346e-04,-7.9250084e-03,-9.6817791e-02
0.5568682048951827,0.9995643423245031,0.00028500626117605857,2367.5908682048803,2.5392554e-03,820896,1178.13821,1562.41232,1.4764572e+05,4.2072472e+01,3.1873486e+03,8.4259720e+00,1.5306822e+05,4.3644417e+01,0,nan,nan,nan,nan,1178.13821,2.7019935e-04,1562.41232,2.5543082e-04,-2.3936448e-03,-9.1426015e-02
0.5582571148052078,1.0000885609074583,0.000285069330683437,2367.5922571147903,2.5392771e-03,820897,1178.13861,1562.41556,1.4772411e+05,4.2081841e+01,3.1836604e+03,8.4161844e+00,1.5314872e+05,4.3654137e+01,0,nan,nan,nan,nan,1178.13861,2.7007729e-04,1562.41556,2.5521300e-04,-1.8156285e-03,-8.8270001e-02
0.5596460244814754,0.9995040746056579,0.0002850533918621502,2367.5936460244666,2.5392985e-03,820898,1178.13849,1562.41356,1.4770709e+05,4.2079552e+01,3.1872856e+03,8.4221525e+00,1.5305942e+05,4.3651756e+01,0,nan,nan,nan,nan,1178.13849,2.7039376e-04,1562.41356,2.5505730e-04,-1.9443097e-03,-9.0709716e-02
0.5610349341591225,0.999239079710458,0.0002849783225355461,2367.595034934144,2.5393199e-03,820899,1178.14117,1562.41092,1.4759434e+05,4.2068527e+01,3.2012979e+03,8.4343243e+00,1.5301905e+05,4.3640320e+01,0,nan,nan,nan,nan,1178.14117,2.7031390e-04,1562.41092,2.5517691e-04,1.0507994e-03,-9.3008116e-02
0.5624238438363169,1.0005915338040654,0.0002852559839897929,2367.5964238438214,2.5393413e-03,820900,1178.13745,1562.40903,1.4793728e+05,4.2109566e+01,3.1809114e+03,8.4172440e+00,1.5322638e+05,4.3682896e+01,0,nan,nan,nan,nan,1178.13745,2.6963715e-04,1562.40903,2.5477441e-04,-2.9946414e-03,-9.5709868e-02
0.5638127535130372,1.000189559560352,0.00028521788823354313,2367.597812753498,2.5393628e-03,820901,1178.13647,1562.41764,1.4783830e+05,4.2104000e+01,3.2038857e+03,8.4422045e+00,1.5316502e+05,4.3677124e+01,0,nan,nan,nan,nan,1178.13647,2.7010372e-04,1562.41764,2.5496556e-04,-3.7853951e-03,-8.6378083e-02
0.5652016631897789,0.9999574776138123,0.00028517048698252414,2367.599201663175,2.5393842e-03,820902,1178.14005,1562.41153,1.4779878e+05,4.2097061e+01,3.1977808e+03,8.4312019e+00,1.5312967e+05,4.3669918e+01,0,nan,nan,nan,nan,1178.14005,2.7017237e-04,1562.41153,2.5494429e-04,-9.4687675e-05,-9.2723690e-02
0.5665905728674261,1.0000203336063516,0.00028515286535746906,2367.6005905728525,2.5394056e-03,820903,1178.14155,1562.41225,1.4779203e+05,4.2094513e+01,3.1916521e+03,8.4372835e+00,1.5313948e+05,4.3667278e+01,0,nan,nan,nan,nan,1178.14155,2.6988919e-04,1562.41225,2.5497435e-04,1.7551671e-03,-9.1724031e-02
0.5679794825437151,1.0007588648301087,0.0002852220354280156,2367.601979482529,2.5394270e-03,820904,1178.13166,1562.41233,1.4786516e+05,4.2104774e+01,3.1956272e+03,8.4311914e+00,1.5325278e+05,4.3677925e+01,0,nan,nan,nan,nan,1178.13166,2.7003678e-04,1562.41233,2.5483494e-04,-9.4287172e-03,-9.1575094e-02
0.5693683924537187,1.0007446524050432,0.00028523329982526886,2367.603368392439,2.5394487e-03,820905,1178.14108,1562.41319,1.4792650e+05,4.2106487e+01,3.1750938e+03,8.4169111e+00,1.5325080e+05,4.3679703e+01,0,nan,nan,nan,nan,1178.14108,2.6979734e-04,1562.41319,2.5486268e-04,1.3954213e-03,-9.0415515e-02
0.5707573021309131,0.9995842095859416,0.0002851041537804362,2367.604757302116,2.5394701e-03,820906,1178.13854,1562.41044,1.4773161e+05,4.2087471e+01,3.2048904e+03,8.4368029e+00,1.5307327e+05,4.3659977e+01,0,nan,nan,nan,nan,1178.13854,2.7005433e-04,1562.41044,2.5505599e-04,-2.0699899e-03,-9.3829304e-02
0.5721462118081075,0.9998712887803244,0.0002851974177500844,2367.606146211793,2.5394915e-03,820907,1178.13828,1562.41146,1.4782195e+05,4.2101284e+01,3.1935132e+03,8.4281521e+00,1.5311741e+05,4.3674309e+01,0,nan,nan,nan,nan,1178.13828,2.6990508e-04,1562.41146,2.5494330e-04,-1.9898340e-03,-9.2416450e-02
0.5735351214848278,1.0000195292645158,0.0002851988731836992,2367.60753512147,2.5395129e-03,820908,1178.13877,1562.41496,1.4782589e+05,4.2101547e+01,3.2026812e+03,8.4371920e+00,1.5314028e+05,4.3674580e+01,0,nan,nan,nan,nan,1178.13877,2.7001897e-04,1562.41496,2.5483526e-04,-1.5601770e-03,-8.9018784e-02
0.5749240311615695,0.9998724788776577,0.0002851474888351824,2367.6089240311467,2.5395344e-03,820909,1178.14001,1562.40833,1.4779853e+05,4.2094009e+01,3.1879905e+03,8.4286394e+00,1.5311792e+05,4.3666759e+01,0,nan,nan,nan,nan,1178.14001,2.7004824e-04,1562.40833,2.5491015e-04,-1.0091041e-03,-9.6057385e-02
0.5763129408387639,1.0000611412725824,0.00028513840072158194,2367.610312940824,2.5395558e-03,820910,1178.13979,1562.41482,1.4778494e+05,4.2092716e+01,3.1930288e+03,8.4278145e+00,1.5314698e+05,4.3665413e+01,0,nan,nan,nan,nan,1178.13979,2.7016774e-04,1562.41482,2.5491268e-04,-9.5494099e-05,-8.8484570e-02
0.5777018505164111,0.9994469504396875,0.0002850941389019858,2367.6117018505015,2.5395772e-03,820911,1178.13317,1562.41145,1.4772292e+05,4.2086220e+01,3.1958398e+03,8.4346466e+00,1.5305308e+05,4.3658680e+01,0,nan,nan,nan,nan,1178.13317,2.7030945e-04,1562.41145,2.5507249e-04,-7.5518982e-03,-9.3272179e-02
0.5790907601931313,0.9999862068147385,0.0002851197921207569,2367.6130907601782,2.5395986e-03,820912,1178.13751,1562.41244,1.4777986e+05,4.2090054e+01,3.1864419e+03,8.4204464e+00,1.5313581e+05,4.3662651e+01,0,nan,nan,nan,nan,1178.13751,2.7015863e-04,1562.41244,2.5508294e-04,-2.9767966e-03,-9.1443904e-02
0.5804796698698731,0.9998443199271309,0.000285114026715407,2367.614479669855,2.5396200e-03,820913,1178.13631,1562.41091,1.4773791e+05,4.2089237e+01,3.2070654e+03,8.4387236e+00,1.5311422e+05,4.3661808e+01,0,nan,nan,nan,nan,1178.13631,2.7025532e-04,1562.41091,2.5502525e-04,-3.6501051e-03,-9.3399443e-02
0.5818685795470675,1.0003955200847974,0.0002852361195163888,2367.615868579532,2.5396415e-03,820914,1178.13779,1562.41106,1.4785056e+05,4.2107300e+01,3.2049048e+03,8.4359846e+00,1.5319877e+05,4.3680546e+01,0,nan,nan,nan,nan,1178.13779,2.7001792e-04,1562.41106,2.5493419e-04,-2.5663660e-03,-9.2688143e-02
0.5832574892237877,0.9997506268325888,0.00028513774685184906,2367.617257489209,2.5396629e-03,820915,1178.13455,1562.41238,1.4776048e+05,4.2092812e+01,3.2072588e+03,8.4392672e+00,1.5310014e+05,4.3665516e+01,0,nan,nan,nan,nan,1178.13455,2.6990392e-04,1562.41238,2.5488847e-04,-6.1812522e-03,-9.1874734e-02
0.5846463989005295,0.999861404830652,0.0002851120847178262,2367.6186463988856,2.5396843e-03,820916,1178.13548,1562.41507,1.4775020e+05,4.2089062e+01,3.1902910e+03,8.4214010e+00,1.5311722e+05,4.3661621e+01,0,nan,nan,nan,nan,1178.13548,2.7031743e-04,1562.41507,2.5506804e-04,-4.4906209e-03,-8.9384690e-02
0.5860353085781767,1.00022982683604,0.00028515948264430814,2367.6200353085633,2.5397057e-03,820917,1178.14100,1562.41131,1.4780717e+05,4.2096088e+01,3.2006729e+03,8.4300156e+00,1.5317377e+05,4.3668911e+01,0,nan,nan,nan,nan,1178.14100,2.7005226e-04,1562.41131,2.5489641e-04,8.5049699e-04,-9.2722267e-02
0.5874242182553711,0.9995851389727968,0.000285097325286436,2367.6214242182405,2.5397271e-03,820918,1178.13718,1562.40499,1.4769831e+05,4.2086941e+01,3.2214443e+03,8.4464064e+00,1.5307514e+05,4.3659424e+01,0,nan,nan,nan,nan,1178.13718,2.7042167e-04,1562.40499,2.5509141e-04,-3.8231611e-03,-9.8816983e-02
0.5888131279316386,0.9998851802954855,0.00028519966765872164,2367.6228131279167,2.5397486e-03,820919,1178.13955,1562.41852,1.4779517e+05,4.2102074e+01,3.2096890e+03,8.4642706e+00,1.5312119e+05,4.3675125e+01,0,nan,nan,nan,nan,1178.13955,2.7002100e-04,1562.41852,2.5507668e-04,-4.4825082e-04,-8.5090265e-02
0.5902020378403054,0.9999136130335751,0.00028517947630678903,2367.6242020378254,2.5397702e-03,820920,1178.13821,1562.41251,1.4777144e+05,4.2099117e+01,3.2111780e+03,8.4576941e+00,1.5312562e+05,4.3672058e+01,0,nan,nan,nan,nan,1178.13821,2.7017837e-04,1562.41251,2.5506975e-04,-2.6458174e-03,-9.1608822e-02
0.5915909475174784,1.0006346643635384,0.00028524474429598843,2367.6255909475026,2.5397916e-03,820921,1178.13039,1562.41020,1.4788120e+05,4.2108780e+01,3.2062222e+03,8.4337311e+00,1.5323612e+05,4.3682079e+01,0,nan,nan,nan,nan,1178.13039,2.6997461e-04,1562.41020,2.5487575e-04,-1.0310129e-02,-9.3806721e-02
0.5929798571942202,1.0001759707630864,0.00028520310757313246,2367.6269798571793,2.5398131e-03,820922,1178.14544,1562.41425,1.4782869e+05,4.2102654e+01,3.2066299e+03,8.4424505e+00,1.5316595e+05,4.3675724e+01,0,nan,nan,nan,nan,1178.14544,2.7013259e-04,1562.41425,2.5489464e-04,5.7894466e-03,-8.9543924e-02
0.5943687668709619,1.0000645714117797,0.0002851713532268892,2367.628368766856,2.5398345e-03,820923,1178.13923,1562.41821,1.4779206e+05,4.2097984e+01,3.2098821e+03,8.4365301e+00,1.5314897e+05,4.3670879e+01,0,nan,nan,nan,nan,1178.13923,2.7016673e-04,1562.41821,2.5507761e-04,-7.2099437e-04,-8.5524857e-02
0.5957576765486091,1.0007392496970136,0.0002852863776363522,2367.6297576765337,2.5398559e-03,820924,1178.13864,1562.41227,1.4791758e+05,4.2114983e+01,3.2099309e+03,8.4415445e+00,1.5325234e+05,4.3688511e+01,0,nan,nan,nan,nan,1178.13864,2.6986902e-04,1562.41227,2.5476745e-04,-1.7514342e-03,-9.1742091e-02
0.597146586225782,1.0000219514527326,0.0002851565846590083,2367.631146586211,2.5398773e-03,820925,1178.14105,1562.41399,1.4778356e+05,4.2095833e+01,3.2017153e+03,8.4279118e+00,1.5314255e+05,4.3668644e+01,0,nan,nan,nan,nan,1178.14105,2.7019647e-04,1562.41399,2.5497688e-04,1.2123404e-03,-8.9820631e-02
0.5985354959025238,1.0005258210377617,0.0002852994376297284,2367.6325354958876,2.5398987e-03,820926,1178.13594,1562.41011,1.4792395e+05,4.2116928e+01,3.2161028e+03,8.4422522e+00,1.5321973e+05,4.3690533e+01,0,nan,nan,nan,nan,1178.13594,2.6986652e-04,1562.41011,2.5479094e-04,-4.8601283e-03,-9.4150901e-02
0.5999244055792654,1.0005236262261021,0.00028522648912833606,2367.6339244055644,2.5399202e-03,820927,1178.14299,1562.41485,1.4785241e+05,4.2106163e+01,3.2055803e+03,8.4339094e+00,1.5321944e+05,4.3679367e+01,0,nan,nan,nan,nan,1178.14299,2.7019158e-04,1562.41485,2.5497173e-04,3.1564613e-03,-8.9005597e-02
0.6013133152564384,1.0002081184828273,0.00028522739190392374,2367.6353133152415,2.5399416e-03,820928,1178.13619,1562.41306,1.4784941e+05,4.2106300e+01,3.2070334e+03,8.4392185e+00,1.5317112e+05,4.3679512e+01,0,nan,nan,nan,nan,1178.13619,2.6995403e-04,1562.41306,2.5483148e-04,-4.7310293e-03,-9.0783499e-02
0.6027022247008023,0.9998426164993066,0.0002851161266086571,2367.636702224686,2.5399628e-03,820929,1178.14008,1562.41464,1.4775023e+05,4.2089874e+01,3.1955032e+03,8.4285116e+00,1.5311516e+05,4.3662472e+01,0,nan,nan,nan,nan,1178.14008,2.7022546e-04,1562.41464,2.5522037e-04,-1.1761732e-04,-8.9203000e-02
0.6040911343779967,0.9998608974001603,0.0002851448916448541,2367.638091134363,2.5399842e-03,820930,1178.13212,1562.41445,1.4775236e+05,4.2094124e+01,3.2123833e+03,8.4389353e+00,1.5311795e+05,4.3666878e+01,0,nan,nan,nan,nan,1178.13212,2.7046056e-04,1562.41445,2.5492944e-04,-8.4713232e-03,-8.9822479e-02
0.6054800440542857,1.0003964692881786,0.0002851604074387028,2367.6394800440394,2.5400056e-03,820931,1178.14171,1562.40487,1.4782944e+05,4.2096409e+01,3.2078696e+03,8.4296427e+00,1.5319995e+05,4.3669247e+01,0,nan,nan,nan,nan,1178.14171,2.7003683e-04,1562.40487,2.5497816e-04,1.0065096e-03,-9.9623993e-02
0.6068689537319114,0.9999053734967431,0.0002851172172701179,2367.640868953717,2.5400270e-03,820932,1178.14123,1562.41640,1.4772727e+05,4.2090023e+01,3.2103469e+03,8.4424820e+00,1.5312472e+05,4.3662624e+01,0,nan,nan,nan,nan,1178.14123,2.7031117e-04,1562.41640,2.5497103e-04,1.1106741e-03,-8.8035122e-02
0.6082578634086531,0.9998049806247498,0.0002851706391077549,2367.6422578633938,2.5400484e-03,820933,1178.13379,1562.41585,1.4779441e+05,4.2097900e+01,3.2088879e+03,8.4395027e+00,1.5310930e+05,4.3670792e+01,0,nan,nan,nan,nan,1178.13379,2.6994629e-04,1562.41585,2.5498739e-04,-6.1184722e-03,-8.8413648e-02
0.6096467730853947,1.0002057336576635,0.00028522012619759375,2367.6436467730705,2.5400699e-03,820934,1178.14008,1562.41291,1.4782705e+05,4.2105186e+01,3.2076697e+03,8.4521170e+00,1.5317061e+05,4.3678356e+01,0,nan,nan,nan,nan,1178.14008,2.7008101e-04,1562.41291,2.5500575e-04,5.0648690e-05,-9.1118485e-02
0.6110356827625677,1.0005498300944198,0.0002852607900340208,2367.6450356827477,2.5400913e-03,820935,1178.13527,1562.40701,1.4787961e+05,4.2111176e+01,3.2113611e+03,8.4532118e+00,1.5322325e+05,4.3684566e+01,0,nan,nan,nan,nan,1178.13527,2.6989158e-04,1562.40701,2.5486058e-04,-5.7445238e-03,-9.7054228e-02
0.612424592440215,0.9998787095275286,0.00028520977773326426,2367.6464245924253,2.5401127e-03,820936,1178.14012,1562.41562,1.4781688e+05,4.2103626e+01,3.2088306e+03,8.4425297e+00,1.5312039e+05,4.3676731e+01,0,nan,nan,nan,nan,1178.14012,2.6999315e-04,1562.41562,2.5492045e-04,5.7239351e-05,-8.8356741e-02
0.6138135021165039,0.9996284590734031,0.00028517357422597986,2367.6478135021016,2.5401341e-03,820937,1178.13760,1562.41326,1.4773891e+05,4.2098251e+01,3.2207485e+03,8.4618950e+00,1.5308197e+05,4.3671158e+01,0,nan,nan,nan,nan,1178.13760,2.7021940e-04,1562.41326,2.5515381e-04,-2.9367395e-03,-9.1249876e-02
0.6152024117936984,0.9993704904795055,0.0002851273561074935,2367.649202411779,2.5401555e-03,820938,1178.13447,1562.41069,1.4767373e+05,4.2091404e+01,3.2272227e+03,8.4653740e+00,1.5304236e+05,4.3664051e+01,0,nan,nan,nan,nan,1178.13447,2.7030500e-04,1562.41069,2.5514053e-04,-6.5873573e-03,-9.2944339e-02
0.6165913214708714,0.999412288112576,0.00028505177110686616,2367.650591321456,2.5401770e-03,820939,1178.13873,1562.41432,1.4768655e+05,4.2080212e+01,3.2011912e+03,8.4296074e+00,1.5304864e+05,4.3652443e+01,0,nan,nan,nan,nan,1178.13873,2.7038369e-04,1562.41432,2.5512656e-04,-1.9232112e-03,-9.0021960e-02
0.617980231147613,0.9992823502448525,0.0002850294116515415,2367.6519802311327,2.5401984e-03,820940,1178.14404,1562.41440,1.4759991e+05,4.2076870e+01,3.2020852e+03,8.4621868e+00,1.5302861e+05,4.3648979e+01,0,nan,nan,nan,nan,1178.14404,2.7078771e-04,1562.41440,2.5522869e-04,3.9188424e-03,-8.9911141e-02
0.6193691408243548,1.0002578733629952,0.00028522723764581057,2367.6533691408094,2.5402198e-03,820941,1178.13175,1562.41396,1.4780509e+05,4.2106033e+01,3.2080039e+03,8.4646158e+00,1.5317784e+05,4.3679230e+01,0,nan,nan,nan,nan,1178.13175,2.7025532e-04,1562.41396,2.5499446e-04,-9.0664821e-03,-9.0132028e-02
0.6207580505015277,0.9999328786850498,0.0002852434074360612,2367.6547580504866,2.5402412e-03,820942,1178.13810,1562.41364,1.4779875e+05,4.2108376e+01,3.2293721e+03,8.4725657e+00,1.5312791e+05,4.3681660e+01,0,nan,nan,nan,nan,1178.13810,2.7032191e-04,1562.41364,2.5495791e-04,-2.1490119e-03,-8.9907072e-02
0.6221469601787222,0.9998965153342277,0.00028516092068251033,2367.656146960164,2.5402626e-03,820943,1178.13586,1562.41057,1.4777489e+05,4.2096146e+01,3.2111719e+03,8.4388914e+00,1.5312216e+05,4.3668976e+01,0,nan,nan,nan,nan,1178.13586,2.7015916e-04,1562.41057,2.5510660e-04,-4.8467894e-03,-9.3403794e-02
0.6235358696230859,0.9998310515631832,0.0002851492983989619,2367.657535869608,2.5402838e-03,820944,1178.14577,1562.41578,1.4773036e+05,4.2094379e+01,3.2175090e+03,8.4559231e+00,1.5311194e+05,4.3667141e+01,0,nan,nan,nan,nan,1178.14577,2.7048067e-04,1562.41578,2.5507802e-04,6.0256738e-03,-8.8436231e-02
0.6249247792993534,0.9999815115962748,0.00028510359866735564,2367.6589247792845,2.5403053e-03,820945,1178.13522,1562.41073,1.4772431e+05,4.2087574e+01,3.2085366e+03,8.4398336e+00,1.5313477e+05,4.3660080e+01,0,nan,nan,nan,nan,1178.13522,2.7037328e-04,1562.41073,2.5506443e-04,-4.9285544e-03,-9.3188167e-02
0.6263136889770007,1.0001109229465976,0.00028520347084825886,2367.660313688962,2.5403267e-03,820946,1178.13545,1562.41021,1.4781411e+05,4.2102253e+01,3.2181194e+03,8.4452429e+00,1.5315436e+05,4.3675308e+01,0,nan,nan,nan,nan,1178.13545,2.7017464e-04,1562.41021,2.5483806e-04,-5.0557302e-03,-9.3481220e-02
0.6277025986546478,0.999676495427864,0.0002851599877968528,2367.6617025986397,2.5403481e-03,820947,1178.14003,1562.41404,1.4773091e+05,4.2095764e+01,3.2312639e+03,8.4551220e+00,1.5308758e+05,4.3668579e+01,0,nan,nan,nan,nan,1178.14003,2.7053538e-04,1562.41404,2.5498163e-04,-3.5659288e-04,-8.9352772e-02
0.6290915083309367,1.000786583105614,0.0002852742725472247,2367.663091508316,2.5403695e-03,820948,1178.13750,1562.41041,1.4791009e+05,4.2112564e+01,3.2034133e+03,8.4403229e+00,1.5325731e+05,4.3686005e+01,0,nan,nan,nan,nan,1178.13750,2.6997502e-04,1562.41041,2.5495482e-04,-2.6262624e-03,-9.3045972e-02
0.6304804180076571,1.0003378444054103,0.0002852576881328094,2367.6644804179928,2.5403909e-03,820949,1178.13589,1562.41478,1.4784339e+05,4.2110039e+01,3.2199705e+03,8.4465141e+00,1.5318830e+05,4.3683384e+01,0,nan,nan,nan,nan,1178.13589,2.7006736e-04,1562.41478,2.5509525e-04,-4.5778281e-03,-8.8810831e-02
0.6318693276853042,1.0004753504418082,0.00028524107968012533,2367.6658693276704,2.5404124e-03,820950,1178.13967,1562.40847,1.4784739e+05,4.2107506e+01,3.2104570e+03,8.4554682e+00,1.5320906e+05,4.3680756e+01,0,nan,nan,nan,nan,1178.13967,2.7014624e-04,1562.40847,2.5501469e-04,-1.1502397e-04,-9.6164152e-02
0.6332582371287625,0.9997929136973727,0.000285105796589357,2367.667258237114,2.5404335e-03,820951,1178.13665,1562.41552,1.4769211e+05,4.2087444e+01,3.2150154e+03,8.4476910e+00,1.5310423e+05,4.3659946e+01,0,nan,nan,nan,nan,1178.13665,2.7036067e-04,1562.41552,2.5525418e-04,-3.6414785e-03,-8.7996356e-02
0.6346471468059355,1.000225400732617,0.0002852140799298303,2367.668647146791,2.5404550e-03,820952,1178.13742,1562.41347,1.4779623e+05,4.2103329e+01,3.2287766e+03,8.4537840e+00,1.5317012e+05,4.3676430e+01,0,nan,nan,nan,nan,1178.13742,2.7025302e-04,1562.41347,2.5500279e-04,-3.0367537e-03,-9.0493605e-02
0.63603605648313,1.000443389683117,0.0002852639911296754,2367.6700360564682,2.5404764e-03,820953,1178.14153,1562.41145,1.4785994e+05,4.2110603e+01,3.2004373e+03,8.4545498e+00,1.5320314e+05,4.3683971e+01,0,nan,nan,nan,nan,1178.14153,2.7020674e-04,1562.41145,2.5505185e-04,1.3652847e-03,-9.2452027e-02
0.6374249661603244,1.0012867419011895,0.00028537095239614476,2367.6714249661454,2.5404978e-03,820954,1178.14128,1562.41266,1.4800378e+05,4.2126289e+01,3.2172351e+03,8.4408855e+00,1.5333191e+05,4.3700241e+01,0,nan,nan,nan,nan,1178.14128,2.6981506e-04,1562.41266,2.5480954e-04,1.7956359e-03,-9.1159910e-02
0.6388138758375188,0.9994327915533153,0.0002850456579872549,2367.6728138758226,2.5405192e-03,820955,1178.13949,1562.41018,1.4763578e+05,4.2078159e+01,3.2084250e+03,8.4422283e+00,1.5304761e+05,4.3650314e+01,0,nan,nan,nan,nan,1178.13949,2.7068253e-04,1562.41018,2.5541999e-04,-9.2802796e-04,-9.4537348e-02
0.6402027855137864,1.0003893639510295,0.0002852795854674198,2367.674202785499,2.5405406e-03,820956,1178.13470,1562.41718,1.4783716e+05,4.2112572e+01,3.2299397e+03,8.4579506e+00,1.5319367e+05,4.3686016e+01,0,nan,nan,nan,nan,1178.13470,2.7017901e-04,1562.41718,2.5520622e-04,-6.1062286e-03,-8.6359851e-02
0.6415916949581502,0.9998834222226801,0.00028516498677199877,2367.6755916949433,2.5405618e-03,820957,1178.13551,1562.41390,1.4774292e+05,4.2095535e+01,3.2252048e+03,8.4528255e+00,1.5311575e+05,4.3668343e+01,0,nan,nan,nan,nan,1178.13551,2.7007933e-04,1562.41390,2.5509793e-04,-4.8308377e-03,-9.0064518e-02
0.6429806046353446,1.0002887155634719,0.0002852360771077639,2367.6769806046204,2.5405833e-03,820958,1178.14075,1562.41118,1.4781130e+05,4.2105900e+01,3.2165437e+03,8.4666586e+00,1.5317736e+05,4.3679096e+01,0,nan,nan,nan,nan,1178.14075,2.7012694e-04,1562.41118,2.5500264e-04,2.1628906e-04,-9.2819273e-02
0.644369514311612,1.0000025785130973,0.0002851918442121078,2367.6783695142967,2.5406047e-03,820959,1178.13758,1562.41283,1.4776928e+05,4.2099243e+01,3.2151572e+03,8.4491987e+00,1.5313305e+05,4.3672184e+01,0,nan,nan,nan,nan,1178.13758,2.7037869e-04,1562.41283,2.5509135e-04,-3.8678234e-03,-9.1767251e-02
0.6457584239892593,0.9997851922193486,0.00028516540651047343,2367.6797584239744,2.5406261e-03,820960,1178.13157,1562.41354,1.4773925e+05,4.2095200e+01,3.2222439e+03,8.4554386e+00,1.5309925e+05,4.3667992e+01,0,nan,nan,nan,nan,1178.13157,2.7008390e-04,1562.41354,2.5517377e-04,-8.8596148e-03,-8.9990065e-02
0.6471473336669065,1.0000266675322738,0.00028519040862577314,2367.681147333652,2.5406475e-03,820961,1178.13662,1562.41274,1.4774736e+05,4.2098740e+01,3.2282271e+03,8.4600773e+00,1.5313570e+05,4.3671665e+01,0,nan,nan,nan,nan,1178.13662,2.7036265e-04,1562.41274,2.5511737e-04,-3.7340869e-03,-9.1260701e-02
0.6485362431103648,0.9993346615516169,0.0002849989247466051,2367.6825362430955,2.5406687e-03,820962,1178.13918,1562.41447,1.4756572e+05,4.2070324e+01,3.2121826e+03,8.4460135e+00,1.5302917e+05,4.3642185e+01,0,nan,nan,nan,nan,1178.13918,2.7092884e-04,1562.41447,2.5554877e-04,-1.0860907e-03,-8.9327946e-02
0.6499251527870851,0.9998955714795583,0.0002852757041644946,2367.683925152772,2.5406901e-03,820963,1178.13997,1562.41462,1.4780153e+05,4.2111023e+01,3.2348394e+03,8.4610443e+00,1.5311448e+05,4.3684406e+01,0,nan,nan,nan,nan,1178.13997,2.7021219e-04,1562.41462,2.5512386e-04,3.2859034e-04,-8.9588434e-02
0.6513140624647322,0.9994411648374334,0.0002851291591970955,2367.68531406245,2.5407115e-03,820964,1178.14052,1562.41057,1.4763616e+05,4.2089226e+01,3.2362373e+03,8.4675617e+00,1.5304430e+05,4.3661793e+01,0,nan,nan,nan,nan,1178.14052,2.7067366e-04,1562.41057,2.5528827e-04,-2.7886368e-04,-9.3221359e-02
0.6527029721419266,0.9995266998704804,0.00028508469823353724,2367.686702972127,2.5407330e-03,820965,1178.13791,1562.41251,1.4766809e+05,4.2082485e+01,3.2102358e+03,8.4414091e+00,1.5305677e+05,4.3654804e+01,0,nan,nan,nan,nan,1178.13791,2.7028011e-04,1562.41251,2.5542008e-04,-2.7519702e-03,-9.1333508e-02
0.6540918818186684,0.9998591682600817,0.00028510629267455026,2367.6880918818038,2.5407544e-03,820966,1178.13998,1562.41793,1.4769359e+05,4.2085495e+01,3.2105698e+03,8.4389544e+00,1.5310702e+05,4.3657925e+01,0,nan,nan,nan,nan,1178.13998,2.7033919e-04,1562.41793,2.5532857e-04,-7.8249657e-05,-8.5260570e-02
0.655480791262558,0.9999479059053843,0.0002851655095747134,2367.6894807912477,2.5407756e-03,820967,1178.13795,1562.41360,1.4775241e+05,4.2094048e+01,3.2196982e+03,8.4467821e+00,1.5311992e+05,4.3666798e+01,0,nan,nan,nan,nan,1178.13795,2.7012936e-04,1562.41360,2.5503794e-04,-3.1009340e-03,-9.0740755e-02
