time,flux,flux_err,time_original,timecorr,cadenceno,centroid_col,centroid_row,sap_flux,sap_flux_err,sap_bkg,sap_bkg_err,pdcsap_flux,pdcsap_flux_err,quality,psf_centr1,psf_centr1_err,psf_centr2,psf_centr2_err,mom_centr1,mom_centr1_err,mom_centr2,mom_centr2_err,pos_corr1,pos_corr2
-0.5127498729684703,1.0006045787895943,0.001326718609962525,2187.1894770552094,2.4569987e-03,691007,58.24317,1776.71194,9.9797344e+03,1.3189924e+01,1.9939990e+03,5.3298855e+00,1.0879034e+04,1.4424697e+01,0,nan,nan,nan,nan,58.24317,1.1804920e-03,1776.71194,1.1041349e-03,6.0605574e-03,-7.5261848e-04
-0.5113609507025103,0.9999365018658457,0.001325468863490605,2187.1908659774754,2.4570327e-03,691008,58.24046,1776.71059,9.9745088e+03,1.3178184e+01,1.9853127e+03,5.3108430e+00,1.0872336e+04,1.4411857e+01,0,nan,nan,nan,nan,58.24046,1.1784243e-03,1776.71059,1.1036586e-03,-8.9985697e-04,-1.5870258e-03
-0.5099720286689262,0.9994725040172902,0.0013241012743195931,2187.192254899509,2.4570664e-03,691009,58.24089,1776.71628,9.9693271e+03,1.3165253e+01,1.9678989e+03,5.3002739e+00,1.0867840e+04,1.4397716e+01,0,nan,nan,nan,nan,58.24089,1.1782583e-03,1776.71628,1.1028331e-03,3.0196889e-03,5.9550861e-03
-0.5085831066362516,1.0007085670672797,0.0013232622330219452,2187.1936438215416,2.4571002e-03,691010,58.24528,1776.71291,9.9825254e+03,1.3157557e+01,1.9547632e+03,5.2846422e+00,1.0881816e+04,1.4389300e+01,0,nan,nan,nan,nan,58.24528,1.1761413e-03,1776.71291,1.1024793e-03,6.7182197e-03,-4.9935968e-04
-0.5071941843707464,1.000622435970349,0.001321353664407631,2187.195032743807,2.4571342e-03,691011,58.23832,1776.71290,9.9834756e+03,1.3139210e+01,1.9309780e+03,5.2667150e+00,1.0881400e+04,1.4369234e+01,0,nan,nan,nan,nan,58.23832,1.1741110e-03,1776.71290,1.0995883e-03,1.0736225e-03,9.6675387e-04
-0.5058052623380718,0.998435444975125,0.001318385229952456,2187.19642166584,2.4571680e-03,691012,58.23940,1776.71065,9.9587549e+03,1.3110300e+01,1.9110410e+03,5.2416630e+00,1.0858121e+04,1.4337618e+01,0,nan,nan,nan,nan,58.23940,1.1741484e-03,1776.71065,1.0991698e-03,7.8236894e-04,1.9178087e-03
-0.5044163403044877,0.9998154039906314,0.001317050136779164,2187.1978105878734,2.4572017e-03,691013,58.24240,1776.71291,9.9717080e+03,1.3097616e+01,1.8880504e+03,5.2227144e+00,1.0873620e+04,1.4323748e+01,0,nan,nan,nan,nan,58.24240,1.1714967e-03,1776.71291,1.0983018e-03,2.6829250e-03,1.5891946e-03
-0.5030274180389824,0.9993370683551756,0.0013160458772953668,2187.199199510139,2.4572357e-03,691014,58.24077,1776.71510,9.9688164e+03,1.3088203e+01,1.8739087e+03,5.2152758e+00,1.0868895e+04,1.4313453e+01,0,nan,nan,nan,nan,58.24077,1.1704994e-03,1776.71510,1.0952411e-03,9.3238836e-04,1.7024900e-03
-0.5016384960053983,0.9983565171098799,0.0013145333107739015,2187.2005884321725,2.4572695e-03,691015,58.24170,1776.71486,9.9605107e+03,1.3073719e+01,1.8519447e+03,5.2047548e+00,1.0858693e+04,1.4297612e+01,0,nan,nan,nan,nan,58.24170,1.1721333e-03,1776.71486,1.0946183e-03,3.2207700e-03,3.7510148e-03
-0.5002495737394383,1.0000188511258365,0.001313726361005871,2187.2019773544384,2.4573035e-03,691016,58.23911,1776.71005,9.9722686e+03,1.3066234e+01,1.8381503e+03,5.1844668e+00,1.0877225e+04,1.4289427e+01,0,nan,nan,nan,nan,58.23911,1.1682176e-03,1776.71005,1.0955901e-03,3.4169029e-04,8.3598989e-04
-0.4988606517072185,1.00091551801742,0.0013126051227680356,2187.2033662764707,2.4573372e-03,691017,58.24104,1776.71666,9.9818457e+03,1.3055606e+01,1.8242015e+03,5.1741066e+00,1.0887415e+04,1.4277804e+01,0,nan,nan,nan,nan,58.24104,1.1670584e-03,1776.71666,1.0919787e-03,2.6200488e-03,6.7351419e-03
-0.4974717296736344,0.9984395606743726,0.0013095942342615985,2187.2047551985042,2.4573710e-03,691018,58.24089,1776.71362,9.9605908e+03,1.3026168e+01,1.7967697e+03,5.1501060e+00,1.0860906e+04,1.4245609e+01,0,nan,nan,nan,nan,58.24089,1.1652934e-03,1776.71362,1.0916886e-03,4.0484327e-03,1.4009124e-03
-0.4960828074076744,0.9993692688058051,0.001309624318787322,2187.20614412077,2.4574050e-03,691019,58.24154,1776.71732,9.9715283e+03,1.3026958e+01,1.7913105e+03,5.1494999e+00,1.0871431e+04,1.4246475e+01,0,nan,nan,nan,nan,58.24154,1.1645099e-03,1776.71732,1.0893622e-03,7.8601547e-04,4.5601488e-03
-0.4946938853749998,0.9984202409949907,0.0013073044933276246,2187.207533042803,2.4574387e-03,691020,58.24140,1776.71478,9.9616104e+03,1.3004359e+01,1.7690273e+03,5.1240745e+00,1.0861505e+04,1.4221761e+01,0,nan,nan,nan,nan,58.24140,1.1634105e-03,1776.71478,1.0890396e-03,2.4698440e-03,1.8884456e-03
-0.49330496310949457,1.0009119857794238,0.0013074776524136852,2187.2089219650684,2.4574727e-03,691021,58.24090,1776.71353,9.9869893e+03,1.3006546e+01,1.7645679e+03,5.1106944e+00,1.0888999e+04,1.4224151e+01,0,nan,nan,nan,nan,58.24090,1.1611048e-03,1776.71353,1.0866284e-03,3.7087279e-03,9.9479547e-04
-0.4919160408435346,1.0017974977179733,0.0013054209975813988,2187.2103108873343,2.4575067e-03,691022,58.24221,1776.71193,9.9938379e+03,1.2986533e+01,1.7308712e+03,5.0832167e+00,1.0899009e+04,1.4202266e+01,0,nan,nan,nan,nan,58.24221,1.1582214e-03,1776.71193,1.0852163e-03,3.8697864e-03,4.0332536e-04
-0.49052711880949573,1.0017101971480507,0.0013033156127281427,2187.2116998093684,2.4575405e-03,691023,58.23929,1776.71533,9.9940645e+03,1.2966022e+01,1.6997104e+03,5.0634089e+00,1.0898423e+04,1.4179834e+01,0,nan,nan,nan,nan,58.23929,1.1554660e-03,1776.71533,1.0837670e-03,5.0317277e-03,3.6068803e-03
-0.48913819654353574,1.0010722885851981,0.0013026372272097733,2187.2130887316343,2.4575745e-03,691024,58.23867,1776.71298,9.9876953e+03,1.2959692e+01,1.7003247e+03,5.0587859e+00,1.0891834e+04,1.4172911e+01,0,nan,nan,nan,nan,58.23867,1.1541403e-03,1776.71298,1.0835363e-03,-7.9711572e-05,3.2967888e-03
-0.48774927450995165,0.9997270885324875,0.0013010699222761465,2187.214477653668,2.4576082e-03,691025,58.24182,1776.71686,9.9745898e+03,1.2944504e+01,1.6819099e+03,5.0448689e+00,1.0877537e+04,1.4156301e+01,0,nan,nan,nan,nan,58.24182,1.1555821e-03,1776.71686,1.0821861e-03,2.5780529e-03,3.5341280e-03
-0.48636035224399166,0.9997750214621433,0.0013003598792134354,2187.215866575934,2.4576422e-03,691026,58.24382,1776.71341,9.9750645e+03,1.2937831e+01,1.6661835e+03,5.0318069e+00,1.0878388e+04,1.4149004e+01,0,nan,nan,nan,nan,58.24382,1.1536729e-03,1776.71341,1.0830584e-03,3.0108963e-03,2.8948725e-04
-0.48497143021131706,0.9988874740984799,0.0012980655778309011,2187.2172554979666,2.4576760e-03,691027,58.24031,1776.71573,9.9665332e+03,1.2915382e+01,1.6604318e+03,5.0180430e+00,1.0869049e+04,1.4124454e+01,0,nan,nan,nan,nan,58.24031,1.1530099e-03,1776.71573,1.0819857e-03,6.9290516e-04,3.6458934e-03
-0.48358250794626656,1.0022489056707744,0.001298072283166051,2187.2186444202316,2.4577100e-03,691028,58.24060,1776.71533,1.0000107e+04,1.2915813e+01,1.6277145e+03,5.0051441e+00,1.0905935e+04,1.4124925e+01,0,nan,nan,nan,nan,58.24060,1.1476721e-03,1776.71533,1.0778474e-03,3.6714114e-03,4.6759355e-03
-0.4821935856798518,1.0003453470264667,0.0012953950470894473,2187.220033342498,2.4577440e-03,691029,58.23870,1776.70709,9.9809170e+03,1.2889528e+01,1.6193905e+03,4.9814954e+00,1.0885517e+04,1.4096178e+01,0,nan,nan,nan,nan,58.23870,1.1483055e-03,1776.70709,1.0772863e-03,3.2453786e-04,-4.7529368e-03
-0.4808046636467225,1.0008561246009675,0.001294919510119127,2187.221422264531,2.4577777e-03,691030,58.24461,1776.71750,9.9853965e+03,1.2885136e+01,1.6132834e+03,4.9767385e+00,1.0891363e+04,1.4091374e+01,0,nan,nan,nan,nan,58.24461,1.1468334e-03,1776.71750,1.0755343e-03,7.1889255e-03,6.4953184e-03
-0.47941574138121723,1.0015560601505926,0.0012937480659689102,2187.2228111867967,2.4578117e-03,691031,58.24268,1776.72089,9.9907354e+03,1.2873807e+01,1.5897769e+03,4.9628420e+00,1.0899258e+04,1.4078985e+01,0,nan,nan,nan,nan,58.24268,1.1456535e-03,1776.72089,1.0734403e-03,2.6883096e-03,8.2246140e-03
-0.47802681911525724,1.001996517080229,0.0012931505640474772,2187.2242001090626,2.4578457e-03,691032,58.23927,1776.71463,9.9948125e+03,1.2868176e+01,1.5744814e+03,4.9527531e+00,1.0904318e+04,1.4072828e+01,0,nan,nan,nan,nan,58.23927,1.1447165e-03,1776.71463,1.0744354e-03,-1.0525864e-03,1.0106323e-03
-0.47663789708167315,1.0003049573488492,0.001291531345567021,2187.225589031096,2.4578795e-03,691033,58.24526,1776.71555,9.9807627e+03,1.2852367e+01,1.5746714e+03,4.9412093e+00,1.0886168e+04,1.4055540e+01,0,nan,nan,nan,nan,58.24526,1.1437655e-03,1776.71555,1.0728386e-03,5.5506798e-03,5.6540617e-03
-0.4752489748161679,1.000326228639478,0.0012899214627508848,2187.2269779533617,2.4579135e-03,691034,58.23924,1776.71442,9.9785869e+03,1.2836640e+01,1.5419996e+03,4.9232736e+00,1.0886647e+04,1.4038341e+01,0,nan,nan,nan,nan,58.23924,1.1422739e-03,1776.71442,1.0732146e-03,0.0000000e+00,0.0000000e+00
-0.4738600525511174,1.0003641910093048,0.001289234358079059,2187.2283668756268,2.4579475e-03,691035,58.24223,1776.71939,9.9802266e+03,1.2830085e+01,1.5430530e+03,4.9144897e+00,1.0887299e+04,1.4031171e+01,0,nan,nan,nan,nan,58.24223,1.1416923e-03,1776.71939,1.0714751e-03,1.1834253e-03,7.6132147e-03
-0.4724711302851574,0.9978791018400097,0.0012880677149862188,2187.2297557978927,2.4579815e-03,691036,58.24299,1776.71472,9.9557197e+03,1.2818745e+01,1.5295182e+03,4.9077134e+00,1.0860482e+04,1.4018768e+01,0,nan,nan,nan,nan,58.24299,1.1444181e-03,1776.71472,1.0732580e-03,2.2893078e-03,1.4522192e-03
-0.4710822082515733,0.997552698275472,0.00128688680611379,2187.2311447199263,2.4580152e-03,691037,58.24126,1776.71408,9.9522227e+03,1.2807253e+01,1.5234708e+03,4.8941183e+00,1.0857151e+04,1.4006202e+01,0,nan,nan,nan,nan,58.24126,1.1436968e-03,1776.71408,1.0735830e-03,3.2838068e-03,3.1469197e-03
-0.4696932859860681,1.0015763971875973,0.0012869125186060083,2187.232533642192,2.4580492e-03,691038,58.24173,1776.71813,9.9923828e+03,1.2807758e+01,1.5031656e+03,4.8783703e+00,1.0901157e+04,1.4006755e+01,0,nan,nan,nan,nan,58.24173,1.1378390e-03,1776.71813,1.0695544e-03,1.7705187e-03,5.2382890e-03
-0.46830436371965334,0.9985569338109694,0.0012853053269657319,2187.233922564458,2.4580832e-03,691039,58.24061,1776.71193,9.9606689e+03,1.2792005e+01,1.5056232e+03,4.8758550e+00,1.0868497e+04,1.3989525e+01,0,nan,nan,nan,nan,58.24061,1.1410922e-03,1776.71193,1.0716305e-03,1.4998608e-04,-1.4560194e-04
-0.4669154414541481,1.000086308506221,0.0012851911071549106,2187.2353114867237,2.4581172e-03,691040,58.24279,1776.71703,9.9759658e+03,1.2791098e+01,1.4897394e+03,4.8678422e+00,1.0885339e+04,1.3988533e+01,0,nan,nan,nan,nan,58.24279,1.1384919e-03,1776.71703,1.0682431e-03,3.0380937e-03,4.7466117e-03
-0.46552651918773336,0.9999038239507108,0.0012831515288179711,2187.23670040899,2.4581512e-03,691041,58.24152,1776.70828,9.9761182e+03,1.2771018e+01,1.4803185e+03,4.8453398e+00,1.0883541e+04,1.3966575e+01,0,nan,nan,nan,nan,58.24152,1.1363936e-03,1776.70828,1.0669996e-03,3.6435290e-03,-1.9038171e-03
-0.464137597154604,0.9983610379549873,0.0012821308864942019,2187.2380893310233,2.4581850e-03,691042,58.24187,1776.71818,9.9601094e+03,1.2761070e+01,1.4732612e+03,4.8396969e+00,1.0866928e+04,1.3955696e+01,0,nan,nan,nan,nan,58.24187,1.1379441e-03,1776.71818,1.0672588e-03,5.1759738e-03,6.9278758e-03
-0.462748674888644,0.9994474001679827,0.0012815611654086018,2187.2394782532892,2.4582190e-03,691043,58.24433,1776.71690,9.9704014e+03,1.2755603e+01,1.4566957e+03,4.8323646e+00,1.0878924e+04,1.3949716e+01,0,nan,nan,nan,nan,58.24433,1.1365640e-03,1776.71690,1.0662308e-03,4.8212768e-03,5.4048062e-03
-0.4613597526222293,1.0012297480679921,0.0012821019247203328,2187.2408671755556,2.4582529e-03,691044,58.24054,1776.71590,9.9866885e+03,1.2761177e+01,1.4531904e+03,4.8281779e+00,1.0898490e+04,1.3955812e+01,0,nan,nan,nan,nan,58.24054,1.1356922e-03,1776.71590,1.0653274e-03,1.3994338e-03,6.2527531e-03
-0.45997083035672404,1.0016522268294104,0.0012813264451901416,2187.242256097821,2.4582869e-03,691045,58.24303,1776.71447,9.9920781e+03,1.2753643e+01,1.4362671e+03,4.8128004e+00,1.0903246e+04,1.3947573e+01,0,nan,nan,nan,nan,58.24303,1.1341856e-03,1776.71447,1.0641456e-03,5.1561370e-03,4.2728106e-03
-0.45858190809076405,0.9990402837057283,0.0012800059052386888,2187.243645020087,2.4583209e-03,691046,58.24255,1776.71528,9.9680439e+03,1.2740674e+01,1.4352251e+03,4.8108487e+00,1.0874964e+04,1.3933390e+01,0,nan,nan,nan,nan,58.24255,1.1350967e-03,1776.71528,1.0650250e-03,3.0126651e-03,4.0119500e-03
-0.45719298582480405,0.9998589695752387,0.0012808845791082723,2187.245033942353,2.4583549e-03,691047,58.24342,1776.71559,9.9766865e+03,1.2749588e+01,1.4294271e+03,4.8062458e+00,1.0884019e+04,1.3943138e+01,0,nan,nan,nan,nan,58.24342,1.1347000e-03,1776.71559,1.0667068e-03,4.1135103e-03,4.8913001e-03
-0.4558040635592988,0.9979939526740776,0.001278973269522899,2187.2464228646186,2.4583889e-03,691048,58.24601,1776.71349,9.9578809e+03,1.2730721e+01,1.4249218e+03,4.8085637e+00,1.0863853e+04,1.3922505e+01,0,nan,nan,nan,nan,58.24601,1.1345793e-03,1776.71349,1.0651726e-03,8.1785107e-03,1.2668895e-03
-0.45441514129379357,0.9980658289108777,0.0012778246032090386,2187.247811786884,2.4584229e-03,691049,58.24110,1776.71596,9.9570547e+03,1.2719440e+01,1.4202550e+03,4.7958632e+00,1.0864765e+04,1.3910168e+01,0,nan,nan,nan,nan,58.24110,1.1335827e-03,1776.71596,1.0647682e-03,8.8696863e-05,4.0028403e-03
-0.45302621902737883,1.0013609540687913,0.0012778588071409303,2187.2492007091505,2.4584569e-03,691050,58.24512,1776.71765,9.9898809e+03,1.2719923e+01,1.4020360e+03,4.7747445e+00,1.0900758e+04,1.3910697e+01,0,nan,nan,nan,nan,58.24512,1.1299306e-03,1776.71765,1.0603305e-03,4.7088135e-03,4.8694960e-03
-0.45163729699470423,1.0011196394016924,0.001278076967911326,2187.250589631183,2.4584907e-03,691051,58.24461,1776.71637,9.9856543e+03,1.2722231e+01,1.4019814e+03,4.7844176e+00,1.0898247e+04,1.3913220e+01,0,nan,nan,nan,nan,58.24461,1.1299907e-03,1776.71637,1.0608461e-03,3.8914857e-03,5.0783833e-03
-0.450248374729199,0.9993895238103646,0.001275898024390905,2187.2519785534487,2.4585247e-03,691052,58.23835,1776.71145,9.9704502e+03,1.2700671e+01,1.3841324e+03,4.7674789e+00,1.0879523e+04,1.3889642e+01,0,nan,nan,nan,nan,58.23835,1.1304881e-03,1776.71145,1.0604005e-03,-6.6357554e-04,3.3826157e-04
-0.44885945246278425,1.0011914082491478,0.001278449038086059,2187.253367475715,2.4585587e-03,691053,58.24426,1776.71745,9.9888242e+03,1.2726186e+01,1.4001404e+03,4.7744594e+00,1.0899243e+04,1.3917545e+01,0,nan,nan,nan,nan,58.24426,1.1305471e-03,1776.71745,1.0615753e-03,5.3258920e-03,4.9687382e-03
-0.44747053019682426,0.9998359593323151,0.0012765902561633982,2187.254756397981,2.4585926e-03,691054,58.24366,1776.71527,9.9761182e+03,1.2707797e+01,1.3794397e+03,4.7743125e+00,1.0884585e+04,1.3897435e+01,0,nan,nan,nan,nan,58.24366,1.1287796e-03,1776.71527,1.0599910e-03,4.8789647e-03,3.0875378e-03
-0.446081607931319,1.0003398818086788,0.0012772604615190965,2187.2561453202466,2.4586266e-03,691055,58.24060,1776.71456,9.9797988e+03,1.2714576e+01,1.3822876e+03,4.7723770e+00,1.0890163e+04,1.3904849e+01,0,nan,nan,nan,nan,58.24060,1.1298594e-03,1776.71456,1.0622496e-03,-1.5990030e-03,2.0320946e-03
-0.444692685665359,1.000380031253752,0.0012769957844009042,2187.2575342425125,2.4586606e-03,691056,58.24401,1776.71709,9.9792451e+03,1.2712043e+01,1.3810139e+03,4.7692385e+00,1.0890688e+04,1.3902079e+01,0,nan,nan,nan,nan,58.24401,1.1283053e-03,1776.71709,1.0612686e-03,6.7485259e-03,5.2731833e-03
-0.4433037633989443,1.0026747895890735,0.0012762053120124574,2187.258923164779,2.4586946e-03,691057,58.23974,1776.71455,1.0002602e+04,1.2704268e+01,1.3656591e+03,4.7571006e+00,1.0915751e+04,1.3893577e+01,0,nan,nan,nan,nan,58.23974,1.1268265e-03,1776.71455,1.0581890e-03,1.0011938e-03,1.9623211e-03
-0.4419148411338938,0.9994681271595813,0.0012747963354399637,2187.260312087044,2.4587286e-03,691058,58.24120,1776.71492,9.9711436e+03,1.2690331e+01,1.3803293e+03,4.7519579e+00,1.0880916e+04,1.3878335e+01,0,nan,nan,nan,nan,58.24120,1.1290172e-03,1776.71492,1.0593513e-03,4.7765863e-03,3.7564330e-03
-0.4405259188679338,0.9987823214111967,0.0012740647043475426,2187.26170100931,2.4587626e-03,691059,58.24282,1776.71301,9.9621104e+03,1.2683131e+01,1.3698813e+03,4.7499704e+00,1.0873521e+04,1.3870461e+01,0,nan,nan,nan,nan,58.24282,1.1302442e-03,1776.71301,1.0597087e-03,5.1666819e-03,1.6153203e-03
-0.43913699660060956,1.001801986499173,0.0012756287727207132,2187.2630899315773,2.4587966e-03,691060,58.24091,1776.71726,9.9962803e+03,1.2698778e+01,1.3660797e+03,4.7439117e+00,1.0906462e+04,1.3887571e+01,0,nan,nan,nan,nan,58.24091,1.1268514e-03,1776.71726,1.0582840e-03,3.4764963e-03,4.6255528e-03
-0.43774807410181893,1.0003955035623076,0.0012748366742410563,2187.264478854076,2.4588308e-03,691061,58.24146,1776.71446,9.9780547e+03,1.2690962e+01,1.3601768e+03,4.7517633e+00,1.0891211e+04,1.3879025e+01,0,nan,nan,nan,nan,58.24146,1.1288376e-03,1776.71446,1.0594380e-03,2.6201475e-03,4.7881426e-03
-0.4363591518363137,0.9981483683270697,0.0012739929238860686,2187.2658677763416,2.4588648e-03,691062,58.24370,1776.71837,9.9556768e+03,1.2682628e+01,1.3745193e+03,4.7473855e+00,1.0866801e+04,1.3869909e+01,0,nan,nan,nan,nan,58.24370,1.1303055e-03,1776.71837,1.0623498e-03,6.9135032e-03,7.4775005e-03
-0.4349702295703537,0.999350909249178,0.0012734670279263194,2187.2672566986075,2.4588988e-03,691063,58.24145,1776.71123,9.9695840e+03,1.2677453e+01,1.3621064e+03,4.7374673e+00,1.0879944e+04,1.3864250e+01,0,nan,nan,nan,nan,58.24145,1.1282775e-03,1776.71123,1.0583480e-03,2.0038416e-03,4.1410580e-04
-0.4335813073043937,0.9965944718274915,0.0012745036110680427,2187.2686456208735,2.4589328e-03,691064,58.24523,1776.71934,9.9423398e+03,1.2687827e+01,1.3671481e+03,4.7604899e+00,1.0849981e+04,1.3875595e+01,0,nan,nan,nan,nan,58.24523,1.1323289e-03,1776.71934,1.0621218e-03,6.0510081e-03,8.0480240e-03
-0.43219238503888846,0.9983507044870977,0.001274762004464348,2187.270034543139,2.4589668e-03,691065,58.23374,1776.70514,9.9594541e+03,1.2690449e+01,1.3703607e+03,4.7580566e+00,1.0869144e+04,1.3878462e+01,0,nan,nan,nan,nan,58.23374,1.1304690e-03,1776.70514,1.0619407e-03,-4.3839468e-03,-7.4844854e-03
-0.4308034627733832,1.0011189089734678,0.001274812704551578,2187.2714234654045,2.4590008e-03,691066,58.24506,1776.72983,9.9876094e+03,1.2690995e+01,1.3549623e+03,4.7375321e+00,1.0899319e+04,1.3879061e+01,0,nan,nan,nan,nan,58.24506,1.1269200e-03,1776.72983,1.0581604e-03,6.5351534e-03,1.7386587e-02
-0.4294145405074232,1.0007666085919467,0.0012743436398002812,2187.2728123876705,2.4590348e-03,691067,58.24189,1776.71443,9.9832373e+03,1.2686365e+01,1.3548167e+03,4.7352386e+00,1.0895517e+04,1.3873998e+01,0,nan,nan,nan,nan,58.24189,1.1263709e-03,1776.71443,1.0599138e-03,4.8852060e-03,2.2044184e-03
-0.4280256182410085,1.001784582991208,0.001274335173608081,2187.274201309937,2.4590688e-03,691068,58.24357,1776.71752,9.9924541e+03,1.2686316e+01,1.3496315e+03,4.7346454e+00,1.0906630e+04,1.3873943e+01,0,nan,nan,nan,nan,58.24357,1.1249695e-03,1776.71752,1.0576936e-03,4.0045907e-03,5.9331418e-03
-0.426636695975958,0.9982664881734925,0.0012724203944289,2187.275590232202,2.4591028e-03,691069,58.24230,1776.71096,9.9581357e+03,1.2667283e+01,1.3586860e+03,4.7320147e+00,1.0868354e+04,1.3853128e+01,0,nan,nan,nan,nan,58.24230,1.1269286e-03,1776.71096,1.0593660e-03,1.3990506e-03,-1.1299371e-05
-0.425247773709998,0.9998413761520177,0.0012741159544915179,2187.276979154468,2.4591368e-03,691070,58.23926,1776.72099,9.9740645e+03,1.2684188e+01,1.3599321e+03,4.7444959e+00,1.0885521e+04,1.3871616e+01,0,nan,nan,nan,nan,58.23926,1.1273007e-03,1776.72099,1.0578241e-03,2.9611778e-03,1.1020523e-02
-0.4238588512107526,0.9993912989814077,0.0012726396184504173,2187.278368076967,2.4591710e-03,691071,58.23943,1776.71012,9.9706279e+03,1.2669513e+01,1.3491044e+03,4.7263865e+00,1.0880639e+04,1.3855566e+01,0,nan,nan,nan,nan,58.23943,1.1271000e-03,1776.71012,1.0587857e-03,3.0379591e-03,-2.7316562e-03
-0.4224699289452474,1.0019618129285697,0.0012746448265973155,2187.2797569992326,2.4592050e-03,691072,58.24365,1776.71973,9.9937539e+03,1.2689493e+01,1.3497582e+03,4.7352786e+00,1.0908641e+04,1.3877418e+01,0,nan,nan,nan,nan,58.24365,1.1271057e-03,1776.71973,1.0569138e-03,4.5874352e-03,9.0613915e-03
-0.42108100667974213,0.9986805446396322,0.0012732018886598675,2187.281145921498,2.4592390e-03,691073,58.24593,1776.71713,9.9624932e+03,1.2675139e+01,1.3568392e+03,4.7397051e+00,1.0872927e+04,1.3861721e+01,0,nan,nan,nan,nan,58.24593,1.1290106e-03,1776.71713,1.0589276e-03,7.6584225e-03,5.9353751e-03
-0.41969208441378214,1.0019298393523313,0.001274986443624031,2187.282534843764,2.4592730e-03,691074,58.24335,1776.71525,9.9955410e+03,1.2692915e+01,1.3624308e+03,4.7420616e+00,1.0908311e+04,1.3881160e+01,0,nan,nan,nan,nan,58.24335,1.1257711e-03,1776.71525,1.0564461e-03,3.8920220e-03,4.6853456e-03
-0.41830316214782215,1.0005519255054216,0.0012730131043808067,2187.28392376603,2.4593070e-03,691075,58.23897,1776.71481,9.9804160e+03,1.2673275e+01,1.3469277e+03,4.7242618e+00,1.0893313e+04,1.3859681e+01,0,nan,nan,nan,nan,58.23897,1.1271940e-03,1776.71481,1.0579827e-03,-6.4388016e-04,2.4767492e-03
-0.4169142398823169,0.998370260026246,0.0012726002973961297,2187.2853126882956,2.4593410e-03,691076,58.24612,1776.71821,9.9613389e+03,1.2669166e+01,1.3473407e+03,4.7300982e+00,1.0869562e+04,1.3855187e+01,0,nan,nan,nan,nan,58.24612,1.1292059e-03,1776.71821,1.0588901e-03,5.3185900e-03,5.0916690e-03
-0.4155253173826168,0.9995915579961102,0.001272838361182416,2187.2867016107953,2.4593752e-03,691077,58.24387,1776.71811,9.9702432e+03,1.2671535e+01,1.3494409e+03,4.7277493e+00,1.0882856e+04,1.3857778e+01,0,nan,nan,nan,nan,58.24387,1.1261347e-03,1776.71811,1.0590182e-03,3.3608077e-03,5.9940279e-03
-0.4141363951157473,0.9998759309950319,0.00127441850580337,2187.288090533062,2.4594092e-03,691078,58.24291,1776.70827,9.9732549e+03,1.2687261e+01,1.3533093e+03,4.7542825e+00,1.0885948e+04,1.3874976e+01,0,nan,nan,nan,nan,58.24291,1.1288726e-03,1776.70827,1.0587034e-03,4.1451687e-03,-4.5402567e-03
-0.41274747285024205,1.0002716869950457,0.0012740694271264723,2187.2894794553276,2.4594432e-03,691079,58.24259,1776.71844,9.9748438e+03,1.2683776e+01,1.3545656e+03,4.7434258e+00,1.0890249e+04,1.3871165e+01,0,nan,nan,nan,nan,58.24259,1.1294739e-03,1776.71844,1.0591496e-03,1.7793673e-03,9.5450310e-03
-0.4113585505847368,0.9993702204788409,0.0012729660598195455,2187.290868377593,2.4594772e-03,691080,58.24573,1776.72212,9.9693232e+03,1.2672779e+01,1.3414047e+03,4.7385635e+00,1.0880424e+04,1.3859138e+01,0,nan,nan,nan,nan,58.24573,1.1265947e-03,1776.72212,1.0587871e-03,3.3825147e-03,9.6216584e-03
-0.40996962831923156,1.0001209168640652,0.001273976565616392,2187.2922572998586,2.4595112e-03,691081,58.24149,1776.71395,9.9772285e+03,1.2682824e+01,1.3544724e+03,4.7380834e+00,1.0888585e+04,1.3870125e+01,0,nan,nan,nan,nan,58.24149,1.1283067e-03,1776.71395,1.0586656e-03,3.2136943e-03,2.5187372e-03
-0.4085807058199862,0.999665125505282,0.0012728802041129792,2187.293646222358,2.4595454e-03,691082,58.24247,1776.71533,9.9716904e+03,1.2671891e+01,1.3504220e+03,4.7321138e+00,1.0883606e+04,1.3858169e+01,0,nan,nan,nan,nan,58.24247,1.1272301e-03,1776.71533,1.0583439e-03,3.9104209e-03,2.7446402e-03
-0.40719178355448093,1.0008699416143978,0.0012731596010025013,2187.2950351446234,2.4595794e-03,691083,58.24066,1776.71786,9.9860293e+03,1.2674651e+01,1.3451615e+03,4.7294893e+00,1.0896705e+04,1.3861187e+01,0,nan,nan,nan,nan,58.24066,1.1248220e-03,1776.71786,1.0559910e-03,3.3355001e-03,5.9473766e-03
-0.4058028612880662,0.9999162780992218,0.0012745075794239563,2187.29642406689,2.4596134e-03,691084,58.24466,1776.71654,9.9757725e+03,1.2688047e+01,1.3575815e+03,4.7491589e+00,1.0886303e+04,1.3875836e+01,0,nan,nan,nan,nan,58.24466,1.1309331e-03,1776.71654,1.0581156e-03,6.2252851e-03,6.0632871e-03
-0.4044139390221062,0.9999900682209784,0.0012739111338991448,2187.297812989156,2.4596474e-03,691085,58.24512,1776.71608,9.9772051e+03,1.2682082e+01,1.3549202e+03,4.7353482e+00,1.0887083e+04,1.3869313e+01,0,nan,nan,nan,nan,58.24512,1.1265071e-03,1776.71608,1.0575133e-03,5.0823782e-03,4.6087140e-03
-0.40302501652422507,1.0017229049076783,0.0012740529300802595,2187.2992019116537,2.4596816e-03,691086,58.24551,1776.71846,9.9935381e+03,1.2683466e+01,1.3499095e+03,4.7347965e+00,1.0905924e+04,1.3870826e+01,0,nan,nan,nan,nan,58.24551,1.1256691e-03,1776.71846,1.0571566e-03,6.3518560e-03,8.0842683e-03
-0.4016360942587198,1.00002605487589,0.00127365994762011,2187.300590833919,2.4597156e-03,691087,58.24988,1776.71603,9.9772549e+03,1.2679521e+01,1.3567629e+03,4.7355518e+00,1.0887422e+04,1.3866512e+01,0,nan,nan,nan,nan,58.24988,1.1280938e-03,1776.71603,1.0574863e-03,8.0367289e-03,5.6884536e-03
-0.4002471719923051,0.9996065132546805,0.001273867479440288,2187.3019797561856,2.4597496e-03,691088,58.24241,1776.71485,9.9727275e+03,1.2681554e+01,1.3534185e+03,4.7416706e+00,1.0882825e+04,1.3868735e+01,0,nan,nan,nan,nan,58.24241,1.1291422e-03,1776.71485,1.0571970e-03,2.4650451e-03,1.6822772e-03
-0.39885824949351445,0.9986513068139434,0.0012730949723811441,2187.3033686786844,2.4597838e-03,691089,58.24394,1776.71180,9.9593037e+03,1.2673827e+01,1.3520990e+03,4.7511826e+00,1.0872396e+04,1.3860285e+01,0,nan,nan,nan,nan,58.24394,1.1292914e-03,1776.71180,1.0601914e-03,5.2975137e-03,3.1713967e-04
-0.3974693272280092,0.999298077918703,0.001273489047845881,2187.30475760095,2.4598178e-03,691090,58.24404,1776.72467,9.9707637e+03,1.2677711e+01,1.3541528e+03,4.7371397e+00,1.0879404e+04,1.3864532e+01,0,nan,nan,nan,nan,58.24404,1.1282942e-03,1776.72467,1.0577515e-03,3.8912329e-03,1.2645573e-02
-0.3960804049620492,1.0002137134522993,0.0012737042147861432,2187.306146523216,2.4598518e-03,691091,58.24322,1776.71143,9.9789092e+03,1.2679812e+01,1.3632351e+03,4.7371211e+00,1.0889338e+04,1.3866831e+01,0,nan,nan,nan,nan,58.24322,1.1264696e-03,1776.71143,1.0569508e-03,3.6359092e-03,1.6569109e-03
-0.3946914826960892,0.9993173525950924,0.0012730655039800416,2187.307535445482,2.4598858e-03,691092,58.24609,1776.71552,9.9693311e+03,1.2673412e+01,1.3504922e+03,4.7316594e+00,1.0879543e+04,1.3859832e+01,0,nan,nan,nan,nan,58.24609,1.1258161e-03,1776.71552,1.0600445e-03,1.0191256e-02,1.1904583e-03
-0.39330256019775334,0.9969422818624644,0.001272236227035902,2187.30892436798,2.4599200e-03,691093,58.24598,1776.72179,9.9461631e+03,1.2665112e+01,1.3574791e+03,4.7342439e+00,1.0853647e+04,1.3850755e+01,0,nan,nan,nan,nan,58.24598,1.1303246e-03,1776.72179,1.0604099e-03,7.5600683e-03,1.0984894e-02
-0.39191363793179335,1.0001723853731002,0.0012736716197207921,2187.310313290246,2.4599540e-03,691094,58.24367,1776.71272,9.9770166e+03,1.2679357e+01,1.3556199e+03,4.7343922e+00,1.0888774e+04,1.3866332e+01,0,nan,nan,nan,nan,58.24367,1.1274782e-03,1776.71272,1.0578010e-03,5.4718447e-03,1.9968278e-03
-0.3905247156644691,1.0001654408613319,0.001273403439713622,2187.3117022125134,2.4599880e-03,691095,58.24542,1776.72063,9.9779102e+03,1.2676639e+01,1.3463441e+03,4.7344470e+00,1.0888657e+04,1.3863360e+01,0,nan,nan,nan,nan,58.24542,1.1282160e-03,1776.72063,1.0587403e-03,5.1186774e-03,8.5121263e-03
-0.3891357931656785,0.9991781512774913,0.001273833188022736,2187.313091135012,2.4600222e-03,691096,58.24839,1776.71973,9.9666777e+03,1.2680868e+01,1.3597008e+03,4.7418804e+00,1.0877866e+04,1.3867985e+01,0,nan,nan,nan,nan,58.24839,1.1293237e-03,1776.71973,1.0582597e-03,9.7242966e-03,6.1801854e-03
-0.387746870900628,1.0012184052213873,0.001274045821079616,2187.3144800572773,2.4600562e-03,691097,58.24221,1776.71658,9.9882588e+03,1.2682934e+01,1.3615974e+03,4.7341971e+00,1.0900034e+04,1.3870244e+01,0,nan,nan,nan,nan,58.24221,1.1268447e-03,1776.71658,1.0570538e-03,3.1488026e-03,6.0013132e-03
-0.38635794863421324,1.0000774655864675,0.0012743823626997816,2187.3158689795437,2.4600902e-03,691098,58.24269,1776.71395,9.9780986e+03,1.2686229e+01,1.3457130e+03,4.7327776e+00,1.0887567e+04,1.3873849e+01,0,nan,nan,nan,nan,58.24269,1.1272036e-03,1776.71395,1.0593636e-03,7.0092650e-03,2.3693815e-03
-0.3849690261354226,0.9983291820853238,0.001272893829988794,2187.3172579020425,2.4601244e-03,691099,58.24638,1776.72090,9.9601836e+03,1.2671358e+01,1.3540835e+03,4.7355590e+00,1.0868488e+04,1.3857585e+01,0,nan,nan,nan,nan,58.24638,1.1286461e-03,1776.72090,1.0592213e-03,6.6115009e-03,1.0159512e-02
-0.38358010386991737,0.9995000669562986,0.0012736528674775498,2187.318646824308,2.4601584e-03,691100,58.24310,1776.71665,9.9716113e+03,1.2678859e+01,1.3581722e+03,4.7363091e+00,1.0881188e+04,1.3865788e+01,0,nan,nan,nan,nan,58.24310,1.1278195e-03,1776.71665,1.0586623e-03,4.1064671e-03,5.2168900e-03
-0.3821911816039574,1.0028491833066813,0.0012750079238077906,2187.320035746574,2.4601924e-03,691101,58.24420,1776.71384,1.0006205e+04,1.2692291e+01,1.3605051e+03,4.7386246e+00,1.0917600e+04,1.3880479e+01,0,nan,nan,nan,nan,58.24420,1.1253313e-03,1776.71384,1.0552611e-03,5.4217339e-03,2.8610427e-03
-0.380802259104712,1.000523268839135,0.0012733652791570233,2187.321424669073,2.4602266e-03,691102,58.24291,1776.71689,9.9815186e+03,1.2675882e+01,1.3528201e+03,4.7308831e+00,1.0892229e+04,1.3862533e+01,0,nan,nan,nan,nan,58.24291,1.1279770e-03,1776.71689,1.0575847e-03,4.5730448e-03,7.0948671e-03
-0.37941333683920675,1.0001980903878886,0.001274134450473935,2187.3228135913387,2.4602606e-03,691103,58.24277,1776.71479,9.9782900e+03,1.2683480e+01,1.3560615e+03,4.7373710e+00,1.0888639e+04,1.3870842e+01,0,nan,nan,nan,nan,58.24277,1.1272414e-03,1776.71479,1.0578914e-03,2.7495092e-03,4.5043407e-03
-0.37802441457415625,0.9994563445303538,0.0012730719588886744,2187.3242025136037,2.4602946e-03,691104,58.24538,1776.71923,9.9729678e+03,1.2672844e+01,1.3482949e+03,4.7293139e+00,1.0880512e+04,1.3859210e+01,0,nan,nan,nan,nan,58.24538,1.1275122e-03,1776.71923,1.0584379e-03,7.0891213e-03,6.3103465e-03
-0.3766354920753656,1.0017528046217352,0.0012751100177572374,2187.3255914361025,2.4603289e-03,691105,58.24341,1776.71591,9.9937988e+03,1.2693071e+01,1.3514548e+03,4.7437553e+00,1.0905460e+04,1.3881330e+01,0,nan,nan,nan,nan,58.24341,1.1281433e-03,1776.71591,1.0567820e-03,1.3815485e-03,4.1795606e-03
-0.3752465698089509,1.0022836614320914,0.0012760546707061232,2187.326980358369,2.4603629e-03,691106,58.24566,1776.71444,9.9990469e+03,1.2702413e+01,1.3528331e+03,4.7485466e+00,1.0911187e+04,1.3891546e+01,0,nan,nan,nan,nan,58.24566,1.1275775e-03,1776.71444,1.0570064e-03,6.5399762e-03,2.8134438e-03
-0.373857647310615,0.9986973918381521,0.0012731292330135297,2187.3283692808673,2.4603971e-03,691107,58.24373,1776.72163,9.9654492e+03,1.2673229e+01,1.3526512e+03,4.7337217e+00,1.0872092e+04,1.3859632e+01,0,nan,nan,nan,nan,58.24373,1.1283904e-03,1776.72163,1.0589426e-03,4.9734483e-03,9.4301486e-03
-0.372468725044655,1.001320440390784,0.0012746734394549339,2187.329758203133,2.4604311e-03,691108,58.24261,1776.71751,9.9900732e+03,1.2688538e+01,1.3525042e+03,4.7401066e+00,1.0900592e+04,1.3876372e+01,0,nan,nan,nan,nan,58.24261,1.1272954e-03,1776.71751,1.0571161e-03,3.2363138e-03,3.7323206e-03
-0.371079802778695,1.0000806368962842,0.001273681939964256,2187.331147125399,2.4604651e-03,691109,58.24795,1776.71778,9.9764590e+03,1.2678605e+01,1.3573040e+03,4.7383327e+00,1.0887041e+04,1.3865510e+01,0,nan,nan,nan,nan,58.24795,1.1291343e-03,1776.71778,1.0569765e-03,9.3977423e-03,4.5541520e-03
-0.3696908802803591,1.0001875606358717,0.001273613501642468,2187.3325360478975,2.4604993e-03,691110,58.24328,1776.71636,9.9797041e+03,1.2677857e+01,1.3542524e+03,4.7336473e+00,1.0888149e+04,1.3864694e+01,0,nan,nan,nan,nan,58.24328,1.1273430e-03,1776.71636,1.0585990e-03,4.1492488e-03,4.6540415e-03
-0.3683019580148539,1.001569520946331,0.0012737847416364999,2187.333924970163,2.4605333e-03,691111,58.24554,1776.71709,9.9932393e+03,1.2679499e+01,1.3539611e+03,4.7310658e+00,1.0903139e+04,1.3866488e+01,0,nan,nan,nan,nan,58.24554,1.1247130e-03,1776.71709,1.0566032e-03,6.3330904e-03,4.9570692e-03
-0.36691303574843914,1.000450375527205,0.0012748227518448653,2187.3353138924294,2.4605673e-03,691112,58.24362,1776.71755,9.9811221e+03,1.2689765e+01,1.3488910e+03,4.7402444e+00,1.0890899e+04,1.3877716e+01,0,nan,nan,nan,nan,58.24362,1.1283724e-03,1776.71755,1.0574944e-03,6.7515117e-03,6.4584753e-03
-0.3655241132496485,0.9997182571261551,0.0012739442786866082,2187.3367028149282,2.4606015e-03,691113,58.24078,1776.71672,9.9758242e+03,1.2680955e+01,1.3634154e+03,4.7380977e+00,1.0882872e+04,1.3868080e+01,0,nan,nan,nan,nan,58.24078,1.1268264e-03,1776.71672,1.0583311e-03,3.9775125e-04,5.6172479e-03
-0.3641351909836885,1.0001318132411017,0.0012736706013899946,2187.338091737194,2.4606355e-03,691114,58.24541,1776.71529,9.9782520e+03,1.2678164e+01,1.3528947e+03,4.7371621e+00,1.0887317e+04,1.3865028e+01,0,nan,nan,nan,nan,58.24541,1.1283789e-03,1776.71529,1.0572020e-03,8.1865685e-03,4.4472571e-03
-0.36274626848444314,0.9994389305853814,0.0012735557366239623,2187.3394806596934,2.4606697e-03,691115,58.24346,1776.72027,9.9724688e+03,1.2676954e+01,1.3478995e+03,4.7369308e+00,1.0879718e+04,1.3863706e+01,0,nan,nan,nan,nan,58.24346,1.1282233e-03,1776.72027,1.0578934e-03,3.9139492e-03,7.6326882e-03
-0.3613573462180284,0.9997333009854554,0.0012736720354781866,2187.34086958196,2.4607037e-03,691116,58.24871,1776.71683,9.9728125e+03,1.2678045e+01,1.3550840e+03,4.7385554e+00,1.0882864e+04,1.3864898e+01,0,nan,nan,nan,nan,58.24871,1.1269958e-03,1776.71683,1.0589254e-03,7.7676037e-03,4.6083126e-03
-0.35996842395252315,1.0011196399988742,0.0012735331394353195,2187.3422585042254,2.4607377e-03,691117,58.24100,1776.71895,9.9875293e+03,1.2676595e+01,1.3464091e+03,4.7261744e+00,1.0897897e+04,1.3863313e+01,0,nan,nan,nan,nan,58.24100,1.1256116e-03,1776.71895,1.0560454e-03,3.3823131e-03,7.4043805e-03
-0.35857950145418727,0.9993149567419,0.0012741329294403963,2187.3436474267237,2.4607719e-03,691118,58.24191,1776.70910,9.9714219e+03,1.2682498e+01,1.3576057e+03,4.7414451e+00,1.0878194e+04,1.3869768e+01,0,nan,nan,nan,nan,58.24191,1.1286500e-03,1776.70910,1.0591401e-03,4.0899236e-03,-3.5011729e-03
-0.35719057918777253,1.0007878106943466,0.001273410684359301,2187.34503634899,2.4608059e-03,691119,58.24140,1776.71915,9.9844307e+03,1.2675242e+01,1.3436727e+03,4.7288504e+00,1.0894171e+04,1.3861833e+01,0,nan,nan,nan,nan,58.24140,1.1272213e-03,1776.71915,1.0579253e-03,2.8273761e-03,8.0751944e-03
-0.35580165668943664,0.9979275462409297,0.0012728713049306585,2187.3464252714884,2.4608402e-03,691120,58.24874,1776.72236,9.9574189e+03,1.2669806e+01,1.3560963e+03,4.7336903e+00,1.0862977e+04,1.3855887e+01,0,nan,nan,nan,nan,58.24874,1.1283399e-03,1776.72236,1.0589042e-03,8.6892070e-03,1.1023693e-02
-0.3544127344239314,0.9998307356977627,0.001273480776612827,2187.347814193754,2.4608742e-03,691121,58.24701,1776.72091,9.9754316e+03,1.2675803e+01,1.3447380e+03,4.7302165e+00,1.0883637e+04,1.3862447e+01,0,nan,nan,nan,nan,58.24701,1.1292367e-03,1776.72091,1.0567283e-03,7.1121939e-03,8.3675934e-03
-0.353023811924686,1.0013636572988827,0.0012753222879944947,2187.349203116253,2.4609084e-03,691122,58.24607,1776.71760,9.9913350e+03,1.2694067e+01,1.3674937e+03,4.7449980e+00,1.0900265e+04,1.3882420e+01,0,nan,nan,nan,nan,58.24607,1.1264163e-03,1776.71760,1.0577590e-03,4.9693082e-03,5.3410530e-03
-0.351634889658726,0.9997185577299295,0.0012734872274164993,2187.350592038519,2.4609424e-03,691123,58.24837,1776.71550,9.9756582e+03,1.2675733e+01,1.3471449e+03,4.7339621e+00,1.0882300e+04,1.3862370e+01,0,nan,nan,nan,nan,58.24837,1.1276318e-03,1776.71550,1.0565027e-03,7.0008226e-03,5.4044570e-03
-0.3502459673932208,0.9986582000166331,0.0012739850136486964,2187.3519809607847,2.4609764e-03,691124,58.24645,1776.72014,9.9659062e+03,1.2680621e+01,1.3546561e+03,4.7471695e+00,1.0870699e+04,1.3867716e+01,0,nan,nan,nan,nan,58.24645,1.1290078e-03,1776.72014,1.0573791e-03,9.6527357e-03,6.7099934e-03
-0.34885704489443015,0.9995486853212173,0.0012731960581965707,2187.3533698832834,2.4610106e-03,691125,58.24423,1776.71843,9.9720557e+03,1.2672702e+01,1.3424175e+03,4.7258992e+00,1.0880335e+04,1.3859055e+01,0,nan,nan,nan,nan,58.24423,1.1268661e-03,1776.71843,1.0594977e-03,3.8282983e-03,6.2455982e-03
-0.3474681226280154,0.9988793677136015,0.0012734933733928196,2187.35475880555,2.4610446e-03,691126,58.24565,1776.71939,9.9655049e+03,1.2675593e+01,1.3483575e+03,4.7353754e+00,1.0872991e+04,1.3862217e+01,0,nan,nan,nan,nan,58.24565,1.1289167e-03,1776.71939,1.0590268e-03,8.0509679e-03,5.7191802e-03
-0.34607920013013427,0.9990720024052552,0.0012730170618437493,2187.3561477280477,2.4610788e-03,691127,58.24612,1776.72080,9.9666777e+03,1.2670787e+01,1.3526899e+03,4.7294822e+00,1.0875031e+04,1.3856959e+01,0,nan,nan,nan,nan,58.24612,1.1283483e-03,1776.72080,1.0580687e-03,6.0899169e-03,7.7811722e-03
-0.344690277864629,1.0013181996168015,0.0012744428657993382,2187.3575366503132,2.4611128e-03,691128,58.24469,1776.71804,9.9915371e+03,1.2684912e+01,1.3497714e+03,4.7367487e+00,1.0899424e+04,1.3872407e+01,0,nan,nan,nan,nan,58.24469,1.1265553e-03,1776.71804,1.0567677e-03,4.5119855e-03,5.6107142e-03
-0.3433013553658384,1.0014798290723215,0.0012737665174648754,2187.358925572812,2.4611470e-03,691129,58.24406,1776.71959,9.9938496e+03,1.2678113e+01,1.3453511e+03,4.7251372e+00,1.0901127e+04,1.3864972e+01,0,nan,nan,nan,nan,58.24406,1.1258156e-03,1776.71959,1.0549853e-03,8.2764355e-03,7.0898440e-03
-0.34191243309942365,0.999325156175984,0.0012730246303970256,2187.3603144950785,2.4611810e-03,691130,58.24708,1776.71353,9.9705869e+03,1.2670664e+01,1.3489440e+03,4.7257910e+00,1.0877617e+04,1.3856825e+01,0,nan,nan,nan,nan,58.24708,1.1277924e-03,1776.71353,1.0581674e-03,7.8738881e-03,-6.0526823e-04
-0.3405235108339184,1.0000127784589758,0.0012733244677127847,2187.361703417344,2.4612150e-03,691131,58.24546,1776.72143,9.9781240e+03,1.2673583e+01,1.3481956e+03,4.7272925e+00,1.0885045e+04,1.3860018e+01,0,nan,nan,nan,nan,58.24546,1.1261912e-03,1776.72143,1.0577962e-03,7.7786366e-03,9.8350327e-03
-0.339134588334673,0.999443110768754,0.0012735339893098555,2187.363092339843,2.4612492e-03,691132,58.24716,1776.71710,9.9717832e+03,1.2675603e+01,1.3568979e+03,4.7358794e+00,1.0878790e+04,1.3862227e+01,0,nan,nan,nan,nan,58.24716,1.1275165e-03,1776.71710,1.0575926e-03,8.7599540e-03,5.8345245e-03
-0.33774566606780354,1.0012347422046308,0.001273307558309339,2187.36448126211,2.4612832e-03,691133,58.25079,1776.72009,9.9898994e+03,1.2673286e+01,1.3429343e+03,4.7258887e+00,1.0898236e+04,1.3859693e+01,0,nan,nan,nan,nan,58.25079,1.1248424e-03,1776.72009,1.0559176e-03,1.0444333e-02,8.9108394e-03
-0.33635674356946765,0.9989238853471384,0.0012722121627693982,2187.3658701846084,2.4613175e-03,691134,58.24307,1776.71372,9.9665791e+03,1.2662318e+01,1.3446542e+03,4.7218184e+00,1.0873027e+04,1.3847699e+01,0,nan,nan,nan,nan,58.24307,1.1268373e-03,1776.71372,1.0588377e-03,3.6861666e-03,3.0054189e-03
-0.3349678213039624,0.9985062729640815,0.0012734838005451616,2187.367259106874,2.4613515e-03,691135,58.24719,1776.71719,9.9605361e+03,1.2674912e+01,1.3503376e+03,4.7393022e+00,1.0868428e+04,1.3861472e+01,0,nan,nan,nan,nan,58.24719,1.1293970e-03,1776.71719,1.0599022e-03,6.5049268e-03,6.2040915e-03
-0.3335788988051718,1.0004345620701494,0.0012744084779169255,2187.3686480293727,2.4613857e-03,691136,58.24482,1776.71387,9.9823184e+03,1.2684052e+01,1.3504210e+03,4.7470446e+00,1.0889362e+04,1.3871468e+01,0,nan,nan,nan,nan,58.24482,1.1253862e-03,1776.71387,1.0567310e-03,5.8010183e-03,2.0694984e-03
-0.33218997653875704,1.000631631290546,0.0012748996314457587,2187.370036951639,2.4614197e-03,691137,58.24876,1776.72384,9.9763037e+03,1.2688878e+01,1.3535074e+03,4.7402544e+00,1.0891454e+04,1.3876745e+01,0,nan,nan,nan,nan,58.24876,1.1283733e-03,1776.72384,1.0645920e-03,1.2901665e-02,1.6088068e-02
-0.3308010540408759,1.0015342622226895,0.001274841728006932,2187.371425874137,2.4614539e-03,691138,58.24498,1776.71561,9.9895430e+03,1.2688241e+01,1.3517245e+03,4.7434063e+00,1.0901226e+04,1.3876047e+01,0,nan,nan,nan,nan,58.24498,1.1262469e-03,1776.71561,1.0594071e-03,3.9448170e-03,4.2307735e-03
-0.3294121317749159,1.0010683950770034,0.0012740824694423816,2187.372814796403,2.4614879e-03,691139,58.24564,1776.72005,9.9872881e+03,1.2680624e+01,1.3578822e+03,4.7310815e+00,1.0896103e+04,1.3867718e+01,0,nan,nan,nan,nan,58.24564,1.1266985e-03,1776.72005,1.0569006e-03,9.3926899e-03,9.1162166e-03
-0.3280232092756705,0.9998605200726702,0.0012731886479005396,2187.374203718902,2.4615221e-03,691140,58.24569,1776.71876,9.9752480e+03,1.2671666e+01,1.3494463e+03,4.7314959e+00,1.0882903e+04,1.3857922e+01,0,nan,nan,nan,nan,58.24569,1.1282217e-03,1776.71876,1.0575589e-03,7.2053564e-03,6.1784792e-03
-0.3266342870101653,0.9992002877713692,0.0012743475636166762,2187.3755926411677,2.4615561e-03,691141,58.24349,1776.71672,9.9661182e+03,1.2683142e+01,1.3590796e+03,4.7451158e+00,1.0875666e+04,1.3870472e+01,0,nan,nan,nan,nan,58.24349,1.1284654e-03,1776.71672,1.0594161e-03,4.1944846e-03,4.8450711e-03
-0.32524536474466004,1.000739655002972,0.0012735847077382874,2187.376981563433,2.4615901e-03,691142,58.24710,1776.71965,9.9840986e+03,1.2675488e+01,1.3480996e+03,4.7293324e+00,1.0892370e+04,1.3862103e+01,0,nan,nan,nan,nan,58.24710,1.1277165e-03,1776.71965,1.0567311e-03,8.3915293e-03,7.6658241e-03
-0.3238564422458694,1.0009200862838772,0.0012734576890220271,2187.378370485932,2.4616243e-03,691143,58.24475,1776.71780,9.9865469e+03,1.2674168e+01,1.3405771e+03,4.7260146e+00,1.0894285e+04,1.3860658e+01,0,nan,nan,nan,nan,58.24475,1.1249153e-03,1776.71780,1.0579086e-03,6.9836807e-03,7.9741823e-03
-0.3224675199799094,1.0004682164295473,0.0012743378756777959,2187.379759408198,2.4616583e-03,691144,58.24700,1776.71724,9.9824922e+03,1.2682871e+01,1.3562347e+03,4.7392192e+00,1.0889317e+04,1.3870175e+01,0,nan,nan,nan,nan,58.24700,1.1276058e-03,1776.71724,1.0573886e-03,9.0068635e-03,3.3324938e-03
-0.3210785974815735,0.9994197754279306,0.0012745795061644618,2187.3811483306963,2.4616926e-03,691145,58.24557,1776.71579,9.9690996e+03,1.2685220e+01,1.3571854e+03,4.7401452e+00,1.0877856e+04,1.3872744e+01,0,nan,nan,nan,nan,58.24557,1.1289609e-03,1776.71579,1.0591563e-03,7.6959701e-03,6.5408391e-03
-0.3196896752151588,0.9986193589280417,0.0012734021446972601,2187.3825372529627,2.4617265e-03,691146,58.24737,1776.72016,9.9649082e+03,1.2673444e+01,1.3571561e+03,4.7351494e+00,1.0869097e+04,1.3859866e+01,0,nan,nan,nan,nan,58.24737,1.1277720e-03,1776.72016,1.0589502e-03,8.1817703e-03,7.8448383e-03
-0.31830075271636815,0.9974228644638586,0.0012739572682406164,2187.3839261754615,2.4617608e-03,691147,58.24683,1776.71937,9.9505361e+03,1.2678914e+01,1.3591021e+03,4.7480617e+00,1.0856027e+04,1.3865849e+01,0,nan,nan,nan,nan,58.24683,1.1318118e-03,1776.71937,1.0598492e-03,7.5394455e-03,8.0252383e-03
-0.31691183045131766,0.9983230804945674,0.0012736874358633638,2187.3853150977266,2.4617948e-03,691148,58.24393,1776.71831,9.9595039e+03,1.2676176e+01,1.3494364e+03,4.7374692e+00,1.0865779e+04,1.3862854e+01,0,nan,nan,nan,nan,58.24393,1.1295229e-03,1776.71831,1.0595322e-03,5.3005153e-03,8.0201915e-03
-0.31552290795298177,1.0006999284029052,0.001273827742274955,2187.386704020225,2.4618290e-03,691149,58.24490,1776.71914,9.9822705e+03,1.2677518e+01,1.3422305e+03,4.7322388e+00,1.0891603e+04,1.3864322e+01,0,nan,nan,nan,nan,58.24490,1.1276557e-03,1776.71914,1.0570175e-03,8.2238186e-03,6.5421388e-03
-0.3141339856861123,0.9998935727730681,0.001273427773385553,2187.3880929424918,2.4618630e-03,691150,58.24678,1776.71544,9.9759893e+03,1.2673485e+01,1.3408992e+03,4.7328091e+00,1.0882781e+04,1.3859911e+01,0,nan,nan,nan,nan,58.24678,1.1273789e-03,1776.71544,1.0570739e-03,7.8598885e-03,4.7591790e-03
-0.3127450634192428,1.0005144021108683,0.0012730942594073034,2187.3894818647586,2.4618970e-03,691151,58.24771,1776.72130,9.9798418e+03,1.2670115e+01,1.3395542e+03,4.7207403e+00,1.0889494e+04,1.3856225e+01,0,nan,nan,nan,nan,58.24771,1.1261110e-03,1776.72130,1.0565642e-03,9.7650746e-03,1.0443416e-02
-0.3113561409209069,1.0004251033418803,0.0012736876897223013,2187.390870787257,2.4619312e-03,691152,58.24391,1776.71628,9.9786133e+03,1.2675971e+01,1.3477449e+03,4.7257714e+00,1.0888479e+04,1.3862629e+01,0,nan,nan,nan,nan,58.24391,1.1283879e-03,1776.71628,1.0578893e-03,3.7359584e-03,1.0836346e-03
-0.30996721865449217,0.9979441517394226,0.0012735838864468912,2187.3922597095234,2.4619652e-03,691153,58.24612,1776.72170,9.9548574e+03,1.2674888e+01,1.3528339e+03,4.7444181e+00,1.0861435e+04,1.3861444e+01,0,nan,nan,nan,nan,58.24612,1.1309058e-03,1776.72170,1.0594511e-03,8.5592736e-03,1.1654148e-02
-0.3085782961561563,0.99997666986511,0.001273741532978579,2187.3936486320217,2.4619994e-03,691154,58.24838,1776.71502,9.9768193e+03,1.2676409e+01,1.3495746e+03,4.7296000e+00,1.0883515e+04,1.3863109e+01,0,nan,nan,nan,nan,58.24838,1.1245745e-03,1776.71502,1.0573848e-03,8.7814191e-03,3.2476510e-03
-0.30718937389065104,1.0016544503666287,0.0012733137434334217,2187.3950375542872,2.4620334e-03,691155,58.24645,1776.71797,9.9935986e+03,1.2672103e+01,1.3438835e+03,4.7189560e+00,1.0901734e+04,1.3858399e+01,0,nan,nan,nan,nan,58.24645,1.1251747e-03,1776.71797,1.0554924e-03,5.0438070e-03,5.1661739e-03
-0.30580045139231515,0.9999182253856207,0.0012733628754193723,2187.3964264767856,2.4620676e-03,691156,58.24257,1776.71566,9.9731963e+03,1.2672545e+01,1.3479390e+03,4.7314305e+00,1.0882797e+04,1.3858883e+01,0,nan,nan,nan,nan,58.24257,1.1264615e-03,1776.71566,1.0585604e-03,5.0070984e-03,3.3437980e-03
-0.3044115291259004,0.9998266353387396,0.00127547951996423,2187.397815399052,2.4621016e-03,691157,58.24882,1776.72332,9.9745703e+03,1.2693564e+01,1.3602234e+03,4.7534876e+00,1.0881761e+04,1.3881869e+01,0,nan,nan,nan,nan,58.24882,1.1279017e-03,1776.72332,1.0589894e-03,9.3318271e-03,1.1762984e-02
-0.3030226066271098,1.0011592875828605,0.0012748292083636585,2187.3992043215508,2.4621359e-03,691158,58.24763,1776.72026,9.9881416e+03,1.2687047e+01,1.3488749e+03,4.7362618e+00,1.0896228e+04,1.3874743e+01,0,nan,nan,nan,nan,58.24763,1.1292030e-03,1776.72026,1.0577966e-03,7.8281900e-03,8.0439895e-03
-0.30163368436160454,1.0013595558109962,0.0012744960721078036,2187.4005932438163,2.4621699e-03,691159,58.24654,1776.71945,9.9892090e+03,1.2683688e+01,1.3487661e+03,4.7352934e+00,1.0898370e+04,1.3871070e+01,0,nan,nan,nan,nan,58.24654,1.1269322e-03,1776.71945,1.0569508e-03,6.4827767e-03,6.6272551e-03
-0.30024476209564455,0.9995655607857363,0.0012734168025202528,2187.4019821660822,2.4622038e-03,691160,58.24736,1776.71811,9.9720137e+03,1.2672905e+01,1.3567571e+03,4.7321048e+00,1.0878808e+04,1.3859277e+01,0,nan,nan,nan,nan,58.24736,1.1278405e-03,1776.71811,1.0572770e-03,6.5634926e-03,6.5060826e-03
-0.2988558395968539,0.998954666401782,0.0012733234805672943,2187.403371088581,2.4622381e-03,691161,58.24782,1776.71808,9.9658799e+03,1.2671935e+01,1.3490221e+03,4.7353873e+00,1.0872123e+04,1.3858216e+01,0,nan,nan,nan,nan,58.24782,1.1283373e-03,1776.71808,1.0571000e-03,7.9425639e-03,6.2152068e-03
-0.29746691733134867,0.9995057956530848,0.00127312359347152,2187.4047600108465,2.4622721e-03,691162,58.24656,1776.72006,9.9714863e+03,1.2669906e+01,1.3500658e+03,4.7282605e+00,1.0878086e+04,1.3855996e+01,0,nan,nan,nan,nan,58.24656,1.1261639e-03,1776.72006,1.0573327e-03,5.1576109e-03,8.4223775e-03
-0.29607799483255803,0.9996593870026884,0.0012741715679759056,2187.4061489333453,2.4623063e-03,691163,58.24827,1776.72013,9.9728955e+03,1.2680295e+01,1.3512532e+03,4.7383475e+00,1.0879725e+04,1.3867358e+01,0,nan,nan,nan,nan,58.24827,1.1277120e-03,1776.72013,1.0586336e-03,8.3568888e-03,8.9355754e-03
-0.2946890725661433,0.9994480811828074,0.001274286081259081,2187.4075378556117,2.4623403e-03,691164,58.24828,1776.72038,9.9701709e+03,1.2681396e+01,1.3551787e+03,4.7405553e+00,1.0877391e+04,1.3868563e+01,0,nan,nan,nan,nan,58.24828,1.1286796e-03,1776.72038,1.0583665e-03,9.6540032e-03,7.7294810e-03
-0.2933001500678074,0.9984533847747755,0.00127300567788247,2187.40892677811,2.4623745e-03,691165,58.24716,1776.71608,9.9606953e+03,1.2668616e+01,1.3539932e+03,4.7339840e+00,1.0866533e+04,1.3854587e+01,0,nan,nan,nan,nan,58.24716,1.1283762e-03,1776.71608,1.0581323e-03,9.5275352e-03,5.1163072e-03
-0.2919112278027569,1.0013380229793185,0.0012749641350644516,2187.410315700375,2.4624085e-03,691166,58.24765,1776.71916,9.9879902e+03,1.2688071e+01,1.3460049e+03,4.7339306e+00,1.0897896e+04,1.3875862e+01,0,nan,nan,nan,nan,58.24765,1.1262657e-03,1776.71916,1.0583650e-03,6.6624153e-03,7.4799317e-03
-0.2905223053039663,1.0011786515081942,0.0012741632263823153,2187.411704622874,2.4624427e-03,691167,58.24968,1776.72006,9.9849961e+03,1.2680064e+01,1.3515223e+03,4.7276855e+00,1.0896133e+04,1.3867105e+01,0,nan,nan,nan,nan,58.24968,1.1265385e-03,1776.72006,1.0568260e-03,1.0102720e-02,8.9801326e-03
-0.28913338303664204,1.000683446092039,0.0012748193908910866,2187.4130935451412,2.4624767e-03,691168,58.24678,1776.71744,9.9824453e+03,1.2686561e+01,1.3547606e+03,4.7357693e+00,1.0890713e+04,1.3874210e+01,0,nan,nan,nan,nan,58.24678,1.1273090e-03,1776.71744,1.0594859e-03,8.2984734e-03,5.0896248e-03
-0.28774446077068205,1.0010768493298934,0.0012736878204128712,2187.414482467407,2.4625107e-03,691169,58.24927,1776.72141,9.9840264e+03,1.2675266e+01,1.3494009e+03,4.7276545e+00,1.0894967e+04,1.3861859e+01,0,nan,nan,nan,nan,58.24927,1.1265448e-03,1776.72141,1.0581724e-03,9.1719134e-03,1.1200154e-02
-0.2863555382718914,1.0010651961855024,0.0012739935485652073,2187.415871389906,2.4625449e-03,691170,58.24660,1776.71360,9.9848047e+03,1.2678276e+01,1.3529561e+03,4.7304139e+00,1.0894812e+04,1.3865150e+01,0,nan,nan,nan,nan,58.24660,1.1267413e-03,1776.71360,1.0568349e-03,9.6210092e-03,1.6564871e-03
-0.2849666160054767,0.999951247706903,0.0012743659546821135,2187.4172603121724,2.4625789e-03,691171,58.25038,1776.72588,9.9759023e+03,1.2681952e+01,1.3575967e+03,4.7418442e+00,1.0882662e+04,1.3869170e+01,0,nan,nan,nan,nan,58.25038,1.1272434e-03,1776.72588,1.0570774e-03,1.0637051e-02,1.2159919e-02
-0.28357769350759554,1.0002152400397264,0.0012734724518515964,2187.4186492346703,2.4626132e-03,691172,58.24625,1776.71737,9.9776025e+03,1.2673031e+01,1.3475426e+03,4.7283511e+00,1.0885510e+04,1.3859414e+01,0,nan,nan,nan,nan,58.24625,1.1279448e-03,1776.71737,1.0579445e-03,9.1224490e-03,4.4305599e-03
-0.2821887712420903,1.001041274997221,0.0012740330135477592,2187.420038156936,2.4626472e-03,691173,58.24810,1776.72143,9.9873965e+03,1.2678580e+01,1.3463400e+03,4.7303777e+00,1.0894476e+04,1.3865483e+01,0,nan,nan,nan,nan,58.24810,1.1263879e-03,1776.72143,1.0571792e-03,7.9022460e-03,8.6906580e-03
-0.2807998489761303,0.999501709009998,0.0012734454104922383,2187.4214270792017,2.4626812e-03,691174,58.24918,1776.72008,9.9701670e+03,1.2672706e+01,1.3446489e+03,4.7338219e+00,1.0877695e+04,1.3859058e+01,0,nan,nan,nan,nan,58.24918,1.1279769e-03,1776.72008,1.0569597e-03,1.1361700e-02,1.0613737e-02
-0.2794109264768849,1.0012573872057413,0.001274914357582168,2187.422816001701,2.4627154e-03,691175,58.24801,1776.71840,9.9878203e+03,1.2687297e+01,1.3425370e+03,4.7386637e+00,1.0896781e+04,1.3875016e+01,0,nan,nan,nan,nan,58.24801,1.1281064e-03,1776.71840,1.0581178e-03,8.7087639e-03,8.2128663e-03
-0.2780220042113797,0.9991045751924361,0.0012724857016581355,2187.4242049239665,2.4627494e-03,691176,58.24634,1776.71960,9.9667275e+03,1.2663103e+01,1.3462356e+03,4.7180219e+00,1.0873330e+04,1.3848557e+01,0,nan,nan,nan,nan,58.24634,1.1272595e-03,1776.71960,1.0572462e-03,9.9759167e-03,7.3869191e-03
-0.27663308171258905,0.998494137006585,0.0012728390634329366,2187.4255938464653,2.4627836e-03,691177,58.24850,1776.71527,9.9612666e+03,1.2666595e+01,1.3409916e+03,4.7308621e+00,1.0866665e+04,1.3852376e+01,0,nan,nan,nan,nan,58.24850,1.1280482e-03,1776.71527,1.0575012e-03,7.5973999e-03,4.5241788e-03
-0.27524415944662906,1.0025980618216297,0.0012763505153028695,2187.4269827687312,2.4628176e-03,691178,58.24780,1776.72036,1.0002724e+04,1.2701516e+01,1.3492407e+03,4.7419930e+00,1.0911309e+04,1.3890566e+01,0,nan,nan,nan,nan,58.24780,1.1270171e-03,1776.72036,1.0579720e-03,9.0812519e-03,9.9968743e-03
-0.27385523694829317,0.9982458875257157,0.0012748886539314145,2187.4283716912296,2.4628518e-03,691179,58.24421,1776.71575,9.9585547e+03,1.2686945e+01,1.3591293e+03,4.7525582e+00,1.0863925e+04,1.3874631e+01,0,nan,nan,nan,nan,58.24421,1.1311654e-03,1776.71575,1.0589376e-03,6.4041126e-03,4.3941573e-03
-0.2724663146827879,0.9980040047328528,0.0012726702568377438,2187.429760613495,2.4628858e-03,691180,58.24952,1776.72108,9.9555605e+03,1.2664849e+01,1.3440652e+03,4.7320256e+00,1.0861274e+04,1.3850466e+01,0,nan,nan,nan,nan,58.24952,1.1278923e-03,1776.72108,1.0577129e-03,1.0880261e-02,9.2080925e-03
-0.2710773924163732,0.999143189176137,0.0012733789935553243,2187.4311495357615,2.4629198e-03,691181,58.25012,1776.71873,9.9665781e+03,1.2671883e+01,1.3538870e+03,4.7333221e+00,1.0873655e+04,1.3858158e+01,0,nan,nan,nan,nan,58.25012,1.1278217e-03,1776.71873,1.0573763e-03,1.2588490e-02,8.5587520e-03
-0.26968846991758255,0.9976176795528575,0.0012727112613860423,2187.4325384582603,2.4629540e-03,691182,58.24737,1776.72036,9.9501484e+03,1.2665218e+01,1.3493209e+03,4.7367473e+00,1.0857036e+04,1.3850870e+01,0,nan,nan,nan,nan,58.24737,1.1289290e-03,1776.72036,1.0593606e-03,8.4985467e-03,7.5672204e-03
-0.26829954765253206,1.0026829039979381,0.0012746618710864415,2187.4339273805253,2.4629880e-03,691183,58.24867,1776.71986,1.0003672e+04,1.2684610e+01,1.3461123e+03,4.7280812e+00,1.0912146e+04,1.3872079e+01,0,nan,nan,nan,nan,58.24867,1.1240245e-03,1776.71986,1.0562598e-03,8.9458870e-03,6.4069140e-03
-0.2669106253861173,0.9993821018922148,0.0012734762564354178,2187.4353163027918,2.4630220e-03,691184,58.24457,1776.71952,9.9656182e+03,1.2672797e+01,1.3343982e+03,4.7315631e+00,1.0876209e+04,1.3859159e+01,0,nan,nan,nan,nan,58.24457,1.1304639e-03,1776.71952,1.0580353e-03,6.9919052e-03,6.2337783e-03
-0.2655217028873267,1.0019547175520056,0.0012744051714559147,2187.4367052252906,2.4630562e-03,691185,58.24738,1776.71868,9.9931709e+03,1.2682025e+01,1.3467310e+03,4.7315779e+00,1.0904193e+04,1.3869250e+01,0,nan,nan,nan,nan,58.24738,1.1262327e-03,1776.71868,1.0562239e-03,8.0537098e-03,6.4174738e-03
-0.2641327806213667,0.9989246190874699,0.001274511114854176,2187.4380941475565,2.4630902e-03,691186,58.24786,1776.71922,9.9655479e+03,1.2683065e+01,1.3582247e+03,4.7401795e+00,1.0871205e+04,1.3870388e+01,0,nan,nan,nan,nan,58.24786,1.1277085e-03,1776.71922,1.0602187e-03,9.4022183e-03,7.1234689e-03
-0.2627438581221213,1.000431588815409,0.0012739573311146928,2187.4394830700558,2.4631245e-03,691187,58.24633,1776.71591,9.9781943e+03,1.2677540e+01,1.3421940e+03,4.7347770e+00,1.0887593e+04,1.3864346e+01,0,nan,nan,nan,nan,58.24633,1.1275405e-03,1776.71591,1.0565806e-03,9.4975978e-03,6.2154848e-03
-0.26135493585570657,1.000987913073791,0.0012742594677730699,2187.440871992322,2.4631585e-03,691188,58.24482,1776.71728,9.9850244e+03,1.2680534e+01,1.3515020e+03,4.7345057e+00,1.0893638e+04,1.3867620e+01,0,nan,nan,nan,nan,58.24482,1.1269354e-03,1776.71728,1.0577176e-03,7.6102479e-03,5.0084153e-03
-0.25996601359020133,0.9999364864454714,0.0012744746969846248,2187.4422609145877,2.4631924e-03,691189,58.24843,1776.72543,9.9762695e+03,1.2682665e+01,1.3568392e+03,4.7348199e+00,1.0882186e+04,1.3869950e+01,0,nan,nan,nan,nan,58.24843,1.1272709e-03,1776.72543,1.0585272e-03,1.1520608e-02,1.7248904e-02
-0.25857709109186544,1.0025421161158958,0.001274269775863947,2187.443649837086,2.4632267e-03,691190,58.24978,1776.71938,9.9999316e+03,1.2680616e+01,1.3471362e+03,4.7250586e+00,1.0910533e+04,1.3867710e+01,0,nan,nan,nan,nan,58.24978,1.1249142e-03,1776.71938,1.0556004e-03,9.0970844e-03,8.0182161e-03
-0.2571881688254507,1.0006668494326378,0.0012744669916038387,2187.4450387593524,2.4632607e-03,691191,58.24781,1776.72041,9.9815225e+03,1.2682569e+01,1.3414246e+03,4.7345343e+00,1.0890117e+04,1.3869845e+01,0,nan,nan,nan,nan,58.24781,1.1281691e-03,1776.72041,1.0569257e-03,7.8420984e-03,1.0344432e-02
-0.2557992465594907,0.9982392443599808,0.001274047415983378,2187.4464276816184,2.4632947e-03,691192,58.24844,1776.71673,9.9585293e+03,1.2678387e+01,1.3480503e+03,4.7433071e+00,1.0863690e+04,1.3865272e+01,0,nan,nan,nan,nan,58.24844,1.1293967e-03,1776.71673,1.0601033e-03,1.0483887e-02,5.2308664e-03
-0.2544103240611548,0.999037027726325,0.0012738485797879468,2187.4478166041167,2.4633289e-03,691193,58.24781,1776.72382,9.9657861e+03,1.2676401e+01,1.3479390e+03,4.7440548e+00,1.0872367e+04,1.3863099e+01,0,nan,nan,nan,nan,58.24781,1.1278325e-03,1776.72382,1.0584951e-03,9.9473363e-03,1.3627903e-02
-0.25302140179519483,1.002028377651888,0.0012752128850726685,2187.4492055263827,2.4633629e-03,691194,58.24896,1776.71938,9.9945938e+03,1.2689971e+01,1.3532924e+03,4.7393441e+00,1.0904916e+04,1.3877939e+01,0,nan,nan,nan,nan,58.24896,1.1259469e-03,1776.71938,1.0547108e-03,1.0992249e-02,5.9195561e-03
-0.2516324792964042,1.0006279461496415,0.0012743271093378194,2187.4505944488815,2.4633971e-03,691195,58.24695,1776.71843,9.9817988e+03,1.2681150e+01,1.3555530e+03,4.7358418e+00,1.0889671e+04,1.3868295e+01,0,nan,nan,nan,nan,58.24695,1.1272253e-03,1776.71843,1.0558001e-03,9.3713505e-03,7.5850426e-03
-0.25024355703089896,0.9993498592427364,0.0012734363444144659,2187.451983371147,2.4634311e-03,691196,58.24761,1776.72203,9.9673340e+03,1.2672283e+01,1.3487876e+03,4.7289786e+00,1.0875758e+04,1.3858596e+01,0,nan,nan,nan,nan,58.24761,1.1273939e-03,1776.72203,1.0600808e-03,8.9156767e-03,8.7140901e-03
-0.2488546347653937,1.000129392572379,0.0012737700116072135,2187.4533722934125,2.4634651e-03,691197,58.24865,1776.72276,9.9767305e+03,1.2675599e+01,1.3487981e+03,4.7318101e+00,1.0884239e+04,1.3862224e+01,0,nan,nan,nan,nan,58.24865,1.1263094e-03,1776.72276,1.0568285e-03,8.3828922e-03,1.0730562e-02
-0.24746571226660308,0.9991347217846788,0.0012746319529943926,2187.4547612159113,2.4634993e-03,691198,58.25065,1776.71748,9.9661055e+03,1.2684175e+01,1.3458683e+03,4.7525234e+00,1.0873412e+04,1.3871601e+01,0,nan,nan,nan,nan,58.25065,1.1303273e-03,1776.71748,1.0596354e-03,1.3999171e-02,5.4965396e-03
-0.24607679000018834,1.0019807360298563,0.001274606113519279,2187.4561501381777,2.4635333e-03,691199,58.24588,1776.72160,9.9942412e+03,1.2683917e+01,1.3481025e+03,4.7281222e+00,1.0904384e+04,1.3871320e+01,0,nan,nan,nan,nan,58.24588,1.1256513e-03,1776.72160,1.0564246e-03,8.5055530e-03,1.0070413e-02
-0.2446878677346831,1.000519979089499,0.0012734679262729816,2187.457539060443,2.4635673e-03,691200,58.24807,1776.71590,9.9782090e+03,1.2672590e+01,1.3469133e+03,4.7274356e+00,1.0888487e+04,1.3858932e+01,0,nan,nan,nan,nan,58.24807,1.1270645e-03,1776.71590,1.0567664e-03,9.3626063e-03,4.8262640e-03
-0.24329894546917785,0.9998967623729581,0.0012744377852732301,2187.4589279827087,2.4636013e-03,691201,58.25224,1776.72686,9.9726992e+03,1.2682242e+01,1.3575284e+03,4.7365208e+00,1.0881706e+04,1.3869488e+01,0,nan,nan,nan,nan,58.25224,1.1276355e-03,1776.72686,1.0579434e-03,1.4614123e-02,1.7383365e-02
-0.24191002296993247,0.9986888668096323,0.0012723694859962656,2187.460316905208,2.4636355e-03,691202,58.24750,1776.71629,9.9621162e+03,1.2661663e+01,1.3439283e+03,4.7264709e+00,1.0868562e+04,1.3846982e+01,0,nan,nan,nan,nan,58.24750,1.1273890e-03,1776.71629,1.0576126e-03,8.8591902e-03,4.6001282e-03
-0.24052110070442723,1.0005971147018893,0.0012741252568268203,2187.4617058274735,2.4636695e-03,691203,58.24997,1776.72418,9.9790986e+03,1.2679136e+01,1.3468376e+03,4.7342277e+00,1.0889331e+04,1.3866092e+01,0,nan,nan,nan,nan,58.24997,1.1291814e-03,1776.72418,1.0563327e-03,1.2018804e-02,1.2698347e-02
-0.23913217843892198,0.9979323587044505,0.0012726465794433814,2187.463094749739,2.4637035e-03,691204,58.24335,1776.70717,9.9555615e+03,1.2664426e+01,1.3486926e+03,4.7274251e+00,1.0860334e+04,1.3850004e+01,0,nan,nan,nan,nan,58.24335,1.1278719e-03,1776.70717,1.0582461e-03,5.3587332e-03,-4.2697610e-03
-0.23774325593922185,0.9996502979691405,0.0012732191695080984,2187.4644836722387,2.4637377e-03,691205,58.25293,1776.72786,9.9683604e+03,1.2670129e+01,1.3586719e+03,4.7271314e+00,1.0879034e+04,1.3856240e+01,0,nan,nan,nan,nan,58.25293,1.1271822e-03,1776.72786,1.0586424e-03,1.5151851e-02,1.8111305e-02
-0.23635433367235237,1.0011045475270335,0.0012742163673188328,2187.4658725945055,2.4637717e-03,691206,58.24946,1776.72200,9.9864512e+03,1.2680058e+01,1.3457063e+03,4.7326488e+00,1.0894865e+04,1.3867099e+01,0,nan,nan,nan,nan,58.24946,1.1267046e-03,1776.72200,1.0572355e-03,9.3915425e-03,1.0493060e-02
-0.23496541140730187,0.9998448769522779,0.0012732849884248122,2187.4672615167706,2.4638057e-03,691207,58.24966,1776.72471,9.9720273e+03,1.2670795e+01,1.3463988e+03,4.7269244e+00,1.0881162e+04,1.3856970e+01,0,nan,nan,nan,nan,58.24966,1.1272099e-03,1776.72471,1.0579572e-03,1.0717569e-02,1.3359118e-02
-0.23357648890851124,0.9996546148174464,0.0012740097323375983,2187.4686504392694,2.4638399e-03,691208,58.25151,1776.72008,9.9725088e+03,1.2678014e+01,1.3554598e+03,4.7314820e+00,1.0879098e+04,1.3864864e+01,0,nan,nan,nan,nan,58.25151,1.1274844e-03,1776.72008,1.0583785e-03,1.2691136e-02,1.0067017e-02
-0.2321875666420965,0.9995648450246435,0.0012739282734406361,2187.470039361536,2.4638739e-03,691209,58.24792,1776.71875,9.9714199e+03,1.2677213e+01,1.3536770e+03,4.7356834e+00,1.0878128e+04,1.3863988e+01,0,nan,nan,nan,nan,58.24792,1.1294051e-03,1776.71875,1.0591418e-03,7.0941672e-03,7.4151326e-03
-0.23079864437659126,0.9977937045121201,0.001272973011787556,2187.4714282838013,2.4639079e-03,691210,58.24902,1776.72253,9.9557637e+03,1.2667716e+01,1.3482411e+03,4.7295046e+00,1.0858860e+04,1.3853601e+01,0,nan,nan,nan,nan,58.24902,1.1291462e-03,1776.72253,1.0587234e-03,1.1177930e-02,1.2000726e-02
-0.229409722111086,1.0019164071816957,0.0012745195469461136,2187.472817206067,2.4639419e-03,691211,58.24977,1776.71804,9.9958066e+03,1.2683116e+01,1.3409252e+03,4.7255874e+00,1.0903736e+04,1.3870443e+01,0,nan,nan,nan,nan,58.24977,1.1258225e-03,1776.71804,1.0581691e-03,1.3472917e-02,6.4574108e-03
-0.22802079961275012,1.000114751229888,0.0012742031413063516,2187.474206128565,2.4639762e-03,691212,58.24818,1776.72217,9.9769180e+03,1.2679978e+01,1.3521987e+03,4.7311907e+00,1.0884138e+04,1.3867011e+01,0,nan,nan,nan,nan,58.24818,1.1278365e-03,1776.72217,1.0575543e-03,1.2353055e-02,1.0076347e-02
-0.2266318773463354,0.9977405862591026,0.0012736887322422911,2187.4755950508315,2.4640101e-03,691213,58.25056,1776.72120,9.9537041e+03,1.2674870e+01,1.3496605e+03,4.7432199e+00,1.0858311e+04,1.3861425e+01,0,nan,nan,nan,nan,58.25056,1.1295709e-03,1776.72120,1.0589351e-03,1.2332551e-02,9.9376161e-03
-0.22524295508083014,0.9983496475086441,0.00127349433600575,2187.476983973097,2.4640441e-03,691214,58.24586,1776.72189,9.9611006e+03,1.2672947e+01,1.3537621e+03,4.7342210e+00,1.0864949e+04,1.3859324e+01,0,nan,nan,nan,nan,58.24586,1.1297159e-03,1776.72189,1.0582566e-03,9.4955731e-03,9.6228709e-03
-0.2238540328144154,1.0001769904267108,0.0012742503659989122,2187.4783728953635,2.4640781e-03,691215,58.24993,1776.72297,9.9771035e+03,1.2680484e+01,1.3552112e+03,4.7364621e+00,1.0884847e+04,1.3867565e+01,0,nan,nan,nan,nan,58.24993,1.1275794e-03,1776.72297,1.0571216e-03,1.1008218e-02,9.0300646e-03
-0.22246511031562477,1.0011120296913323,0.0012739479484653125,2187.4797618178623,2.4641124e-03,691216,58.25134,1776.72053,9.9852881e+03,1.2677488e+01,1.3465195e+03,4.7324286e+00,1.0895035e+04,1.3864290e+01,0,nan,nan,nan,nan,58.25134,1.1260717e-03,1776.72053,1.0564110e-03,1.5556230e-02,8.9988792e-03
-0.22107618805057427,1.0004368455595796,0.001274091791587093,2187.4811507401273,2.4641464e-03,691217,58.24840,1776.71995,9.9771230e+03,1.2678936e+01,1.3487479e+03,4.7317638e+00,1.0887700e+04,1.3865872e+01,0,nan,nan,nan,nan,58.24840,1.1287167e-03,1776.71995,1.0576231e-03,9.5270323e-03,9.3378052e-03
-0.21968726578506903,1.0000348079125643,0.0012729604245471748,2187.482539662393,2.4641803e-03,691218,58.25241,1776.72167,9.9761973e+03,1.2667692e+01,1.3371135e+03,4.7250814e+00,1.0883337e+04,1.3853577e+01,0,nan,nan,nan,nan,58.25241,1.1271716e-03,1776.72167,1.0566498e-03,1.4719607e-02,1.0466643e-02
-0.2182983435186543,1.0001281265282334,0.0012744634892365365,2187.483928584659,2.4642143e-03,691219,58.24750,1776.72003,9.9759033e+03,1.2682666e+01,1.3545984e+03,4.7402334e+00,1.0884368e+04,1.3869951e+01,0,nan,nan,nan,nan,58.24750,1.1273182e-03,1776.72003,1.0584356e-03,8.1989709e-03,7.2468133e-03
-0.21690942101986366,1.0013103913975756,0.0012743232003532114,2187.485317507158,2.4642486e-03,691220,58.24993,1776.72325,9.9871865e+03,1.2681287e+01,1.3512213e+03,4.7378149e+00,1.0897248e+04,1.3868443e+01,0,nan,nan,nan,nan,58.24993,1.1268946e-03,1776.72325,1.0564647e-03,1.0660729e-02,1.3476468e-02
-0.2155204987543584,0.9996990772631669,0.001272772856558969,2187.4867064294235,2.4642826e-03,691221,58.24906,1776.71842,9.9729756e+03,1.2665877e+01,1.3370477e+03,4.7202449e+00,1.0879729e+04,1.3851591e+01,0,nan,nan,nan,nan,58.24906,1.1264317e-03,1776.71842,1.0559972e-03,1.1274765e-02,5.9585986e-03
-0.21413157648839842,0.9999155423837427,0.0012738204040165396,2187.4880953516895,2.4643166e-03,691222,58.24991,1776.72407,9.9756514e+03,1.2676320e+01,1.3483503e+03,4.7354665e+00,1.0882100e+04,1.3863012e+01,0,nan,nan,nan,nan,58.24991,1.1279478e-03,1776.72407,1.0565114e-03,9.0376986e-03,1.0217134e-02
-0.21274265422152894,0.9974012319439245,0.0012727973580435525,2187.4894842739564,2.4643505e-03,691223,58.25034,1776.72180,9.9501201e+03,1.2666158e+01,1.3483417e+03,4.7327676e+00,1.0854753e+04,1.3851898e+01,0,nan,nan,nan,nan,58.25034,1.1286540e-03,1776.72180,1.0597054e-03,1.1862960e-02,9.9585652e-03
-0.21135373195556895,0.9998126258877842,0.0012739601877952698,2187.4908731962223,2.4643845e-03,691224,58.25118,1776.72162,9.9746807e+03,1.2677750e+01,1.3484052e+03,4.7301874e+00,1.0881014e+04,1.3864575e+01,0,nan,nan,nan,nan,58.25118,1.1279699e-03,1776.72162,1.0567356e-03,1.2622361e-02,9.4648954e-03
-0.20996480945632356,0.998521789706607,0.0012731421417102287,2187.4922621187216,2.4644188e-03,691225,58.24674,1776.71782,9.9610996e+03,1.2669629e+01,1.3511604e+03,4.7345777e+00,1.0866982e+04,1.3855695e+01,0,nan,nan,nan,nan,58.24674,1.1290183e-03,1776.71782,1.0586435e-03,8.1990855e-03,7.1136709e-03
-0.20857588719036357,1.0018623498799448,0.0012736921177849362,2187.4936510409875,2.4644528e-03,691226,58.25032,1776.72047,9.9947227e+03,1.2675124e+01,1.3492823e+03,4.7224827e+00,1.0903356e+04,1.3861703e+01,0,nan,nan,nan,nan,58.25032,1.1247121e-03,1776.72047,1.0550300e-03,8.9750923e-03,7.2235931e-03
-0.20718696492485833,1.0009857429113829,0.0012739194969391494,2187.495039963253,2.4644868e-03,691227,58.25162,1776.72518,9.9861523e+03,1.2677408e+01,1.3529575e+03,4.7285528e+00,1.0893835e+04,1.3864202e+01,0,nan,nan,nan,nan,58.25162,1.1278056e-03,1776.72518,1.0555054e-03,1.3616049e-02,1.3412150e-02
-0.20579804265980783,0.9995267065162047,0.001273825445820571,2187.496428885518,2.4645207e-03,691228,58.24799,1776.71892,9.9705752e+03,1.2676496e+01,1.3410540e+03,4.7354069e+00,1.0877975e+04,1.3863203e+01,0,nan,nan,nan,nan,58.24799,1.1278411e-03,1776.71892,1.0583837e-03,9.5828958e-03,8.5449535e-03
-0.2044091203933931,1.0010517425616752,0.0012743375329369797,2187.4978178077845,2.4645547e-03,691229,58.25036,1776.72242,9.9876602e+03,1.2681614e+01,1.3510792e+03,4.7388024e+00,1.0894592e+04,1.3868801e+01,0,nan,nan,nan,nan,58.25036,1.1266884e-03,1776.72242,1.0557844e-03,1.2434510e-02,1.1955883e-02
-0.2030201981274331,0.9992839121283059,0.0012732451718523343,2187.4992067300504,2.4645887e-03,691230,58.24951,1776.72090,9.9695225e+03,1.2670766e+01,1.3411165e+03,4.7275686e+00,1.0875372e+04,1.3856938e+01,0,nan,nan,nan,nan,58.24951,1.1281979e-03,1776.72090,1.0575088e-03,1.0573587e-02,8.1567932e-03
-0.20163127562909722,0.9996042960839894,0.001273853713831913,2187.500595652549,2.4646230e-03,691231,58.24604,1776.71646,9.9687627e+03,1.2676847e+01,1.3459620e+03,4.7378454e+00,1.0878881e+04,1.3863587e+01,0,nan,nan,nan,nan,58.24604,1.1296615e-03,1776.71646,1.0586814e-03,8.4597850e-03,3.4780293e-03
-0.20024235336313723,1.0016826145850988,0.0012745915810025922,2187.5019845748147,2.4646570e-03,691232,58.25166,1776.72630,9.9941670e+03,1.2684214e+01,1.3446271e+03,4.7346325e+00,1.0901520e+04,1.3871644e+01,0,nan,nan,nan,nan,58.25166,1.1272744e-03,1776.72630,1.0559193e-03,1.1853344e-02,1.4301940e-02
-0.1988534310967225,1.0004254331153843,0.0012735560697791275,2187.503373497081,2.4646909e-03,691233,58.25208,1776.72238,9.9815732e+03,1.2673933e+01,1.3473446e+03,4.7276826e+00,1.0887859e+04,1.3860402e+01,0,nan,nan,nan,nan,58.25208,1.1269081e-03,1776.72238,1.0555995e-03,1.2440320e-02,1.2089016e-02
-0.19746450883121724,1.0003770521365511,0.001273711486312566,2187.5047624193467,2.4647249e-03,691234,58.25231,1776.71470,9.9774951e+03,1.2675507e+01,1.3422706e+03,4.7305946e+00,1.0887355e+04,1.3862122e+01,0,nan,nan,nan,nan,58.25231,1.1288782e-03,1776.71470,1.0584019e-03,1.1535265e-02,4.7836346e-03
-0.19607558656616675,1.0002327199977514,0.0012745987017560164,2187.5061513416117,2.4647589e-03,691235,58.24869,1776.72210,9.9766660e+03,1.2684361e+01,1.3520455e+03,4.7412553e+00,1.0885807e+04,1.3871806e+01,0,nan,nan,nan,nan,58.24869,1.1276292e-03,1776.72210,1.0583865e-03,1.2055775e-02,1.2430055e-02
-0.19468666430020676,0.9976427459009963,0.0012729001890434213,2187.5075402638777,2.4647929e-03,691236,58.25196,1776.72183,9.9544775e+03,1.2667487e+01,1.3474110e+03,4.7384424e+00,1.0857643e+04,1.3853352e+01,0,nan,nan,nan,nan,58.25196,1.1288166e-03,1776.72183,1.0568764e-03,1.2264444e-02,1.0434847e-02
-0.19329774203379202,1.000666069478461,0.0012744244422621084,2187.508929186144,2.4648269e-03,691237,58.25160,1776.72223,9.9833057e+03,1.2682682e+01,1.3580691e+03,4.7370558e+00,1.0890568e+04,1.3869968e+01,0,nan,nan,nan,nan,58.25160,1.1273202e-03,1776.72223,1.0565025e-03,1.3608432e-02,1.1250067e-02
-0.19190881976828678,1.0008436675800583,0.0012738795761908714,2187.5103181084096,2.4648609e-03,691238,58.24914,1776.72049,9.9839180e+03,1.2677288e+01,1.3443186e+03,4.7261367e+00,1.0892525e+04,1.3864070e+01,0,nan,nan,nan,nan,58.24914,1.1276362e-03,1776.72049,1.0566497e-03,1.2364723e-02,1.0128571e-02
-0.1905198972690414,1.0005134421455137,0.001273485457472395,2187.511707030909,2.4648951e-03,691239,58.25066,1776.72183,9.9818789e+03,1.2673394e+01,1.3487443e+03,4.7276106e+00,1.0888957e+04,1.3859811e+01,0,nan,nan,nan,nan,58.25066,1.1260817e-03,1776.72183,1.0563397e-03,1.0798282e-02,1.0900162e-02
-0.18913097500353615,0.9985524782846387,0.0012734562875196555,2187.5130959531743,2.4649291e-03,691240,58.24940,1776.71961,9.9621562e+03,1.2673132e+01,1.3507692e+03,4.7342257e+00,1.0867639e+04,1.3859525e+01,0,nan,nan,nan,nan,58.24940,1.1292207e-03,1776.71961,1.0575468e-03,1.1656324e-02,7.8936471e-03
-0.1877420527371214,1.001022752961113,0.0012755682642909827,2187.5144848754408,2.4649631e-03,691241,58.24993,1776.72024,9.9878799e+03,1.2694180e+01,1.3430497e+03,4.7407126e+00,1.0894549e+04,1.3882543e+01,0,nan,nan,nan,nan,58.24993,1.1278401e-03,1776.72024,1.0587933e-03,1.2705888e-02,8.7861065e-03
-0.18635313047116142,1.0010241215811453,0.0012745128023847496,2187.5158737977067,2.4649971e-03,691242,58.24545,1776.72111,9.9869189e+03,1.2683705e+01,1.3471732e+03,4.7351751e+00,1.0894589e+04,1.3871088e+01,0,nan,nan,nan,nan,58.24545,1.1280959e-03,1776.72111,1.0562640e-03,9.2514539e-03,1.0075786e-02
-0.18496420820520143,1.0015719630738884,0.0012738367218750814,2187.5172627199727,2.4650311e-03,691243,58.25043,1776.71763,9.9920371e+03,1.2677007e+01,1.3429066e+03,4.7330942e+00,1.0900577e+04,1.3863763e+01,0,nan,nan,nan,nan,58.25043,1.1251430e-03,1776.71763,1.0559148e-03,1.2314934e-02,5.4836930e-03
-0.1835752859387867,0.9972392583418932,0.0012729426851140703,2187.518651642239,2.4650651e-03,691244,58.25037,1776.71986,9.9473584e+03,1.2668139e+01,1.3505101e+03,4.7375770e+00,1.0853448e+04,1.3854065e+01,0,nan,nan,nan,nan,58.25037,1.1304970e-03,1776.71986,1.0607485e-03,1.1675895e-02,1.0374999e-02
-0.18218636367328145,1.0003223746015,0.0012741926939749545,2187.5200405645046,2.4650991e-03,691245,58.25009,1776.72366,9.9797051e+03,1.2680612e+01,1.3430365e+03,4.7344217e+00,1.0887029e+04,1.3867703e+01,0,nan,nan,nan,nan,58.25009,1.1267145e-03,1776.72366,1.0577007e-03,1.3507666e-02,1.4188617e-02
-0.18079744140732146,0.9996596570061063,0.0012737607270932086,2187.5214294867706,2.4651331e-03,691246,58.25209,1776.71881,9.9717119e+03,1.2676343e+01,1.3542562e+03,4.7343554e+00,1.0879844e+04,1.3863036e+01,0,nan,nan,nan,nan,58.25209,1.1277327e-03,1776.71881,1.0579668e-03,1.3321831e-02,8.9255711e-03
-0.17940851914136147,0.9999938860981954,0.0012740258886657948,2187.5228184090365,2.4651671e-03,691247,58.24944,1776.71671,9.9746807e+03,1.2679012e+01,1.3465356e+03,4.7301731e+00,1.0883509e+04,1.3865955e+01,0,nan,nan,nan,nan,58.24944,1.1280490e-03,1776.71671,1.0594698e-03,1.1115114e-02,6.2983036e-03
-0.17801959687585622,1.0007517522329354,0.001273431205849914,2187.524207331302,2.4652011e-03,691248,58.25241,1776.72063,9.9806631e+03,1.2673124e+01,1.3461694e+03,4.7288332e+00,1.0891783e+04,1.3859517e+01,0,nan,nan,nan,nan,58.25241,1.1269441e-03,1776.72063,1.0561541e-03,1.3940067e-02,1.1352288e-02
-0.17663067461035098,1.001861769382203,0.0012747198171243579,2187.5255962535675,2.4652351e-03,691249,58.24857,1776.72567,9.9917188e+03,1.2685981e+01,1.3480873e+03,4.7368231e+00,1.0903892e+04,1.3873577e+01,0,nan,nan,nan,nan,58.24857,1.1273705e-03,1776.72567,1.0570235e-03,1.1085974e-02,1.6205851e-02
-0.17524175234393624,0.9976035589138811,0.0012730559612982016,2187.526985175834,2.4652691e-03,691250,58.25126,1776.72082,9.9525498e+03,1.2669455e+01,1.3592297e+03,4.7402110e+00,1.0857574e+04,1.3855503e+01,0,nan,nan,nan,nan,58.25126,1.1289465e-03,1776.72082,1.0591405e-03,1.3392228e-02,8.3833011e-03
-0.173852830078431,0.9987019195277534,0.001274434332466739,2187.5283740980994,2.4653031e-03,691251,58.25345,1776.72246,9.9650215e+03,1.2683206e+01,1.3604045e+03,4.7461119e+00,1.0869557e+04,1.3870541e+01,0,nan,nan,nan,nan,58.25345,1.1300141e-03,1776.72246,1.0588362e-03,1.4589477e-02,1.3072254e-02
-0.17246390781292575,0.9987501028200233,0.0012725590322750478,2187.529763020365,2.4653370e-03,691252,58.25071,1776.72088,9.9625850e+03,1.2664574e+01,1.3417598e+03,4.7261605e+00,1.0870108e+04,1.3850165e+01,0,nan,nan,nan,nan,58.25071,1.1270231e-03,1776.72088,1.0582348e-03,1.0863711e-02,1.1407749e-02
-0.17107498554651102,1.0000388008824153,0.0012735076816134494,2187.5311519426314,2.4653710e-03,691253,58.24924,1776.72079,9.9775996e+03,1.2674049e+01,1.3434948e+03,4.7281423e+00,1.0884163e+04,1.3860528e+01,0,nan,nan,nan,nan,58.24924,1.1271200e-03,1776.72079,1.0555936e-03,1.2357214e-02,8.9433445e-03
-0.16968606328055102,0.9979887961406092,0.0012730903994364812,2187.5325408648973,2.4654050e-03,691254,58.25364,1776.72333,9.9565977e+03,1.2669929e+01,1.3560795e+03,4.7291679e+00,1.0861879e+04,1.3856022e+01,0,nan,nan,nan,nan,58.25364,1.1298452e-03,1776.72333,1.0590757e-03,1.4786154e-02,1.2036020e-02
-0.16829714101504578,1.0002832810190188,0.0012735929301306475,2187.533929787163,2.4654390e-03,691255,58.25143,1776.72062,9.9809980e+03,1.2674962e+01,1.3556249e+03,4.7283287e+00,1.0886880e+04,1.3861527e+01,0,nan,nan,nan,nan,58.25143,1.1269591e-03,1776.72062,1.0562883e-03,1.4509001e-02,1.0533776e-02
-0.1669082187490858,1.0012416074021342,0.0012752077036388596,2187.535318709429,2.4654730e-03,691256,58.25133,1776.71985,9.9914814e+03,1.2691068e+01,1.3538174e+03,4.7433329e+00,1.0897339e+04,1.3879139e+01,0,nan,nan,nan,nan,58.25133,1.1279121e-03,1776.71985,1.0570001e-03,1.2511309e-02,1.0155471e-02
-0.16551929648267105,1.0000846271301587,0.0012731934084179546,2187.536707631695,2.4655070e-03,691257,58.25158,1776.72036,9.9791846e+03,1.2671054e+01,1.3425853e+03,4.7229815e+00,1.0884775e+04,1.3857252e+01,0,nan,nan,nan,nan,58.25158,1.1258106e-03,1776.72036,1.0566362e-03,1.4340161e-02,8.2611553e-03
-0.16413037421762056,1.0011424028569995,0.0012741378780901239,2187.5380965539603,2.4655410e-03,691258,58.24770,1776.72044,9.9893281e+03,1.2680487e+01,1.3440416e+03,4.7274604e+00,1.0896318e+04,1.3867568e+01,0,nan,nan,nan,nan,58.24770,1.1255615e-03,1776.72044,1.0566839e-03,9.0287169e-03,9.9198064e-03
-0.16274145195166057,0.9992231673993377,0.0012730294265484844,2187.539485476226,2.4655750e-03,691259,58.25206,1776.72102,9.9689863e+03,1.2669488e+01,1.3461379e+03,4.7350264e+00,1.0875457e+04,1.3855540e+01,0,nan,nan,nan,nan,58.25206,1.1279879e-03,1776.72102,1.0562130e-03,1.1699423e-02,1.0177954e-02
-0.16135252968433633,1.001667073728963,0.0012746322578331643,2187.5408743984935,2.4656090e-03,691260,58.24975,1776.71415,9.9941914e+03,1.2685475e+01,1.3445765e+03,4.7387147e+00,1.0902086e+04,1.3873024e+01,0,nan,nan,nan,nan,58.24975,1.1280581e-03,1776.71415,1.0566238e-03,1.0850371e-02,2.1234648e-03
-0.15996360741837634,0.9999621549042282,0.0012732351377177573,2187.5422633207595,2.4656430e-03,691261,58.25434,1776.72969,9.9776787e+03,1.2671603e+01,1.3492206e+03,4.7266250e+00,1.0883561e+04,1.3857854e+01,0,nan,nan,nan,nan,58.25434,1.1274505e-03,1776.72969,1.0555084e-03,1.5424360e-02,1.7525688e-02
-0.1585746851528711,0.9990574147701833,0.001273514645441937,2187.543652243025,2.4656770e-03,691262,58.25141,1776.72242,9.9691816e+03,1.2674421e+01,1.3502468e+03,4.7371192e+00,1.0873742e+04,1.3860935e+01,0,nan,nan,nan,nan,58.25141,1.1274941e-03,1776.72242,1.0581252e-03,1.1989079e-02,1.0467431e-02
-0.1571857628869111,0.998002741002299,0.001272321701119065,2187.545041165291,2.4657110e-03,691263,58.25173,1776.72172,9.9573857e+03,1.2662583e+01,1.3454889e+03,4.7261133e+00,1.0862292e+04,1.3847988e+01,0,nan,nan,nan,nan,58.25173,1.1282921e-03,1776.72172,1.0570660e-03,1.4237975e-02,9.4239237e-03
-0.15579684062095112,0.9988466684564891,0.0012738600278764656,2187.546430087557,2.4657450e-03,691264,58.25099,1776.72248,9.9671396e+03,1.2677927e+01,1.3590646e+03,4.7398024e+00,1.0871507e+04,1.3864769e+01,0,nan,nan,nan,nan,58.25099,1.1282928e-03,1776.72248,1.0590964e-03,1.1324490e-02,1.0243240e-02
-0.15440791835544587,0.9997903629885301,0.0012730391418737121,2187.5478190098224,2.4657790e-03,691265,58.25082,1776.72053,9.9758760e+03,1.2669791e+01,1.3372399e+03,4.7205968e+00,1.0881809e+04,1.3855872e+01,0,nan,nan,nan,nan,58.25082,1.1271564e-03,1776.72053,1.0571769e-03,1.3599933e-02,9.5471814e-03
-0.15301899632277127,1.0006607817772672,0.0012738888186018353,2187.549207931855,2.4658127e-03,691266,58.25180,1776.72194,9.9848584e+03,1.2678281e+01,1.3466672e+03,4.7316437e+00,1.0891312e+04,1.3865157e+01,0,nan,nan,nan,nan,58.25180,1.1259175e-03,1776.72194,1.0561675e-03,1.3301210e-02,8.9666713e-03
-0.15163007405681128,0.9983755626601236,0.0012735695988568753,2187.550596854121,2.4658467e-03,691267,58.24850,1776.71992,9.9628271e+03,1.2675139e+01,1.3608497e+03,4.7412472e+00,1.0866468e+04,1.3861721e+01,0,nan,nan,nan,nan,58.24850,1.1281465e-03,1776.71992,1.0576892e-03,1.1867330e-02,9.8417122e-03
-0.15024115179039654,1.0005074890518864,0.001273967860487225,2187.5519857763875,2.4658807e-03,691268,58.25461,1776.72291,9.9844072e+03,1.2679138e+01,1.3484592e+03,4.7341156e+00,1.0889702e+04,1.3866094e+01,0,nan,nan,nan,nan,58.25461,1.1284816e-03,1776.72291,1.0571074e-03,1.4731109e-02,1.1909085e-02
-0.14885222952534605,1.0012959333930718,0.0012750441593111445,2187.5533746986525,2.4659147e-03,691269,58.24994,1776.72075,9.9915635e+03,1.2689884e+01,1.3491193e+03,4.7412810e+00,1.0898313e+04,1.3877846e+01,0,nan,nan,nan,nan,58.24994,1.1282233e-03,1776.72075,1.0561580e-03,9.6777044e-03,9.5244041e-03
-0.14746330725938606,1.0006014025671766,0.001274008047037641,2187.5547636209185,2.4659487e-03,691270,58.25151,1776.72185,9.9854707e+03,1.2679606e+01,1.3426760e+03,4.7347479e+00,1.0890783e+04,1.3866606e+01,0,nan,nan,nan,nan,58.25151,1.1257144e-03,1776.72185,1.0567127e-03,1.5067363e-02,1.1104896e-02
-0.14607438499297132,1.0001391879938049,0.0012733031667194813,2187.556152543185,2.4659827e-03,691271,58.25101,1776.71926,9.9793164e+03,1.2672627e+01,1.3456255e+03,4.7245479e+00,1.0885781e+04,1.3858973e+01,0,nan,nan,nan,nan,58.25101,1.1262944e-03,1776.71926,1.0571541e-03,1.2054833e-02,8.0900779e-03
-0.14468546272746607,1.0001527962677588,0.0012736709556610732,2187.5575414654504,2.4660167e-03,691272,58.24994,1776.72518,9.9777988e+03,1.2676321e+01,1.3440430e+03,4.7303677e+00,1.0885961e+04,1.3863013e+01,0,nan,nan,nan,nan,58.24994,1.1273037e-03,1776.72518,1.0576529e-03,1.3222001e-02,1.2606235e-02
-0.14329654069479147,0.997239265992396,0.0012729864514284212,2187.558930387483,2.4660504e-03,691273,58.25162,1776.71888,9.9504375e+03,1.2669542e+01,1.3575575e+03,4.7370114e+00,1.0854277e+04,1.3855599e+01,0,nan,nan,nan,nan,58.25162,1.1288280e-03,1776.71888,1.0603237e-03,1.1571227e-02,7.9087587e-03
-0.14190761842883148,0.9992717064199466,0.001273490371613013,2187.560319309749,2.4660844e-03,691274,58.24871,1776.72439,9.9715439e+03,1.2674592e+01,1.3496522e+03,4.7300167e+00,1.0876429e+04,1.3861122e+01,0,nan,nan,nan,nan,58.24871,1.1280675e-03,1776.72439,1.0572908e-03,9.8544611e-03,1.2946009e-02
-0.1405186961628715,0.9999543204164588,0.001273147229515882,2187.561708232015,2.4661184e-03,691275,58.24998,1776.72194,9.9789102e+03,1.2671210e+01,1.3415402e+03,4.7224188e+00,1.0883889e+04,1.3857424e+01,0,nan,nan,nan,nan,58.24998,1.1259948e-03,1776.72194,1.0567505e-03,1.3145941e-02,9.8341312e-03
-0.13912977389736625,0.9995917391846642,0.0012738539462212677,2187.5630971542805,2.4661524e-03,691276,58.25295,1776.72542,9.9729512e+03,1.2678279e+01,1.3544357e+03,4.7384529e+00,1.0879971e+04,1.3865153e+01,0,nan,nan,nan,nan,58.25295,1.1291004e-03,1776.72542,1.0585450e-03,1.6602967e-02,1.4069391e-02
-0.13774085163049676,1.00026894622016,0.0012733564460739332,2187.5644860765474,2.4661864e-03,691277,58.24603,1776.71527,9.9793652e+03,1.2673361e+01,1.3472435e+03,4.7297001e+00,1.0887370e+04,1.3859776e+01,0,nan,nan,nan,nan,58.24603,1.1277134e-03,1776.71527,1.0575978e-03,8.5606379e-03,4.2455457e-03
-0.13635192959645792,0.9986126848774403,0.0012727338979976088,2187.5658749985814,2.4662202e-03,691278,58.25619,1776.72972,9.9543086e+03,1.2667198e+01,1.3513090e+03,4.7303529e+00,1.0869372e+04,1.3853036e+01,0,nan,nan,nan,nan,58.25619,1.1298754e-03,1776.72972,1.0629439e-03,1.9739227e-02,2.1828400e-02
-0.13496300733095268,1.0003766814461053,0.0012735460533201807,2187.567263920847,2.4662542e-03,691279,58.25264,1776.72156,9.9811484e+03,1.2675317e+01,1.3534961e+03,4.7307863e+00,1.0888602e+04,1.3861914e+01,0,nan,nan,nan,nan,58.25264,1.1269951e-03,1776.72156,1.0564281e-03,1.2688212e-02,9.9553047e-03
-0.13357408506544743,0.9984390674532828,0.001273929281995581,2187.5686528431124,2.4662882e-03,691280,58.25404,1776.72611,9.9620928e+03,1.2679164e+01,1.3591873e+03,4.7375922e+00,1.0867540e+04,1.3866121e+01,0,nan,nan,nan,nan,58.25404,1.1290661e-03,1776.72611,1.0596029e-03,1.5785711e-02,1.4106072e-02
-0.1321851627999422,1.0004333597585158,0.0012740356422562991,2187.570041765378,2.4663222e-03,691281,58.25145,1776.72400,9.9824570e+03,1.2680255e+01,1.3484888e+03,4.7345510e+00,1.0889275e+04,1.3867314e+01,0,nan,nan,nan,nan,58.25145,1.1276139e-03,1776.72400,1.0563213e-03,1.3606356e-02,1.2383593e-02
-0.1307962407663581,1.001014124297834,0.0012749058927755924,2187.5714306874115,2.4663559e-03,691282,58.24959,1776.72039,9.9894033e+03,1.2688950e+01,1.3520266e+03,4.7423458e+00,1.0895624e+04,1.3876823e+01,0,nan,nan,nan,nan,58.24959,1.1272155e-03,1776.72039,1.0565742e-03,1.2085986e-02,7.4492004e-03
-0.12940731850085285,0.9982805464134002,0.0012722003028311953,2187.572819609677,2.4663899e-03,691283,58.25576,1776.72666,9.9622666e+03,1.2662054e+01,1.3446589e+03,4.7212777e+00,1.0865899e+04,1.3847410e+01,0,nan,nan,nan,nan,58.25576,1.1265536e-03,1776.72666,1.0578277e-03,1.5455434e-02,1.6092589e-02
-0.12801839623443811,0.9980653263851583,0.0012730958402970875,2187.5742085319434,2.4664239e-03,691284,58.25275,1776.72393,9.9599570e+03,1.2671000e+01,1.3499253e+03,4.7323613e+00,1.0863585e+04,1.3857194e+01,0,nan,nan,nan,nan,58.25275,1.1284202e-03,1776.72393,1.0574938e-03,1.1436210e-02,1.3033584e-02
-0.12662947396847812,1.0015886806489658,0.0012740437473292435,2187.5755974542094,2.4664579e-03,691285,58.25223,1776.72335,9.9939053e+03,1.2680468e+01,1.3494489e+03,4.7249827e+00,1.0901964e+04,1.3867547e+01,0,nan,nan,nan,nan,58.25223,1.1265760e-03,1776.72335,1.0556906e-03,1.4248547e-02,1.0322020e-02
-0.12524055193625827,0.999842094784231,0.0012730053476398202,2187.5769863762416,2.4664917e-03,691286,58.24844,1776.72224,9.9771592e+03,1.2670164e+01,1.3408015e+03,4.7277856e+00,1.0882979e+04,1.3856279e+01,0,nan,nan,nan,nan,58.24844,1.1262626e-03,1776.72224,1.0566590e-03,1.2431812e-02,9.5386058e-03
-0.12385162966984353,1.0002484199233448,0.0012732580753352948,2187.578375298508,2.4665256e-03,691287,58.25128,1776.72201,9.9823896e+03,1.2672712e+01,1.3455729e+03,4.7254477e+00,1.0887431e+04,1.3859066e+01,0,nan,nan,nan,nan,58.25128,1.1264948e-03,1776.72201,1.0563884e-03,1.4701823e-02,1.0713489e-02
-0.12246270740388354,0.9993469791831882,0.001272715673633553,2187.579764220774,2.4665596e-03,691288,58.25328,1776.72280,9.9729160e+03,1.2667346e+01,1.3440905e+03,4.7207842e+00,1.0877646e+04,1.3853196e+01,0,nan,nan,nan,nan,58.25328,1.1272758e-03,1776.72280,1.0560367e-03,1.6870661e-02,1.1440623e-02
-0.1196848631057037,1.0011226384453766,0.0012749703624453292,2187.582542065072,2.4666274e-03,691290,58.25263,1776.72550,9.9887910e+03,1.2689849e+01,1.3519902e+03,4.7412047e+00,1.0897027e+04,1.3877807e+01,0,nan,nan,nan,nan,58.25263,1.1279436e-03,1776.72550,1.0563513e-03,1.3584871e-02,1.4358125e-02
-0.11829594083974371,0.9983562792322268,0.0012734609555088271,2187.583930987338,2.4666614e-03,691291,58.25423,1776.72161,9.9609385e+03,1.2674857e+01,1.3653721e+03,4.7411513e+00,1.0866942e+04,1.3861411e+01,0,nan,nan,nan,nan,58.25423,1.1286244e-03,1776.72161,1.0572807e-03,1.5446695e-02,9.3957633e-03
-0.11690701880661436,0.9986920145563918,0.0012731173758289832,2187.5853199093713,2.4666952e-03,691292,58.25226,1776.72223,9.9651250e+03,1.2671466e+01,1.3478149e+03,4.7282720e+00,1.0870623e+04,1.3857703e+01,0,nan,nan,nan,nan,58.25226,1.1281953e-03,1776.72223,1.0579904e-03,1.5067518e-02,1.3041978e-02
-0.11551809654110912,1.000817229614061,0.0012741292410059731,2187.5867088316368,2.4667291e-03,691293,58.25409,1776.72618,9.9879297e+03,1.2681569e+01,1.3388224e+03,4.7299919e+00,1.0893782e+04,1.3868752e+01,0,nan,nan,nan,nan,58.25409,1.1272614e-03,1776.72618,1.0561442e-03,1.5112380e-02,1.4849921e-02
-0.11412917427514913,1.0002550967025545,0.0012732799069473557,2187.5880977539027,2.4667631e-03,691294,58.25423,1776.72173,9.9812051e+03,1.2673145e+01,1.3453633e+03,4.7266746e+00,1.0887688e+04,1.3859539e+01,0,nan,nan,nan,nan,58.25423,1.1275144e-03,1776.72173,1.0568664e-03,1.7846448e-02,1.1022704e-02
-0.11274025224065554,0.9995754165088608,0.0012738850160144291,2187.589486675937,2.4667969e-03,691295,58.25525,1776.72182,9.9732109e+03,1.2679198e+01,1.3482760e+03,4.7359457e+00,1.0880314e+04,1.3866158e+01,0,nan,nan,nan,nan,58.25525,1.1274895e-03,1776.72182,1.0569589e-03,1.8903941e-02,9.6867336e-03
-0.11135132997469555,0.9982205047181105,0.0012731189353072216,2187.590875598203,2.4668309e-03,691296,58.25118,1776.72451,9.9618242e+03,1.2671599e+01,1.3514093e+03,4.7348251e+00,1.0865592e+04,1.3857850e+01,0,nan,nan,nan,nan,58.25118,1.1293141e-03,1776.72451,1.0582285e-03,1.3099528e-02,1.1834430e-02
-0.10996240770964505,0.9979624138334039,0.0012728699960742557,2187.5922645204682,2.4668649e-03,691297,58.25169,1776.72092,9.9561484e+03,1.2669151e+01,1.3496210e+03,4.7302957e+00,1.0862808e+04,1.3855172e+01,0,nan,nan,nan,nan,58.25169,1.1301937e-03,1776.72092,1.0592819e-03,1.6654223e-02,9.8053860e-03
-0.10857348567606095,0.998939441257509,0.0012728079265863907,2187.593653442502,2.4668986e-03,691298,58.25372,1776.72505,9.9692588e+03,1.2668564e+01,1.3477922e+03,4.7282681e+00,1.0873467e+04,1.3854528e+01,0,nan,nan,nan,nan,58.25372,1.1279803e-03,1776.72505,1.0563376e-03,1.4363794e-02,1.2404448e-02
-0.10718456341010096,0.9982480346091385,0.0012728079016555167,2187.595042364768,2.4669326e-03,691299,58.25727,1776.72411,9.9601074e+03,1.2668591e+01,1.3535795e+03,4.7310472e+00,1.0865965e+04,1.3854559e+01,0,nan,nan,nan,nan,58.25727,1.1281043e-03,1776.72411,1.0580247e-03,2.0221189e-02,1.0241441e-02
-0.10579564137742636,0.9961150781804083,0.0012713992471697236,2187.5964312868005,2.4669664e-03,691300,58.25142,1776.72050,9.9421650e+03,1.2654599e+01,1.3459120e+03,4.7203169e+00,1.0842771e+04,1.3839256e+01,0,nan,nan,nan,nan,58.25142,1.1294716e-03,1776.72050,1.0588750e-03,1.2602416e-02,1.2284449e-02
-0.10301779707788228,0.9960977251839275,0.0012723924168890266,2187.5992091311,2.4670342e-03,691302,58.25086,1776.71515,9.9407842e+03,1.2664536e+01,1.3504609e+03,4.7357888e+00,1.0842629e+04,1.3850125e+01,0,nan,nan,nan,nan,58.25086,1.1309640e-03,1776.71515,1.0594503e-03,1.2576075e-02,1.8530585e-03
-0.10162887481237703,0.9962032193324146,0.0012721038236134556,2187.6005980533655,2.4670681e-03,691303,58.25787,1776.72890,9.9427920e+03,1.2661692e+01,1.3528905e+03,4.7355127e+00,1.0843800e+04,1.3847013e+01,0,nan,nan,nan,nan,58.25787,1.1303497e-03,1776.72890,1.0598720e-03,1.6666859e-02,1.6325081e-02
-0.10023995254732654,0.9952972705145499,0.0012713826387859303,2187.6019869756306,2.4671021e-03,691304,58.25284,1776.72685,9.9346836e+03,1.2654539e+01,1.3468651e+03,4.7280202e+00,1.0833961e+04,1.3839191e+01,0,nan,nan,nan,nan,58.25284,1.1307925e-03,1776.72685,1.0595705e-03,1.5685251e-02,1.4278703e-02
-0.09885103051419719,0.9942300677470947,0.0012706873273328225,2187.6033758976637,2.4671359e-03,691305,58.25375,1776.72105,9.9228369e+03,1.2647644e+01,1.3384747e+03,4.7284532e+00,1.0822365e+04,1.3831652e+01,0,nan,nan,nan,nan,58.25375,1.1314695e-03,1776.72105,1.0584142e-03,1.6042834e-02,8.0665257e-03
-0.09746210824778245,0.9960754611274171,0.0012722321342573282,2187.60476481993,2.4671699e-03,691306,58.25317,1776.72304,9.9421562e+03,1.2663046e+01,1.3500341e+03,4.7353573e+00,1.0842475e+04,1.3848495e+01,0,nan,nan,nan,nan,58.25317,1.1296946e-03,1776.72304,1.0598607e-03,1.4451563e-02,1.1011715e-02
-0.09607318621510785,0.9935962528799707,0.0012705933575808636,2187.6061537419628,2.4672037e-03,691307,58.25110,1776.72619,9.9163770e+03,1.2646758e+01,1.3511472e+03,4.7261453e+00,1.0815509e+04,1.3830682e+01,0,nan,nan,nan,nan,58.25110,1.1310641e-03,1776.72619,1.0592716e-03,1.5172939e-02,1.4999568e-02
-0.09468426394869311,0.9924690721048764,0.00127022415020157,2187.607542664229,2.4672376e-03,691308,58.25341,1776.72609,9.9043203e+03,1.2643106e+01,1.3565171e+03,4.7310023e+00,1.0803260e+04,1.3826689e+01,0,nan,nan,nan,nan,58.25341,1.1316554e-03,1776.72609,1.0611959e-03,1.4988985e-02,1.3079324e-02
-0.09329534191601851,0.9940367769626894,0.0012710730877121645,2187.608931586262,2.4672714e-03,691309,58.25028,1776.71809,9.9193408e+03,1.2651581e+01,1.3448435e+03,4.7358236e+00,1.0820345e+04,1.3835956e+01,0,nan,nan,nan,nan,58.25028,1.1319370e-03,1776.71809,1.0611940e-03,1.0776314e-02,3.7372422e-03
-0.09190641965051327,0.9932107571189513,0.0012706352276671844,2187.6103205085274,2.4673054e-03,691310,58.25441,1776.72849,9.9119639e+03,1.2647244e+01,1.3540760e+03,4.7308702e+00,1.0811373e+04,1.3831214e+01,0,nan,nan,nan,nan,58.25441,1.1328825e-03,1776.72849,1.0604797e-03,1.8076073e-02,1.8490165e-02
-0.09051749761783867,0.9933633654339246,0.001270941232966422,2187.61170943056,2.4673392e-03,691311,58.25014,1776.72071,9.9148867e+03,1.2650314e+01,1.3539369e+03,4.7326393e+00,1.0813054e+04,1.3834571e+01,0,nan,nan,nan,nan,58.25014,1.1313293e-03,1776.72071,1.0618502e-03,1.1526148e-02,9.7641479e-03
-0.08912857535142393,0.9952448849119893,0.0012717318015612906,2187.6130983528265,2.4673732e-03,691312,58.25497,1776.72545,9.9330410e+03,1.2658205e+01,1.3457161e+03,4.7365923e+00,1.0833553e+04,1.3843200e+01,0,nan,nan,nan,nan,58.25497,1.1310432e-03,1776.72545,1.0588644e-03,1.8031176e-02,1.4603683e-02
-0.08773965331829459,0.9948387115921548,0.0012713875086250482,2187.6144872748596,2.4674069e-03,691313,58.25303,1776.72465,9.9288955e+03,1.2654799e+01,1.3497034e+03,4.7290602e+00,1.0829150e+04,1.3839477e+01,0,nan,nan,nan,nan,58.25303,1.1313763e-03,1776.72465,1.0596217e-03,1.4818244e-02,1.3099285e-02
-0.08635073128516524,0.9942851088353515,0.0012704868664424958,2187.6158761968927,2.4674407e-03,691314,58.25021,1776.72245,9.9226182e+03,1.2645856e+01,1.3389617e+03,4.7240224e+00,1.0823143e+04,1.3829696e+01,0,nan,nan,nan,nan,58.25021,1.1306159e-03,1776.72245,1.0611850e-03,1.1130847e-02,8.6983396e-03
-0.0849618090187505,0.9931323709576592,0.0012701964270209751,2187.617265119159,2.4674747e-03,691315,58.25632,1776.72356,9.9081152e+03,1.2642985e+01,1.3475859e+03,4.7254133e+00,1.0810612e+04,1.3826556e+01,0,nan,nan,nan,nan,58.25632,1.1330639e-03,1776.72356,1.0618210e-03,1.7486397e-02,1.4228204e-02
-0.0835728869851664,0.9932473632219292,0.0012710086085703273,2187.6186540411927,2.4675084e-03,691316,58.25142,1776.71948,9.9020059e+03,1.2651089e+01,1.3568472e+03,4.7363749e+00,1.0811881e+04,1.3835419e+01,0,nan,nan,nan,nan,58.25142,1.1342748e-03,1776.71948,1.0669510e-03,1.1931258e-02,1.1623300e-02
-0.08218396471966116,0.992121756418133,0.0012700541575420918,2187.620042963458,2.4675424e-03,691317,58.25383,1776.73248,9.9009150e+03,1.2641609e+01,1.3458651e+03,4.7279429e+00,1.0799645e+04,1.3825051e+01,0,nan,nan,nan,nan,58.25383,1.1336999e-03,1776.73248,1.0614975e-03,1.6091593e-02,2.0729804e-02
-0.08079504268607707,0.9921354053000739,0.001269913948974191,2187.621431885492,2.4675762e-03,691318,58.25447,1776.72060,9.9023223e+03,1.2640232e+01,1.3465693e+03,4.7321601e+00,1.0799810e+04,1.3823545e+01,0,nan,nan,nan,nan,58.25447,1.1317906e-03,1776.72060,1.0624996e-03,1.8162386e-02,8.8081863e-03
-0.07940612065294772,0.9937757456480556,0.0012714649799537689,2187.622820807525,2.4676099e-03,691319,58.25324,1776.72374,9.9185771e+03,1.2655688e+01,1.3529442e+03,4.7332082e+00,1.0817681e+04,1.3840448e+01,0,nan,nan,nan,nan,58.25324,1.1336542e-03,1776.72374,1.0616804e-03,1.3365853e-02,1.2694308e-02
-0.07801719838789722,0.9948401205374774,0.0012723839358742123,2187.62420972979,2.4676439e-03,691320,58.25287,1776.72301,9.9285391e+03,1.2664853e+01,1.3524493e+03,4.7391529e+00,1.0829282e+04,1.3850471e+01,0,nan,nan,nan,nan,58.25287,1.1312953e-03,1776.72301,1.0624134e-03,1.5156430e-02,1.2554456e-02
-0.07662827635522262,0.9935612689678068,0.001270589012333472,2187.6255986518227,2.4676777e-03,691321,58.25608,1776.72466,9.9160488e+03,1.2647004e+01,1.3458654e+03,4.7298102e+00,1.0815376e+04,1.3830952e+01,0,nan,nan,nan,nan,58.25608,1.1311402e-03,1776.72466,1.0618320e-03,2.0331655e-02,1.1670309e-02
-0.07523935408880789,0.9929338732976593,0.001269938935460651,2187.626987574089,2.4677117e-03,691322,58.25129,1776.72569,9.9108877e+03,1.2640551e+01,1.3362098e+03,4.7228928e+00,1.0808561e+04,1.3823893e+01,0,nan,nan,nan,nan,58.25129,1.1316061e-03,1776.72569,1.0597830e-03,1.3438478e-02,1.5156393e-02
-0.07385043205567854,0.9909901338543046,0.0012698440356286678,2187.628376496122,2.4677454e-03,691323,58.25557,1776.72326,9.8902920e+03,1.2639622e+01,1.3479517e+03,4.7339215e+00,1.0787416e+04,1.3822878e+01,0,nan,nan,nan,nan,58.25557,1.1346820e-03,1776.72326,1.0634400e-03,1.8951729e-02,1.4219573e-02
-0.07246151002300394,0.9934224209640469,0.001270532080910694,2187.629765418155,2.4677792e-03,691324,58.25351,1776.72482,9.9151025e+03,1.2646485e+01,1.3397396e+03,4.7316704e+00,1.0813905e+04,1.3830384e+01,0,nan,nan,nan,nan,58.25351,1.1316054e-03,1776.72482,1.0615482e-03,1.6401952e-02,1.2000692e-02
-0.07107258775704395,0.992289982435224,0.0012704777825302664,2187.631154340421,2.4678132e-03,691325,58.24460,1776.72206,9.9027041e+03,1.2645961e+01,1.3523240e+03,4.7359619e+00,1.0801591e+04,1.3829810e+01,0,nan,nan,nan,nan,58.24460,1.1331472e-03,1776.72206,1.0608627e-03,1.0108403e-02,1.1820783e-02
-0.06968366572345985,0.993825746353137,0.001271222598073781,2187.6325432624544,2.4678470e-03,691326,58.25180,1776.71924,9.9192207e+03,1.2653388e+01,1.3514351e+03,4.7338467e+00,1.0818320e+04,1.3837933e+01,0,nan,nan,nan,nan,58.25180,1.1317738e-03,1776.71924,1.0614604e-03,1.2517032e-02,7.4332030e-03
-0.06829474369124,0.9941575583240353,0.001271200178725662,2187.6339321844866,2.4678807e-03,691327,58.25650,1776.72587,9.9204551e+03,1.2653177e+01,1.3496754e+03,4.7327318e+00,1.0821944e+04,1.3837703e+01,0,nan,nan,nan,nan,58.25650,1.1314052e-03,1776.72587,1.0604758e-03,1.8169472e-02,1.2910248e-02
-0.0669058216585654,0.9909020895349662,0.0012695997271982985,2187.6353211065193,2.4679145e-03,691328,58.25311,1776.72672,9.8893633e+03,1.2637259e+01,1.3537893e+03,4.7302356e+00,1.0786518e+04,1.3820295e+01,0,nan,nan,nan,nan,58.25311,1.1319279e-03,1776.72672,1.0635288e-03,1.7210495e-02,1.4880715e-02
-0.06551689939260541,0.9938448489801026,0.0012702378226516352,2187.6367100287853,2.4679485e-03,691329,58.25121,1776.72128,9.9173994e+03,1.2643625e+01,1.3491758e+03,4.7241597e+00,1.0818562e+04,1.3827256e+01,0,nan,nan,nan,nan,58.25121,1.1296537e-03,1776.72128,1.0608981e-03,1.2409112e-02,8.7622898e-03
-0.06412797735902132,0.991133440793394,0.0012700548280266894,2187.638098950819,2.4679822e-03,691330,58.25406,1776.72379,9.8943086e+03,1.2641814e+01,1.3562295e+03,4.7320061e+00,1.0789057e+04,1.3825276e+01,0,nan,nan,nan,nan,58.25406,1.1329572e-03,1776.72379,1.0620079e-03,1.6511608e-02,1.2784106e-02
-0.06273905532634672,0.9943575921461698,0.001270420959857351,2187.6394878728515,2.4680160e-03,691331,58.25451,1776.72262,9.9234990e+03,1.2645471e+01,1.3442095e+03,4.7232251e+00,1.0824163e+04,1.3829274e+01,0,nan,nan,nan,nan,58.25451,1.1297705e-03,1776.72262,1.0615282e-03,1.4601511e-02,1.0330283e-02
-0.06135013329276262,0.9929867887886695,0.0012705888179205466,2187.640876794885,2.4680498e-03,691332,58.25611,1776.72649,9.9076504e+03,1.2647151e+01,1.3494093e+03,4.7346945e+00,1.0809250e+04,1.3831112e+01,0,nan,nan,nan,nan,58.25611,1.1329872e-03,1776.72649,1.0628055e-03,1.8558834e-02,1.4524231e-02
-0.059961211025893135,0.9945967994685494,0.00127084212387822,2187.642265717152,2.4680838e-03,691333,58.26034,1776.72444,9.9268311e+03,1.2649683e+01,1.3472080e+03,4.7337823e+00,1.0826784e+04,1.3833880e+01,0,nan,nan,nan,nan,58.26034,1.1304002e-03,1776.72444,1.0591178e-03,2.4529101e-02,1.3739063e-02
-0.058572288993218535,0.993452424094822,0.0012704100981775527,2187.6436546391847,2.4681175e-03,691334,58.25292,1776.72094,9.9161982e+03,1.2645391e+01,1.3473076e+03,4.7288871e+00,1.0814335e+04,1.3829187e+01,0,nan,nan,nan,nan,58.25292,1.1298708e-03,1776.72094,1.0601981e-03,1.4158959e-02,1.1191452e-02
-0.057183366960543935,0.9953671194205733,0.0012714158173674878,2187.6450435612173,2.4681513e-03,691335,58.25599,1776.72823,9.9342920e+03,1.2655410e+01,1.3482378e+03,4.7333703e+00,1.0835185e+04,1.3840144e+01,0,nan,nan,nan,nan,58.25599,1.1306121e-03,1776.72823,1.0602298e-03,1.7209703e-02,1.4730108e-02
-0.05579444492741459,0.9920047465803131,0.0012704526600324777,2187.6464324832505,2.4681850e-03,691336,58.25244,1776.72493,9.9019688e+03,1.2645832e+01,1.3551943e+03,4.7320409e+00,1.0798590e+04,1.3829669e+01,0,nan,nan,nan,nan,58.25244,1.1340725e-03,1776.72493,1.0626703e-03,1.3745233e-02,1.1434339e-02
-0.054405522893830494,0.992774698538672,0.0012698177264717017,2187.647821405284,2.4682188e-03,691337,58.25452,1776.72050,9.9082305e+03,1.2639519e+01,1.3488524e+03,4.7239909e+00,1.0806978e+04,1.3822765e+01,0,nan,nan,nan,nan,58.25452,1.1319579e-03,1776.72050,1.0615420e-03,1.6021321e-02,1.1077182e-02
-0.05301660062878,0.9924690053316586,0.00126979403824092,2187.649210327549,2.4682528e-03,691338,58.25718,1776.72684,9.9047568e+03,1.2639289e+01,1.3435503e+03,4.7309098e+00,1.0803655e+04,1.3822515e+01,0,nan,nan,nan,nan,58.25718,1.1325348e-03,1776.72684,1.0624111e-03,1.7912282e-02,1.5043225e-02
-0.05162767859565065,0.9932373925495823,0.001269449588931631,2187.6505992495822,2.4682865e-03,691339,58.25312,1776.71843,9.9123018e+03,1.2635866e+01,1.3374249e+03,4.7230406e+00,1.0812024e+04,1.3818770e+01,0,nan,nan,nan,nan,58.25312,1.1309254e-03,1776.71843,1.0604204e-03,1.7724410e-02,6.2377695e-03
-0.050238756562066555,0.9940412095305788,0.0012703380318065942,2187.651988171616,2.4683203e-03,691340,58.25368,1776.72315,9.9205068e+03,1.2644715e+01,1.3395773e+03,4.7220211e+00,1.0820779e+04,1.3828448e+01,0,nan,nan,nan,nan,58.25368,1.1314671e-03,1776.72315,1.0607539e-03,1.5516437e-02,1.2396024e-02
-0.048849834529391956,0.991311860801213,0.0012701474999712553,2187.6533770936485,2.4683541e-03,691341,58.25675,1776.72822,9.8924443e+03,1.2642824e+01,1.3588126e+03,4.7380624e+00,1.0791072e+04,1.3826379e+01,0,nan,nan,nan,nan,58.25675,1.1345152e-03,1776.72822,1.0639543e-03,1.7911067e-02,1.6489919e-02
-0.047460912496717356,0.9929872501150071,0.0012719950692755308,2187.654766015681,2.4683878e-03,691342,58.25502,1776.72398,9.9104365e+03,1.2661218e+01,1.3559479e+03,4.7549086e+00,1.0809313e+04,1.3846496e+01,0,nan,nan,nan,nan,58.25502,1.1340816e-03,1776.72398,1.0631501e-03,1.6713576e-02,1.2392557e-02
-0.04607199046358801,0.9910056526736825,0.0012694517449121998,2187.6561549377143,2.4684216e-03,691343,58.25274,1776.73056,9.8892793e+03,1.2635904e+01,1.3498519e+03,4.7357697e+00,1.0787745e+04,1.3818812e+01,0,nan,nan,nan,nan,58.25274,1.1329463e-03,1776.73056,1.0628520e-03,1.3815599e-02,1.7954431e-02
-0.04468306843045866,0.992005808523322,0.0012697655740279488,2187.6575438597474,2.4684554e-03,691344,58.25949,1776.72140,9.9009248e+03,1.2639031e+01,1.3463534e+03,4.7283373e+00,1.0798635e+04,1.3822232e+01,0,nan,nan,nan,nan,58.25949,1.1336282e-03,1776.72140,1.0621618e-03,1.8437022e-02,1.0515513e-02
-0.04329414616495342,0.9914914337066922,0.0012707804520340773,2187.658932782013,2.4684893e-03,691345,58.25414,1776.72757,9.8962002e+03,1.2649136e+01,1.3556521e+03,4.7460299e+00,1.0793036e+04,1.3833282e+01,0,nan,nan,nan,nan,58.25414,1.1345469e-03,1776.72757,1.0636735e-03,1.6000731e-02,1.5048985e-02
-0.04190522413136932,0.9949184245151499,0.00127121283757841,2187.6603217040465,2.4685231e-03,691346,58.25214,1776.72083,9.9314922e+03,1.2653440e+01,1.3458812e+03,4.7309375e+00,1.0830343e+04,1.3837989e+01,0,nan,nan,nan,nan,58.25214,1.1301106e-03,1776.72083,1.0600800e-03,1.2635020e-02,6.9918414e-03
-0.040516302098239976,0.9921126867113288,0.0012709987517620178,2187.6617106260796,2.4685569e-03,691347,58.25911,1776.72759,9.9029736e+03,1.2651309e+01,1.3577404e+03,4.7477293e+00,1.0799801e+04,1.3835659e+01,0,nan,nan,nan,nan,58.25911,1.1328130e-03,1776.72759,1.0616792e-03,2.1631032e-02,1.5754698e-02
-0.03912738006602012,0.9904450547114004,0.0012691458174424628,2187.663099548112,2.4685906e-03,691348,58.25437,1776.72740,9.8858398e+03,1.2632866e+01,1.3457114e+03,4.7288222e+00,1.0781647e+04,1.3815489e+01,0,nan,nan,nan,nan,58.25437,1.1339304e-03,1776.72740,1.0613312e-03,1.6581418e-02,1.4208334e-02
-0.03773845803243603,0.9915451798882398,0.0012698199024068835,2187.6644884701454,2.4686244e-03,691349,58.25574,1776.72397,9.8973281e+03,1.2639576e+01,1.3502080e+03,4.7278686e+00,1.0793622e+04,1.3822826e+01,0,nan,nan,nan,nan,58.25574,1.1322093e-03,1776.72397,1.0625822e-03,1.8382374e-02,1.3222688e-02
-0.036349535998851934,0.9927150432195905,0.0012700724910211676,2187.665877392179,2.4686581e-03,691350,58.25137,1776.72378,9.9064453e+03,1.2642087e+01,1.3468135e+03,4.7290988e+00,1.0806355e+04,1.3825573e+01,0,nan,nan,nan,nan,58.25137,1.1329068e-03,1776.72378,1.0615604e-03,1.3958520e-02,1.0491768e-02
-0.03496061396526784,0.993160366867245,0.0012701825332032924,2187.6672663142126,2.4686919e-03,691351,58.25307,1776.72815,9.9121885e+03,1.2643180e+01,1.3465234e+03,4.7301760e+00,1.0811201e+04,1.3826769e+01,0,nan,nan,nan,nan,58.25307,1.1323680e-03,1776.72815,1.0606267e-03,1.5499152e-02,1.4789263e-02
-0.03357169193259324,0.9938270064804497,0.001271197080217091,2187.6686552362453,2.4687257e-03,691352,58.25564,1776.72373,9.9190146e+03,1.2653275e+01,1.3536814e+03,4.7374926e+00,1.0818455e+04,1.3837810e+01,0,nan,nan,nan,nan,58.25564,1.1322739e-03,1776.72373,1.0613368e-03,1.7477233e-02,1.1426501e-02
-0.032182769899009145,0.9933203888582793,0.0012716728746061407,2187.670044158279,2.4687594e-03,691353,58.25148,1776.72539,9.9126396e+03,1.2658007e+01,1.3515267e+03,4.7447591e+00,1.0812938e+04,1.3842984e+01,0,nan,nan,nan,nan,58.25148,1.1344677e-03,1776.72539,1.0627827e-03,1.1890467e-02,1.3227318e-02
-0.030793847866334545,0.9908250310996167,0.0012699827455182045,2187.6714330803115,2.4687932e-03,691354,58.25686,1776.72239,9.8905439e+03,1.2641181e+01,1.3494844e+03,4.7389340e+00,1.0785770e+04,1.3824582e+01,0,nan,nan,nan,nan,58.25686,1.1354374e-03,1776.72239,1.0631458e-03,2.0694168e-02,1.2610272e-02
-0.029404925833659945,0.9925627047474467,0.0012707949780319861,2187.672822002344,2.4688269e-03,691355,58.25623,1776.72546,9.9056494e+03,1.2649260e+01,1.3490852e+03,4.7366495e+00,1.0804682e+04,1.3833418e+01,0,nan,nan,nan,nan,58.25623,1.1334950e-03,1776.72546,1.0616805e-03,1.5798366e-02,1.2184842e-02
-0.02801600380007585,0.9911365382830274,0.001269932182504323,2187.674210924378,2.4688607e-03,691356,58.25328,1776.72141,9.8911855e+03,1.2640666e+01,1.3504207e+03,4.7331271e+00,1.0789151e+04,1.3824019e+01,0,nan,nan,nan,nan,58.25328,1.1340425e-03,1776.72141,1.0634206e-03,1.4734824e-02,1.1005657e-02
-0.026627081766946503,0.9918057132522013,0.0012698255768704041,2187.675599846411,2.4688945e-03,691357,58.25513,1776.72974,9.8936797e+03,1.2639600e+01,1.3510984e+03,4.7309871e+00,1.0796431e+04,1.3822853e+01,0,nan,nan,nan,nan,58.25513,1.1341362e-03,1776.72974,1.0631157e-03,1.8717701e-02,1.7936638e-02
-0.025238159734271903,0.9917298587201789,0.0012704032725455502,2187.6769887684436,2.4689282e-03,691358,58.25521,1776.72739,9.8980811e+03,1.2645341e+01,1.3503917e+03,4.7387877e+00,1.0795599e+04,1.3829133e+01,0,nan,nan,nan,nan,58.25521,1.1332978e-03,1776.72739,1.0617465e-03,1.7936597e-02,1.3255412e-02
-0.023849237701597303,0.9933236801267704,0.0012701272021646791,2187.6783776904763,2.4689620e-03,691359,58.25304,1776.72291,9.9131738e+03,1.2642585e+01,1.3429177e+03,4.7218699e+00,1.0812942e+04,1.3826118e+01,0,nan,nan,nan,nan,58.25304,1.1317541e-03,1776.72291,1.0615974e-03,1.4483640e-02,1.3376272e-02
-0.022460315668467956,0.9939201796974357,0.001271531654245496,2187.6797666125094,2.4689957e-03,691360,58.25513,1776.72548,9.9204062e+03,1.2656557e+01,1.3478655e+03,4.7409821e+00,1.0819428e+04,1.3841398e+01,0,nan,nan,nan,nan,58.25513,1.1335481e-03,1776.72548,1.0597367e-03,1.8788002e-02,1.1966049e-02
-0.02107139363533861,0.9943069072488256,0.0012705951043051297,2187.6811555345425,2.4690295e-03,691361,58.25185,1776.72405,9.9252227e+03,1.2647225e+01,1.3372939e+03,4.7271328e+00,1.0823630e+04,1.3831193e+01,0,nan,nan,nan,nan,58.25185,1.1301672e-03,1776.72405,1.0589375e-03,1.4450857e-02,1.4146135e-02
-0.019682471835494653,0.9928129266387861,0.0012704534828391094,2187.6825444563424,2.4690630e-03,691362,58.25494,1776.72464,9.9068330e+03,1.2645806e+01,1.3478826e+03,4.7363243e+00,1.0807358e+04,1.3829641e+01,0,nan,nan,nan,nan,58.25494,1.1319600e-03,1776.72464,1.0615943e-03,1.7683966e-02,1.3732496e-02
-0.018293549802365305,0.9929537227562288,0.001270250626186035,2187.6839333783755,2.4690968e-03,691363,58.25563,1776.72386,9.9107002e+03,1.2643776e+01,1.3532567e+03,4.7282853e+00,1.0808882e+04,1.3827421e+01,0,nan,nan,nan,nan,58.25563,1.1324830e-03,1776.72386,1.0611864e-03,1.7582633e-02,1.3700308e-02
-0.01690462776878121,0.9926161326268874,0.0012709421597429103,2187.685322300409,2.4691306e-03,691364,58.25493,1776.72180,9.9071934e+03,1.2650648e+01,1.3444216e+03,4.7294216e+00,1.0805197e+04,1.3834936e+01,0,nan,nan,nan,nan,58.25493,1.1332629e-03,1776.72180,1.0634275e-03,1.5777672e-02,1.2713801e-02
-0.01551570573610661,0.9939740149041966,0.0012702882088087375,2187.6867112224418,2.4691643e-03,691365,58.25402,1776.72259,9.9204443e+03,1.2644128e+01,1.3434133e+03,4.7242613e+00,1.0819969e+04,1.3827805e+01,0,nan,nan,nan,nan,58.25402,1.1317156e-03,1776.72259,1.0598741e-03,1.4395319e-02,1.0465652e-02
-0.014126783703432011,0.9926140154080365,0.0012707153537106484,2187.6881001444744,2.4691981e-03,691366,58.25494,1776.72571,9.9049893e+03,1.2648367e+01,1.3369351e+03,4.7263069e+00,1.0805153e+04,1.3832441e+01,0,nan,nan,nan,nan,58.25494,1.1328156e-03,1776.72571,1.0623799e-03,1.6519556e-02,1.3737708e-02
-0.012737861670757411,0.9927792681516927,0.0012698562212250482,2187.689489066507,2.4692318e-03,691367,58.25533,1776.72557,9.9067490e+03,1.2639800e+01,1.3390121e+03,4.7295318e+00,1.0806941e+04,1.3823073e+01,0,nan,nan,nan,nan,58.25533,1.1344088e-03,1776.72557,1.0601592e-03,1.7388053e-02,1.4632354e-02
-0.011348939636263822,0.992761250276515,0.0012702666363595518,2187.6908779885416,2.4692656e-03,691368,58.25659,1776.72508,9.9022070e+03,1.2643872e+01,1.3508378e+03,4.7346702e+00,1.0806733e+04,1.3827526e+01,0,nan,nan,nan,nan,58.25659,1.1325680e-03,1776.72508,1.0641576e-03,1.7562401e-02,1.5335719e-02
-0.009960017835965118,0.9940819495949526,0.0012707286538709576,2187.692266910342,2.4692991e-03,691369,58.25762,1776.72496,9.9198330e+03,1.2648456e+01,1.3429778e+03,4.7279630e+00,1.0821097e+04,1.3832540e+01,0,nan,nan,nan,nan,58.25762,1.1307404e-03,1776.72496,1.0616588e-03,2.1956263e-02,1.5161585e-02
-0.008571095802835771,0.9926310913580125,0.0012712219164587588,2187.693655832375,2.4693329e-03,691370,58.25135,1776.72870,9.9074951e+03,1.2653351e+01,1.3472468e+03,4.7441325e+00,1.0805290e+04,1.3837892e+01,0,nan,nan,nan,nan,58.25135,1.1344242e-03,1776.72870,1.0610166e-03,1.4599055e-02,1.6475042e-02
-0.007182173769251676,0.9925640365324115,0.001270222064223444,2187.6950447544086,2.4693666e-03,691371,58.25543,1776.72390,9.9073564e+03,1.2643382e+01,1.3488000e+03,4.7293491e+00,1.0804547e+04,1.3826991e+01,0,nan,nan,nan,nan,58.25543,1.1312354e-03,1776.72390,1.0609288e-03,1.9743439e-02,1.1525906e-02
-0.005793251737031824,0.9911884432478222,0.0012699944622042707,2187.696433676441,2.4694004e-03,691372,58.25582,1776.72682,9.8942139e+03,1.2641100e+01,1.3583230e+03,4.7361732e+00,1.0789559e+04,1.3824495e+01,0,nan,nan,nan,nan,58.25582,1.1342035e-03,1776.72682,1.0628187e-03,1.8445956e-02,1.3223372e-02
-0.0044043297039024765,0.9914958264592664,0.0012702858668044352,2187.697822598474,2.4694342e-03,691373,58.25568,1776.72762,9.8950176e+03,1.2643984e+01,1.3465276e+03,4.7291098e+00,1.0792890e+04,1.3827648e+01,0,nan,nan,nan,nan,58.25568,1.1338505e-03,1776.72762,1.0642202e-03,1.7621327e-02,1.4856423e-02
-0.0030154079031490255,0.991525951132216,0.0012700013978959375,2187.6992115202747,2.4694677e-03,691374,58.25784,1776.72492,9.8961172e+03,1.2641135e+01,1.3592040e+03,4.7318678e+00,1.0793202e+04,1.3824533e+01,0,nan,nan,nan,nan,58.25784,1.1338604e-03,1776.72492,1.0607768e-03,2.3088906e-02,1.2758270e-02
-0.0016264858704744256,0.9914875147356114,0.0012695416879643857,2187.7006004423074,2.4695015e-03,691375,58.25106,1776.72257,9.8952246e+03,1.2636539e+01,1.3446207e+03,4.7276449e+00,1.0792768e+04,1.3819507e+01,0,nan,nan,nan,nan,58.25106,1.1321751e-03,1776.72257,1.0614292e-03,1.4783693e-02,1.2873475e-02
-0.0002375638377998257,0.9921744551676001,0.0012700469893728408,2187.70198936434,2.4695352e-03,691376,58.25561,1776.72741,9.9021592e+03,1.2641551e+01,1.3502941e+03,4.7329068e+00,1.0800229e+04,1.3824986e+01,0,nan,nan,nan,nan,58.25561,1.1340814e-03,1776.72741,1.0605953e-03,1.9850662e-02,1.4097460e-02
0.001151357962498878,0.9911915554188719,0.00126978493717511,2187.7033782861404,2.4695687e-03,691377,58.25578,1776.72231,9.8911504e+03,1.2638922e+01,1.3469275e+03,4.7314172e+00,1.0789513e+04,1.3822112e+01,0,nan,nan,nan,nan,58.25578,1.1334558e-03,1776.72231,1.0613948e-03,1.6829556e-02,1.1616956e-02
0.002540279995628225,0.9917324988590804,0.0012695186458104237,2187.7047672081735,2.4696025e-03,691378,58.25582,1776.72276,9.8918467e+03,1.2636250e+01,1.3480592e+03,4.7284780e+00,1.0795383e+04,1.3819190e+01,0,nan,nan,nan,nan,58.25582,1.1339977e-03,1776.72276,1.0644976e-03,1.7443605e-02,1.3345500e-02
0.003929202028302825,0.9929173449785307,0.0012711545183035214,2187.706156130206,2.4696363e-03,691379,58.25775,1776.72580,9.9088105e+03,1.2652513e+01,1.3604116e+03,4.7403116e+00,1.0808263e+04,1.3836974e+01,0,nan,nan,nan,nan,58.25775,1.1315460e-03,1776.72580,1.0635039e-03,1.9172819e-02,1.3895299e-02
0.00531812406188692,0.9926012576512278,0.0012699526050823247,2187.7075450522398,2.4696700e-03,691380,58.25446,1776.72313,9.9064072e+03,1.2640525e+01,1.3438246e+03,4.7224259e+00,1.0804803e+04,1.3823866e+01,0,nan,nan,nan,nan,58.25446,1.1321479e-03,1776.72313,1.0622629e-03,1.4933593e-02,1.1583108e-02
0.006707045862185623,0.9933024583314017,0.0012699249837843216,2187.70893397404,2.4697036e-03,691381,58.25644,1776.72677,9.9129824e+03,1.2640228e+01,1.3358809e+03,4.7235208e+00,1.0812416e+04,1.3823541e+01,0,nan,nan,nan,nan,58.25644,1.1316641e-03,1776.72677,1.0618287e-03,1.9299984e-02,1.5711913e-02
0.008095967894860223,0.9934284728652332,0.0012699241826201987,2187.7103228960727,2.4697373e-03,691382,58.25856,1776.72616,9.9142744e+03,1.2640197e+01,1.3471710e+03,4.7213440e+00,1.0813768e+04,1.3823507e+01,0,nan,nan,nan,nan,58.25856,1.1310792e-03,1776.72616,1.0606748e-03,2.0126579e-02,1.4260460e-02
0.009484889694249432,0.9924489070743817,0.0012699357763983456,2187.711711817872,2.4697708e-03,691383,58.25528,1776.72417,9.9052988e+03,1.2640288e+01,1.3555686e+03,4.7268214e+00,1.0803085e+04,1.3823606e+01,0,nan,nan,nan,nan,58.25528,1.1323876e-03,1776.72417,1.0623715e-03,1.6699426e-02,1.3505639e-02
0.010873811727833527,0.9925093838054366,0.0012698158641838478,2187.7131007399057,2.4698046e-03,691384,58.25274,1776.72574,9.9052451e+03,1.2639071e+01,1.3422928e+03,4.7238150e+00,1.0803722e+04,1.3822275e+01,0,nan,nan,nan,nan,58.25274,1.1327608e-03,1776.72574,1.0616786e-03,1.6168088e-02,1.3093824e-02
0.012262733760962874,0.9922838374827628,0.0012704789190842154,2187.714489661939,2.4698384e-03,691385,58.25505,1776.72571,9.9035547e+03,1.2645646e+01,1.3572448e+03,4.7337108e+00,1.0801245e+04,1.3829466e+01,0,nan,nan,nan,nan,58.25505,1.1338312e-03,1776.72571,1.0620988e-03,2.0341452e-02,1.2263459e-02
0.013651655561261578,0.9929995277332018,0.0012711649564935187,2187.715878583739,2.4698719e-03,691386,58.25355,1776.72263,9.9112979e+03,1.2652448e+01,1.3539763e+03,4.7379332e+00,1.0809014e+04,1.3836905e+01,0,nan,nan,nan,nan,58.25355,1.1319094e-03,1776.72263,1.0618601e-03,1.6530251e-02,1.2806027e-02
0.015040577595755167,0.9931100653670686,0.0012703947110016911,2187.7172675057736,2.4699057e-03,691387,58.25706,1776.72879,9.9127080e+03,1.2644754e+01,1.3416534e+03,4.7313538e+00,1.0810194e+04,1.3828491e+01,0,nan,nan,nan,nan,58.25706,1.1337965e-03,1776.72879,1.0599664e-03,1.9150054e-02,1.5801322e-02
0.01642949939605387,0.9928497020306121,0.0012705059659616443,2187.718656427574,2.4699392e-03,691388,58.25630,1776.72716,9.9085439e+03,1.2645835e+01,1.3440446e+03,4.7334013e+00,1.0807337e+04,1.3829673e+01,0,nan,nan,nan,nan,58.25630,1.1330731e-03,1776.72716,1.0616811e-03,1.7226024e-02,1.3123583e-02
0.017818421428273723,0.9924622211127103,0.0012708879860836805,2187.720045349606,2.4699729e-03,691389,58.25616,1776.72431,9.9056611e+03,1.2649610e+01,1.3500012e+03,4.7369232e+00,1.0803096e+04,1.3833800e+01,0,nan,nan,nan,nan,58.25616,1.1329990e-03,1776.72431,1.0621769e-03,1.7563723e-02,1.2020833e-02
0.019207343460948323,0.9938162558932075,0.0012706032548908933,2187.721434271639,2.4700067e-03,691390,58.25458,1776.72546,9.9186514e+03,1.2646748e+01,1.3443287e+03,4.7256808e+00,1.0817811e+04,1.3830670e+01,0,nan,nan,nan,nan,58.25458,1.1312419e-03,1776.72546,1.0619365e-03,1.8000266e-02,1.4101594e-02
0.020596265261701774,0.9912360351110278,0.0012702885689610676,2187.7228231934396,2.4700402e-03,691391,58.25789,1776.72464,9.8928447e+03,1.2643585e+01,1.3494940e+03,4.7391043e+00,1.0789700e+04,1.3827213e+01,0,nan,nan,nan,nan,58.25789,1.1352992e-03,1776.72464,1.0617294e-03,1.9855587e-02,1.4895781e-02
0.02198518729483112,0.9907359973528909,0.0012697809459404866,2187.7242121154727,2.4700740e-03,691392,58.25608,1776.71997,9.8857822e+03,1.2638504e+01,1.3501375e+03,4.7347298e+00,1.0784231e+04,1.3821655e+01,0,nan,nan,nan,nan,58.25608,1.1362812e-03,1776.71997,1.0639881e-03,1.6768971e-02,9.3238140e-03
0.023374109094675077,0.9906985045132258,0.0012682130080622,2187.7256010372726,2.4701075e-03,691393,58.25484,1776.72659,9.8875742e+03,1.2622867e+01,1.3299396e+03,4.7168608e+00,1.0783798e+04,1.3804555e+01,0,nan,nan,nan,nan,58.25484,1.1314037e-03,1776.72659,1.0622245e-03,1.5454673e-02,1.3707802e-02
0.024763031127804425,0.9919391478201464,0.0012698170532581333,2187.7269899593057,2.4701413e-03,691394,58.25587,1776.72170,9.8929004e+03,1.2638803e+01,1.3495439e+03,4.7272558e+00,1.0797276e+04,1.3821982e+01,0,nan,nan,nan,nan,58.25587,1.1335149e-03,1776.72170,1.0656938e-03,1.7226340e-02,1.0341031e-02
0.026151952928103128,0.9912356008103406,0.0012693063437545398,2187.728378881106,2.4701748e-03,691395,58.25511,1776.73003,9.8908486e+03,1.2633689e+01,1.3435110e+03,4.7273917e+00,1.0789592e+04,1.3816389e+01,0,nan,nan,nan,nan,58.25511,1.1342079e-03,1776.73003,1.0616694e-03,1.9077215e-02,1.9917946e-02
0.027540874960777728,0.9929216921806224,0.0012704426217744846,2187.7297678031387,2.4702086e-03,691396,58.25709,1776.72931,9.9096299e+03,1.2644966e+01,1.3404829e+03,4.7333875e+00,1.0807918e+04,1.3828722e+01,0,nan,nan,nan,nan,58.25709,1.1337708e-03,1776.72931,1.0603465e-03,2.0207008e-02,1.6081044e-02
0.028929796760621684,0.9933033498807842,0.001269928302805824,2187.7311567249385,2.4702421e-03,691397,58.25424,1776.72443,9.9123867e+03,1.2639815e+01,1.3340010e+03,4.7184296e+00,1.0812044e+04,1.3823090e+01,0,nan,nan,nan,nan,58.25424,1.1308659e-03,1776.72443,1.0599209e-03,1.6011836e-02,1.3241699e-02
0.03031871879375103,0.9898556864172141,0.001270334356084086,2187.7325456469716,2.4702759e-03,691398,58.25473,1776.72407,9.8793057e+03,1.2643825e+01,1.3493455e+03,4.7365155e+00,1.0774488e+04,1.3827474e+01,0,nan,nan,nan,nan,58.25473,1.1363552e-03,1776.72407,1.0643853e-03,1.8527480e-02,1.2653637e-02
0.03170764059450448,0.9930228981298114,0.0012715961063254368,2187.7339345687724,2.4703094e-03,691399,58.25339,1776.72966,9.9088975e+03,1.2656347e+01,1.3542961e+03,4.7521577e+00,1.0808935e+04,1.3841169e+01,0,nan,nan,nan,nan,58.25339,1.1357768e-03,1776.72966,1.0621895e-03,1.6740393e-02,1.6566351e-02
0.03309656239434844,0.9924874138790417,0.001269471415977453,2187.7353234905722,2.4703429e-03,691400,58.26053,1776.72671,9.9035625e+03,1.2635167e+01,1.3419330e+03,4.7262487e+00,1.0803077e+04,1.3818007e+01,0,nan,nan,nan,nan,58.26053,1.1325326e-03,1776.72671,1.0599986e-03,2.3735130e-02,1.5389591e-02
0.03448548442702304,0.9937242220281727,0.0012698628616146475,2187.736712412605,2.4703767e-03,691401,58.25407,1776.72289,9.9168398e+03,1.2639030e+01,1.3372502e+03,4.7169099e+00,1.0816510e+04,1.3822230e+01,0,nan,nan,nan,nan,58.25407,1.1313551e-03,1776.72289,1.0611481e-03,1.7199403e-02,1.0311544e-02
0.03587440622777649,0.9933866917706161,0.001271053237681492,2187.7381013344057,2.4704102e-03,691402,58.25595,1776.72982,9.9125918e+03,1.2650841e+01,1.3482147e+03,4.7312589e+00,1.0812806e+04,1.3835148e+01,0,nan,nan,nan,nan,58.25595,1.1325130e-03,1776.72982,1.0627097e-03,1.6261376e-02,1.7790295e-02
0.03726332826045109,0.9915770805728696,0.0012697073237943532,2187.7394902564383,2.4704440e-03,691403,58.25272,1776.72358,9.8964375e+03,1.2637410e+01,1.3504038e+03,4.7263203e+00,1.0793078e+04,1.3820459e+01,0,nan,nan,nan,nan,58.25272,1.1328895e-03,1776.72358,1.0608623e-03,1.7021216e-02,1.2984610e-02
0.03865225006120454,0.9927524912214425,0.0012697316597097288,2187.740879178239,2.4704775e-03,691404,58.25609,1776.72689,9.9072383e+03,1.2637615e+01,1.3447158e+03,4.7215657e+00,1.0805842e+04,1.3820684e+01,0,nan,nan,nan,nan,58.25609,1.1313686e-03,1776.72689,1.0606823e-03,1.8734695e-02,1.4959569e-02
0.04004117186195799,0.9935422113142541,0.0012707639852202323,2187.74226810004,2.4705110e-03,691405,58.25563,1776.72658,9.9150703e+03,1.2647855e+01,1.3483579e+03,4.7292881e+00,1.0814406e+04,1.3831882e+01,0,nan,nan,nan,nan,58.25563,1.1333089e-03,1776.72658,1.0597516e-03,1.9706331e-02,1.3588508e-02
0.041430093895542086,0.9914373263679093,0.0012699338179341963,2187.7436570220734,2.4705448e-03,691406,58.25402,1776.72574,9.8936787e+03,1.2639555e+01,1.3418345e+03,4.7305593e+00,1.0791463e+04,1.3822804e+01,0,nan,nan,nan,nan,58.25402,1.1329375e-03,1776.72574,1.0614307e-03,1.5988907e-02,1.5260902e-02
0.042819015694931295,0.9931296483229242,0.001270686460884772,2187.745045943873,2.4705783e-03,691407,58.25344,1776.72223,9.9111396e+03,1.2647008e+01,1.3556665e+03,4.7333393e+00,1.0809852e+04,1.3830956e+01,0,nan,nan,nan,nan,58.25344,1.1320084e-03,1776.72223,1.0622003e-03,1.7409828e-02,1.0640977e-02
0.04420793749523,0.9931380648720716,0.001270869104909765,2187.746434865673,2.4706118e-03,691408,58.25806,1776.73029,9.9111055e+03,1.2648787e+01,1.3527831e+03,4.7318506e+00,1.0809910e+04,1.3832901e+01,0,nan,nan,nan,nan,58.25806,1.1330504e-03,1776.73029,1.0608801e-03,2.0170514e-02,1.8275430e-02
0.04559685952881409,0.9932806002630914,0.0012704567315432783,2187.7478237877067,2.4706456e-03,691409,58.25604,1776.71811,9.9053955e+03,1.2644645e+01,1.3512970e+03,4.7372651e+00,1.0811429e+04,1.3828371e+01,0,nan,nan,nan,nan,58.25604,1.1327517e-03,1776.71811,1.0659340e-03,2.0132694e-02,9.5193097e-03
0.04698578132865805,0.994713711389009,0.0012722265568680436,2187.7492127095065,2.4706791e-03,691410,58.25480,1776.72812,9.9245840e+03,1.2662220e+01,1.3475120e+03,4.7396302e+00,1.0826994e+04,1.3847591e+01,0,nan,nan,nan,nan,58.25480,1.1337704e-03,1776.72812,1.0612083e-03,1.9686414e-02,1.6361693e-02
0.0483747031294115,0.9924401809465574,0.0012705060550633458,2187.7506016313073,2.4707126e-03,691411,58.25796,1776.72714,9.9047393e+03,1.2645056e+01,1.3514324e+03,4.7307320e+00,1.0802214e+04,1.3828821e+01,0,nan,nan,nan,nan,58.25796,1.1324205e-03,1776.72714,1.0609566e-03,1.9495111e-02,1.6067671e-02
0.0497636251620861,0.9902757369779781,0.0012700425134379433,2187.75199055334,2.4707464e-03,691412,58.25673,1776.72733,9.8818672e+03,1.2640403e+01,1.3570980e+03,4.7399049e+00,1.0778621e+04,1.3823732e+01,0,nan,nan,nan,nan,58.25673,1.1348044e-03,1776.72733,1.0633507e-03,1.8253142e-02,1.6732067e-02
0.05115254696193006,0.9919940426845985,0.001270007724561504,2187.75337947514,2.4707799e-03,691413,58.25619,1776.72738,9.9002910e+03,1.2640017e+01,1.3436105e+03,4.7239199e+00,1.0797289e+04,1.3823310e+01,0,nan,nan,nan,nan,58.25619,1.1343460e-03,1776.72738,1.0607548e-03,1.8977959e-02,1.5607812e-02
0.05254146876177401,0.9928146777716034,0.0012710905382498643,2187.7547683969397,2.4708135e-03,691414,58.25666,1776.72459,9.9082939e+03,1.2650752e+01,1.3537614e+03,4.7370968e+00,1.0806187e+04,1.3835051e+01,0,nan,nan,nan,nan,58.25666,1.1331149e-03,1776.72459,1.0636600e-03,1.7774954e-02,1.7117033e-02
0.053930390562527464,0.9942870649283948,0.0012709211203416346,2187.7561573187404,2.4708470e-03,691415,58.26064,1776.72362,9.9206338e+03,1.2649025e+01,1.3435117e+03,4.7281609e+00,1.0822177e+04,1.3833161e+01,0,nan,nan,nan,nan,58.26064,1.1326554e-03,1776.72362,1.0617408e-03,2.1719119e-02,1.3307153e-02
0.05531931236282617,0.9900080179061065,0.0012688885547477494,2187.7575462405407,2.4708805e-03,691416,58.25591,1776.72660,9.8803750e+03,1.2628753e+01,1.3375565e+03,4.7310209e+00,1.0775566e+04,1.3810992e+01,0,nan,nan,nan,nan,58.25591,1.1331181e-03,1776.72660,1.0621937e-03,1.7482640e-02,1.7306255e-02
0.05670823439504602,0.9924008935413804,0.001270661173706551,2187.758935162573,2.4709143e-03,691417,58.25702,1776.72737,9.9021035e+03,1.2646354e+01,1.3523915e+03,4.7379460e+00,1.0801575e+04,1.3830239e+01,0,nan,nan,nan,nan,58.25702,1.1334240e-03,1776.72737,1.0617953e-03,2.0859368e-02,1.5918240e-02
0.05809715619579947,0.9921959381090645,0.0012700578123362204,2187.7603240843737,2.4709478e-03,691418,58.25594,1776.72535,9.9032305e+03,1.2640306e+01,1.3475975e+03,4.7266178e+00,1.0799309e+04,1.3823626e+01,0,nan,nan,nan,nan,58.25594,1.1311134e-03,1776.72535,1.0616808e-03,1.7621979e-02,1.4686161e-02
0.059486077996098174,0.9908958769960301,0.0012701933728211938,2187.761713006174,2.4709813e-03,691419,58.25814,1776.72404,9.8903467e+03,1.2641613e+01,1.3576780e+03,4.7369237e+00,1.0785121e+04,1.3825055e+01,0,nan,nan,nan,nan,58.25814,1.1335531e-03,1776.72404,1.0630311e-03,1.9932520e-02,1.0307441e-02
0.06087499979594213,0.9942150247965377,0.0012701457360766643,2187.763101927974,2.4710149e-03,691420,58.25890,1776.73197,9.9216797e+03,1.2641095e+01,1.3432937e+03,4.7193022e+00,1.0821210e+04,1.3824489e+01,0,nan,nan,nan,nan,58.25890,1.1327938e-03,1776.73197,1.0596560e-03,2.0423105e-02,1.9094935e-02
0.06226392159578609,0.9930927727507639,0.0012705123170749799,2187.7644908497737,2.4710484e-03,691421,58.25951,1776.72252,9.9114697e+03,1.2644699e+01,1.3424403e+03,4.7238445e+00,1.0808958e+04,1.3828430e+01,0,nan,nan,nan,nan,58.25951,1.1346403e-03,1776.72252,1.0602565e-03,2.2267554e-02,1.0847476e-02
0.06365284339608479,0.9928539881752553,0.0012704220615162114,2187.765879771574,2.4710819e-03,691422,58.25560,1776.72750,9.9086973e+03,1.2643756e+01,1.3436202e+03,4.7301354e+00,1.0806321e+04,1.3827399e+01,0,nan,nan,nan,nan,58.25560,1.1320086e-03,1776.72750,1.0598887e-03,1.6700985e-02,1.7165408e-02
0.06504176543012363,0.9931716531418633,0.0012700625088595818,2187.767268693608,2.4711157e-03,691423,58.25647,1776.72755,9.9115684e+03,1.2640133e+01,1.3463513e+03,4.7226872e+00,1.0809740e+04,1.3823437e+01,0,nan,nan,nan,nan,58.25647,1.1321425e-03,1776.72755,1.0601454e-03,1.9108385e-02,1.4040864e-02
0.06643068723042234,0.9935476066798729,0.0012710768913644045,2187.7686576154083,2.4711492e-03,691424,58.25840,1776.72691,9.9137617e+03,1.2650184e+01,1.3519907e+03,4.7337232e+00,1.0813794e+04,1.3834429e+01,0,nan,nan,nan,nan,58.25840,1.1313360e-03,1776.72691,1.0618973e-03,1.9374628e-02,1.5126710e-02
0.06781960903117579,0.9942236952673044,0.001270694142854309,2187.770046537209,2.4711827e-03,691425,58.25440,1776.72366,9.9229551e+03,1.2646329e+01,1.3416901e+03,4.7253189e+00,1.0821113e+04,1.3830214e+01,0,nan,nan,nan,nan,58.25440,1.1299837e-03,1776.72366,1.0594022e-03,1.5516343e-02,1.1439330e-02
0.06920853083147449,0.9922319302122855,0.0012702906012532927,2187.7714354590094,2.4712163e-03,691426,58.25878,1776.72702,9.9025879e+03,1.2642267e+01,1.3524783e+03,4.7329326e+00,1.0799396e+04,1.3825771e+01,0,nan,nan,nan,nan,58.25878,1.1340559e-03,1776.72702,1.0603224e-03,2.2735188e-02,1.7018870e-02
0.07059745263131845,0.9913718605757299,0.0012698264755244206,2187.772824380809,2.4712498e-03,691427,58.25655,1776.72614,9.8934834e+03,1.2637602e+01,1.3441699e+03,4.7317376e+00,1.0789996e+04,1.3820669e+01,0,nan,nan,nan,nan,58.25655,1.1351329e-03,1776.72614,1.0609360e-03,1.8743305e-02,1.3694394e-02
0.07198637443161715,0.9941361523607474,0.0012726577418753517,2187.7742133026095,2.4712833e-03,691428,58.25748,1776.72838,9.9205713e+03,1.2665734e+01,1.3459554e+03,4.7507420e+00,1.0820042e+04,1.3851434e+01,0,nan,nan,nan,nan,58.25748,1.1344489e-03,1776.72838,1.0615065e-03,1.9665580e-02,1.7095160e-02
0.0733752962323706,0.9934352439133386,0.001269703658220888,2187.7756022244102,2.4713168e-03,691429,58.25871,1776.72400,9.9069346e+03,1.2636286e+01,1.3408951e+03,4.7195253e+00,1.0812374e+04,1.3819230e+01,0,nan,nan,nan,nan,58.25871,1.1319149e-03,1776.72400,1.0639534e-03,2.2239652e-02,1.6658366e-02
0.07476421803175981,0.9928421753955954,0.0012703017466182695,2187.7769911462096,2.4713504e-03,691430,58.25744,1776.72724,9.9056943e+03,1.2642193e+01,1.3476818e+03,4.7301173e+00,1.0805879e+04,1.3825689e+01,0,nan,nan,nan,nan,58.25744,1.1325210e-03,1776.72724,1.0618562e-03,2.0241203e-02,1.7146394e-02
0.07615313983160377,0.9933947060682656,0.0012705497837603177,2187.7783800680095,2.4713839e-03,691431,58.25632,1776.72696,9.9129424e+03,1.2644613e+01,1.3455549e+03,4.7246962e+00,1.0811853e+04,1.3828337e+01,0,nan,nan,nan,nan,58.25632,1.1332566e-03,1776.72696,1.0606193e-03,1.9032193e-02,1.6605085e-02
0.07754206163190247,0.9920603960469165,0.0012713883136179149,2187.77976898981,2.4714174e-03,691432,58.25494,1776.72305,9.8994854e+03,1.2652911e+01,1.3483594e+03,4.7415071e+00,1.0797289e+04,1.3837411e+01,0,nan,nan,nan,nan,58.25494,1.1343948e-03,1776.72305,1.0625116e-03,1.6404994e-02,1.2147798e-02
0.07893098343265592,0.9925639482225891,0.0012706272186807628,2187.7811579116105,2.4714509e-03,691433,58.25975,1776.73057,9.9049785e+03,1.2645288e+01,1.3504619e+03,4.7395763e+00,1.0802729e+04,1.3829074e+01,0,nan,nan,nan,nan,58.25975,1.1339379e-03,1776.73057,1.0608812e-03,2.1621229e-02,1.7384415e-02
0.08031990523249988,0.9931672466550516,0.0012705199047388033,2187.7825468334104,2.4714845e-03,691434,58.25942,1776.72474,9.9122051e+03,1.2644173e+01,1.3284652e+03,4.7228508e+00,1.0809254e+04,1.3827854e+01,0,nan,nan,nan,nan,58.25942,1.1322694e-03,1776.72474,1.0615692e-03,2.0665485e-02,1.3829987e-02
0.08170882703234383,0.9929173453885808,0.0012705834166369138,2187.78393575521,2.4715180e-03,691435,58.25591,1776.72610,9.9090020e+03,1.2644755e+01,1.3472806e+03,4.7281585e+00,1.0806492e+04,1.3828492e+01,0,nan,nan,nan,nan,58.25591,1.1318675e-03,1776.72610,1.0611663e-03,1.8412963e-02,1.2992499e-02
0.08309774883309728,0.9928024497612011,0.0012712426610143024,2187.785324677011,2.4715515e-03,691436,58.25700,1776.72531,9.9072354e+03,1.2651266e+01,1.3440743e+03,4.7399635e+00,1.0805200e+04,1.3835613e+01,0,nan,nan,nan,nan,58.25700,1.1347044e-03,1776.72531,1.0624694e-03,2.0026650e-02,1.3611926e-02
0.08448667063294124,0.995178048916011,0.001271136940190192,2187.786713598811,2.4715851e-03,691437,58.25463,1776.72527,9.9314287e+03,1.2650167e+01,1.3385177e+03,4.7220979e+00,1.0831013e+04,1.3834410e+01,0,nan,nan,nan,nan,58.25463,1.1298840e-03,1776.72527,1.0587052e-03,1.7000232e-02,1.5984571e-02
0.0858755924327852,0.9957338509365378,0.0012713403842035656,2187.7881025206107,2.4716186e-03,691438,58.25514,1776.72173,9.9379863e+03,1.2652143e+01,1.3412134e+03,4.7218585e+00,1.0837020e+04,1.3836571e+01,0,nan,nan,nan,nan,58.25514,1.1309438e-03,1776.72173,1.0573225e-03,1.9781370e-02,8.9957677e-03
0.08726451423353865,0.9934667732113132,0.00127157084679118,2187.7894914424114,2.4716521e-03,691439,58.25888,1776.72801,9.9108936e+03,1.2654387e+01,1.3432849e+03,4.7298799e+00,1.0812304e+04,1.3839025e+01,0,nan,nan,nan,nan,58.25888,1.1335051e-03,1776.72801,1.0638630e-03,2.0774616e-02,1.7780108e-02
0.0886534360333826,0.9938389504729424,0.0012715990004325392,2187.7908803642113,2.4716856e-03,691440,58.25455,1776.72624,9.9190811e+03,1.2654616e+01,1.3519817e+03,4.7385387e+00,1.0816312e+04,1.3839276e+01,0,nan,nan,nan,nan,58.25455,1.1326136e-03,1776.72624,1.0609007e-03,2.1108352e-02,1.3916370e-02
0.09004235783413606,0.9927462792925725,0.00127213725905479,2187.792269286012,2.4717192e-03,691441,58.25734,1776.72470,9.9061436e+03,1.2659924e+01,1.3496553e+03,4.7492137e+00,1.0804378e+04,1.3845079e+01,0,nan,nan,nan,nan,58.25734,1.1351877e-03,1776.72470,1.0633854e-03,2.2119820e-02,1.4630208e-02
0.09143127940205886,0.9941706500299287,0.0012712601273134527,2187.79365820758,2.4717525e-03,691442,58.25625,1776.72902,9.9219824e+03,1.2651143e+01,1.3520398e+03,4.7253709e+00,1.0819836e+04,1.3835478e+01,0,nan,nan,nan,nan,58.25625,1.1323825e-03,1776.72902,1.0599592e-03,1.8461781e-02,1.7236512e-02
0.09282020120281231,0.9953916683357803,0.0012713380253604563,2187.7950471293807,2.4717860e-03,691443,58.25731,1776.72490,9.9330117e+03,1.2651869e+01,1.3457787e+03,4.7219048e+00,1.0833082e+04,1.3836270e+01,0,nan,nan,nan,nan,58.25731,1.1320384e-03,1776.72490,1.0604067e-03,2.0903533e-02,1.4184192e-02
0.09420912300265627,0.9951121414841726,0.0012710564142735094,2187.7964360511805,2.4718195e-03,691444,58.25594,1776.72763,9.9307363e+03,1.2649016e+01,1.3448317e+03,4.7214665e+00,1.0829996e+04,1.3833151e+01,0,nan,nan,nan,nan,58.25594,1.1311636e-03,1776.72763,1.0587495e-03,1.9025324e-02,1.5014181e-02
0.09559804480250023,0.9971648370182286,0.0012723335985030287,2187.7978249729804,2.4718530e-03,691445,58.25653,1776.72635,9.9506680e+03,1.2661675e+01,1.3349004e+03,4.7259254e+00,1.0852293e+04,1.3846995e+01,0,nan,nan,nan,nan,58.25653,1.1291368e-03,1776.72635,1.0591568e-03,2.2180706e-02,1.5643839e-02
0.09698696660279893,0.9934059872364901,0.0012707602699758935,2187.7992138947807,2.4718866e-03,691446,58.25701,1776.72840,9.9126055e+03,1.2645968e+01,1.3434249e+03,4.7302332e+00,1.0811341e+04,1.3829818e+01,0,nan,nan,nan,nan,58.25701,1.1322184e-03,1776.72840,1.0614006e-03,1.7866623e-02,1.5499696e-02
0.09837588840309763,0.9970982313847437,0.0012718533089005888,2187.800602816581,2.4719201e-03,691447,58.25761,1776.72806,9.9500127e+03,1.2656795e+01,1.3394836e+03,4.7219620e+00,1.0851480e+04,1.3841658e+01,0,nan,nan,nan,nan,58.25761,1.1286594e-03,1776.72806,1.0595758e-03,2.0070039e-02,1.6373111e-02
0.09976480997011095,0.994884530872159,0.0012714114265115336,2187.801991738148,2.4719534e-03,691448,58.25690,1776.72500,9.9285586e+03,1.2652345e+01,1.3455276e+03,4.7282071e+00,1.0827345e+04,1.3836792e+01,0,nan,nan,nan,nan,58.25690,1.1304177e-03,1776.72500,1.0605231e-03,2.0423226e-02,1.1827851e-02
0.1011537317708644,0.9955697362085548,0.0012722993734595317,2187.8033806599487,2.4719869e-03,691449,58.25976,1776.73080,9.9314307e+03,1.2661131e+01,1.3550359e+03,4.7446237e+00,1.0834758e+04,1.3846399e+01,0,nan,nan,nan,nan,58.25976,1.1312211e-03,1776.73080,1.0598059e-03,2.0744465e-02,1.6933955e-02
0.1025426535711631,0.9967149276243816,0.0012722471910236656,2187.804769581749,2.4720205e-03,691450,58.25667,1776.72695,9.9471816e+03,1.2660558e+01,1.3457231e+03,4.7257347e+00,1.0847177e+04,1.3845774e+01,0,nan,nan,nan,nan,58.25667,1.1281132e-03,1776.72695,1.0596741e-03,1.8113829e-02,1.4681616e-02
0.10393157537055231,0.9990749736738039,0.0012726965138638825,2187.8061585035484,2.4720540e-03,691451,58.25890,1776.72670,9.9695820e+03,1.2664979e+01,1.3372039e+03,4.7217946e+00,1.0872816e+04,1.3850608e+01,0,nan,nan,nan,nan,58.25890,1.1278157e-03,1776.72670,1.0566142e-03,2.0394819e-02,1.6410427e-02
0.10532049693847512,0.9983688154591661,0.001272330777106425,2187.8075474251164,2.4720873e-03,691452,58.25510,1776.72604,9.9620820e+03,1.2661287e+01,1.3418528e+03,4.7222013e+00,1.0865087e+04,1.3846571e+01,0,nan,nan,nan,nan,58.25510,1.1278740e-03,1776.72604,1.0552690e-03,1.9869626e-02,1.4851016e-02
0.10670941873877382,1.0000387334495184,0.0012730355293113754,2187.8089363469167,2.4721208e-03,691453,58.25742,1776.72616,9.9765732e+03,1.2668249e+01,1.3474785e+03,4.7219148e+00,1.0883215e+04,1.3854184e+01,0,nan,nan,nan,nan,58.25742,1.1284866e-03,1776.72616,1.0560994e-03,2.2106007e-02,1.4024309e-02
0.10809834053861778,0.9987254623083058,0.001272736949642908,2187.8103252687165,2.4721543e-03,691454,58.25477,1776.71906,9.9658145e+03,1.2665225e+01,1.3466998e+03,4.7250872e+00,1.0868879e+04,1.3850878e+01,0,nan,nan,nan,nan,58.25477,1.1281268e-03,1776.71906,1.0574851e-03,1.6845144e-02,6.2986678e-03
0.10948726210563109,0.9984102489216007,0.0012731926064382519,2187.8117141902835,2.4721876e-03,691455,58.26208,1776.73339,9.9621045e+03,1.2669706e+01,1.3414535e+03,4.7394848e+00,1.0865404e+04,1.3855780e+01,0,nan,nan,nan,nan,58.26208,1.1285045e-03,1776.73339,1.0578322e-03,2.1045361e-02,2.1359958e-02
0.11087618390592979,1.0003963750051779,0.001273497707609672,2187.813103112084,2.4722212e-03,691456,58.25827,1776.72674,9.9827695e+03,1.2672691e+01,1.3413784e+03,4.7236476e+00,1.0886974e+04,1.3859043e+01,0,nan,nan,nan,nan,58.25827,1.1264756e-03,1776.72674,1.0560878e-03,2.1506906e-02,1.6463123e-02
0.11226510570668324,1.0001476640643934,0.0012745171435869786,2187.8144920338846,2.4722547e-03,691457,58.26062,1776.72667,9.9809404e+03,1.2682783e+01,1.3478044e+03,4.7364693e+00,1.0884223e+04,1.3870080e+01,0,nan,nan,nan,nan,58.26062,1.1272256e-03,1776.72667,1.0564240e-03,2.1482840e-02,1.5049607e-02
0.11365402727324181,0.999280082137049,0.0012727456060204392,2187.815880955451,2.4722880e-03,691458,58.25910,1776.72949,9.9720859e+03,1.2665102e+01,1.3463870e+03,4.7239170e+00,1.0874735e+04,1.3850743e+01,0,nan,nan,nan,nan,58.25910,1.1264335e-03,1776.72949,1.0556886e-03,2.0567521e-02,1.6856521e-02
0.11504294907445001,1.0001330542493376,0.0012738131151139257,2187.8172698772523,2.4723215e-03,691459,58.26019,1776.72394,9.9796680e+03,1.2675673e+01,1.3458235e+03,4.7301397e+00,1.0883974e+04,1.3862303e+01,0,nan,nan,nan,nan,58.26019,1.1263634e-03,1776.72394,1.0564268e-03,2.2085577e-02,1.4483262e-02
0.1164318708756582,1.001355290827061,0.0012739391684693918,2187.8186587990535,2.4723550e-03,691460,58.25985,1776.72568,9.9912373e+03,1.2676875e+01,1.3458342e+03,4.7274647e+00,1.0897229e+04,1.3863618e+01,0,nan,nan,nan,nan,58.25985,1.1250806e-03,1776.72568,1.0565560e-03,2.3494795e-02,1.4880239e-02
0.11782079244267152,0.9983675021517229,0.0012727145136246195,2187.8200477206206,2.4723883e-03,691461,58.26039,1776.73021,9.9626768e+03,1.2664636e+01,1.3500032e+03,4.7277017e+00,1.0864670e+04,1.3850233e+01,0,nan,nan,nan,nan,58.26039,1.1286831e-03,1776.73021,1.0557455e-03,2.4502693e-02,1.8217387e-02
0.11920971424251547,1.0005881343724676,0.001273919351801936,2187.8214366424204,2.4724219e-03,691462,58.25678,1776.73012,9.9840703e+03,1.2676573e+01,1.3485566e+03,4.7271409e+00,1.0888791e+04,1.3863288e+01,0,nan,nan,nan,nan,58.25678,1.1287666e-03,1776.73012,1.0563520e-03,1.8239720e-02,1.8017050e-02
0.12059863580998353,1.0003082175864557,0.001274601505793727,2187.822825563988,2.4724551e-03,691463,58.25665,1776.72271,9.9814160e+03,1.2683309e+01,1.3459816e+03,4.7319446e+00,1.0885699e+04,1.3870654e+01,0,nan,nan,nan,nan,58.25665,1.1273121e-03,1776.72271,1.0581538e-03,2.0288641e-02,9.7290361e-03
0.12198755761028224,0.9981719294597154,0.0012727142780635614,2187.824214485788,2.4724887e-03,691464,58.26081,1776.73074,9.9591768e+03,1.2664475e+01,1.3489415e+03,4.7299972e+00,1.0862406e+04,1.3850058e+01,0,nan,nan,nan,nan,58.26081,1.1274185e-03,1776.73074,1.0562651e-03,2.2869764e-02,2.0366034e-02
0.12337647917729555,0.9992253462791187,0.0012730828362098913,2187.825603407355,2.4725220e-03,691465,58.25739,1776.72569,9.9674756e+03,1.2668091e+01,1.3321440e+03,4.7230945e+00,1.0873825e+04,1.3854012e+01,0,nan,nan,nan,nan,58.25739,1.1267046e-03,1776.72569,1.0584443e-03,2.0202763e-02,1.4964420e-02
0.12476540097759425,0.9969316301271697,0.0012728289709832965,2187.8269923291555,2.4725555e-03,691466,58.25972,1776.73092,9.9466221e+03,1.2665513e+01,1.3417804e+03,4.7467442e+00,1.0848819e+04,1.3851192e+01,0,nan,nan,nan,nan,58.25972,1.1306502e-03,1776.73092,1.0573753e-03,2.5768528e-02,1.8143579e-02
0.1261543227783477,0.9980092961062728,0.0012730211223274772,2187.828381250956,2.4725890e-03,691467,58.25749,1776.72982,9.9588877e+03,1.2667372e+01,1.3497988e+03,4.7323461e+00,1.0860501e+04,1.3853225e+01,0,nan,nan,nan,nan,58.25749,1.1295895e-03,1776.72982,1.0573856e-03,2.1604061e-02,1.7221622e-02
0.12754324434536102,0.9978168188296609,0.0012730290681776126,2187.8297701725232,2.4726223e-03,691468,58.26047,1776.72640,9.9567529e+03,1.2667399e+01,1.3409236e+03,4.7328606e+00,1.0858362e+04,1.3853255e+01,0,nan,nan,nan,nan,58.26047,1.1294489e-03,1776.72640,1.0574908e-03,2.3005290e-02,1.5336980e-02
0.12893216614520497,1.0009644888374327,0.0012737059887352052,2187.831159094323,2.4726558e-03,691469,58.25487,1776.72719,9.9880791e+03,1.2674083e+01,1.3399209e+03,4.7240400e+00,1.0892569e+04,1.3860564e+01,0,nan,nan,nan,nan,58.25487,1.1258135e-03,1776.72719,1.0548406e-03,1.8694166e-02,1.6068362e-02
0.1303210877122183,0.9995855631589219,0.001273754190831364,2187.83254801589,2.4726891e-03,691470,58.26069,1776.72878,9.9721963e+03,1.2674509e+01,1.3446909e+03,4.7426624e+00,1.0877520e+04,1.3861032e+01,0,nan,nan,nan,nan,58.26069,1.1281805e-03,1776.72878,1.0562560e-03,2.2318834e-02,1.8730633e-02
0.1317100092801411,1.0004145015274095,0.0012736302832442356,2187.833936937458,2.4727224e-03,691471,58.25536,1776.72278,9.9813008e+03,1.2673223e+01,1.3403580e+03,4.7311535e+00,1.0886496e+04,1.3859625e+01,0,nan,nan,nan,nan,58.25536,1.1275788e-03,1776.72278,1.0557027e-03,1.7348958e-02,1.2472397e-02
0.13309893107998505,0.9993241544510205,0.0012730883820424026,2187.835325859258,2.4727560e-03,691472,58.26115,1776.72834,9.9709014e+03,1.2667780e+01,1.3436787e+03,4.7238970e+00,1.0874586e+04,1.3853672e+01,0,nan,nan,nan,nan,58.26115,1.1277600e-03,1776.72834,1.0568220e-03,2.2466820e-02,1.7336510e-02
0.13448785264790786,1.0009385838913212,0.0012748079308374414,2187.836714780826,2.4727893e-03,691473,58.25645,1776.72679,9.9865088e+03,1.2684836e+01,1.3393099e+03,4.7457666e+00,1.0892108e+04,1.3872325e+01,0,nan,nan,nan,nan,58.25645,1.1272189e-03,1776.72679,1.0557796e-03,1.9669320e-02,1.4366795e-02
0.1358767744477518,0.9994347933606522,0.001274021992925196,2187.8381037026256,2.4728228e-03,691474,58.26022,1776.72831,9.9732549e+03,1.2676965e+01,1.3431705e+03,4.7398000e+00,1.0875700e+04,1.3863717e+01,0,nan,nan,nan,nan,58.26022,1.1282553e-03,1776.72831,1.0561623e-03,2.4045261e-02,1.5162908e-02
0.13726569601476513,0.9998448124911176,0.001274985387676991,2187.8394926241926,2.4728561e-03,691475,58.25841,1776.72454,9.9774248e+03,1.2686499e+01,1.3422681e+03,4.7396846e+00,1.0880116e+04,1.3874143e+01,0,nan,nan,nan,nan,58.25841,1.1283837e-03,1776.72454,1.0580020e-03,2.0516828e-02,1.0257776e-02
0.13865461781460908,1.0017781155261358,0.0012744098172861123,2187.8408815459925,2.4728896e-03,691476,58.25384,1776.71193,9.9918281e+03,1.2680720e+01,1.3456814e+03,4.7339187e+00,1.0901110e+04,1.3867824e+01,0,nan,nan,nan,nan,58.25384,1.1247611e-03,1776.71193,1.0579028e-03,1.7004462e-02,-4.7771042e-05
0.14004353938298664,0.9975728461913617,0.001273343506508379,2187.842270467561,2.4729229e-03,691477,58.26386,1776.74788,9.9506758e+03,1.2670058e+01,1.3513485e+03,4.7307549e+00,1.0855305e+04,1.3856163e+01,0,nan,nan,nan,nan,58.26386,1.1327743e-03,1776.74788,1.0589253e-03,3.2588057e-02,3.9566204e-02
0.1414324609513642,0.9991229143003729,0.0012734325994037208,2187.8436593891292,2.4729562e-03,691478,58.25978,1776.72453,9.9690547e+03,1.2670892e+01,1.3559388e+03,4.7278090e+00,1.0872128e+04,1.3857076e+01,0,nan,nan,nan,nan,58.25978,1.1267796e-03,1776.72453,1.0567111e-03,2.1732511e-02,1.5057745e-02
0.14282138275120815,1.0011952719559059,0.0012734925879475494,2187.845048310929,2.4729897e-03,691479,58.25716,1776.72791,9.9893984e+03,1.2671438e+01,1.3436522e+03,4.7202764e+00,1.0894635e+04,1.3857673e+01,0,nan,nan,nan,nan,58.25716,1.1272308e-03,1776.72791,1.0544232e-03,2.0539086e-02,1.4033259e-02
0.1442103043186762,1.0005748023397425,0.0012738273119400998,2187.8464372324966,2.4730230e-03,691480,58.25746,1776.72518,9.9850908e+03,1.2674717e+01,1.3416686e+03,4.7264848e+00,1.0887839e+04,1.3861259e+01,0,nan,nan,nan,nan,58.25746,1.1257131e-03,1776.72518,1.0551172e-03,1.8389521e-02,1.3040977e-02
0.14559922588614427,0.999549698523625,0.0012739375462896853,2187.847826154064,2.4730563e-03,691481,58.25586,1776.72251,9.9696133e+03,1.2675762e+01,1.3494097e+03,4.7363954e+00,1.0876640e+04,1.3862402e+01,0,nan,nan,nan,nan,58.25586,1.1283592e-03,1776.72251,1.0592772e-03,1.8370720e-02,1.0893790e-02
0.14698814768598822,0.9997767436831824,0.0012731478728493719,2187.849215075864,2.4730898e-03,691482,58.25945,1776.73051,9.9742402e+03,1.2667854e+01,1.3473579e+03,4.7221613e+00,1.0879066e+04,1.3853754e+01,0,nan,nan,nan,nan,58.25945,1.1280599e-03,1776.73051,1.0562749e-03,1.9776680e-02,1.9368799e-02
0.14837706925391103,1.001021258989472,0.0012756348351894312,2187.850603997432,2.4731231e-03,691483,58.26194,1776.73384,9.9877744e+03,1.2692550e+01,1.3545679e+03,4.7446108e+00,1.0892564e+04,1.3880760e+01,0,nan,nan,nan,nan,58.26194,1.1297234e-03,1776.73384,1.0575533e-03,2.4516838e-02,2.0675231e-02
0.1497659908213791,0.999326283497047,0.0012748930740818967,2187.8519929189993,2.4731564e-03,691484,58.25905,1776.73015,9.9674268e+03,1.2685118e+01,1.3469869e+03,4.7399378e+00,1.0874077e+04,1.3872633e+01,0,nan,nan,nan,nan,58.25905,1.1300307e-03,1776.73015,1.0590518e-03,2.1908598e-02,1.7667489e-02
0.1511549123883924,1.0007069254857286,0.0012733690370750857,2187.8533818405663,2.4731897e-03,691485,58.25441,1776.72203,9.9830654e+03,1.2669903e+01,1.3402188e+03,4.7207365e+00,1.0889058e+04,1.3855994e+01,0,nan,nan,nan,nan,58.25441,1.1256251e-03,1776.72203,1.0568270e-03,1.9739263e-02,8.7735178e-03
0.1525438341877816,0.9998090630881379,0.0012734088979252348,2187.8547707623657,2.4732233e-03,691486,58.26136,1776.73521,9.9707666e+03,1.2670250e+01,1.3448353e+03,4.7261071e+00,1.0879245e+04,1.3856373e+01,0,nan,nan,nan,nan,58.26136,1.1289268e-03,1776.73521,1.0562270e-03,2.6032116e-02,2.5709506e-02
0.15393275575570442,0.9982284178225277,0.0012735281059503567,2187.8561596839336,2.4732566e-03,691487,58.25976,1776.73062,9.9589512e+03,1.2671384e+01,1.3515367e+03,4.7346492e+00,1.0862002e+04,1.3857614e+01,0,nan,nan,nan,nan,58.25976,1.1293079e-03,1776.73062,1.0574355e-03,2.3910679e-02,1.7530907e-02
0.15532167732317248,0.9990506725688596,0.001272829888516247,2187.857548605501,2.4732898e-03,691488,58.25623,1776.72741,9.9691553e+03,1.2664388e+01,1.3452003e+03,4.7228947e+00,1.0870906e+04,1.3849962e+01,0,nan,nan,nan,nan,58.25623,1.1262400e-03,1776.72741,1.0555809e-03,1.9525016e-02,1.3895553e-02
0.1567105988901858,1.0008328650124605,0.0012734061701447147,2187.858937527068,2.4733231e-03,691489,58.25687,1776.72303,9.9861064e+03,1.2670073e+01,1.3401954e+03,4.7193456e+00,1.0890255e+04,1.3856179e+01,0,nan,nan,nan,nan,58.25687,1.1262746e-03,1776.72303,1.0552198e-03,1.9044299e-02,1.2431455e-02
0.1580995206904845,0.9990716172964136,0.0012730126880449815,2187.8603264488684,2.4733567e-03,691490,58.25676,1776.72844,9.9680156e+03,1.2666107e+01,1.3371626e+03,4.7239957e+00,1.0871049e+04,1.3851843e+01,0,nan,nan,nan,nan,58.25676,1.1276394e-03,1776.72844,1.0566507e-03,2.0314576e-02,1.7354218e-02
0.1594884422584073,0.9999826732250245,0.0012739772728509186,2187.8617153704363,2.4733900e-03,691491,58.26086,1776.73003,9.9750176e+03,1.2675654e+01,1.3574305e+03,4.7351966e+00,1.0880919e+04,1.3862284e+01,0,nan,nan,nan,nan,58.26086,1.1285117e-03,1776.73003,1.0568515e-03,2.4662022e-02,1.8116144e-02
0.16087736382496587,1.0010186657001798,0.0012740511065333713,2187.863104292003,2.4734233e-03,691492,58.25739,1776.72750,9.9884033e+03,1.2676342e+01,1.3462251e+03,4.7316647e+00,1.0892149e+04,1.3863035e+01,0,nan,nan,nan,nan,58.25739,1.1259643e-03,1776.72750,1.0549204e-03,1.9592313e-02,1.4832720e-02
0.16226628539197918,1.0019258259957537,0.0012741143265020596,2187.86449321357,2.4734566e-03,691493,58.25626,1776.72672,9.9960020e+03,1.2676921e+01,1.3286654e+03,4.7224112e+00,1.0901979e+04,1.3863668e+01,0,nan,nan,nan,nan,58.25626,1.1248871e-03,1776.72672,1.0545490e-03,1.8966625e-02,1.5296913e-02
0.16365520695944724,0.9988442067310354,0.0012736861825040095,2187.8658821351373,2.4734898e-03,691494,58.26186,1776.73248,9.9649355e+03,1.2672613e+01,1.3555179e+03,4.7311110e+00,1.0868406e+04,1.3858957e+01,0,nan,nan,nan,nan,58.26186,1.1291483e-03,1776.73248,1.0575444e-03,2.4841821e-02,2.0202348e-02
0.16504412852737005,0.9986907173974366,0.0012730029124080583,2187.8672710567052,2.4735231e-03,691495,58.25977,1776.72580,9.9626758e+03,1.2665766e+01,1.3451943e+03,4.7266645e+00,1.0866694e+04,1.3851469e+01,0,nan,nan,nan,nan,58.25977,1.1279805e-03,1776.72580,1.0579030e-03,2.2507900e-02,1.2614839e-02
0.16643305009529286,0.9976021391519465,0.0012725095379290128,2187.868659978273,2.4735564e-03,691496,58.26045,1776.72649,9.9552578e+03,1.2660810e+01,1.3396239e+03,4.7277713e+00,1.0854809e+04,1.3846048e+01,0,nan,nan,nan,nan,58.26045,1.1278777e-03,1776.72649,1.0570543e-03,2.1549912e-02,1.8155444e-02
0.1678219718960463,1.0015984733747763,0.001274020849021991,2187.870048900074,2.4735900e-03,691497,58.25883,1776.73023,9.9921240e+03,1.2675797e+01,1.3427025e+03,4.7247186e+00,1.0898251e+04,1.3862439e+01,0,nan,nan,nan,nan,58.25883,1.1275548e-03,1776.73023,1.0542619e-03,2.2382859e-02,1.8906893e-02
0.16921089346351437,1.0011582039457396,0.0012742254538830246,2187.8714378216414,2.4736233e-03,691498,58.26262,1776.72547,9.9892803e+03,1.2677787e+01,1.3430925e+03,4.7288084e+00,1.0893420e+04,1.3864614e+01,0,nan,nan,nan,nan,58.26262,1.1265696e-03,1776.72547,1.0553385e-03,2.3612592e-02,1.3247429e-02
0.17059981503052768,0.9997229476324477,0.0012735923413305858,2187.8728267432084,2.4736566e-03,691499,58.26137,1776.73072,9.9749248e+03,1.2671439e+01,1.3432047e+03,4.7243190e+00,1.0877762e+04,1.3857674e+01,0,nan,nan,nan,nan,58.26137,1.1286692e-03,1776.73072,1.0555722e-03,2.4062140e-02,1.9407477e-02
0.171988736597541,1.000098353272653,0.0012735791440331326,2187.8742156647754,2.4736898e-03,691500,58.26016,1776.72782,9.9783496e+03,1.2671261e+01,1.3385782e+03,4.7258015e+00,1.0881807e+04,1.3857479e+01,0,nan,nan,nan,nan,58.26016,1.1279931e-03,1776.72782,1.0567533e-03,2.2627216e-02,1.8376529e-02
0.17337765816500905,1.0009928523060965,0.0012742695447718283,2187.875604586343,2.4737231e-03,691501,58.25972,1776.72616,9.9865088e+03,1.2678082e+01,1.3534971e+03,4.7304134e+00,1.0891499e+04,1.3864939e+01,0,nan,nan,nan,nan,58.25972,1.1265444e-03,1776.72616,1.0555296e-03,2.3560153e-02,1.4448639e-02
0.17476657973293186,0.9999371931477139,0.0012733130335625979,2187.876993507911,2.4737564e-03,691502,58.25529,1776.72513,9.9761992e+03,1.2668521e+01,1.3484406e+03,4.7211876e+00,1.0879973e+04,1.3854482e+01,0,nan,nan,nan,nan,58.25529,1.1278938e-03,1776.72513,1.0568160e-03,1.9281259e-02,1.2207872e-02
0.17615550129994517,0.999890420902822,0.0012742135588702601,2187.878382429478,2.4737897e-03,691503,58.25935,1776.73373,9.9756514e+03,1.2677434e+01,1.3410082e+03,4.7369452e+00,1.0879425e+04,1.3864229e+01,0,nan,nan,nan,nan,58.25935,1.1287451e-03,1776.73373,1.0561784e-03,2.3665400e-02,2.1003883e-02
0.17754442286695848,1.001035596548856,0.0012748044871210929,2187.879771351045,2.4738230e-03,691504,58.26178,1776.72775,9.9876865e+03,1.2683268e+01,1.3468632e+03,4.7349062e+00,1.0891846e+04,1.3870609e+01,0,nan,nan,nan,nan,58.26178,1.1267799e-03,1776.72775,1.0551313e-03,2.6155505e-02,1.6678728e-02
0.1789333444348813,1.0018415859674066,0.001274571178483349,2187.8811602726128,2.4738563e-03,691505,58.25914,1776.73125,9.9937969e+03,1.2680902e+01,1.3506257e+03,4.7316771e+00,1.0900575e+04,1.3868021e+01,0,nan,nan,nan,nan,58.25914,1.1257088e-03,1776.73125,1.0542710e-03,1.9686351e-02,1.6907701e-02
0.1803222660018946,1.0009062988571134,0.0012743675122625976,2187.88254919418,2.4738896e-03,691506,58.25824,1776.72725,9.9866738e+03,1.2678829e+01,1.3487544e+03,4.7282076e+00,1.0890360e+04,1.3865755e+01,0,nan,nan,nan,nan,58.25824,1.1270032e-03,1776.72725,1.0551994e-03,2.5370432e-02,1.5395811e-02
0.1817111875698174,0.9992379346663519,0.0012739589792440244,2187.8839381157477,2.4739229e-03,691507,58.25407,1776.72683,9.9698398e+03,1.2674720e+01,1.3453717e+03,4.7336597e+00,1.0872170e+04,1.3861261e+01,0,nan,nan,nan,nan,58.25407,1.1281029e-03,1776.72683,1.0565541e-03,1.7456502e-02,1.5842700e-02
0.18310010913728547,1.0000812678444668,0.0012740830894732934,2187.885327037315,2.4739562e-03,691508,58.26072,1776.72909,9.9784053e+03,1.2675909e+01,1.3498937e+03,4.7295537e+00,1.0881308e+04,1.3862562e+01,0,nan,nan,nan,nan,58.26072,1.1261976e-03,1776.72909,1.0558867e-03,2.3443950e-02,1.7918803e-02
0.18448903070384404,0.9981918235656551,0.0012736630778461102,2187.8867159588817,2.4739895e-03,691509,58.25839,1776.72839,9.9603340e+03,1.2671687e+01,1.3487272e+03,4.7343035e+00,1.0860711e+04,1.3857944e+01,0,nan,nan,nan,nan,58.25839,1.1294844e-03,1776.72839,1.0567299e-03,2.2123152e-02,1.6733168e-02
0.1858779520380267,1.0006390339742597,0.001273288067945615,2187.888104880216,2.4740226e-03,691510,58.26052,1776.72752,9.9841104e+03,1.2667912e+01,1.3423944e+03,4.7198443e+00,1.0887301e+04,1.3853817e+01,0,nan,nan,nan,nan,58.26052,1.1260415e-03,1776.72752,1.0555660e-03,2.3091381e-02,1.4626455e-02
0.1872668736059495,0.9998466008575343,0.0012735542909075126,2187.889493801784,2.4740559e-03,691511,58.25734,1776.72459,9.9737549e+03,1.2670517e+01,1.3507291e+03,4.7247095e+00,1.0878642e+04,1.3856666e+01,0,nan,nan,nan,nan,58.25734,1.1262146e-03,1776.72459,1.0567352e-03,1.9208549e-02,1.2678736e-02
0.18865579517341757,0.9999266270435251,0.0012735408092226827,2187.8908827233513,2.4740892e-03,691512,58.25881,1776.72908,9.9746367e+03,1.2670341e+01,1.3450294e+03,4.7255640e+00,1.0879475e+04,1.3856473e+01,0,nan,nan,nan,nan,58.25881,1.1290293e-03,1776.72908,1.0561589e-03,2.4674186e-02,1.8558528e-02
0.19004471674043089,1.0007952202184733,0.001274329408792566,2187.8922716449183,2.4741224e-03,691513,58.25893,1776.72370,9.9836963e+03,1.2678144e+01,1.3429857e+03,4.7316360e+00,1.0888889e+04,1.3865005e+01,0,nan,nan,nan,nan,58.25893,1.1280023e-03,1776.72370,1.0558103e-03,2.0991940e-02,1.1528931e-02
0.19143363830880844,0.9991400247726349,0.0012734788181283487,2187.8936605664867,2.4741557e-03,691514,58.25880,1776.72612,9.9658896e+03,1.2669639e+01,1.3371526e+03,4.7265949e+00,1.0870844e+04,1.3855705e+01,0,nan,nan,nan,nan,58.25880,1.1296474e-03,1776.72612,1.0561625e-03,2.1179479e-02,1.5309140e-02
0.19282255987673125,0.9988077238104126,0.0012736870522366277,2187.8950494880546,2.4741890e-03,691515,58.26167,1776.73300,9.9639912e+03,1.2671668e+01,1.3481633e+03,4.7295642e+00,1.0867192e+04,1.3857924e+01,0,nan,nan,nan,nan,58.26167,1.1289153e-03,1776.73300,1.0573425e-03,2.5725899e-02,2.1961628e-02
0.19421148144374456,0.9980374692106492,0.001273411319446268,2187.8964384096216,2.4742223e-03,691516,58.25677,1776.72892,9.9562891e+03,1.2668883e+01,1.3559977e+03,4.7352500e+00,1.0858776e+04,1.3854879e+01,0,nan,nan,nan,nan,58.25677,1.1303074e-03,1776.72892,1.0572404e-03,1.9307191e-02,1.5218792e-02
0.19560040277792723,1.000904574986112,0.0012742604117683457,2187.897827330956,2.4742554e-03,691517,58.25715,1776.73012,9.9858604e+03,1.2677291e+01,1.3446075e+03,4.7277050e+00,1.0889936e+04,1.3864073e+01,0,nan,nan,nan,nan,58.25715,1.1264093e-03,1776.73012,1.0558789e-03,2.1325152e-02,1.7991537e-02
0.19698932434585004,1.0019233182647962,0.0012752584437406515,2187.8992162525237,2.4742887e-03,691518,58.26389,1776.73112,9.9969180e+03,1.2687180e+01,1.3449592e+03,4.7326174e+00,1.0900984e+04,1.3874887e+01,0,nan,nan,nan,nan,58.26389,1.1286498e-03,1776.73112,1.0554853e-03,2.8244127e-02,1.8435325e-02
0.1983782459133181,0.9991155385768783,0.0012735220625407359,2187.900605174091,2.4743220e-03,691519,58.25606,1776.72627,9.9658584e+03,1.2669863e+01,1.3471542e+03,4.7316761e+00,1.0870400e+04,1.3855950e+01,0,nan,nan,nan,nan,58.25606,1.1266768e-03,1776.72627,1.0569920e-03,1.9390352e-02,1.6034510e-02
0.19976716747987666,0.9988755598349986,0.0012738001660793244,2187.9019940956578,2.4743553e-03,691520,58.25802,1776.72839,9.9661846e+03,1.2672590e+01,1.3472300e+03,4.7357082e+00,1.0867756e+04,1.3858932e+01,0,nan,nan,nan,nan,58.25802,1.1279867e-03,1776.72839,1.0570806e-03,2.1452507e-02,1.4057806e-02
0.20115608881496883,0.9980907145647211,0.0012740646128983888,2187.903383016993,2.4743883e-03,691521,58.26018,1776.72914,9.9581377e+03,1.2675180e+01,1.3568721e+03,4.7401547e+00,1.0859183e+04,1.3861766e+01,0,nan,nan,nan,nan,58.26018,1.1306433e-03,1776.72914,1.0571453e-03,2.2227103e-02,1.7979540e-02
0.20254501038243689,1.0004382572330617,0.0012743353046457716,2187.9047719385603,2.4744216e-03,691522,58.25888,1776.71964,9.9815635e+03,1.2677835e+01,1.3523427e+03,4.7313628e+00,1.0884690e+04,1.3864668e+01,0,nan,nan,nan,nan,58.25888,1.1288491e-03,1776.71964,1.0564273e-03,2.0563781e-02,8.4028095e-03
0.2039339319494502,0.9991251955730748,0.0012737677316024339,2187.9061608601273,2.4744549e-03,691523,58.26067,1776.73360,9.9690547e+03,1.2672151e+01,1.3484982e+03,4.7286797e+00,1.0870371e+04,1.3858452e+01,0,nan,nan,nan,nan,58.26067,1.1283022e-03,1776.73360,1.0567219e-03,2.3890922e-02,2.3919567e-02
0.2053228535164635,1.0005322886525958,0.0012730841901275897,2187.9075497816943,2.4744882e-03,691524,58.26164,1776.73050,9.9824951e+03,1.2665313e+01,1.3377811e+03,4.7201533e+00,1.0885646e+04,1.3850973e+01,0,nan,nan,nan,nan,58.26164,1.1269534e-03,1776.73050,1.0549001e-03,2.4814213e-02,1.8501958e-02
0.20671177485110093,1.0000424598646618,0.001274322989284387,2187.908938703029,2.4745213e-03,691525,58.25648,1776.72813,9.9777529e+03,1.2677598e+01,1.3476729e+03,4.7289724e+00,1.0880285e+04,1.3864409e+01,0,nan,nan,nan,nan,58.25648,1.1262108e-03,1776.72813,1.0558439e-03,1.9915793e-02,1.6917603e-02
0.20810069641902373,0.9997430472038006,0.0012734785100033483,2187.910327624597,2.4745546e-03,691526,58.25989,1776.72822,9.9745059e+03,1.2669159e+01,1.3383352e+03,4.7221885e+00,1.0876996e+04,1.3855181e+01,0,nan,nan,nan,nan,58.25989,1.1271014e-03,1776.72822,1.0563271e-03,2.3401065e-02,1.8659316e-02
0.2094896179855823,0.9999079333508274,0.0012739474332122826,2187.9117165461635,2.4745879e-03,691527,58.25946,1776.72785,9.9765693e+03,1.2673787e+01,1.3437793e+03,4.7332129e+00,1.0878759e+04,1.3860241e+01,0,nan,nan,nan,nan,58.25946,1.1272570e-03,1776.72785,1.0565202e-03,2.2080848e-02,1.5981020e-02
0.21087853932021972,1.0008699995974102,0.0012740548095476869,2187.913105467498,2.4746209e-03,691528,58.26000,1776.72486,9.9847666e+03,1.2674820e+01,1.3360945e+03,4.7324371e+00,1.0889193e+04,1.3861370e+01,0,nan,nan,nan,nan,58.26000,1.1269038e-03,1776.72486,1.0549439e-03,2.1845479e-02,1.2396176e-02
0.21226746088814252,1.000120328450238,0.0012739855788757623,2187.914494389066,2.4746542e-03,691529,58.26140,1776.73173,9.9756680e+03,1.2674095e+01,1.3434236e+03,4.7287436e+00,1.0881007e+04,1.3860578e+01,0,nan,nan,nan,nan,58.26140,1.1278827e-03,1776.73173,1.0564405e-03,2.3799451e-02,2.0777201e-02
0.2136563822223252,1.0001615194521978,0.0012732748773000703,2187.9158833104,2.4746873e-03,691530,58.25897,1776.72841,9.9785645e+03,1.2666988e+01,1.3420758e+03,4.7209492e+00,1.0881424e+04,1.3852806e+01,0,nan,nan,nan,nan,58.25897,1.1278269e-03,1776.72841,1.0541480e-03,2.4945591e-02,1.6805729e-02
0.215045303790248,0.9991620220709644,0.001274096755891739,2187.917272231968,2.4747206e-03,691531,58.25993,1776.72908,9.9678047e+03,1.2675129e+01,1.3507594e+03,4.7374034e+00,1.0870520e+04,1.3861710e+01,0,nan,nan,nan,nan,58.25993,1.1285931e-03,1776.72908,1.0579171e-03,2.3390137e-02,1.5962468e-02
0.2164342253581708,0.9987938019403367,0.0012733813047930646,2187.918661153536,2.4747539e-03,691532,58.25954,1776.72964,9.9649131e+03,1.2667977e+01,1.3448622e+03,4.7252088e+00,1.0866483e+04,1.3853889e+01,0,nan,nan,nan,nan,58.25954,1.1278040e-03,1776.72964,1.0567174e-03,2.0219803e-02,1.8191889e-02
0.21782314669280822,1.0027473507683087,0.0012743333389272416,2187.9200500748707,2.4747869e-03,691533,58.25937,1776.73089,1.0002994e+04,1.2677414e+01,1.3395046e+03,4.7174520e+00,1.0909467e+04,1.3864207e+01,0,nan,nan,nan,nan,58.25937,1.1248746e-03,1776.73089,1.0527712e-03,2.4405435e-02,1.8747155e-02
0.21921206825982154,0.999024253846296,0.0012742014958863229,2187.9214389964377,2.4748202e-03,691534,58.25721,1776.72757,9.9663789e+03,1.2676068e+01,1.3438018e+03,4.7381034e+00,1.0868933e+04,1.3862736e+01,0,nan,nan,nan,nan,58.25721,1.1299306e-03,1776.72757,1.0577646e-03,2.1778241e-02,1.4111927e-02
0.22060098959445895,1.000301510866726,0.0012742586261027826,2187.9228279177723,2.4748533e-03,691535,58.26158,1776.72976,9.9796543e+03,1.2676603e+01,1.3483241e+03,4.7323036e+00,1.0882800e+04,1.3863321e+01,0,nan,nan,nan,nan,58.26158,1.1269284e-03,1776.72976,1.0558005e-03,2.4600072e-02,1.7144285e-02
0.22198991116238176,0.998948555079357,0.0012746599977172882,2187.9242168393403,2.4748866e-03,691536,58.26071,1776.72666,9.9646504e+03,1.2680564e+01,1.3451490e+03,4.7402849e+00,1.0868052e+04,1.3867653e+01,0,nan,nan,nan,nan,58.26071,1.1278285e-03,1776.72666,1.0586462e-03,2.3677606e-02,1.4912776e-02
0.22337883249656443,1.0023620299259788,0.0012744072001897543,2187.9256057606744,2.4749197e-03,691537,58.26293,1776.73028,9.9988428e+03,1.2678017e+01,1.3424019e+03,4.7235112e+00,1.0905160e+04,1.3864866e+01,0,nan,nan,nan,nan,58.26293,1.1257043e-03,1776.73028,1.0555175e-03,2.4486292e-02,1.8548537e-02
0.22476775406357774,0.9989360567534344,0.0012734610040076569,2187.9269946822415,2.4749530e-03,691538,58.25738,1776.73269,9.9661699e+03,1.2668571e+01,1.3426147e+03,4.7252522e+00,1.0867860e+04,1.3854537e+01,0,nan,nan,nan,nan,58.25738,1.1286815e-03,1776.73269,1.0563844e-03,2.2037636e-02,2.2077056e-02
0.2261566753986699,1.0005087024772326,0.0012742401638386935,2187.9283836035765,2.4749860e-03,691539,58.26135,1776.72689,9.9815410e+03,1.2676291e+01,1.3455984e+03,4.7294512e+00,1.0884943e+04,1.3862980e+01,0,nan,nan,nan,nan,58.26135,1.1255037e-03,1776.72689,1.0565468e-03,2.4439931e-02,1.5227097e-02
0.22754559696568322,1.0014340165787101,0.0012734242286443298,2187.9297725251436,2.4750193e-03,691540,58.25972,1776.72761,9.9913154e+03,1.2668142e+01,1.3354894e+03,4.7127633e+00,1.0894983e+04,1.3854069e+01,0,nan,nan,nan,nan,58.25972,1.1251009e-03,1776.72761,1.0541882e-03,2.3884919e-02,1.6208503e-02
0.22893451829986589,0.9991245663334689,0.0012731751945011095,2187.9311614464777,2.4750524e-03,691541,58.26085,1776.73127,9.9668496e+03,1.2665635e+01,1.3462653e+03,4.7267628e+00,1.0869832e+04,1.3851326e+01,0,nan,nan,nan,nan,58.26085,1.1268986e-03,1776.73127,1.0556064e-03,2.6601488e-02,1.8493209e-02
0.2303234398677887,1.0007339412879608,0.0012741911948135948,2187.9325503680457,2.4750857e-03,691542,58.25481,1776.73128,9.9840801e+03,1.2675713e+01,1.3460863e+03,4.7280865e+00,1.0887314e+04,1.3862347e+01,0,nan,nan,nan,nan,58.25481,1.1271266e-03,1776.73128,1.0544555e-03,1.8066699e-02,1.9086197e-02
0.23171236120197136,1.000017462861332,0.0012743197645632904,2187.93393928938,2.4751187e-03,691543,58.25905,1776.72676,9.9750049e+03,1.2676962e+01,1.3377865e+03,4.7285132e+00,1.0879494e+04,1.3863713e+01,0,nan,nan,nan,nan,58.25905,1.1291808e-03,1776.72676,1.0573560e-03,2.3420412e-02,1.4655661e-02
0.23310128253615403,1.000824639198506,0.0012750679700367256,2187.935328210714,2.4751518e-03,691544,58.25990,1776.72758,9.9837041e+03,1.2684375e+01,1.3517853e+03,4.7337003e+00,1.0888250e+04,1.3871820e+01,0,nan,nan,nan,nan,58.25990,1.1263338e-03,1776.72758,1.0560310e-03,2.4901168e-02,1.8001053e-02
0.23449020410407684,0.9987886120339265,0.0012742231557477124,2187.936717132282,2.4751851e-03,691545,58.25919,1776.73100,9.9649014e+03,1.2675941e+01,1.3525345e+03,4.7348037e+00,1.0866076e+04,1.3862597e+01,0,nan,nan,nan,nan,58.25919,1.1302653e-03,1776.73100,1.0570001e-03,2.3080289e-02,1.7758412e-02
0.23587912543871425,0.9975912657216508,0.0012715258669392256,2187.9381060536166,2.4752181e-03,691546,58.25975,1776.72874,9.9498457e+03,1.2649081e+01,1.3299426e+03,4.7169690e+00,1.0853025e+04,1.3833222e+01,0,nan,nan,nan,nan,58.25975,1.1285916e-03,1776.72874,1.0564264e-03,2.2110861e-02,1.7038632e-02
0.23726804700572757,0.9997682221002752,0.0012731693540969137,2187.9394949751836,2.4752514e-03,691547,58.26143,1776.72855,9.9732227e+03,1.2665403e+01,1.3341110e+03,4.7184029e+00,1.0876686e+04,1.3851073e+01,0,nan,nan,nan,nan,58.26143,1.1266258e-03,1776.72855,1.0558795e-03,2.5521448e-02,1.6190208e-02
0.23865696833991024,1.0000606566806005,0.001273453652666683,2187.940883896518,2.4752845e-03,691548,58.25968,1776.72840,9.9749551e+03,1.2668205e+01,1.3474066e+03,4.7243838e+00,1.0879844e+04,1.3854136e+01,0,nan,nan,nan,nan,58.25968,1.1261959e-03,1776.72840,1.0555892e-03,2.2468099e-02,1.5353556e-02
0.24004588967454765,1.0023700306544,0.0012740545000458502,2187.9422728178524,2.4753176e-03,691549,58.25801,1776.73122,9.9996201e+03,1.2674154e+01,1.3419276e+03,4.7166662e+00,1.0904944e+04,1.3860643e+01,0,nan,nan,nan,nan,58.25801,1.1250516e-03,1776.73122,1.0549455e-03,2.1130688e-02,1.8115349e-02
0.24143481124247046,1.0008806955357354,0.0012747888076075167,2187.9436617394203,2.4753509e-03,691550,58.26206,1776.72680,9.9822969e+03,1.2681433e+01,1.3457688e+03,4.7301240e+00,1.0888720e+04,1.3868603e+01,0,nan,nan,nan,nan,58.26206,1.1262563e-03,1776.72680,1.0565601e-03,2.5876727e-02,1.5440999e-02
0.24282373257756262,1.0013823769379468,0.0012752974944298537,2187.9450506607554,2.4753839e-03,691551,58.25989,1776.72878,9.9893145e+03,1.2686468e+01,1.3482798e+03,4.7339807e+00,1.0894155e+04,1.3874109e+01,0,nan,nan,nan,nan,58.25989,1.1285312e-03,1776.72878,1.0564160e-03,2.3534944e-02,1.6492851e-02
0.2442126539126548,0.9988399761028514,0.001273174532640245,2187.9464395820905,2.4754170e-03,691552,58.25952,1776.72764,9.9601123e+03,1.2665324e+01,1.3415406e+03,4.7282076e+00,1.0866474e+04,1.3850986e+01,0,nan,nan,nan,nan,58.25952,1.1279869e-03,1776.72764,1.0570340e-03,2.0887205e-02,1.7256649e-02
0.2456015752472922,1.0003093425795564,0.0012754912242155408,2187.947828503425,2.4754500e-03,691553,58.26102,1776.72529,9.9745059e+03,1.2688345e+01,1.3544904e+03,4.7367845e+00,1.0882438e+04,1.3876162e+01,0,nan,nan,nan,nan,58.26102,1.1278061e-03,1776.72529,1.0625330e-03,2.3599684e-02,1.6669603e-02
0.24699049681385077,1.0013904147888708,0.0012737166495562443,2187.9492174249917,2.4754833e-03,691554,58.25902,1776.73038,9.9892295e+03,1.2670668e+01,1.3357637e+03,4.7181368e+00,1.0894178e+04,1.3856830e+01,0,nan,nan,nan,nan,58.25902,1.1256618e-03,1776.73038,1.0538528e-03,2.4628131e-02,2.0153360e-02
0.24837941814894293,1.0000044497849703,0.0012742678627677467,2187.950606346327,2.4755164e-03,691555,58.25828,1776.72964,9.9754883e+03,1.2676126e+01,1.3430388e+03,4.7336569e+00,1.0879080e+04,1.3862799e+01,0,nan,nan,nan,nan,58.25828,1.1298530e-03,1776.72964,1.0558290e-03,2.2075260e-02,1.8461382e-02
0.24976833948358035,1.0018157308578202,0.0012741584762255178,2187.9519952676615,2.4755495e-03,691556,58.25848,1776.72773,9.9938281e+03,1.2675014e+01,1.3428984e+03,4.7231627e+00,1.0898765e+04,1.3861584e+01,0,nan,nan,nan,nan,58.25848,1.1267859e-03,1776.72773,1.0545712e-03,2.1289801e-02,1.5724784e-02
0.251157260817763,1.000333260467594,0.0012733022359306314,2187.9533841889956,2.4755825e-03,691557,58.26134,1776.72951,9.9788350e+03,1.2666475e+01,1.3400354e+03,4.7197857e+00,1.0882616e+04,1.3852244e+01,0,nan,nan,nan,nan,58.26134,1.1261794e-03,1776.72951,1.0557376e-03,2.4773456e-02,1.7441787e-02
0.2525461821519457,0.9990420487311079,0.0012735823336747908,2187.95477311033,2.4756156e-03,691558,58.25991,1776.73066,9.9652129e+03,1.2669238e+01,1.3466639e+03,4.7296185e+00,1.0868551e+04,1.3855266e+01,0,nan,nan,nan,nan,58.25991,1.1278999e-03,1776.73066,1.0561815e-03,2.1624869e-02,1.7042901e-02
0.25393510371941375,1.0005563192183573,0.0012741021638261259,2187.9561620318973,2.4756489e-03,691559,58.26164,1776.73265,9.9783613e+03,1.2674387e+01,1.3443336e+03,4.7282991e+00,1.0885006e+04,1.3860898e+01,0,nan,nan,nan,nan,58.26164,1.1263018e-03,1776.73265,1.0549884e-03,2.4410352e-02,2.0370269e-02
0.2553240250545059,0.9996472753436416,0.0012743569098601902,2187.9575509532324,2.4756819e-03,691560,58.26184,1776.72954,9.9677627e+03,1.2676901e+01,1.3380482e+03,4.7456040e+00,1.0875098e+04,1.3863647e+01,0,nan,nan,nan,nan,58.26184,1.1283626e-03,1776.72954,1.0574785e-03,2.6917411e-02,1.8059507e-02
0.25671294638823383,0.9980213722467316,0.0012725380928697199,2187.958939874566,2.4757150e-03,691561,58.25848,1776.73130,9.9561533e+03,1.2658785e+01,1.3410741e+03,4.7242904e+00,1.0857392e+04,1.3843836e+01,0,nan,nan,nan,nan,58.25848,1.1284407e-03,1776.73130,1.0578363e-03,2.3252349e-02,1.9460032e-02
0.25810186772287125,0.999409431465767,0.0012735270989437028,2187.9603287959008,2.4757481e-03,691562,58.25895,1776.72492,9.9671582e+03,1.2668603e+01,1.3402317e+03,4.7297139e+00,1.0872474e+04,1.3854572e+01,0,nan,nan,nan,nan,58.25895,1.1278555e-03,1776.72492,1.0565124e-03,2.3337733e-02,1.3351951e-02
0.2594907890579634,0.9974277791976267,0.0012735195732968105,2187.961717717236,2.4757811e-03,691563,58.25738,1776.73219,9.9486943e+03,1.2668509e+01,1.3565129e+03,4.7364688e+00,1.0850899e+04,1.3854469e+01,0,nan,nan,nan,nan,58.25738,1.1298917e-03,1776.73219,1.0580868e-03,2.1638958e-02,2.0024387e-02
0.2608797103921461,1.0018664933117551,0.0012738996080471673,2187.96310663857,2.4758142e-03,691564,58.26360,1776.73284,9.9954902e+03,1.2672270e+01,1.3391086e+03,4.7185316e+00,1.0899170e+04,1.3858582e+01,0,nan,nan,nan,nan,58.26360,1.1259636e-03,1776.73284,1.0539620e-03,2.7227094e-02,1.9862339e-02
0.26226863172632875,0.9997390520569391,0.001274164827690452,2187.964495559904,2.4758473e-03,691565,58.25813,1776.72440,9.9728525e+03,1.2674890e+01,1.3420990e+03,4.7311625e+00,1.0876010e+04,1.3861446e+01,0,nan,nan,nan,nan,58.25813,1.1273436e-03,1776.72440,1.0576650e-03,1.9458635e-02,1.3339306e-02
0.26365755306096617,1.0008202325797133,0.0012735394323774088,2187.965884481239,2.4758803e-03,691566,58.26157,1776.72487,9.9820605e+03,1.2668650e+01,1.3350846e+03,4.7190762e+00,1.0887755e+04,1.3854622e+01,0,nan,nan,nan,nan,58.26157,1.1256060e-03,1776.72487,1.0547631e-03,2.4215598e-02,1.5557516e-02
0.2650464746284342,0.9978850599615391,0.0012731487658570342,2187.9672734028063,2.4759136e-03,691567,58.25839,1776.72612,9.9527598e+03,1.2664744e+01,1.3474850e+03,4.7305083e+00,1.0855809e+04,1.3850352e+01,0,nan,nan,nan,nan,58.25839,1.1298268e-03,1776.72612,1.0592676e-03,2.0013271e-02,1.4648168e-02
0.2664353959635264,1.001131903778329,0.0012734980026271338,2187.9686623241414,2.4759467e-03,691568,58.26616,1776.73501,9.9847803e+03,1.2668200e+01,1.3392430e+03,4.7173038e+00,1.0891115e+04,1.3854132e+01,0,nan,nan,nan,nan,58.26616,1.1265104e-03,1776.73501,1.0540732e-03,2.7964970e-02,2.4459524e-02
0.26782431729861855,0.9991111003469115,0.0012733240948744422,2187.9700512454765,2.4759797e-03,691569,58.26159,1776.73160,9.9682070e+03,1.2666454e+01,1.3484625e+03,4.7238374e+00,1.0869116e+04,1.3852221e+01,0,nan,nan,nan,nan,58.26159,1.1273625e-03,1776.73160,1.0560402e-03,2.4640137e-02,1.9966101e-02
0.2692132386337107,1.000669867581491,0.0012743943369303793,2187.9714401668116,2.4760128e-03,691570,58.26015,1776.72714,9.9831182e+03,1.2677083e+01,1.3448578e+03,4.7276511e+00,1.0886060e+04,1.3863846e+01,0,nan,nan,nan,nan,58.26015,1.1269624e-03,1776.72714,1.0558704e-03,2.1326682e-02,1.7752463e-02
0.2706021599678934,0.998667103860464,0.0012729002481959772,2187.9728290881458,2.4760459e-03,691571,58.26098,1776.73272,9.9615381e+03,1.2662205e+01,1.3424519e+03,4.7256069e+00,1.0864258e+04,1.3847574e+01,0,nan,nan,nan,nan,58.26098,1.1285528e-03,1776.73272,1.0562442e-03,2.5643881e-02,2.0493718e-02
0.27199108130207605,1.0008156922839628,0.0012751936489749484,2187.97421800948,2.4760789e-03,691572,58.26252,1776.72980,9.9846357e+03,1.2685002e+01,1.3439698e+03,4.7393713e+00,1.0887618e+04,1.3872506e+01,0,nan,nan,nan,nan,58.26252,1.1278489e-03,1776.72980,1.0570301e-03,2.5695452e-02,1.8540602e-02
0.2733800026362587,0.9991785392569105,0.0012738296026369043,2187.975606930814,2.4761120e-03,691573,58.26066,1776.72877,9.9671592e+03,1.2671417e+01,1.3516812e+03,4.7278371e+00,1.0869795e+04,1.3857650e+01,0,nan,nan,nan,nan,58.26066,1.1285751e-03,1776.72877,1.0570710e-03,2.4046650e-02,1.7079465e-02
0.2747689239713509,1.0010500567724119,0.001274353287631923,2187.9769958521492,2.4761450e-03,691574,58.26120,1776.72757,9.9867549e+03,1.2676612e+01,1.3451271e+03,4.7217913e+00,1.0890141e+04,1.3863331e+01,0,nan,nan,nan,nan,58.26120,1.1270752e-03,1776.72757,1.0563128e-03,2.6530003e-02,1.7892657e-02
0.2761578450727029,1.0005517885577528,0.0012741751516779135,2187.9783847732506,2.4761779e-03,691575,58.26055,1776.72606,9.9781162e+03,1.2674825e+01,1.3437897e+03,4.7255659e+00,1.0884709e+04,1.3861377e+01,0,nan,nan,nan,nan,58.26055,1.1275325e-03,1776.72606,1.0565025e-03,2.4913162e-02,1.7081425e-02
0.2775467664077951,1.0007564916771547,0.001275011285473164,2187.9797736945857,2.4762109e-03,691576,58.25539,1776.72126,9.9799033e+03,1.2683128e+01,1.3549821e+03,4.7355685e+00,1.0886923e+04,1.3870458e+01,0,nan,nan,nan,nan,58.25539,1.1266879e-03,1776.72126,1.0582699e-03,2.0599892e-02,1.1076231e-02
0.27893568774197774,0.996897828939171,0.0012726446139755983,2187.98116261592,2.4762440e-03,691577,58.26171,1776.73652,9.9441729e+03,1.2659573e+01,1.3528052e+03,4.7294598e+00,1.0844935e+04,1.3844696e+01,0,nan,nan,nan,nan,58.26171,1.1296389e-03,1776.73652,1.0580844e-03,2.5632076e-02,2.5358804e-02
0.2803246090761604,0.9995451705876527,0.0012738027421608051,2187.982551537254,2.4762771e-03,691578,58.26382,1776.72876,9.9717598e+03,1.2671079e+01,1.3463828e+03,4.7246151e+00,1.0873723e+04,1.3857280e+01,0,nan,nan,nan,nan,58.26382,1.1273280e-03,1776.72876,1.0565319e-03,2.5483796e-02,1.7157223e-02
0.2817135304112526,1.0013091337306814,0.0012741255372906274,2187.983940458589,2.4763101e-03,691579,58.26364,1776.73336,9.9869473e+03,1.2674277e+01,1.3497590e+03,4.7213964e+00,1.0892900e+04,1.3860778e+01,0,nan,nan,nan,nan,58.26364,1.1278775e-03,1776.73336,1.0551324e-03,2.7078491e-02,2.1611258e-02
0.28310245174589,0.9984728104612487,0.0012733825232293322,2187.9853293799238,2.4763432e-03,691580,58.26028,1776.73162,9.9613662e+03,1.2666873e+01,1.3425251e+03,4.7298651e+00,1.0862035e+04,1.3852680e+01,0,nan,nan,nan,nan,58.26028,1.1290326e-03,1776.73162,1.0561056e-03,2.5351936e-02,1.9895883e-02
0.28449137308007266,0.998851249950044,0.0012732531324676551,2187.986718301258,2.4763762e-03,691581,58.26350,1776.72919,9.9628955e+03,1.2665576e+01,1.3454712e+03,4.7216678e+00,1.0866142e+04,1.3851261e+01,0,nan,nan,nan,nan,58.26350,1.1294952e-03,1776.72919,1.0563307e-03,2.6933184e-02,1.8551553e-02
0.28588029441425533,0.9999546006581512,0.001274929664820599,2187.988107222592,2.4764093e-03,691582,58.25770,1776.72689,9.9745889e+03,1.2682240e+01,1.3520464e+03,4.7368069e+00,1.0878134e+04,1.3869485e+01,0,nan,nan,nan,nan,58.25770,1.1292316e-03,1776.72689,1.0578538e-03,2.1134958e-02,1.4915870e-02
0.2872692155160621,0.9995264449057285,0.0012741756997134033,2187.989496143694,2.4764421e-03,691583,58.25914,1776.73101,9.9699912e+03,1.2674728e+01,1.3432794e+03,4.7307000e+00,1.0873467e+04,1.3861272e+01,0,nan,nan,nan,nan,58.25914,1.1278333e-03,1776.73101,1.0563822e-03,2.4965327e-02,1.9965118e-02
0.2886581368506995,0.9984312411157044,0.001273924546860393,2187.9908850650286,2.4764752e-03,691584,58.26253,1776.73283,9.9610820e+03,1.2672220e+01,1.3425649e+03,4.7268205e+00,1.0861543e+04,1.3858528e+01,0,nan,nan,nan,nan,58.26253,1.1283776e-03,1776.73283,1.0568446e-03,2.6878169e-02,2.1275338e-02
0.2900470581848822,0.9999755210135998,0.0012741700387787253,2187.9922739863628,2.4765083e-03,691585,58.25779,1776.72818,9.9739971e+03,1.2674651e+01,1.3518676e+03,4.7339268e+00,1.0878333e+04,1.3861187e+01,0,nan,nan,nan,nan,58.25779,1.1280125e-03,1776.72818,1.0563578e-03,2.1399351e-02,1.7966436e-02
0.2914359795195196,1.0009625346093471,0.0012738980864119389,2187.9936629076974,2.4765413e-03,691586,58.26309,1776.73024,9.9855508e+03,1.2671938e+01,1.3447375e+03,4.7213631e+00,1.0889063e+04,1.3858218e+01,0,nan,nan,nan,nan,58.26309,1.1279352e-03,1776.73024,1.0549552e-03,2.6943613e-02,1.8146373e-02
0.29282490085552126,1.0006251397357302,0.001274375372265889,2187.9950518290334,2.4765744e-03,691587,58.26343,1776.72840,9.9819199e+03,1.2676676e+01,1.3453030e+03,4.7266369e+00,1.0885384e+04,1.3863400e+01,0,nan,nan,nan,nan,58.26343,1.1275179e-03,1776.72840,1.0545348e-03,2.6170800e-02,1.6501702e-02
0.29421382195732804,1.0010665369696297,0.001274235574487768,2187.996440750135,2.4766072e-03,691588,58.25811,1776.72916,9.9854971e+03,1.2675275e+01,1.3477621e+03,4.7258492e+00,1.0890178e+04,1.3861868e+01,0,nan,nan,nan,nan,58.25811,1.1264059e-03,1776.72916,1.0554540e-03,2.0262670e-02,1.5870787e-02
0.29560274329105596,1.0017764524583221,0.0012740510402082135,2187.997829671469,2.4766403e-03,691589,58.26181,1776.73145,9.9896533e+03,1.2673430e+01,1.3375378e+03,4.7210345e+00,1.0897893e+04,1.3859851e+01,0,nan,nan,nan,nan,58.26181,1.1265846e-03,1776.73145,1.0554047e-03,2.5308685e-02,2.2040416e-02
0.2969916646261481,0.998247565790802,0.0012731915698198748,2187.999218592804,2.4766733e-03,691590,58.26041,1776.72971,9.9578408e+03,1.2664872e+01,1.3442965e+03,4.7253013e+00,1.0859497e+04,1.3850492e+01,0,nan,nan,nan,nan,58.26041,1.1296648e-03,1776.72971,1.0573500e-03,2.1765398e-02,1.8993244e-02
0.2983805857279549,1.0008535269655783,0.0012742958797808143,2188.000607513906,2.4767062e-03,691591,58.25723,1776.72952,9.9864961e+03,1.2675849e+01,1.3452515e+03,4.7253599e+00,1.0887839e+04,1.3862495e+01,0,nan,nan,nan,nan,58.25723,1.1260243e-03,1776.72952,1.0554619e-03,2.2717634e-02,1.7010041e-02
0.29976950706213756,0.9980616841763466,0.0012734972135929965,2188.00199643524,2.4767392e-03,691592,58.26184,1776.72824,9.9578037e+03,1.2667897e+01,1.3405862e+03,4.7282529e+00,1.0857461e+04,1.3853800e+01,0,nan,nan,nan,nan,58.26184,1.1293679e-03,1776.72824,1.0572134e-03,2.5872244e-02,1.8403044e-02
0.301158428396775,1.0003281223214637,0.0012731869341838522,2188.0033853565747,2.4767723e-03,691593,58.26032,1776.73028,9.9781660e+03,1.2664803e+01,1.3382286e+03,4.7194991e+00,1.0882110e+04,1.3850415e+01,0,nan,nan,nan,nan,58.26032,1.1266167e-03,1776.73028,1.0542064e-03,2.5510266e-02,1.7971003e-02
0.3025473494990365,0.9989054233660852,0.0012746403457149591,2188.004774277677,2.4768051e-03,691594,58.25966,1776.72529,9.9635693e+03,1.2679254e+01,1.3519309e+03,4.7419934e+00,1.0866627e+04,1.3866220e+01,0,nan,nan,nan,nan,58.25966,1.1312311e-03,1776.72529,1.0581948e-03,2.1886747e-02,1.2436944e-02
0.3039362708327644,1.000082955082305,0.0012739273615440232,2188.0061631990106,2.4768382e-03,691595,58.26418,1776.73504,9.9745557e+03,1.2672154e+01,1.3372600e+03,4.7278614e+00,1.0879432e+04,1.3858456e+01,0,nan,nan,nan,nan,58.26418,1.1280418e-03,1776.73504,1.0546135e-03,2.4877965e-02,2.3810627e-02
0.3053251921669471,1.0002248270623344,0.0012736120895619084,2188.007552120345,2.4768712e-03,691596,58.26461,1776.72720,9.9793789e+03,1.2669012e+01,1.3433691e+03,4.7196412e+00,1.0880968e+04,1.3855019e+01,0,nan,nan,nan,nan,58.26461,1.1277137e-03,1776.72720,1.0555121e-03,2.6829774e-02,1.6639687e-02
0.30671411326875386,1.001660188632453,0.0012752798152144058,2188.0089410414466,2.4769041e-03,691597,58.25996,1776.73459,9.9944355e+03,1.2685595e+01,1.3419733e+03,4.7351913e+00,1.0896578e+04,1.3873155e+01,0,nan,nan,nan,nan,58.25996,1.1267784e-03,1776.73459,1.0544658e-03,2.2473602e-02,2.0548888e-02
0.308103034603846,0.9984139201687725,0.0012733552139665553,2188.0103299627817,2.4769371e-03,691598,58.26174,1776.72661,9.9602100e+03,1.2666444e+01,1.3500856e+03,4.7234721e+00,1.0861259e+04,1.3852211e+01,0,nan,nan,nan,nan,58.26174,1.1292270e-03,1776.72661,1.0579838e-03,2.6087867e-02,1.5001309e-02
0.30949195570519805,0.9998463113041678,0.0012733927759868608,2188.011718883883,2.4769700e-03,691599,58.25873,1776.73067,9.9744873e+03,1.2666811e+01,1.3352225e+03,4.7215652e+00,1.0876837e+04,1.3852613e+01,0,nan,nan,nan,nan,58.25873,1.1270565e-03,1776.73067,1.0559006e-03,2.1971196e-02,1.6809512e-02
0.31088087703983547,0.9978657342400745,0.0012731134591009291,2188.0131078052177,2.4770030e-03,691600,58.26089,1776.73345,9.9547861e+03,1.2664028e+01,1.3407745e+03,4.7327085e+00,1.0855286e+04,1.3849569e+01,0,nan,nan,nan,nan,58.26089,1.1288904e-03,1776.73345,1.0561823e-03,2.4981067e-02,1.9461729e-02
0.3122697983744729,1.0013097529566444,0.001274130836279388,2188.0144967265524,2.4770361e-03,691601,58.25948,1776.72998,9.9868643e+03,1.2674146e+01,1.3501040e+03,4.7248235e+00,1.0892748e+04,1.3860633e+01,0,nan,nan,nan,nan,58.25948,1.1262423e-03,1776.72998,1.0551261e-03,2.4278728e-02,1.8075731e-02
0.3136587194758249,1.0021565231683771,0.001274033629189965,2188.0158856476537,2.4770689e-03,691602,58.26243,1776.73290,9.9978975e+03,1.2673173e+01,1.3407865e+03,4.7143779e+00,1.0901956e+04,1.3859570e+01,0,nan,nan,nan,nan,58.26243,1.1253183e-03,1776.73290,1.0532346e-03,2.5251603e-02,1.9884707e-02
0.3150476408109171,1.0023152698165312,0.0012747927673042792,2188.017274568989,2.4771020e-03,691603,58.26019,1776.73020,1.0000507e+04,1.2680720e+01,1.3447028e+03,4.7212539e+00,1.0903680e+04,1.3867824e+01,0,nan,nan,nan,nan,58.26019,1.1261480e-03,1776.73020,1.0543036e-03,2.2838477e-02,1.9342391e-02
0.31643656191272385,0.9991448992436914,0.0012732181196684696,2188.0186634900906,2.4771348e-03,691604,58.26109,1776.73001,9.9648408e+03,1.2665053e+01,1.3476772e+03,4.7234125e+00,1.0869187e+04,1.3850689e+01,0,nan,nan,nan,nan,58.26109,1.1279827e-03,1776.73001,1.0573947e-03,2.5739944e-02,1.8647406e-02
0.31782548324736126,0.9994546823978387,0.001274186028377104,2188.0200524114252,2.4771679e-03,691605,58.26306,1776.72823,9.9702334e+03,1.2674677e+01,1.3548967e+03,4.7303395e+00,1.0872553e+04,1.3861215e+01,0,nan,nan,nan,nan,58.26306,1.1268276e-03,1776.72823,1.0563374e-03,2.7087132e-02,1.6929628e-02
0.3206033254509748,1.0003473846219109,0.0012740551519360404,2188.022830253629,2.4772335e-03,691607,58.26254,1776.72822,9.9805664e+03,1.2673368e+01,1.3350177e+03,4.7229867e+00,1.0882259e+04,1.3859783e+01,0,nan,nan,nan,nan,58.26254,1.1270841e-03,1776.72822,1.0545494e-03,2.6810188e-02,1.8001527e-02
0.32199224678606697,1.0002061266758102,0.0012737140332065727,2188.024219174964,2.4772666e-03,691608,58.26084,1776.72639,9.9787002e+03,1.2669973e+01,1.3393546e+03,4.7256446e+00,1.0880720e+04,1.3856071e+01,0,nan,nan,nan,nan,58.26084,1.1276408e-03,1776.72639,1.0555232e-03,2.0172058e-02,1.3518021e-02
0.323381167887419,1.0005615411613127,0.0012743775626157829,2188.0256080960653,2.4772994e-03,691609,58.26028,1776.73514,9.9784619e+03,1.2676570e+01,1.3352953e+03,4.7404914e+00,1.0884584e+04,1.3863285e+01,0,nan,nan,nan,nan,58.26028,1.1268358e-03,1776.73514,1.0552548e-03,2.6450194e-02,2.4382694e-02
0.32477008922251116,0.997741779601292,0.0012725389886723956,2188.0269970174004,2.4773325e-03,691610,58.26177,1776.72991,9.9530645e+03,1.2658278e+01,1.3466847e+03,4.7221684e+00,1.0853907e+04,1.3843281e+01,0,nan,nan,nan,nan,58.26177,1.1281642e-03,1776.72991,1.0568780e-03,2.5014304e-02,1.8778292e-02
0.32615901032431793,1.0003101601650193,0.0012744174844355552,2188.028385938502,2.4773653e-03,691611,58.26335,1776.72837,9.9783691e+03,1.2676964e+01,1.3505770e+03,4.7310333e+00,1.0881846e+04,1.3863714e+01,0,nan,nan,nan,nan,58.26335,1.1280722e-03,1776.72837,1.0560043e-03,2.6639685e-02,1.8597396e-02
0.32754793165804585,1.0022770580908822,0.0012747394187749184,2188.029774859836,2.4773984e-03,691612,58.26049,1776.73124,9.9977334e+03,1.2680162e+01,1.3395353e+03,4.7289090e+00,1.0903241e+04,1.3867214e+01,0,nan,nan,nan,nan,58.26049,1.1256525e-03,1776.73124,1.0543845e-03,2.4388263e-02,1.9215101e-02
0.3289368527593979,1.0004917500574373,0.0012734460082767412,2188.0311637809373,2.4774312e-03,691613,58.26212,1776.73114,9.9802881e+03,1.2667295e+01,1.3416074e+03,4.7183809e+00,1.0883818e+04,1.3853141e+01,0,nan,nan,nan,nan,58.26212,1.1263606e-03,1776.73114,1.0557902e-03,2.6484763e-02,2.0158261e-02
0.3303257738616594,1.0001147332076574,0.0012748755906456096,2188.0325527020395,2.4774640e-03,691614,58.26206,1776.73127,9.9763262e+03,1.2681516e+01,1.3581749e+03,4.7380710e+00,1.0879715e+04,1.3868692e+01,0,nan,nan,nan,nan,58.26206,1.1290001e-03,1776.73127,1.0556992e-03,2.3346886e-02,1.8756777e-02
0.3317146951962968,0.9998806173844349,0.0012738669772100126,2188.033941623374,2.4774971e-03,691615,58.26113,1776.72977,9.9750576e+03,1.2671479e+01,1.3395828e+03,4.7292070e+00,1.0877167e+04,1.3857718e+01,0,nan,nan,nan,nan,58.26113,1.1275986e-03,1776.72977,1.0562736e-03,2.5314994e-02,1.7440140e-02
0.33310361629764884,1.0007066213728388,0.001274844877412907,2188.0353305444755,2.4775299e-03,691616,58.26062,1776.73103,9.9822617e+03,1.2681206e+01,1.3521277e+03,4.7342286e+00,1.0886152e+04,1.3868355e+01,0,nan,nan,nan,nan,58.26062,1.1266299e-03,1776.73103,1.0552903e-03,2.2755055e-02,2.0627845e-02
0.3344925373994556,0.9996659917563654,0.0012755872762958032,2188.0367194655773,2.4775628e-03,691617,58.26546,1776.72373,9.9727334e+03,1.2688590e+01,1.3613035e+03,4.7467966e+00,1.0874830e+04,1.3876431e+01,0,nan,nan,nan,nan,58.26546,1.1291467e-03,1776.72373,1.0577065e-03,2.6989201e-02,1.2467276e-02
0.3358814585012624,1.001239330821807,0.0012748438902371892,2188.038108386679,2.4775956e-03,691618,58.26170,1776.73694,9.9883887e+03,1.2681194e+01,1.3455580e+03,4.7299962e+00,1.0891945e+04,1.3868342e+01,0,nan,nan,nan,nan,58.26170,1.1280717e-03,1776.73694,1.0562616e-03,2.6646461e-02,2.5059640e-02
0.33727037983544506,1.0011236404417256,0.0012740399579530034,2188.0394973080133,2.4776286e-03,691619,58.26255,1776.73242,9.9863740e+03,1.2673198e+01,1.3396130e+03,4.7208385e+00,1.0890686e+04,1.3859596e+01,0,nan,nan,nan,nan,58.26255,1.1278633e-03,1776.73242,1.0555368e-03,2.6600018e-02,1.9793959e-02
0.3386593009367971,1.000647486995403,0.0012746912800132386,2188.0408862291147,2.4776615e-03,691620,58.26250,1776.72717,9.9820166e+03,1.2679676e+01,1.3515294e+03,4.7379813e+00,1.0885505e+04,1.3866681e+01,0,nan,nan,nan,nan,58.26250,1.1274306e-03,1776.72717,1.0550487e-03,2.7057087e-02,1.5418603e-02
0.34004822203860385,0.9995582338082409,0.0012744886548992972,2188.0422751502165,2.4776943e-03,691621,58.26157,1776.72939,9.9711621e+03,1.2677660e+01,1.3340620e+03,4.7338548e+00,1.0873656e+04,1.3864476e+01,0,nan,nan,nan,nan,58.26157,1.1283092e-03,1776.72939,1.0570438e-03,2.7220100e-02,2.0659242e-02
0.3414371431408654,0.9992578131047196,0.0012732153410446626,2188.0436640713187,2.4777271e-03,691622,58.26058,1776.73038,9.9684277e+03,1.2664992e+01,1.3446182e+03,4.7214780e+00,1.0870388e+04,1.3850624e+01,0,nan,nan,nan,nan,58.26058,1.1278439e-03,1776.73038,1.0564178e-03,2.3764886e-02,1.9447587e-02
0.3428260644755028,0.9980712740877847,0.0012727703377248241,2188.0450529926534,2.4777602e-03,691623,58.26544,1776.72985,9.9564326e+03,1.2660566e+01,1.3358589e+03,4.7279639e+00,1.0857480e+04,1.3845783e+01,0,nan,nan,nan,nan,58.26544,1.1283419e-03,1776.72985,1.0558615e-03,2.7356824e-02,1.7523007e-02
0.34421498557821906,1.0013677119686333,0.0012743181413635036,2188.046441913756,2.4777930e-03,691624,58.26411,1776.73210,9.9900752e+03,1.2675962e+01,1.3425358e+03,4.7225513e+00,1.0893341e+04,1.3862621e+01,0,nan,nan,nan,nan,58.26411,1.1266192e-03,1776.73210,1.0549186e-03,2.6481545e-02,1.8574558e-02
0.34560390668002583,0.9981447986196553,0.0012735230906000634,2188.047830834858,2.4778259e-03,691625,58.26034,1776.72930,9.9576104e+03,1.2668055e+01,1.3560898e+03,4.7297592e+00,1.0858280e+04,1.3853972e+01,0,nan,nan,nan,nan,58.26034,1.1283935e-03,1776.72930,1.0566819e-03,2.4116650e-02,1.9046599e-02
0.34699282778137785,0.9986157816156958,0.001273740851751903,2188.0492197559593,2.4778587e-03,691626,58.26288,1776.73080,9.9629219e+03,1.2670221e+01,1.3541858e+03,4.7273545e+00,1.0863404e+04,1.3856342e+01,0,nan,nan,nan,nan,58.26288,1.1294418e-03,1776.73080,1.0568078e-03,2.7273994e-02,1.7313635e-02
0.3483817488831846,0.9985721850817977,0.0012743296959818419,2188.050608677061,2.4778915e-03,691627,58.26178,1776.72975,9.9638340e+03,1.2676079e+01,1.3429532e+03,4.7391915e+00,1.0862930e+04,1.3862747e+01,0,nan,nan,nan,nan,58.26178,1.1286135e-03,1776.72975,1.0565716e-03,2.6551908e-02,1.7620252e-02
0.34977066998544615,1.000369693173827,0.0012747418317118264,2188.0519975981633,2.4779243e-03,691628,58.25994,1776.73271,9.9800918e+03,1.2680179e+01,1.3412556e+03,4.7258945e+00,1.0882484e+04,1.3867231e+01,0,nan,nan,nan,nan,58.25994,1.1278302e-03,1776.73271,1.0569415e-03,2.4635600e-02,2.0318039e-02
0.3511595913196288,0.9989431640886499,0.001273583799839745,2188.0533865194975,2.4779574e-03,691629,58.26152,1776.73214,9.9663506e+03,1.2668661e+01,1.3513898e+03,4.7265663e+00,1.0866967e+04,1.3854635e+01,0,nan,nan,nan,nan,58.26152,1.1272299e-03,1776.73214,1.0562317e-03,2.6839837e-02,1.9593021e-02
0.3525485124205261,1.000726237610459,0.0012746509202778812,2188.0547754405984,2.4779902e-03,691630,58.26127,1776.72577,9.9837637e+03,1.2679276e+01,1.3527308e+03,4.7307072e+00,1.0886365e+04,1.3866244e+01,0,nan,nan,nan,nan,58.26127,1.1274567e-03,1776.72577,1.0551956e-03,2.3444954e-02,1.4701249e-02
0.35393743352233287,0.9992822957362915,0.0012736620090267985,2188.0561643617,2.4780231e-03,691631,58.26367,1776.73439,9.9696484e+03,1.2669439e+01,1.3454132e+03,4.7247505e+00,1.0870657e+04,1.3855487e+01,0,nan,nan,nan,nan,58.26367,1.1289763e-03,1776.73439,1.0566752e-03,2.7620474e-02,2.2487104e-02
0.3553263546245944,0.9993784299973388,0.0012742117070049992,2188.0575532828025,2.4780559e-03,691632,58.26217,1776.72947,9.9700449e+03,1.2674909e+01,1.3403832e+03,4.7295046e+00,1.0871703e+04,1.3861468e+01,0,nan,nan,nan,nan,58.26217,1.1293346e-03,1776.72947,1.0565015e-03,2.5897512e-02,1.5280516e-02
0.3567152757259464,0.9997438260761874,0.0012734697935480007,2188.058942203904,2.4780887e-03,691633,58.26074,1776.73273,9.9723936e+03,1.2667529e+01,1.3428506e+03,4.7242770e+00,1.0875680e+04,1.3853398e+01,0,nan,nan,nan,nan,58.26074,1.1276780e-03,1776.73273,1.0550122e-03,2.5552997e-02,2.0589476e-02
0.35810419682820793,1.0014092373301369,0.0012742435595353896,2188.060331125006,2.4781215e-03,691634,58.26172,1776.73147,9.9918652e+03,1.2675227e+01,1.3402814e+03,4.7252045e+00,1.0893798e+04,1.3861816e+01,0,nan,nan,nan,nan,58.26172,1.1254770e-03,1776.73147,1.0549270e-03,2.4592660e-02,1.8873729e-02
0.35949311792955996,0.9986349901313294,0.001271686569431493,2188.0617200461074,2.4781544e-03,691635,58.25429,1776.71065,9.9573682e+03,1.2649792e+01,1.3358707e+03,4.7123394e+00,1.0863618e+04,1.3834000e+01,0,nan,nan,nan,nan,58.25429,1.1275017e-03,1776.71065,1.0582162e-03,1.7718054e-02,-8.1003556e-04
0.360882039030912,1.0010807186274397,0.0012741557400666962,2188.063108967209,2.4781872e-03,691636,58.26603,1776.74461,9.9841426e+03,1.2674356e+01,1.3446874e+03,4.7277327e+00,1.0890224e+04,1.3860863e+01,0,nan,nan,nan,nan,58.26603,1.1273104e-03,1776.74461,1.0539735e-03,3.1162491e-02,3.5542972e-02
0.362270960132264,0.998920153741511,0.001272659178713655,2188.06449788831,2.4782200e-03,691637,58.26428,1776.73537,9.9656846e+03,1.2659470e+01,1.3342258e+03,4.7149730e+00,1.0866722e+04,1.3844584e+01,0,nan,nan,nan,nan,58.26428,1.1274494e-03,1776.73537,1.0558369e-03,2.6344746e-02,2.2382369e-02
0.36365988123452553,0.9999625206597081,0.0012737497889112178,2188.0658868094124,2.4782529e-03,691638,58.25926,1776.72941,9.9759375e+03,1.2670320e+01,1.3434181e+03,4.7259698e+00,1.0878062e+04,1.3856448e+01,0,nan,nan,nan,nan,58.25926,1.1271440e-03,1776.72941,1.0564164e-03,2.2829510e-02,1.6729929e-02
0.3650488023363323,1.0008412910589486,0.001273422845580188,2188.067275730514,2.4782857e-03,691639,58.26365,1776.73386,9.9810254e+03,1.2667067e+01,1.3376742e+03,4.7200489e+00,1.0887622e+04,1.3852892e+01,0,nan,nan,nan,nan,58.26365,1.1266797e-03,1776.73386,1.0547214e-03,2.9026194e-02,2.2783995e-02
0.3664377234372296,1.0000685945627488,0.001274903059305675,2188.068664651615,2.4783185e-03,691640,58.26184,1776.73022,9.9768496e+03,1.2681793e+01,1.3452517e+03,4.7322102e+00,1.0879218e+04,1.3868996e+01,0,nan,nan,nan,nan,58.26184,1.1266491e-03,1776.73022,1.0561504e-03,2.4461849e-02,1.9125387e-02
0.36782664453994585,1.0013848201588849,0.0012733205994244967,2188.070053572718,2.4783514e-03,691641,58.26256,1776.73586,9.9870625e+03,1.2666053e+01,1.3371722e+03,4.7155180e+00,1.0893537e+04,1.3851782e+01,0,nan,nan,nan,nan,58.26256,1.1262660e-03,1776.73586,1.0545752e-03,2.7760919e-02,2.1605389e-02
0.3692155656426621,1.0015919247302876,0.0012745453154760465,2188.0714424938205,2.4783842e-03,691642,58.25904,1776.73290,9.9918408e+03,1.2678235e+01,1.3404762e+03,4.7221470e+00,1.0895791e+04,1.3865106e+01,0,nan,nan,nan,nan,58.25904,1.1255959e-03,1776.73290,1.0546935e-03,2.2491237e-02,2.1549389e-02
0.37060448674401414,1.0002398230277998,0.001274447117473419,2188.072831414922,2.4784170e-03,691643,58.25873,1776.72247,9.9774609e+03,1.2677258e+01,1.3481462e+03,4.7328472e+00,1.0881082e+04,1.3864038e+01,0,nan,nan,nan,nan,58.25873,1.1275370e-03,1776.72247,1.0562924e-03,2.0322263e-02,9.7896196e-03
0.3719934076125355,0.9998826594008935,0.0012733908131152933,2188.0742203357904,2.4784496e-03,691644,58.26496,1776.74082,9.9741631e+03,1.2666753e+01,1.3408459e+03,4.7239532e+00,1.0877197e+04,1.3852548e+01,0,nan,nan,nan,nan,58.26496,1.1277025e-03,1776.74082,1.0547178e-03,3.4555603e-02,3.2242265e-02
0.37338232871479704,0.9998929838439169,0.0012739326103010792,2188.0756092568927,2.4784824e-03,691645,58.25948,1776.72752,9.9755654e+03,1.2672142e+01,1.3488719e+03,4.7258596e+00,1.0877310e+04,1.3858442e+01,0,nan,nan,nan,nan,58.25948,1.1276341e-03,1776.72752,1.0568722e-03,2.3218693e-02,1.4921193e-02
0.37477124981614907,0.9988111163240628,0.001272752700169226,2188.076998177994,2.4785153e-03,691646,58.26489,1776.72963,9.9629531e+03,1.2660405e+01,1.3362833e+03,4.7148976e+00,1.0865541e+04,1.3845607e+01,0,nan,nan,nan,nan,58.26489,1.1293597e-03,1776.72963,1.0564649e-03,2.8819904e-02,1.8261982e-02
0.3761601709175011,0.9983742277733331,0.0012733061533216925,2188.0783870990954,2.4785481e-03,691647,58.25775,1776.72976,9.9610596e+03,1.2665911e+01,1.3489119e+03,4.7248120e+00,1.0860789e+04,1.3851628e+01,0,nan,nan,nan,nan,58.25775,1.1276103e-03,1776.72976,1.0559936e-03,2.2952154e-02,1.9350519e-02
0.3775490920197626,1.0032234737172698,0.001275309413122372,2188.0797760201976,2.4785809e-03,691648,58.26436,1776.73190,1.0008729e+04,1.2685840e+01,1.3429060e+03,4.7256083e+00,1.0913542e+04,1.3873422e+01,0,nan,nan,nan,nan,58.26436,1.1257881e-03,1776.73190,1.0538622e-03,2.7583927e-02,1.9511838e-02
0.3789380131215694,1.0002166040266343,0.0012746096923008236,2188.0811649412994,2.4786138e-03,691649,58.26224,1776.73027,9.9786494e+03,1.2678880e+01,1.3518146e+03,4.7309432e+00,1.0880831e+04,1.3865810e+01,0,nan,nan,nan,nan,58.26224,1.1285703e-03,1776.73027,1.0551502e-03,2.3411784e-02,1.8762400e-02
0.38032693399009077,1.001575434605897,0.0012746419235094954,2188.082553862168,2.4786463e-03,691650,58.26483,1776.73273,9.9909355e+03,1.2679199e+01,1.3316169e+03,4.7285852e+00,1.0895612e+04,1.3866160e+01,0,nan,nan,nan,nan,58.26483,1.1281238e-03,1776.73273,1.0537721e-03,2.9379934e-02,1.9820835e-02
0.38171585509189754,1.0004592779273185,0.001274384788988959,2188.08394278327,2.4786792e-03,691651,58.26114,1776.73558,9.9825156e+03,1.2676642e+01,1.3432152e+03,4.7356377e+00,1.0883472e+04,1.3863364e+01,0,nan,nan,nan,nan,58.26114,1.1264280e-03,1776.73558,1.0549411e-03,2.5643125e-02,2.2851039e-02
0.38310477619415906,1.0024091039675733,0.0012765173011656534,2188.085331704372,2.4787120e-03,691652,58.26260,1776.73159,9.9998984e+03,1.2697854e+01,1.3479962e+03,4.7484622e+00,1.0904683e+04,1.3886561e+01,0,nan,nan,nan,nan,58.26260,1.1292322e-03,1776.73159,1.0551771e-03,2.3914361e-02,1.9004820e-02
0.38449369729505634,0.999664504870902,0.0012743601489604763,2188.086720625473,2.4787448e-03,691653,58.26315,1776.72813,9.9698164e+03,1.2676397e+01,1.3447925e+03,4.7265906e+00,1.0874825e+04,1.3863095e+01,0,nan,nan,nan,nan,58.26315,1.1281280e-03,1776.72813,1.0585628e-03,2.5062058e-02,1.6882759e-02
0.3858826181635777,0.9993422881891906,0.0012745516713313404,2188.0881095463415,2.4787774e-03,691654,58.26441,1776.73732,9.9684727e+03,1.2678301e+01,1.3540120e+03,4.7370224e+00,1.0871319e+04,1.3865177e+01,0,nan,nan,nan,nan,58.26441,1.1297214e-03,1776.73732,1.0570706e-03,2.9719038e-02,2.4352068e-02
0.3872715392653845,1.0015410899118298,0.0012742049619802426,2188.0894984674433,2.4788103e-03,691655,58.26014,1776.72281,9.9926396e+03,1.2674851e+01,1.3418838e+03,4.7249246e+00,1.0895238e+04,1.3861406e+01,0,nan,nan,nan,nan,58.26014,1.1272904e-03,1776.72281,1.0545955e-03,2.2333968e-02,1.0802292e-02
0.388660460367646,0.998502825747149,0.0012729249503063002,2188.0908873885455,2.4788431e-03,691656,58.26642,1776.73704,9.9615342e+03,1.2662118e+01,1.3389346e+03,4.7253752e+00,1.0862187e+04,1.3847480e+01,0,nan,nan,nan,nan,58.26642,1.1280051e-03,1776.73704,1.0550154e-03,3.1448461e-02,2.7341418e-02
0.39004938146899804,1.00071244054164,0.001274217807907659,2188.092276309647,2.4788759e-03,691657,58.26309,1776.73526,9.9833574e+03,1.2674977e+01,1.3405623e+03,4.7271409e+00,1.0886224e+04,1.3861544e+01,0,nan,nan,nan,nan,58.26309,1.1279962e-03,1776.73526,1.0548534e-03,2.6172405e-02,2.1360591e-02
0.3914383023375194,0.9979747568399545,0.0012717622775056277,2188.0936652305154,2.4789085e-03,691658,58.26099,1776.72524,9.9557334e+03,1.2650552e+01,1.3315020e+03,4.7139482e+00,1.0856440e+04,1.3834830e+01,0,nan,nan,nan,nan,58.26099,1.1276727e-03,1776.72524,1.0564995e-03,2.5397042e-02,1.2452645e-02
0.39282722344069043,0.9998409351049051,0.0012731200073718763,2188.0950541516186,2.4789413e-03,691659,58.26696,1776.73962,9.9744727e+03,1.2664055e+01,1.3386156e+03,4.7269149e+00,1.0876740e+04,1.3849599e+01,0,nan,nan,nan,nan,58.26696,1.1263291e-03,1776.73962,1.0543126e-03,3.8886189e-02,2.6782311e-02
0.3942161445424972,0.9979654884966467,0.0012731722979245933,2188.0964430727204,2.4789742e-03,691660,58.25957,1776.72283,9.9541289e+03,1.2664574e+01,1.3438304e+03,4.7378268e+00,1.0856337e+04,1.3850165e+01,0,nan,nan,nan,nan,58.25957,1.1298768e-03,1776.72283,1.0585573e-03,2.1627750e-02,9.0068867e-03
0.3956050654110186,0.9982016842072495,0.0012734355303715256,2188.097831993589,2.4790068e-03,691661,58.26325,1776.73184,9.9562266e+03,1.2667191e+01,1.3487384e+03,4.7315021e+00,1.0858905e+04,1.3853027e+01,0,nan,nan,nan,nan,58.26325,1.1284880e-03,1776.73184,1.0575841e-03,2.8957302e-02,2.0739811e-02
0.39699398651282536,1.0011336466288634,0.0012742866182697489,2188.0992209146907,2.4790396e-03,691662,58.26687,1776.74134,9.9870176e+03,1.2675654e+01,1.3503237e+03,4.7269373e+00,1.0890799e+04,1.3862284e+01,0,nan,nan,nan,nan,58.26687,1.1259682e-03,1776.74134,1.0586111e-03,2.8261360e-02,2.4762273e-02
0.39838290738225623,1.0006322273241577,0.00127385217342146,2188.10060983556,2.4790722e-03,691663,58.26399,1776.72901,9.9803486e+03,1.2671331e+01,1.3455015e+03,4.7255702e+00,1.0885343e+04,1.3857555e+01,0,nan,nan,nan,nan,58.26399,1.1270917e-03,1776.72901,1.0541775e-03,2.5392456e-02,1.7734533e-02
0.3997718284831535,0.9995648198205127,0.0012736571913388817,2188.101998756661,2.4791050e-03,691664,58.26007,1776.72632,9.9670527e+03,1.2669390e+01,1.3436162e+03,4.7281241e+00,1.0873729e+04,1.3855432e+01,0,nan,nan,nan,nan,58.26007,1.1295063e-03,1776.72632,1.0590339e-03,2.3210173e-02,1.6507167e-02
0.40116074935212964,0.9982716712176767,0.001274290322822502,2188.10338767753,2.4791376e-03,691665,58.26385,1776.73753,9.9585664e+03,1.2675686e+01,1.3467893e+03,4.7379942e+00,1.0859659e+04,1.3862317e+01,0,nan,nan,nan,nan,58.26385,1.1299050e-03,1776.73753,1.0576622e-03,2.5985917e-02,2.5066139e-02
0.40254967045439116,0.9997803780260935,0.0012752468455510743,2188.1047765986323,2.4791704e-03,691666,58.26420,1776.73193,9.9714531e+03,1.2685197e+01,1.3597698e+03,4.7442517e+00,1.0876069e+04,1.3872720e+01,0,nan,nan,nan,nan,58.26420,1.1298853e-03,1776.73193,1.0579277e-03,2.7929019e-02,1.9560775e-02
0.4039385915557432,1.0034401285172692,0.001275089299138372,2188.1061655197336,2.4792033e-03,691667,58.26087,1776.73304,1.0010502e+04,1.2683628e+01,1.3241511e+03,4.7217107e+00,1.0915880e+04,1.3871003e+01,0,nan,nan,nan,nan,58.26087,1.1256888e-03,1776.73304,1.0529513e-03,2.4654066e-02,2.2598084e-02
0.40532751242426457,0.9998381953684334,0.0012734630032562157,2188.107554440602,2.4792359e-03,691668,58.26244,1776.72997,9.9722891e+03,1.2667447e+01,1.3389794e+03,4.7261434e+00,1.0876692e+04,1.3853308e+01,0,nan,nan,nan,nan,58.26244,1.1273037e-03,1776.72997,1.0571952e-03,2.7315089e-02,1.8106870e-02
0.40671643352607134,1.0003073273734642,0.0012737450445094861,2188.108943361704,2.4792687e-03,691669,58.26433,1776.73384,9.9804863e+03,1.2670250e+01,1.3485912e+03,4.7229085e+00,1.0881794e+04,1.3856373e+01,0,nan,nan,nan,nan,58.26433,1.1289999e-03,1776.73384,1.0554475e-03,2.9357351e-02,2.1021001e-02
0.40810535439504747,1.0007927503804286,0.00127444499916636,2188.110332282573,2.4793013e-03,691670,58.26020,1776.73108,9.9840557e+03,1.2677209e+01,1.3414011e+03,4.7270179e+00,1.0887071e+04,1.3863983e+01,0,nan,nan,nan,nan,58.26020,1.1281850e-03,1776.73108,1.0545428e-03,2.4149524e-02,2.1304859e-02
0.4094942754963995,0.9973717557766106,0.0012730302841285378,2188.1117212036743,2.4793341e-03,691671,58.25364,1776.71066,9.9455127e+03,1.2663133e+01,1.3453053e+03,4.7335873e+00,1.0849853e+04,1.3848589e+01,0,nan,nan,nan,nan,58.25364,1.1308421e-03,1776.71066,1.0599982e-03,1.7979620e-02,-1.8612314e-03
0.41088319636583037,0.9980864954932857,0.0012722993478164067,2188.1131101245437,2.4793667e-03,691672,58.26871,1776.75326,9.9552480e+03,1.2655855e+01,1.3388083e+03,4.7156792e+00,1.0857624e+04,1.3840631e+01,0,nan,nan,nan,nan,58.26871,1.1299876e-03,1776.75326,1.0569346e-03,3.4580190e-02,4.3027356e-02
0.4122721172348065,0.9988181237557145,0.0012732714184208128,2188.1144990454127,2.4793993e-03,691673,58.26315,1776.73118,9.9632686e+03,1.2665522e+01,1.3456818e+03,4.7253308e+00,1.0865579e+04,1.3851203e+01,0,nan,nan,nan,nan,58.26315,1.1271680e-03,1776.73118,1.0575515e-03,2.7585965e-02,2.0086721e-02
0.4136610383357038,1.000663372548563,0.0012735487065840872,2188.1158879665136,2.4794322e-03,691674,58.25929,1776.72589,9.9798828e+03,1.2668276e+01,1.3424067e+03,4.7253294e+00,1.0885648e+04,1.3854214e+01,0,nan,nan,nan,nan,58.25929,1.1259324e-03,1776.72589,1.0570015e-03,2.3940794e-02,1.4377942e-02
0.41504995920513466,1.0009976441082833,0.0012736726040628384,2188.117276887383,2.4794647e-03,691675,58.26473,1776.73553,9.9826377e+03,1.2669501e+01,1.3419141e+03,4.7177801e+00,1.0889280e+04,1.3855555e+01,0,nan,nan,nan,nan,58.26473,1.1264301e-03,1776.73553,1.0562992e-03,2.9781256e-02,2.6586665e-02
0.41643888030694143,0.9997410749816273,0.0012733404623204072,2188.118665808485,2.4794976e-03,691676,58.25898,1776.72395,9.9717529e+03,1.2666194e+01,1.3394863e+03,4.7225766e+00,1.0875606e+04,1.3851936e+01,0,nan,nan,nan,nan,58.25898,1.1267487e-03,1776.72395,1.0571021e-03,2.1553474e-02,1.1713944e-02
0.4178278011754628,0.998673455534335,0.001272802315851661,2188.1200547293533,2.4795302e-03,691677,58.26352,1776.73848,9.9615645e+03,1.2660835e+01,1.3387941e+03,4.7199941e+00,1.0863987e+04,1.3846077e+01,0,nan,nan,nan,nan,58.26352,1.1279064e-03,1776.73848,1.0570120e-03,2.8949499e-02,2.5242731e-02
0.41921672204443894,1.0000159664556438,0.0012745716658311152,2188.1214436502223,2.4795628e-03,691678,58.26318,1776.73389,9.9734707e+03,1.2678431e+01,1.3459839e+03,4.7391834e+00,1.0878587e+04,1.3865318e+01,0,nan,nan,nan,nan,58.26318,1.1288172e-03,1776.73389,1.0574976e-03,3.2056492e-02,2.4112720e-02
0.42060564314760995,1.0003840651016689,0.0012739303301666277,2188.1228325713255,2.4795956e-03,691679,58.25947,1776.72927,9.9794453e+03,1.2672043e+01,1.3504071e+03,4.7262945e+00,1.0882586e+04,1.3858334e+01,0,nan,nan,nan,nan,58.25947,1.1249080e-03,1776.72927,1.0559495e-03,2.1320043e-02,1.7371016e-02
0.42199456401613133,1.000129740043705,0.001274360054617363,2188.124221492194,2.4796282e-03,691680,58.26307,1776.73403,9.9757471e+03,1.2676311e+01,1.3445956e+03,4.7326360e+00,1.0879813e+04,1.3863002e+01,0,nan,nan,nan,nan,58.26307,1.1279093e-03,1776.73403,1.0562581e-03,2.7604388e-02,2.3654034e-02
0.4233834848846527,1.000282021585892,0.0012737507915014186,2188.1256104130625,2.4796608e-03,691681,58.26286,1776.73203,9.9795400e+03,1.2670243e+01,1.3398112e+03,4.7178192e+00,1.0881465e+04,1.3856366e+01,0,nan,nan,nan,nan,58.26286,1.1271506e-03,1776.73203,1.0565907e-03,2.6913926e-02,2.0529151e-02
0.42477240598691424,0.9988133024525544,0.0012739890951565713,2188.126999334165,2.4796936e-03,691682,58.25962,1776.72898,9.9637051e+03,1.2672606e+01,1.3512705e+03,4.7326941e+00,1.0865480e+04,1.3858951e+01,0,nan,nan,nan,nan,58.25962,1.1293415e-03,1776.72898,1.0570012e-03,2.5019182e-02,1.7601484e-02
0.42616132685589037,1.0019453925971202,0.0012750341096181784,2188.1283882550338,2.4797262e-03,691683,58.26355,1776.73220,9.9951289e+03,1.2682995e+01,1.3419053e+03,4.7263932e+00,1.0899546e+04,1.3870311e+01,0,nan,nan,nan,nan,58.26355,1.1253853e-03,1776.73220,1.0551339e-03,2.6953256e-02,2.0742841e-02
0.42755024772441175,0.9996814964353112,0.0012735978921124035,2188.1297771759023,2.4797588e-03,691684,58.26412,1776.73037,9.9718945e+03,1.2668699e+01,1.3425410e+03,4.7225289e+00,1.0874912e+04,1.3854677e+01,0,nan,nan,nan,nan,58.26412,1.1279781e-03,1776.73037,1.0565666e-03,2.6487917e-02,2.0632191e-02
0.42893916859293313,1.0004265297630015,0.0012736506285809387,2188.131166096771,2.4797914e-03,691685,58.26093,1776.72916,9.9788330e+03,1.2669216e+01,1.3369310e+03,4.7177439e+00,1.0883009e+04,1.3855243e+01,0,nan,nan,nan,nan,58.26093,1.1267314e-03,1776.72916,1.0551215e-03,2.4048047e-02,1.7883558e-02
0.4303280896947399,0.9992734848222402,0.0012736496192126592,2188.1325550178726,2.4798242e-03,691686,58.26537,1776.73374,9.9684385e+03,1.2669198e+01,1.3524619e+03,4.7280622e+00,1.0870459e+04,1.3855222e+01,0,nan,nan,nan,nan,58.26537,1.1279096e-03,1776.73374,1.0561071e-03,2.8114876e-02,2.1836570e-02
0.43171701056371603,1.0004896403152057,0.0012741705989476114,2188.1339439387416,2.4798568e-03,691687,58.26003,1776.72938,9.9816826e+03,1.2674372e+01,1.3443029e+03,4.7237272e+00,1.0883683e+04,1.3860881e+01,0,nan,nan,nan,nan,58.26003,1.1267648e-03,1776.72938,1.0557214e-03,2.4982555e-02,1.8982785e-02
0.4331059314322374,0.9991393135480383,0.001273063350357823,2188.13533285961,2.4798894e-03,691688,58.26035,1776.73437,9.9685547e+03,1.2663349e+01,1.3393334e+03,4.7209134e+00,1.0868984e+04,1.3848825e+01,0,nan,nan,nan,nan,58.26035,1.1281876e-03,1776.73437,1.0569361e-03,2.5218939e-02,2.1473886e-02
0.43449485230121354,1.000859313208807,0.0012744545190049076,2188.136721780479,2.4799220e-03,691689,58.26428,1776.73549,9.9825137e+03,1.2677176e+01,1.3478975e+03,4.7224550e+00,1.0887687e+04,1.3863948e+01,0,nan,nan,nan,nan,58.26428,1.1279009e-03,1776.73549,1.0557298e-03,2.9661085e-02,2.5669629e-02
0.4358837731706444,1.0016827931912236,0.001275038807888555,2188.1381107013485,2.4799546e-03,691690,58.26324,1776.73125,9.9928477e+03,1.2682980e+01,1.3422330e+03,4.7271748e+00,1.0896637e+04,1.3870295e+01,0,nan,nan,nan,nan,58.26324,1.1266097e-03,1776.73125,1.0558687e-03,2.6294900e-02,1.9381622e-02
0.43727269427199644,0.9997494252770945,0.0012739100063030972,2188.13949962245,2.4799875e-03,691691,58.25994,1776.73187,9.9741152e+03,1.2671740e+01,1.3426150e+03,4.7272553e+00,1.0875597e+04,1.3858003e+01,0,nan,nan,nan,nan,58.25994,1.1276184e-03,1776.73187,1.0559335e-03,2.5466422e-02,2.0524250e-02
0.43866161514097257,0.9983251764084232,0.0012740627344353756,2188.140888543319,2.4800200e-03,691692,58.26273,1776.73168,9.9588086e+03,1.2673249e+01,1.3524918e+03,4.7394209e+00,1.0860094e+04,1.3859653e+01,0,nan,nan,nan,nan,58.26273,1.1287205e-03,1776.73168,1.0574149e-03,2.8892880e-02,1.9202784e-02
0.4400505360099487,1.001249249296347,0.0012746683105244398,2188.142277464188,2.4800526e-03,691693,58.25974,1776.73558,9.9897441e+03,1.2679262e+01,1.3369919e+03,4.7331758e+00,1.0891894e+04,1.3866229e+01,0,nan,nan,nan,nan,58.25974,1.1283634e-03,1776.73558,1.0541260e-03,2.5665715e-02,2.5389295e-02
0.4414394568784701,1.001783304371794,0.001274793169347733,2188.1436663850563,2.4800852e-03,691694,58.26559,1776.73122,9.9918623e+03,1.2680491e+01,1.3484442e+03,4.7294054e+00,1.0897693e+04,1.3867574e+01,0,nan,nan,nan,nan,58.26559,1.1265413e-03,1776.73122,1.0547193e-03,2.8179774e-02,1.9171415e-02
0.44282837774699146,1.0020530041162239,0.0012747833813143805,2188.145055305925,2.4801178e-03,691695,58.26088,1776.73190,9.9978984e+03,1.2680384e+01,1.3385267e+03,4.7258472e+00,1.0900616e+04,1.3867455e+01,0,nan,nan,nan,nan,58.26088,1.1260173e-03,1776.73190,1.0541468e-03,2.6151471e-02,2.0355081e-02
0.4442172986168771,1.000988062430698,0.0012740074488147763,2188.1464442267948,2.4801504e-03,691696,58.26421,1776.72691,9.9834072e+03,1.2672654e+01,1.3410754e+03,4.7207928e+00,1.0889023e+04,1.3859002e+01,0,nan,nan,nan,nan,58.26421,1.1283980e-03,1776.72691,1.0554504e-03,2.9013870e-02,1.4745044e-02
0.4456062194867627,1.0011275297575761,0.001274121348615234,2188.1478331476646,2.4801830e-03,691697,58.26275,1776.73472,9.9860957e+03,1.2673774e+01,1.3392368e+03,4.7211199e+00,1.0890529e+04,1.3860228e+01,0,nan,nan,nan,nan,58.26275,1.1270358e-03,1776.73472,1.0551988e-03,2.8011328e-02,2.3926793e-02
0.44699514035482935,1.0014583375220003,0.0012741514697717287,2188.1492220685327,2.4802156e-03,691698,58.26022,1776.72292,9.9873057e+03,1.2674062e+01,1.3476151e+03,4.7191334e+00,1.0894117e+04,1.3860542e+01,0,nan,nan,nan,nan,58.26022,1.1256546e-03,1776.72292,1.0553410e-03,2.4275877e-02,1.2532894e-02
0.4483840612238055,0.9990251239353486,0.0012736037875243132,2188.1506109894017,2.4802482e-03,691699,58.26302,1776.73920,9.9636309e+03,1.2668602e+01,1.3465740e+03,4.7322555e+00,1.0867637e+04,1.3854570e+01,0,nan,nan,nan,nan,58.26302,1.1281788e-03,1776.73920,1.0553425e-03,2.8653083e-02,2.8120032e-02
0.44977298209323635,0.9986841746454846,0.001273305011411105,2188.151999910271,2.4802808e-03,691700,58.26503,1776.73618,9.9630557e+03,1.2665617e+01,1.3432113e+03,4.7266860e+00,1.0863917e+04,1.3851306e+01,0,nan,nan,nan,nan,58.26503,1.1287906e-03,1776.73618,1.0560894e-03,2.8266326e-02,2.4125231e-02
0.45116190296175773,0.9980372055150798,0.0012736153007484284,2188.1533888311396,2.4803134e-03,691701,58.26592,1776.73062,9.9583281e+03,1.2668691e+01,1.3433500e+03,4.7231617e+00,1.0856867e+04,1.3854667e+01,0,nan,nan,nan,nan,58.26592,1.1291686e-03,1776.73062,1.0584581e-03,3.0274017e-02,2.0777460e-02
0.4525508238302791,1.0010862175998425,0.0012746077599184527,2188.154777752008,2.4803460e-03,691702,58.26329,1776.71978,9.9837744e+03,1.2678549e+01,1.3403099e+03,4.7301364e+00,1.0890023e+04,1.3865448e+01,0,nan,nan,nan,nan,58.26329,1.1268865e-03,1776.71978,1.0562516e-03,2.6379831e-02,7.7429092e-03
0.45393974469925524,0.9989869713640392,0.0012731528197201295,2188.156166672877,2.4803786e-03,691703,58.26317,1776.73671,9.9620947e+03,1.2664062e+01,1.3442902e+03,4.7227321e+00,1.0867176e+04,1.3849606e+01,0,nan,nan,nan,nan,58.26317,1.1289780e-03,1776.73671,1.0578238e-03,2.6065934e-02,2.7333323e-02
0.45532866556823137,0.9993375372021676,0.0012733463320762476,2188.157555593746,2.4804112e-03,691704,58.26508,1776.73937,9.9668408e+03,1.2665973e+01,1.3414540e+03,4.7256646e+00,1.0870977e+04,1.3851695e+01,0,nan,nan,nan,nan,58.26508,1.1285528e-03,1776.73937,1.0562654e-03,2.9850056e-02,2.6093839e-02
0.45671758643675275,0.9997639387400014,0.001274157293190597,2188.1589445146146,2.4804438e-03,691705,58.26176,1776.73236,9.9731250e+03,1.2674025e+01,1.3474094e+03,4.7306762e+00,1.0875603e+04,1.3860501e+01,0,nan,nan,nan,nan,58.26176,1.1273648e-03,1776.73236,1.0554729e-03,2.6361164e-02,1.9712580e-02
0.45810650730618363,1.00111404541525,0.0012738418227307897,2188.160333435484,2.4804764e-03,691706,58.26158,1776.73104,9.9857354e+03,1.2670872e+01,1.3372197e+03,4.7188263e+00,1.0890276e+04,1.3857052e+01,0,nan,nan,nan,nan,58.26158,1.1272362e-03,1776.73104,1.0547092e-03,2.5350358e-02,1.7969472e-02
0.45949542817515976,0.998895624043103,0.0012737685059774336,2188.161722356353,2.4805090e-03,691707,58.26240,1776.73096,9.9650508e+03,1.2670127e+01,1.3441813e+03,4.7275143e+00,1.0866131e+04,1.3856238e+01,0,nan,nan,nan,nan,58.26240,1.1269795e-03,1776.73096,1.0570991e-03,2.5432110e-02,1.8845990e-02
0.46088434904368114,1.0004265454515588,0.001273096538788655,2188.1631112772216,2.4805416e-03,691708,58.26498,1776.73571,9.9810371e+03,1.2663427e+01,1.3330865e+03,4.7193565e+00,1.0882771e+04,1.3848911e+01,0,nan,nan,nan,nan,58.26498,1.1261656e-03,1776.73571,1.0535974e-03,3.0171340e-02,2.4660971e-02
0.4622732699117478,0.9985153415427627,0.0012737204368494712,2188.1645001980896,2.4805742e-03,691709,58.26289,1776.73255,9.9606953e+03,1.2669618e+01,1.3463226e+03,4.7306685e+00,1.0861968e+04,1.3855681e+01,0,nan,nan,nan,nan,58.26289,1.1279575e-03,1776.73255,1.0571860e-03,2.7537713e-02,2.1259988e-02
0.46366219078117865,0.9992101172598654,0.001273830078210843,2188.165889118959,2.4806068e-03,691710,58.26147,1776.72968,9.9679307e+03,1.2670691e+01,1.3519784e+03,4.7286520e+00,1.0869512e+04,1.3856855e+01,0,nan,nan,nan,nan,58.26147,1.1267477e-03,1776.72968,1.0575597e-03,2.5262093e-02,1.9613046e-02
0.46505111141732414,0.9985944224281009,0.001272617130102347,2188.167278039595,2.4806391e-03,691711,58.26218,1776.73133,9.9607832e+03,1.2658610e+01,1.3339709e+03,4.7208819e+00,1.0862800e+04,1.3843644e+01,0,nan,nan,nan,nan,58.26218,1.1279199e-03,1776.73133,1.0557303e-03,2.4549434e-02,1.9759225e-02
0.4664400322858455,1.0005798286644416,0.0012739190637537593,2188.1686669604637,2.4806717e-03,691712,58.26384,1776.73529,9.9789678e+03,1.2671543e+01,1.3466545e+03,4.7242303e+00,1.0884383e+04,1.3857787e+01,0,nan,nan,nan,nan,58.26384,1.1257647e-03,1776.73529,1.0553538e-03,2.7272217e-02,2.4395183e-02
0.46782895315482165,1.0032903593934863,0.0012749325681017571,2188.1700558813327,2.4807043e-03,691713,58.26483,1776.73255,1.0007217e+04,1.2681608e+01,1.3426268e+03,4.7239451e+00,1.0913854e+04,1.3868794e+01,0,nan,nan,nan,nan,58.26483,1.1241055e-03,1776.73255,1.0528497e-03,2.9386576e-02,2.1537561e-02
0.469217874025162,0.9993304755354918,0.0012733977071190483,2188.171444802203,2.4807369e-03,691714,58.25760,1776.72018,9.9640596e+03,1.2666324e+01,1.3519402e+03,4.7254195e+00,1.0870764e+04,1.3852079e+01,0,nan,nan,nan,nan,58.25760,1.1277603e-03,1776.72018,1.0593599e-03,2.0442067e-02,8.7134121e-03
0.4706067948936834,1.0000894235193458,0.0012733323939514503,2188.1728337230716,2.4807695e-03,691715,58.26163,1776.73733,9.9733311e+03,1.2665657e+01,1.3382783e+03,4.7215438e+00,1.0879005e+04,1.3851350e+01,0,nan,nan,nan,nan,58.26163,1.1275229e-03,1776.73733,1.0575736e-03,2.9642088e-02,2.8955348e-02
0.47199571553028363,0.9997135321242628,0.001273169086686319,2188.174222643708,2.4808019e-03,691716,58.26219,1776.73563,9.9703486e+03,1.2664015e+01,1.3445181e+03,4.7238612e+00,1.0874900e+04,1.3849555e+01,0,nan,nan,nan,nan,58.26219,1.1269491e-03,1776.73563,1.0549283e-03,3.0056845e-02,2.5515104e-02
0.47338463639925976,0.9996674867266854,0.0012739856046849298,2188.175611564577,2.4808345e-03,691717,58.26712,1776.73406,9.9710176e+03,1.2672120e+01,1.3453051e+03,4.7338233e+00,1.0874385e+04,1.3858418e+01,0,nan,nan,nan,nan,58.26712,1.1294807e-03,1776.73406,1.0567209e-03,3.1623293e-02,1.9838462e-02
0.47477355726778114,0.9979119820527067,0.0012727865380993406,2188.1770004854457,2.4808671e-03,691718,58.26338,1776.74019,9.9561973e+03,1.2660173e+01,1.3448419e+03,4.7224135e+00,1.0855272e+04,1.3845354e+01,0,nan,nan,nan,nan,58.26338,1.1281963e-03,1776.74019,1.0565890e-03,2.6961582e-02,2.7406320e-02
0.4761624781363025,1.0007010643853398,0.0012741642989033686,2188.178389406314,2.4808997e-03,691719,58.25901,1776.73090,9.9813457e+03,1.2673861e+01,1.3343887e+03,4.7237587e+00,1.0885596e+04,1.3860321e+01,0,nan,nan,nan,nan,58.25901,1.1270966e-03,1776.73090,1.0553134e-03,2.3003541e-02,1.9060530e-02
0.477551398772448,1.00307689356692,0.0012746223372437312,2188.1797783269503,2.4809320e-03,691720,58.26274,1776.72815,1.0005741e+04,1.2678399e+01,1.3384164e+03,4.7156100e+00,1.0911426e+04,1.3865285e+01,0,nan,nan,nan,nan,58.26274,1.1251976e-03,1776.72815,1.0531476e-03,2.7857658e-02,1.6941603e-02
0.47894031964142414,0.9983796292008928,0.001274005242315293,2188.1811672478193,2.4809646e-03,691721,58.26351,1776.72620,9.9600098e+03,1.2672243e+01,1.3460604e+03,4.7350254e+00,1.0860312e+04,1.3858552e+01,0,nan,nan,nan,nan,58.26351,1.1287552e-03,1776.72620,1.0567602e-03,2.7912747e-02,1.7191693e-02
0.4803292405099455,0.9996728867771554,0.0012736545024604256,2188.182556168688,2.4809972e-03,691722,58.26140,1776.73293,9.9716768e+03,1.2668735e+01,1.3396870e+03,4.7242041e+00,1.0874365e+04,1.3854716e+01,0,nan,nan,nan,nan,58.26140,1.1274880e-03,1776.73293,1.0560519e-03,2.5412824e-02,1.9744137e-02
0.481718161146091,0.9986855112113765,0.0012730051847928488,2188.183945089324,2.4810296e-03,691723,58.26716,1776.73669,9.9612832e+03,1.2662257e+01,1.3498507e+03,4.7249408e+00,1.0863608e+04,1.3847632e+01,0,nan,nan,nan,nan,58.26716,1.1277793e-03,1776.73669,1.0567860e-03,3.1125298e-02,2.5419820e-02
0.4831070820155219,0.9980574185783624,0.0012733887736651043,2188.1853340101934,2.4810622e-03,691724,58.26174,1776.73558,9.9547725e+03,1.2666055e+01,1.3487283e+03,4.7331648e+00,1.0856760e+04,1.3851785e+01,0,nan,nan,nan,nan,58.26174,1.1287878e-03,1776.73558,1.0561779e-03,2.7608549e-02,2.4853894e-02
0.48449600288404326,0.9988055307592574,0.0012739815600041249,2188.186722931062,2.4810948e-03,691725,58.26169,1776.72961,9.9590605e+03,1.2671931e+01,1.3445903e+03,4.7357049e+00,1.0864882e+04,1.3858212e+01,0,nan,nan,nan,nan,58.26169,1.1312402e-03,1776.72961,1.0583968e-03,2.3885103e-02,1.8148234e-02
0.485884923519734,1.0005597263894535,0.001274382396077609,2188.1881118516976,2.4811272e-03,691726,58.26213,1776.73279,9.9811611e+03,1.2675899e+01,1.3444410e+03,4.7281132e+00,1.0883947e+04,1.3862551e+01,0,nan,nan,nan,nan,58.26213,1.1280596e-03,1776.73279,1.0557292e-03,2.9364577e-02,2.1386482e-02
0.4872738443882554,1.0002553474690081,0.001274392800834173,2188.189500772566,2.4811598e-03,691727,58.25895,1776.72542,9.9765088e+03,1.2675983e+01,1.3422699e+03,4.7249465e+00,1.0880619e+04,1.3862643e+01,0,nan,nan,nan,nan,58.25895,1.1279741e-03,1776.72542,1.0566913e-03,2.1380538e-02,1.6113725e-02
0.48866276525768626,1.0011606488012788,0.0012740138183406824,2188.1908896934356,2.4811924e-03,691728,58.26812,1776.73886,9.9851270e+03,1.2672195e+01,1.3420847e+03,4.7245297e+00,1.0890451e+04,1.3858501e+01,0,nan,nan,nan,nan,58.26812,1.1280114e-03,1776.73886,1.0540340e-03,3.8774315e-02,3.0126331e-02
0.490051685893377,1.001734209859101,0.0012743133899585943,2188.1922786140713,2.4812247e-03,691729,58.26215,1776.72928,9.9927354e+03,1.2675157e+01,1.3424988e+03,4.7195444e+00,1.0896674e+04,1.3861739e+01,0,nan,nan,nan,nan,58.26215,1.1260019e-03,1776.72928,1.0539918e-03,2.6556449e-02,1.7062105e-02
0.4914406067628079,1.0011486326921748,0.0012752991997954863,2188.1936675349407,2.4812573e-03,691730,58.26303,1776.73388,9.9858408e+03,1.2684943e+01,1.3399338e+03,4.7324762e+00,1.0890288e+04,1.3872442e+01,0,nan,nan,nan,nan,58.26303,1.1268095e-03,1776.73388,1.0567462e-03,2.6122918e-02,2.3792136e-02
0.49282952739895336,0.9993954469489418,0.0012745560839732618,2188.195056455577,2.4812897e-03,691731,58.26437,1776.73390,9.9674463e+03,1.2677532e+01,1.3453303e+03,4.7312288e+00,1.0871201e+04,1.3864337e+01,0,nan,nan,nan,nan,58.26437,1.1283886e-03,1776.73390,1.0566616e-03,2.8648274e-02,2.3911186e-02
0.4942184482679295,0.9982333269843061,0.0012732342846348513,2188.196445376446,2.4813223e-03,691732,58.26347,1776.73085,9.9560889e+03,1.2664366e+01,1.3378872e+03,4.7245855e+00,1.0858544e+04,1.3849937e+01,0,nan,nan,nan,nan,58.26347,1.1292524e-03,1776.73085,1.0564629e-03,2.7770313e-02,2.1890093e-02
0.495607368904075,1.0011082976038153,0.001275266847696415,2188.197834297082,2.4813546e-03,691733,58.26390,1776.72590,9.9859980e+03,1.2684565e+01,1.3419690e+03,4.7283349e+00,1.0889801e+04,1.3872027e+01,0,nan,nan,nan,nan,58.26390,1.1268412e-03,1776.72590,1.0575097e-03,2.6300283e-02,1.2405603e-02
0.4969962897730511,1.00111669447933,0.0012751221755826288,2188.199223217951,2.4813872e-03,691734,58.26286,1776.73227,9.9854863e+03,1.2683106e+01,1.3359106e+03,4.7351904e+00,1.0889875e+04,1.3870433e+01,0,nan,nan,nan,nan,58.26286,1.1299743e-03,1776.73227,1.0549844e-03,2.6992027e-02,2.3209212e-02
0.49838521040965134,1.0012640750596018,0.0012743209332292905,2188.2006121385875,2.4814196e-03,691735,58.26692,1776.73616,9.9872129e+03,1.2675117e+01,1.3440654e+03,4.7251606e+00,1.0891463e+04,1.3861696e+01,0,nan,nan,nan,nan,58.26692,1.1268579e-03,1776.73616,1.0545426e-03,3.2518227e-02,2.5372650e-02
0.4997741312781727,1.0004828375949466,0.0012742127864863151,2188.202001059456,2.4814522e-03,691736,58.26437,1776.73142,9.9804111e+03,1.2674025e+01,1.3423579e+03,4.7219067e+00,1.0882948e+04,1.3860501e+01,0,nan,nan,nan,nan,58.26437,1.1286959e-03,1776.73142,1.0546881e-03,2.8860830e-02,2.0689171e-02
0.501163051914773,0.999751531677875,0.0012738773877084438,2188.2033899800927,2.4814846e-03,691737,58.26365,1776.73638,9.9720469e+03,1.2670669e+01,1.3398807e+03,4.7244692e+00,1.0874979e+04,1.3856832e+01,0,nan,nan,nan,nan,58.26365,1.1282964e-03,1776.73638,1.0546282e-03,2.8220240e-02,2.7056951e-02
0.5025519725504637,0.9997790699326716,0.0012732013484547282,2188.2047789007283,2.4815169e-03,691738,58.26287,1776.73393,9.9733877e+03,1.2663928e+01,1.3322512e+03,4.7221003e+00,1.0875262e+04,1.3849459e+01,0,nan,nan,nan,nan,58.26287,1.1264145e-03,1776.73393,1.0540757e-03,2.8990479e-02,2.2714758e-02
0.5039408934189851,0.9995770605714553,0.0012735336430960648,2188.206167821597,2.4815495e-03,691739,58.26321,1776.73237,9.9712051e+03,1.2667213e+01,1.3426226e+03,4.7254353e+00,1.0873050e+04,1.3853052e+01,0,nan,nan,nan,nan,58.26321,1.1261697e-03,1776.73237,1.0555717e-03,2.6822787e-02,2.0234667e-02
0.5053298140555853,0.9984851006917626,0.0012729271686031424,2188.2075567422335,2.4815819e-03,691740,58.26725,1776.73410,9.9576348e+03,1.2661165e+01,1.3421462e+03,4.7242689e+00,1.0861156e+04,1.3846437e+01,0,nan,nan,nan,nan,58.26725,1.1285640e-03,1776.73410,1.0558784e-03,2.9701879e-02,2.1501997e-02
0.5067187349245614,0.9992459330651003,0.0012731587145542898,2188.2089456631024,2.4816145e-03,691741,58.26416,1776.73163,9.9650840e+03,1.2663450e+01,1.3305251e+03,4.7205596e+00,1.0869418e+04,1.3848937e+01,0,nan,nan,nan,nan,58.26416,1.1291351e-03,1776.73163,1.0549031e-03,2.8945403e-02,1.8766670e-02
0.5081076555602522,0.9981029630411408,0.001272358352877466,2188.210334583738,2.4816468e-03,691742,58.26148,1776.73223,9.9547305e+03,1.2655473e+01,1.3386328e+03,4.7138815e+00,1.0856970e+04,1.3840212e+01,0,nan,nan,nan,nan,58.26148,1.1288794e-03,1776.73223,1.0576240e-03,2.3791660e-02,1.9963805e-02
0.5094965761954882,1.0003475057491873,0.0012737830600524835,2188.2117235043734,2.4816792e-03,691743,58.26465,1776.73092,9.9772598e+03,1.2669627e+01,1.3326235e+03,4.7200494e+00,1.0881371e+04,1.3855692e+01,0,nan,nan,nan,nan,58.26465,1.1275422e-03,1776.73092,1.0556185e-03,3.2095514e-02,2.1039346e-02
0.510885497064919,1.0007036771449676,0.0012743829514739345,2188.213112425243,2.4817118e-03,691744,58.25996,1776.72754,9.9805645e+03,1.2675576e+01,1.3474823e+03,4.7246013e+00,1.0885230e+04,1.3862198e+01,0,nan,nan,nan,nan,58.25996,1.1267806e-03,1776.72754,1.0567355e-03,2.4260012e-02,1.4290260e-02
0.5122744177010645,1.0001192782792758,0.001274733913789592,2188.214501345879,2.4817442e-03,691745,58.26219,1776.73735,9.9733545e+03,1.2679051e+01,1.3434803e+03,4.7438850e+00,1.0878861e+04,1.3865999e+01,0,nan,nan,nan,nan,58.26219,1.1293648e-03,1776.73735,1.0558203e-03,2.8667586e-02,2.7967811e-02
0.5136633383367553,1.0001301615983746,0.0012744168567352472,2188.2158902665146,2.4817765e-03,691746,58.26209,1776.72824,9.9751396e+03,1.2675882e+01,1.3513051e+03,4.7292900e+00,1.0878966e+04,1.3862533e+01,0,nan,nan,nan,nan,58.26209,1.1276732e-03,1776.72824,1.0566916e-03,2.4549197e-02,1.6347596e-02
0.5150522592057314,1.001905149250595,0.0012744734369683553,2188.2172791873836,2.4818091e-03,691747,58.26393,1776.73282,9.9888223e+03,1.2676429e+01,1.3427896e+03,4.7271938e+00,1.0898261e+04,1.3863132e+01,0,nan,nan,nan,nan,58.26393,1.1268472e-03,1776.73282,1.0564721e-03,2.8320746e-02,2.4120795e-02
0.5164411798423316,1.0005146800054645,0.0012742515064750612,2188.21866810802,2.4818415e-03,691748,58.26575,1776.73456,9.9805645e+03,1.2674209e+01,1.3452356e+03,4.7251673e+00,1.0883122e+04,1.3860703e+01,0,nan,nan,nan,nan,58.26575,1.1279046e-03,1776.73456,1.0552871e-03,2.9658943e-02,2.4909643e-02
0.5178301004780224,1.0001671074371699,0.0012736600255662956,2188.220057028656,2.4818738e-03,691749,58.26562,1776.72565,9.9728848e+03,1.2668310e+01,1.3399939e+03,4.7265344e+00,1.0879330e+04,1.3854252e+01,0,nan,nan,nan,nan,58.26562,1.1280264e-03,1776.72565,1.0577637e-03,2.6639372e-02,1.5828101e-02
0.5192190211137131,0.998977945124086,0.0012731800089899068,2188.2214459492916,2.4819062e-03,691750,58.26155,1776.73815,9.9605361e+03,1.2663524e+01,1.3501238e+03,4.7234187e+00,1.0866383e+04,1.3849017e+01,0,nan,nan,nan,nan,58.26155,1.1285046e-03,1776.73815,1.0570385e-03,2.6378581e-02,2.8421057e-02
0.5206079419840535,1.0011047215294686,0.0012734152895846273,2188.222834870162,2.4819388e-03,691751,58.26497,1776.73055,9.9868887e+03,1.2665851e+01,1.3373413e+03,4.7164793e+00,1.0889507e+04,1.3851562e+01,0,nan,nan,nan,nan,58.26497,1.1252667e-03,1776.73055,1.0542828e-03,2.6348099e-02,1.9920843e-02
0.521996862620199,1.0021530401049765,0.0012743829782990571,2188.224223790798,2.4819712e-03,691752,58.26170,1776.73761,9.9949570e+03,1.2675464e+01,1.3470983e+03,4.7226229e+00,1.0900899e+04,1.3862074e+01,0,nan,nan,nan,nan,58.26170,1.1254132e-03,1776.73761,1.0537993e-03,2.7126137e-02,2.4680102e-02
0.5233857832558897,0.999376352645771,0.0012747730706167974,2188.2256127114338,2.4820035e-03,691753,58.26522,1776.73343,9.9707588e+03,1.2679332e+01,1.3435801e+03,4.7319875e+00,1.0870686e+04,1.3866305e+01,0,nan,nan,nan,nan,58.26522,1.1276946e-03,1776.73343,1.0574136e-03,2.8828612e-02,2.1743186e-02
0.5247747038920352,1.0001335124508712,0.0012746592505953989,2188.22700163207,2.4820359e-03,691754,58.26244,1776.73370,9.9762686e+03,1.2678187e+01,1.3479072e+03,4.7332029e+00,1.0878913e+04,1.3865054e+01,0,nan,nan,nan,nan,58.26244,1.1289549e-03,1776.73370,1.0564214e-03,2.8938156e-02,1.9725345e-02
0.5261636245286354,0.9982119542858058,0.0012731908770176842,2188.2283905527065,2.4820683e-03,691755,58.26569,1776.73436,9.9564688e+03,1.2663573e+01,1.3446182e+03,4.7280025e+00,1.0858002e+04,1.3849072e+01,0,nan,nan,nan,nan,58.26569,1.1291483e-03,1776.73436,1.0564714e-03,2.9230526e-02,2.3024514e-02
0.5275525451638714,1.0001658935493247,0.001273918216894779,2188.2297794733418,2.4821006e-03,691756,58.26362,1776.73508,9.9779922e+03,1.2670799e+01,1.3426064e+03,4.7270150e+00,1.0879248e+04,1.3856974e+01,0,nan,nan,nan,nan,58.26362,1.1277575e-03,1776.73508,1.0537915e-03,2.8937131e-02,2.3827434e-02
0.5289414660328475,0.9991525628913777,0.0012727135804126552,2188.2311683942107,2.4821332e-03,691757,58.26472,1776.73261,9.9678398e+03,1.2658810e+01,1.3393751e+03,4.7162280e+00,1.0868219e+04,1.3843862e+01,0,nan,nan,nan,nan,58.26472,1.1259227e-03,1776.73261,1.0545633e-03,2.6854364e-02,2.0475850e-02
0.5303303866694478,0.9990785174047591,0.0012750367774688443,2188.2325573148473,2.4821656e-03,691758,58.26275,1776.73200,9.9689531e+03,1.2681909e+01,1.3424576e+03,4.7350860e+00,1.0867407e+04,1.3869123e+01,0,nan,nan,nan,nan,58.26275,1.1295789e-03,1776.73200,1.0567410e-03,2.7902471e-02,2.2262858e-02
0.5317193073051385,1.002892365573087,0.0012749602363295363,2188.233946235483,2.4821979e-03,691759,58.25857,1776.72635,1.0004616e+04,1.2681142e+01,1.3391619e+03,4.7209883e+00,1.0908887e+04,1.3868284e+01,0,nan,nan,nan,nan,58.25857,1.1248296e-03,1776.72635,1.0540737e-03,2.5775686e-02,1.5309758e-02
0.5331082279408292,0.9988520532771961,0.001272883714692175,2188.2353351561187,2.4822303e-03,691760,58.26369,1776.73054,9.9614756e+03,1.2660481e+01,1.3340411e+03,4.7191377e+00,1.0864934e+04,1.3845691e+01,0,nan,nan,nan,nan,58.26369,1.1265654e-03,1776.73054,1.0566177e-03,2.7097031e-02,2.1189429e-02
0.53449714857652,0.9993201647710522,0.0012736413043025322,2188.2367240767544,2.4822627e-03,691761,58.26432,1776.72801,9.9667236e+03,1.2668014e+01,1.3479707e+03,4.7269883e+00,1.0870021e+04,1.3853928e+01,0,nan,nan,nan,nan,58.26432,1.1279342e-03,1776.72801,1.0574224e-03,2.8203465e-02,1.6873054e-02
0.5358860692131202,1.000383573839994,0.001273128819875593,2188.238112997391,2.4822950e-03,691762,58.26486,1776.73696,9.9757676e+03,1.2662913e+01,1.3430525e+03,4.7177067e+00,1.0881586e+04,1.3848349e+01,0,nan,nan,nan,nan,58.26486,1.1271038e-03,1776.73696,1.0555033e-03,2.8368903e-02,2.7023796e-02
0.537274989848811,0.9991936781911801,0.0012737268098907124,2188.2395019180267,2.4823274e-03,691763,58.26073,1776.73058,9.9666367e+03,1.2668858e+01,1.3422057e+03,4.7240763e+00,1.0868642e+04,1.3854851e+01,0,nan,nan,nan,nan,58.26073,1.1276347e-03,1776.73058,1.0567764e-03,2.6412198e-02,1.9201839e-02
0.5386639104854112,1.0009775725560075,0.001273975434891864,2188.2408908386633,2.4823598e-03,691764,58.26486,1776.73629,9.9851709e+03,1.2671330e+01,1.3416436e+03,4.7212811e+00,1.0888045e+04,1.3857554e+01,0,nan,nan,nan,nan,58.26486,1.1262427e-03,1776.73629,1.0541198e-03,2.8213212e-02,2.3737090e-02
0.5400528311215567,0.9991017948335299,0.0012732135728801238,2188.2422797592994,2.4823921e-03,691765,58.26175,1776.73269,9.9642861e+03,1.2663754e+01,1.3395983e+03,4.7215395e+00,1.0867642e+04,1.3849269e+01,0,nan,nan,nan,nan,58.26175,1.1282574e-03,1776.73269,1.0565495e-03,2.8718259e-02,2.0294970e-02
0.5414417517567927,0.9974485935748142,0.0012727752090863143,2188.2436686799347,2.4824245e-03,691766,58.26217,1776.73561,9.9478447e+03,1.2659395e+01,1.3452723e+03,4.7272115e+00,1.0849660e+04,1.3844502e+01,0,nan,nan,nan,nan,58.26217,1.1300653e-03,1776.73561,1.0565174e-03,2.4645001e-02,2.3526492e-02
0.5428306723924834,0.9985168650301166,0.0012739911847495901,2188.2450576005704,2.4824569e-03,691767,58.26721,1776.73229,9.9597646e+03,1.2671492e+01,1.3481289e+03,4.7325191e+00,1.0861283e+04,1.3857732e+01,0,nan,nan,nan,nan,58.26721,1.1298129e-03,1776.73229,1.0572935e-03,3.0100439e-02,2.2672404e-02
0.5442195930290836,0.9991663037583566,0.001274038565882249,2188.246446521207,2.4824892e-03,691768,58.26132,1776.73528,9.9672070e+03,1.2671969e+01,1.3415433e+03,4.7301149e+00,1.0868352e+04,1.3858253e+01,0,nan,nan,nan,nan,58.26132,1.1292592e-03,1776.73528,1.0571267e-03,2.5585759e-02,2.1935908e-02
0.5456085136656839,1.000203228379584,0.0012735846333187134,2188.2478354418436,2.4825216e-03,691769,58.26029,1776.73158,9.9754082e+03,1.2667460e+01,1.3433260e+03,4.7221899e+00,1.0879636e+04,1.3853322e+01,0,nan,nan,nan,nan,58.26029,1.1264684e-03,1776.73158,1.0558054e-03,2.5799580e-02,1.8548746e-02
0.5469974343022841,1.0011528279053188,0.001274579665827366,2188.24922436248,2.4825539e-03,691770,58.26524,1776.73666,9.9870400e+03,1.2677362e+01,1.3435928e+03,4.7287474e+00,1.0889972e+04,1.3864153e+01,0,nan,nan,nan,nan,58.26524,1.1283113e-03,1776.73666,1.0558421e-03,3.3038348e-02,2.5856439e-02
0.5483863549388843,1.0005548605347416,0.0012735823420318895,2188.2506132831168,2.4825863e-03,691771,58.26252,1776.73330,9.9819297e+03,1.2667455e+01,1.3431533e+03,4.7176566e+00,1.0883476e+04,1.3853316e+01,0,nan,nan,nan,nan,58.26252,1.1259094e-03,1776.73330,1.0540612e-03,2.7236192e-02,2.1366747e-02
0.5497752755745751,1.0004474199749702,0.0012742170884499427,2188.2520022037525,2.4826187e-03,691772,58.26588,1776.73612,9.9780625e+03,1.2673779e+01,1.3458676e+03,4.7330499e+00,1.0882315e+04,1.3860231e+01,0,nan,nan,nan,nan,58.26588,1.1272419e-03,1776.73612,1.0552629e-03,2.9657701e-02,2.4009813e-02
0.5511641962102658,1.0009661581773606,0.0012745627186114786,2188.253391124388,2.4826510e-03,691773,58.26369,1776.72680,9.9803369e+03,1.2677228e+01,1.3494137e+03,4.7335677e+00,1.0887970e+04,1.3864005e+01,0,nan,nan,nan,nan,58.26369,1.1273499e-03,1776.72680,1.0577115e-03,2.6535505e-02,1.7854759e-02
0.5525531166131259,0.999642459266104,0.0012751853458239876,2188.254780044791,2.4826832e-03,691774,58.26638,1776.73385,9.9722402e+03,1.2683436e+01,1.3547491e+03,4.7378993e+00,1.0873583e+04,1.3870794e+01,0,nan,nan,nan,nan,58.26638,1.1289514e-03,1776.73385,1.0571370e-03,3.2221138e-02,2.0015944e-02
0.5539420372497261,0.9994302829201088,0.0012747258353414373,2188.2561689654276,2.4827155e-03,691775,58.26163,1776.73657,9.9703799e+03,1.2678884e+01,1.3446390e+03,4.7384586e+00,1.0871290e+04,1.3865814e+01,0,nan,nan,nan,nan,58.26163,1.1280878e-03,1776.73657,1.0559822e-03,3.3177231e-02,2.3798389e-02
0.5553309578858716,0.999946010784864,0.0012736146808896547,2188.2575578860638,2.4827479e-03,691776,58.26532,1776.73107,9.9725225e+03,1.2667850e+01,1.3422356e+03,4.7191772e+00,1.0876916e+04,1.3853747e+01,0,nan,nan,nan,nan,58.26532,1.1290690e-03,1776.73107,1.0566976e-03,3.0181451e-02,2.1179663e-02
0.5567198785211076,1.0010045054557468,0.0012746175040209357,2188.258946806699,2.4827803e-03,691777,58.26736,1776.73438,9.9847627e+03,1.2677843e+01,1.3389104e+03,4.7274127e+00,1.0888447e+04,1.3864677e+01,0,nan,nan,nan,nan,58.26736,1.1290445e-03,1776.73438,1.0550433e-03,3.1494237e-02,2.3174666e-02
0.5581087991577078,1.0028984703481596,0.001274798936515527,2188.2603357273356,2.4828126e-03,691778,58.26262,1776.73922,1.0003365e+04,1.2679671e+01,1.3358071e+03,4.7237945e+00,1.0909067e+04,1.3866676e+01,0,nan,nan,nan,nan,58.26262,1.1260262e-03,1776.73922,1.0533406e-03,2.7494837e-02,2.7318900e-02
0.5594977197938533,0.9972794432627713,0.0012739206786496538,2188.2617246479717,2.4828450e-03,691779,58.26535,1776.73413,9.9490283e+03,1.2670960e+01,1.3492231e+03,4.7427216e+00,1.0847968e+04,1.3857150e+01,0,nan,nan,nan,nan,58.26535,1.1295618e-03,1776.73413,1.0577743e-03,3.0147279e-02,2.1981467e-02
0.5608866401967134,1.0007330526507645,0.001274811550562453,2188.2631135683746,2.4828771e-03,691780,58.26510,1776.73072,9.9817227e+03,1.2679849e+01,1.3403372e+03,4.7247825e+00,1.0885558e+04,1.3866870e+01,0,nan,nan,nan,nan,58.26510,1.1283376e-03,1776.73072,1.0557884e-03,2.7129529e-02,1.9393751e-02
