time,flux,flux_err,time_original,timecorr,cadenceno,centroid_col,centroid_row,sap_flux,sap_flux_err,sap_bkg,sap_bkg_err,pdcsap_flux,pdcsap_flux_err,quality,psf_centr1,psf_centr1_err,psf_centr2,psf_centr2_err,mom_centr1,mom_centr1_err,mom_centr2,mom_centr2_err,pos_corr1,pos_corr2
-0.2390613146715168,0.9979506169670156,0.0020070953717729475,1360.5035463013248,5.0658737e-03,95791,1596.74062,145.02476,9.7839414e+03,1.2143106e+01,1.3695209e+03,3.7691069e+00,6.9005977e+03,1.3878601e+01,0,nan,nan,nan,nan,1596.74062,9.5882255e-04,145.02476,9.9320640e-04,2.0950024e-03,-2.9053800e-02
-0.2376724221396671,1.0015519769884405,0.0020082176452793548,1360.5049351938567,5.0658779e-03,95792,1596.73756,145.02789,9.8113857e+03,1.2150071e+01,1.3706387e+03,3.7784245e+00,6.9256006e+03,1.3886561e+01,0,nan,nan,nan,nan,1596.73756,9.5694495e-04,145.02789,9.8956795e-04,-9.2423416e-04,-2.5332125e-02
-0.2362835296069079,1.00033588857091,0.002006635652935566,1360.5063240863894,5.0658821e-03,95793,1596.73832,145.02474,9.8009473e+03,1.2140704e+01,1.3643033e+03,3.7643487e+00,6.9173066e+03,1.3875854e+01,0,nan,nan,nan,nan,1596.73832,9.5932337e-04,145.02474,9.8984269e-04,-1.7959217e-04,-3.0579509e-02
-0.23489463660848742,0.998352386178102,0.0020063572597065426,1360.5077129793879,5.0658868e-03,95794,1596.74504,145.03800,9.7976455e+03,1.2139247e+01,1.3651759e+03,3.7683210e+00,6.9037202e+03,1.3874188e+01,0,nan,nan,nan,nan,1596.74504,9.5728092e-04,145.03800,9.8855456e-04,7.8603467e-03,-8.5549112e-03
-0.23350574407618296,0.9982138178331508,0.0020074484632624165,1360.5091018719202,5.0658910e-03,95795,1596.73776,145.03402,9.7940801e+03,1.2146097e+01,1.3726318e+03,3.7787354e+00,6.9029033e+03,1.3882020e+01,0,nan,nan,nan,nan,1596.73776,9.5900072e-04,145.03402,9.9027238e-04,2.4616071e-03,-1.7511141e-02
-0.23211685154342376,1.0009401777437847,0.002006212896649428,1360.510490764453,5.0658952e-03,95796,1596.74241,145.02800,9.8080332e+03,1.2138889e+01,1.3628035e+03,3.7650321e+00,6.9219106e+03,1.3873781e+01,0,nan,nan,nan,nan,1596.74241,9.5576711e-04,145.02800,9.8928844e-04,2.7709070e-03,-2.6718602e-02
-0.23072795901157406,1.002570011469267,0.0020077578404624923,1360.5118796569848,5.0658993e-03,95797,1596.74045,145.03200,9.8192305e+03,1.2148526e+01,1.3636444e+03,3.7626591e+00,6.9333447e+03,1.3884795e+01,0,nan,nan,nan,nan,1596.74045,9.5651159e-04,145.03200,9.8918297e-04,2.5411337e-03,-2.0557418e-02
-0.2293390664801791,1.0000805914647495,0.0020057724908712103,1360.5132685495162,5.0659035e-03,95798,1596.74163,145.03094,9.8019639e+03,1.2136815e+01,1.3618193e+03,3.7620537e+00,6.9163022e+03,1.3871410e+01,0,nan,nan,nan,nan,1596.74163,9.5833582e-04,145.03094,9.8856655e-04,3.1047133e-03,-2.2598492e-02
-0.22795017394719252,0.9974061804930207,0.002005855428516656,1360.5146574420492,5.0659077e-03,95799,1596.73540,145.02809,9.7890625e+03,1.2137634e+01,1.3745284e+03,3.7690394e+00,6.8979868e+03,1.3872347e+01,0,nan,nan,nan,nan,1596.73540,9.5834321e-04,145.02809,9.9110755e-04,-4.6004304e-03,-2.4920452e-02
-0.22656128141420595,1.0015607958044197,0.002007025481487542,1360.5160463345821,5.0659119e-03,95800,1596.74642,145.03436,9.8151240e+03,1.2145044e+01,1.3642621e+03,3.7600756e+00,6.9269077e+03,1.3880816e+01,0,nan,nan,nan,nan,1596.74642,9.5657975e-04,145.03436,9.8805910e-04,7.8454334e-03,-1.5003142e-02
-0.22517238888144675,0.9996831876119524,0.002005705703375734,1360.517435227115,5.0659161e-03,95801,1596.74287,145.04023,9.8057754e+03,1.2137399e+01,1.3630131e+03,3.7559519e+00,6.9141157e+03,1.3872077e+01,0,nan,nan,nan,nan,1596.74287,9.5706969e-04,145.04023,9.8796817e-04,6.8522738e-03,-4.8303651e-03
-0.22378349634959704,1.0009143907516116,0.0020064371557078405,1360.5188241196468,5.0659203e-03,95802,1596.73881,145.02503,9.8041094e+03,1.2142174e+01,1.3641127e+03,3.7670059e+00,6.9228306e+03,1.3877535e+01,0,nan,nan,nan,nan,1596.73881,9.5729035e-04,145.02503,9.9067017e-04,-2.6696161e-04,-2.9191615e-02
-0.22239460381820209,1.00373428609549,0.0020072206718174455,1360.5202130121781,5.0659245e-03,95803,1596.73599,145.02896,9.8223730e+03,1.2147271e+01,1.3643295e+03,3.7634649e+00,6.9425371e+03,1.3883361e+01,0,nan,nan,nan,nan,1596.73599,9.5665373e-04,145.02896,9.8838191e-04,-3.7857427e-03,-2.4953181e-02
-0.22100571128544289,0.9976392176559326,0.002006323503942764,1360.521601904711,5.0659287e-03,95804,1596.74357,145.03122,9.7831533e+03,1.2142204e+01,1.3638163e+03,3.7819188e+00,6.9005854e+03,1.3877569e+01,0,nan,nan,nan,nan,1596.74357,9.5832138e-04,145.03122,9.9283329e-04,6.6472651e-03,-2.1304177e-02
-0.21961681875268368,0.999338392495428,0.002005271687623218,1360.5229907972437,5.0659329e-03,95805,1596.73990,145.03622,9.7998281e+03,1.2136204e+01,1.3667192e+03,3.7600465e+00,6.9125479e+03,1.3870712e+01,0,nan,nan,nan,nan,1596.73990,9.5741142e-04,145.03622,9.8985946e-04,1.9224821e-05,-1.4435868e-02
-0.21822792621992448,0.9995381002595021,0.0020055957202094535,1360.5243796897764,5.0659371e-03,95806,1596.74278,145.02694,9.8001582e+03,1.2138536e+01,1.3660983e+03,3.7672701e+00,6.9141401e+03,1.3873377e+01,0,nan,nan,nan,nan,1596.74278,9.5731247e-04,145.02694,9.9066028e-04,5.5117910e-03,-2.8012061e-02
-0.21683903368762003,1.0041511745285912,0.002008141944735437,1360.5257685823087,5.0659413e-03,95807,1596.73751,145.04586,9.8344141e+03,1.2154321e+01,1.3622794e+03,3.7631032e+00,6.9462632e+03,1.3891418e+01,0,nan,nan,nan,nan,1596.73751,9.5489540e-04,145.04586,9.8660472e-04,2.6802511e-03,-2.2275699e-03
-0.21545014115622507,0.9994754015564897,0.0020053440023622285,1360.5271574748401,5.0659454e-03,95808,1596.73696,145.02391,9.7987109e+03,1.2137758e+01,1.3631396e+03,3.7640407e+00,6.9141313e+03,1.3872488e+01,0,nan,nan,nan,nan,1596.73696,9.5814100e-04,145.02391,9.9073269e-04,-5.8413279e-04,-3.1567715e-02
-0.21406124862346587,0.9977800061916783,0.0020059697692926966,1360.5285463673729,5.0659496e-03,95809,1596.74042,145.03205,9.7922861e+03,1.2141919e+01,1.3717766e+03,3.7643442e+00,6.9026147e+03,1.3877244e+01,0,nan,nan,nan,nan,1596.74042,9.5944980e-04,145.03205,9.9106040e-04,2.9324701e-03,-2.2258513e-02
-0.21267235609070667,0.9998260822543602,0.002005397651440243,1360.5299352599056,5.0659538e-03,95810,1596.73869,145.03543,9.8078438e+03,1.2138828e+01,1.3621799e+03,3.7585778e+00,6.9169814e+03,1.3873711e+01,0,nan,nan,nan,nan,1596.73869,9.5568458e-04,145.03543,9.8861556e-04,2.1226374e-03,-1.6306654e-02
-0.21128346355885697,0.9973482603759254,0.0020042833767111657,1360.5313241524375,5.0659580e-03,95811,1596.74076,145.03105,9.7893213e+03,1.2132452e+01,1.3653054e+03,3.7588203e+00,6.9000498e+03,1.3866424e+01,0,nan,nan,nan,nan,1596.74076,9.5840136e-04,145.03105,9.9054829e-04,3.1304855e-03,-2.1760834e-02
-0.2098945710265525,0.9989564061320212,0.002005624015027383,1360.5327130449698,5.0659622e-03,95812,1596.74183,145.03467,9.8022959e+03,1.2140936e+01,1.3685293e+03,3.7644513e+00,6.9113848e+03,1.3876120e+01,0,nan,nan,nan,nan,1596.74183,9.5813739e-04,145.03467,9.8947249e-04,3.3874412e-03,-1.5823452e-02
-0.2085056784947028,1.0045713599155897,0.0020079901208394564,1360.5341019375016,5.0659664e-03,95813,1596.73712,145.03320,9.8344590e+03,1.2155622e+01,1.3705580e+03,3.7684839e+00,6.9504399e+03,1.3892906e+01,0,nan,nan,nan,nan,1596.73712,9.5577433e-04,145.03320,9.8662602e-04,-3.3112909e-04,-1.8070774e-02
-0.2071167859619436,0.9996913345140124,0.002004992296319834,1360.5354908300344,5.0659706e-03,95814,1596.73967,145.02830,9.8037236e+03,1.2137834e+01,1.3670112e+03,3.7626634e+00,6.9168799e+03,1.3872574e+01,0,nan,nan,nan,nan,1596.73967,9.5648936e-04,145.02830,9.8982302e-04,2.0012150e-03,-2.6122106e-02
-0.2057278934291844,0.9991339752450102,0.002004966740154602,1360.5368797225672,5.0659748e-03,95815,1596.74279,145.03308,9.8014619e+03,1.2138031e+01,1.3684946e+03,3.7668886e+00,6.9132256e+03,1.3872801e+01,0,nan,nan,nan,nan,1596.74279,9.5681968e-04,145.03308,9.8838774e-04,5.8436370e-03,-1.8802246e-02
-0.20433900089687995,1.0001288124082357,0.002005977465467274,1360.5382686150995,5.0659790e-03,95816,1596.74082,145.03393,9.8120840e+03,1.2144499e+01,1.3634801e+03,3.7647803e+00,6.9203071e+03,1.3880192e+01,0,nan,nan,nan,nan,1596.74082,9.5575198e-04,145.03393,9.8931021e-04,2.9744070e-03,-1.6579902e-02
-0.20295010836503025,1.0015378533686037,0.0020060067553944795,1360.5396575076313,5.0659832e-03,95817,1596.74160,145.02857,9.8161621e+03,1.2145018e+01,1.3673608e+03,3.7625482e+00,6.9302520e+03,1.3880784e+01,0,nan,nan,nan,nan,1596.74160,9.5606415e-04,145.02857,9.8911615e-04,2.3765482e-03,-2.2727108e-02
-0.2015612158327258,0.9976842359576942,0.0020062557919319633,1360.5410464001636,5.0659874e-03,95818,1596.73589,145.03395,9.7960166e+03,1.2146859e+01,1.3784269e+03,3.7784004e+00,6.9037759e+03,1.3882890e+01,0,nan,nan,nan,nan,1596.73589,9.5911307e-04,145.03395,9.9025236e-04,-1.0100943e-03,-1.7418725e-02
-0.2001723232999666,1.0016996472784228,0.0020054766343685537,1360.5424352926964,5.0659915e-03,95819,1596.74070,145.02523,9.8150840e+03,1.2142467e+01,1.3658186e+03,3.7632222e+00,6.9317485e+03,1.3877872e+01,0,nan,nan,nan,nan,1596.74070,9.5711590e-04,145.02523,9.8908739e-04,4.5262845e-03,-2.9053133e-02
-0.1987834307672074,0.9998152095646526,0.002005564786336456,1360.5438241852291,5.0659957e-03,95820,1596.74294,145.04399,9.8115117e+03,1.2143322e+01,1.3686006e+03,3.7645948e+00,6.9188901e+03,1.3878847e+01,0,nan,nan,nan,nan,1596.74294,9.5610431e-04,145.04399,9.8796224e-04,4.3032002e-03,-2.0840147e-03
-0.19739453823490294,1.0005658697228677,0.0020056384699557303,1360.5452130777614,5.0659999e-03,95821,1596.74320,145.03195,9.8076768e+03,1.2144078e+01,1.3663547e+03,3.7662621e+00,6.9242622e+03,1.3879712e+01,0,nan,nan,nan,nan,1596.74320,9.5724780e-04,145.03195,9.8929729e-04,6.2050754e-03,-2.1292448e-02
-0.19600564570305323,1.0026960045080957,0.002006265248847466,1360.5466019702933,5.0660041e-03,95822,1596.73584,145.02677,9.8251660e+03,1.2148176e+01,1.3667870e+03,3.7635367e+00,6.9391758e+03,1.3884395e+01,0,nan,nan,nan,nan,1596.73584,9.5453340e-04,145.02677,9.8821486e-04,-5.5045420e-03,-2.6896007e-02
-0.19461675317074878,1.0019255024479325,0.0020058597400368647,1360.5479908628256,5.0660083e-03,95823,1596.73917,145.03188,9.8196133e+03,1.2146013e+01,1.3608009e+03,3.7599654e+00,6.9340112e+03,1.3881923e+01,0,nan,nan,nan,nan,1596.73917,9.5583446e-04,145.03188,9.8796550e-04,2.2902810e-03,-2.0428441e-02
-0.19322786063889907,1.0012246767930009,0.002005150378714974,1360.5493797553574,5.0660125e-03,95824,1596.73653,145.02376,9.8107822e+03,1.2142001e+01,1.3676415e+03,3.7624738e+00,6.9293228e+03,1.3877338e+01,0,nan,nan,nan,nan,1596.73653,9.5726567e-04,145.02376,9.8962220e-04,-1.6599642e-03,-3.0787783e-02
-0.19183896810613987,0.9980448570255311,0.0020040029189857833,1360.5507686478902,5.0660167e-03,95825,1596.74127,145.03150,9.7968896e+03,1.2135329e+01,1.3627289e+03,3.7661865e+00,6.9074717e+03,1.3869711e+01,0,nan,nan,nan,nan,1596.74127,9.5718587e-04,145.03150,9.8931079e-04,4.4273729e-03,-1.9610588e-02
-0.19045007557338067,0.9979249365017208,0.0020051448251270807,1360.552157540423,5.0660209e-03,95826,1596.73792,145.03399,9.7965293e+03,1.2142509e+01,1.3712002e+03,3.7702847e+00,6.9067925e+03,1.3877917e+01,0,nan,nan,nan,nan,1596.73792,9.5670915e-04,145.03399,9.9121477e-04,1.2419433e-03,-1.9070134e-02
-0.18906118304062147,0.9977084000363142,0.0020043441358350684,1360.5535464329557,5.0660251e-03,95827,1596.74319,145.03356,9.7916025e+03,1.2137915e+01,1.3662384e+03,3.7721720e+00,6.9054390e+03,1.3872666e+01,0,nan,nan,nan,nan,1596.74319,9.5837802e-04,145.03356,9.9008880e-04,8.4580714e-03,-1.6598171e-02
-0.18767229050831702,1.0017733231620247,0.0020059935683891337,1360.554935325488,5.0660293e-03,95828,1596.73965,145.03016,9.8186699e+03,1.2148149e+01,1.3666790e+03,3.7673190e+00,6.9337139e+03,1.3884364e+01,0,nan,nan,nan,nan,1596.73965,9.5644454e-04,145.03016,9.8834920e-04,1.8342048e-03,-2.0018246e-02
-0.18628339844258335,0.9985727808119969,0.002005130052823231,1360.5563242175538,5.0660330e-03,95829,1596.74476,145.04031,9.7990947e+03,1.2143156e+01,1.3749607e+03,3.7695036e+00,6.9116953e+03,1.3878657e+01,0,nan,nan,nan,nan,1596.74476,9.5787283e-04,145.04031,9.9030207e-04,7.9572778e-03,-6.5768412e-03
-0.18489450590982415,0.997347487260078,0.002004297303749194,1360.5577131100865,5.0660372e-03,95830,1596.73411,145.01776,9.7874492e+03,1.2138338e+01,1.3724674e+03,3.7686577e+00,6.9033428e+03,1.3873151e+01,0,nan,nan,nan,nan,1596.73411,9.5905794e-04,145.01776,9.9254854e-04,-4.5905011e-03,-4.2535421e-02
-0.18350561337706495,1.0038139506727461,0.0020063253296765957,1360.5591020026193,5.0660414e-03,95831,1596.73755,145.03202,9.8296621e+03,1.2150836e+01,1.3657987e+03,3.7634759e+00,6.9482251e+03,1.3887435e+01,0,nan,nan,nan,nan,1596.73755,9.5608056e-04,145.03202,9.8733581e-04,-5.5117265e-04,-2.0255676e-02
-0.18211672084430575,0.9987717048539703,0.002003605897713441,1360.560490895152,5.0660456e-03,95832,1596.73715,145.03012,9.7996367e+03,1.2134571e+01,1.3644060e+03,3.7600315e+00,6.9134409e+03,1.3868846e+01,0,nan,nan,nan,nan,1596.73715,9.5671503e-04,145.03012,9.8944723e-04,8.4847634e-05,-2.2975596e-02
-0.18072782831245604,1.0009196190748457,0.0020047109032455086,1360.561879787684,5.0660498e-03,95833,1596.74470,145.03740,9.8102637e+03,1.2141459e+01,1.3661011e+03,3.7663202e+00,6.9284204e+03,1.3876719e+01,0,nan,nan,nan,nan,1596.74470,9.5599721e-04,145.03740,9.8923524e-04,7.8318249e-03,-1.4107579e-02
-0.17933893578106108,0.997676801845505,0.002003746988489959,1360.5632686802153,5.0660539e-03,95834,1596.73491,145.03134,9.7921465e+03,1.2135808e+01,1.3629839e+03,3.7627702e+00,6.9060791e+03,1.3870260e+01,0,nan,nan,nan,nan,1596.73491,9.5787132e-04,145.03134,9.9055457e-04,-4.4658547e-03,-2.2547286e-02
-0.17795004324830188,0.9946691317310087,0.0020026599729239584,1360.564657572748,5.0660581e-03,95835,1596.73991,145.02985,9.7662100e+03,1.2129399e+01,1.3778003e+03,3.7671032e+00,6.8853594e+03,1.3862935e+01,0,nan,nan,nan,nan,1596.73991,9.6028182e-04,145.02985,9.9331373e-04,1.9173664e-03,-2.3598807e-02
-0.17656115071554268,1.0017635639016833,0.002007309559604663,1360.5660464652808,5.0660623e-03,95836,1596.74545,145.03971,9.8222422e+03,1.2157726e+01,1.3635085e+03,3.7616737e+00,6.9345640e+03,1.3895311e+01,0,nan,nan,nan,nan,1596.74545,9.5828652e-04,145.03971,9.8915922e-04,9.5757972e-03,-9.2087332e-03
-0.17517225818323823,0.9993077734375463,0.0020038145672553135,1360.567435357813,5.0660665e-03,95837,1596.73914,145.03143,9.8010518e+03,1.2136718e+01,1.3633408e+03,3.7577407e+00,6.9176543e+03,1.3871299e+01,0,nan,nan,nan,nan,1596.73914,9.5786783e-04,145.03143,9.8860753e-04,1.5606232e-03,-2.1276230e-02
-0.1737833661170498,0.99823639662469,0.0020052874090457883,1360.5688242498793,5.0660702e-03,95838,1596.74081,145.03697,9.7984541e+03,1.2145784e+01,1.3677399e+03,3.7680228e+00,6.9103213e+03,1.3881661e+01,0,nan,nan,nan,nan,1596.74081,9.5932884e-04,145.03697,9.8959776e-04,2.8582120e-03,-1.3701224e-02
-0.17239447358474536,0.9986536173403514,0.0020039373875680414,1360.5702131424116,5.0660744e-03,95839,1596.73688,145.02958,9.7975371e+03,1.2137748e+01,1.3661144e+03,3.7622461e+00,6.9132891e+03,1.3872476e+01,0,nan,nan,nan,nan,1596.73688,9.5826702e-04,145.02958,9.9030905e-04,-2.8098878e-03,-2.3269733e-02
-0.17100558105198616,1.0001516599069746,0.0020043560120997688,1360.5716020349444,5.0660786e-03,95840,1596.74262,145.02351,9.8009775e+03,1.2140411e+01,1.3671921e+03,3.7626793e+00,6.9237334e+03,1.3875521e+01,0,nan,nan,nan,nan,1596.74262,9.5690764e-04,145.02351,9.9116936e-04,3.8727259e-03,-3.1775169e-02
-0.16961668851922695,1.0033076603644355,0.002006050332721522,1360.5729909274771,5.0660828e-03,95841,1596.74028,145.03688,9.8329561e+03,1.2150796e+01,1.3606655e+03,3.7657089e+00,6.9456504e+03,1.3887388e+01,0,nan,nan,nan,nan,1596.74028,9.5459446e-04,145.03688,9.8662172e-04,5.0011021e-03,-1.1575722e-02
-0.1682277959869225,0.9987286380634897,0.002003954445816024,1360.5743798200094,5.0660870e-03,95842,1596.73939,145.03428,9.8017588e+03,1.2138214e+01,1.3661743e+03,3.7648942e+00,6.9140146e+03,1.3873009e+01,0,nan,nan,nan,nan,1596.73939,9.5759588e-04,145.03428,9.8816550e-04,6.8368705e-04,-1.7717771e-02
-0.1668389034550728,1.0007795768931183,0.002005002048006051,1360.5757687125413,5.0660912e-03,95843,1596.73940,145.03202,9.8113496e+03,1.2144664e+01,1.3657616e+03,3.7602565e+00,6.9282725e+03,1.3880381e+01,0,nan,nan,nan,nan,1596.73940,9.5723668e-04,145.03202,9.8958786e-04,9.7834028e-04,-2.0903733e-02
-0.16545001092276834,0.9978332462736973,0.002003036168326498,1360.5771576050736,5.0660954e-03,95844,1596.73627,145.02381,9.7886348e+03,1.2132852e+01,1.3649520e+03,3.7666914e+00,6.9079302e+03,1.3866880e+01,0,nan,nan,nan,nan,1596.73627,9.5806393e-04,145.02381,9.9219615e-04,-1.1732256e-03,-3.1091111e-02
-0.16406111885567043,0.9998362468446439,0.0020056423638946325,1360.5785464971407,5.0660991e-03,95845,1596.74235,145.03718,9.8077109e+03,1.2148728e+01,1.3698159e+03,3.7642961e+00,6.9218472e+03,1.3885025e+01,0,nan,nan,nan,nan,1596.74235,9.5565716e-04,145.03718,9.9079928e-04,5.3156149e-03,-1.2773229e-02
-0.16267222632291123,1.0019097048465824,0.0020047521754319006,1360.5799353896734,5.0661033e-03,95846,1596.74227,145.03729,9.8207852e+03,1.2143415e+01,1.3633296e+03,3.7614055e+00,6.9362490e+03,1.3878954e+01,0,nan,nan,nan,nan,1596.74227,9.5545826e-04,145.03729,9.8756270e-04,4.1801780e-03,-1.2204993e-02
-0.16128333379106152,1.0023977739018264,0.0020059264306626877,1360.5813242822053,5.0661075e-03,95847,1596.73831,145.02709,9.8240625e+03,1.2150602e+01,1.3680168e+03,3.7673829e+00,6.9396699e+03,1.3887168e+01,0,nan,nan,nan,nan,1596.73831,9.5654279e-04,145.02709,9.8829763e-04,4.7516130e-04,-2.2793850e-02
-0.15989444125875707,0.9987611291501001,0.002003312707905475,1360.5827131747376,5.0661117e-03,95848,1596.74069,145.02863,9.7948457e+03,1.2134837e+01,1.3679286e+03,3.7628074e+00,6.9145312e+03,1.3869150e+01,0,nan,nan,nan,nan,1596.74069,9.5731672e-04,145.02863,9.9123060e-04,3.2885247e-03,-2.5721189e-02
-0.15850554872690736,1.0028555317235959,0.0020054085035767946,1360.5841020672694,5.0661159e-03,95849,1596.73882,145.03390,9.8279629e+03,1.2147593e+01,1.3637778e+03,3.7648144e+00,6.9429116e+03,1.3883729e+01,0,nan,nan,nan,nan,1596.73882,9.5548003e-04,145.03390,9.8667154e-04,-5.2136887e-04,-1.6011683e-02
-0.1571166566602642,0.9979624361088015,0.0020041415948943023,1360.585490959336,5.0661196e-03,95850,1596.74268,145.03503,9.7976553e+03,1.2139975e+01,1.3665063e+03,3.7676902e+00,6.9090679e+03,1.3875021e+01,0,nan,nan,nan,nan,1596.74268,9.5788698e-04,145.03503,9.8920218e-04,4.5287907e-03,-1.5181261e-02
-0.155727764127505,0.9991453124761287,0.002003570227086814,1360.5868798518688,5.0661238e-03,95851,1596.73877,145.03234,9.8049746e+03,1.2136560e+01,1.3586281e+03,3.7617490e+00,6.9172847e+03,1.3871119e+01,0,nan,nan,nan,nan,1596.73877,9.5675694e-04,145.03234,9.8926667e-04,2.9731339e-03,-2.2377199e-02
-0.1543388715947458,1.000133134519065,0.002006523307648995,1360.5882687444016,5.0661280e-03,95852,1596.73615,145.03085,9.8123682e+03,1.2154492e+01,1.3708734e+03,3.7681737e+00,6.9241479e+03,1.3891614e+01,0,nan,nan,nan,nan,1596.73615,9.5766486e-04,145.03085,9.9000381e-04,-9.3449838e-04,-2.0647209e-02
-0.1529499790619866,0.998907690732417,0.0020046050683581156,1360.5896576369344,5.0661322e-03,95853,1596.74501,145.03604,9.8025322e+03,1.2142911e+01,1.3682402e+03,3.7686810e+00,6.9156851e+03,1.3878377e+01,0,nan,nan,nan,nan,1596.74501,9.5704250e-04,145.03604,9.9018577e-04,8.0035925e-03,-1.3770965e-02
-0.1515610865301369,1.000012783735235,0.0020045088445058753,1360.5910465294662,5.0661364e-03,95854,1596.73915,145.02911,9.8041787e+03,1.2142363e+01,1.3682203e+03,3.7658226e+00,6.9233555e+03,1.3877750e+01,0,nan,nan,nan,nan,1596.73915,9.5876539e-04,145.02911,9.9004421e-04,6.4248114e-04,-2.5175296e-02
-0.15017219446440322,1.0022766915362433,0.0020051349077425755,1360.592435421532,5.0661401e-03,95855,1596.73416,145.03050,9.8196553e+03,1.2146184e+01,1.3640065e+03,3.7640867e+00,6.9390459e+03,1.3882117e+01,0,nan,nan,nan,nan,1596.73416,9.5655856e-04,145.03050,9.8920893e-04,-6.4616580e-03,-2.3545383e-02
-0.14878330193164402,1.0015540277187123,0.0020051257308515407,1360.5938243140647,5.0661443e-03,95856,1596.74182,145.03004,9.8142168e+03,1.2146152e+01,1.3653286e+03,3.7660477e+00,6.9340562e+03,1.3882082e+01,0,nan,nan,nan,nan,1596.74182,9.5719052e-04,145.03004,9.8828587e-04,5.3309286e-03,-2.2154553e-02
-0.14739440939888482,0.9989561703270446,0.0020033692756314747,1360.5952132065975,5.0661485e-03,95857,1596.73867,145.03055,9.7980615e+03,1.2135532e+01,1.3642494e+03,3.7591693e+00,6.9160825e+03,1.3869944e+01,0,nan,nan,nan,nan,1596.73867,9.5755805e-04,145.03055,9.8933512e-04,4.2733763e-04,-2.1530114e-02
-0.14600551686612562,1.0009007714579021,0.002005185506724981,1360.5966020991302,5.0661527e-03,95858,1596.74189,145.03055,9.8093701e+03,1.2146552e+01,1.3676228e+03,3.7639818e+00,6.9295552e+03,1.3882539e+01,0,nan,nan,nan,nan,1596.74189,9.5817103e-04,145.03055,9.8955189e-04,4.7957790e-03,-2.3231547e-02
-0.14461662479948245,1.0032867673677188,0.002005325309335681,1360.5979909911969,5.0661564e-03,95859,1596.74263,145.03480,9.8284863e+03,1.2147413e+01,1.3633644e+03,3.7617121e+00,6.9460830e+03,1.3883523e+01,0,nan,nan,nan,nan,1596.74263,9.5520983e-04,145.03480,9.8642043e-04,4.6658874e-03,-1.4144025e-02
-0.1432277322680875,0.9974370637005013,0.002002409534044163,1360.5993798837283,5.0661606e-03,95860,1596.74013,145.02885,9.7883809e+03,1.2129763e+01,1.3642697e+03,3.7603543e+00,6.9055898e+03,1.3863350e+01,0,nan,nan,nan,nan,1596.74013,9.5750170e-04,145.02885,9.9119206e-04,2.5484010e-03,-2.3823595e-02
-0.1418388397353283,0.9996948714635997,0.002004446749574888,1360.600768776261,5.0661648e-03,95861,1596.73809,145.02756,9.8036084e+03,1.2142112e+01,1.3642925e+03,3.7620599e+00,6.9212261e+03,1.3877464e+01,0,nan,nan,nan,nan,1596.73809,9.5774705e-04,145.02756,9.8910870e-04,-1.2959675e-03,-2.5405588e-02
-0.1404499472025691,0.9998788084138885,0.0020036721203220693,1360.6021576687938,5.0661690e-03,95862,1596.73798,145.01955,9.8027236e+03,1.2137427e+01,1.3658333e+03,3.7638776e+00,6.9225039e+03,1.3872110e+01,0,nan,nan,nan,nan,1596.73798,9.5714297e-04,145.01955,9.8999392e-04,-1.3663563e-03,-3.5818290e-02
-0.1390610551361533,0.9994680537048269,0.002004870656529058,1360.6035465608602,5.0661727e-03,95863,1596.74467,145.04533,9.8115186e+03,1.2144693e+01,1.3676733e+03,3.7680063e+00,6.9196641e+03,1.3880414e+01,0,nan,nan,nan,nan,1596.74467,9.5643371e-04,145.04533,9.8743651e-04,8.2375538e-03,4.6062580e-04
-0.13767216260407622,1.000519990658893,0.0020048711040200266,1360.6049354533923,5.0661769e-03,95864,1596.73892,145.03041,9.8036250e+03,1.2144700e+01,1.3724563e+03,3.7652292e+00,6.9269487e+03,1.3880422e+01,0,nan,nan,nan,nan,1596.73892,9.5807825e-04,145.03041,9.8972209e-04,-7.8041822e-04,-2.1988805e-02
-0.13628327007177177,0.9998923620347274,0.0020050573865365807,1360.6063243459246,5.0661811e-03,95865,1596.74143,145.02987,9.8019277e+03,1.2145832e+01,1.3695607e+03,3.7788363e+00,6.9226055e+03,1.3881716e+01,0,nan,nan,nan,nan,1596.74143,9.5730502e-04,145.02987,9.9039078e-04,3.8067035e-03,-2.1976072e-02
-0.13489437753901257,0.9986415443349344,0.002005165588570865,1360.6077132384573,5.0661853e-03,95866,1596.73989,145.03519,9.8017529e+03,1.2146491e+01,1.3657094e+03,3.7689457e+00,6.9139473e+03,1.3882468e+01,0,nan,nan,nan,nan,1596.73989,9.5588772e-04,145.03519,9.9088112e-04,2.1011359e-03,-1.5445803e-02
-0.13350548547191465,1.0013302066922452,0.002005202169400387,1360.6091021305244,5.0661890e-03,95867,1596.73792,145.02746,9.8123809e+03,1.2146714e+01,1.3690736e+03,3.7684069e+00,6.9325640e+03,1.3882724e+01,0,nan,nan,nan,nan,1596.73792,9.5703651e-04,145.02746,9.8981243e-04,-3.4555986e-03,-2.7056795e-02
-0.13211659294006495,1.0017326600465506,0.0020045514036378517,1360.6104910230563,5.0661932e-03,95868,1596.74137,145.03469,9.8145605e+03,1.2142775e+01,1.3674559e+03,3.7620673e+00,6.9353516e+03,1.3878222e+01,0,nan,nan,nan,nan,1596.74137,9.5583231e-04,145.03469,9.8854315e-04,4.4267294e-03,-1.7173802e-02
-0.1307277004077605,0.9994001683130397,0.002004266112875198,1360.6118799155886,5.0661974e-03,95869,1596.73746,145.02707,9.7963467e+03,1.2141049e+01,1.3689559e+03,3.7773705e+00,6.9192046e+03,1.3876250e+01,0,nan,nan,nan,nan,1596.73746,9.5780281e-04,145.02707,9.9060067e-04,-1.3856868e-03,-2.7237091e-02
-0.1293388078759108,0.9992351647651115,0.002003765010198252,1360.6132688081204,5.0662016e-03,95870,1596.74342,145.03933,9.8013379e+03,1.2138018e+01,1.3638264e+03,3.7703471e+00,6.9180640e+03,1.3872785e+01,0,nan,nan,nan,nan,1596.74342,9.5577457e-04,145.03933,9.8875491e-04,4.7723115e-03,-1.1552130e-02
-0.12794991580881288,0.9999106709722445,0.0020050321014524457,1360.6146577001875,5.0662053e-03,95871,1596.74013,145.02877,9.8042451e+03,1.2145699e+01,1.3678806e+03,3.7658978e+00,6.9227432e+03,1.3881562e+01,0,nan,nan,nan,nan,1596.74013,9.5704175e-04,145.02877,9.9126855e-04,1.8856910e-03,-2.5838675e-02
-0.12656102327605367,1.0031974952032188,0.0020052523785124275,1360.6160465927203,5.0662095e-03,95872,1596.73948,145.03181,9.8226631e+03,1.2147039e+01,1.3645197e+03,3.7617066e+00,6.9455034e+03,1.3883095e+01,0,nan,nan,nan,nan,1596.73948,9.5514831e-04,145.03181,9.8819961e-04,6.0842739e-04,-2.2062143e-02
-0.12517213074374922,0.998626369264762,0.0020039795143036478,1360.6174354852526,5.0662137e-03,95873,1596.74014,145.03764,9.8006875e+03,1.2139337e+01,1.3675614e+03,3.7648828e+00,6.9138594e+03,1.3874291e+01,0,nan,nan,nan,nan,1596.74014,9.5713645e-04,145.03764,9.8934816e-04,3.0727086e-03,-1.3220483e-02
-0.1237832386775608,0.9987962322875282,0.002003465330990142,1360.6188243773188,5.0662174e-03,95874,1596.74023,145.03039,9.7965400e+03,1.2136230e+01,1.3689618e+03,3.7638509e+00,6.9150410e+03,1.3870742e+01,0,nan,nan,nan,nan,1596.74023,9.5770817e-04,145.03039,9.8966889e-04,2.9337248e-03,-2.1322990e-02
-0.12239434614525635,1.0039222602901507,0.0020058611276132263,1360.620213269851,5.0662216e-03,95875,1596.73746,145.03284,9.8276611e+03,1.2150755e+01,1.3657521e+03,3.7634487e+00,6.9505371e+03,1.3887342e+01,0,nan,nan,nan,nan,1596.73746,9.5583138e-04,145.03284,9.8805246e-04,-9.0742047e-04,-1.6617710e-02
-0.12100545361340664,0.9994165950294029,0.0020029965753229294,1360.621602162383,5.0662258e-03,95876,1596.74659,145.02654,9.7977500e+03,1.2133416e+01,1.3665881e+03,3.7634251e+00,6.9193511e+03,1.3867527e+01,0,nan,nan,nan,nan,1596.74659,9.5802278e-04,145.02654,9.9046249e-04,1.0594730e-02,-2.7856199e-02
-0.11961656154630873,0.9980528587435563,0.002004867737074477,1360.62299105445,5.0662295e-03,95877,1596.73492,145.03686,9.7925225e+03,1.2144770e+01,1.3738684e+03,3.7776282e+00,6.9099189e+03,1.3880502e+01,0,nan,nan,nan,nan,1596.73492,9.5756422e-04,145.03686,9.8926842e-04,-5.1770401e-03,-1.3482936e-02
-0.11822766901354953,0.9969346444737106,0.002003112806686394,1360.6243799469828,5.0662337e-03,95878,1596.73944,145.02777,9.7865645e+03,1.2134159e+01,1.3704487e+03,3.7657042e+00,6.9021885e+03,1.3868374e+01,0,nan,nan,nan,nan,1596.73944,9.5814571e-04,145.02777,9.9037879e-04,2.8849121e-05,-2.4300376e-02
-0.11683877648079033,1.0021600578535304,0.002005668851283034,1360.6257688395156,5.0662379e-03,95879,1596.74341,145.03444,9.8201562e+03,1.2149664e+01,1.3707161e+03,3.7662830e+00,6.9383799e+03,1.3886097e+01,0,nan,nan,nan,nan,1596.74341,9.5604174e-04,145.03444,9.8884641e-04,6.2106731e-03,-1.5321424e-02
-0.11544988441414716,1.0017797092938974,0.0020046836589874464,1360.6271577315822,5.0662416e-03,95880,1596.73792,145.02300,9.8110596e+03,1.2143725e+01,1.3628286e+03,3.7632041e+00,6.9357612e+03,1.3879309e+01,0,nan,nan,nan,nan,1596.73792,9.5684978e-04,145.02300,9.9050719e-04,-1.1569494e-03,-3.2862660e-02
-0.1140609918827522,1.000382632926451,0.00200670146744018,1360.6285466241136,5.0662458e-03,95881,1596.74144,145.05282,9.8138779e+03,1.2155980e+01,1.3716008e+03,3.7674632e+00,6.9261074e+03,1.3893313e+01,0,nan,nan,nan,nan,1596.74144,9.5728744e-04,145.05282,9.8852848e-04,4.0603345e-03,8.9615574e-03
-0.112672099349993,0.9967153347454737,0.002002556426534591,1360.6299355166464,5.0662500e-03,95882,1596.73915,145.02103,9.7749121e+03,1.2130904e+01,1.3735875e+03,3.7690377e+00,6.9007363e+03,1.3864655e+01,0,nan,nan,nan,nan,1596.73915,9.5853681e-04,145.02103,9.9443633e-04,5.4892345e-04,-3.6504686e-02
-0.11128320728289509,0.9985079553797128,0.00200364497074999,1360.6313244087135,5.0662537e-03,95883,1596.74557,145.03224,9.7912588e+03,1.2137538e+01,1.3658958e+03,3.7653906e+00,6.9131689e+03,1.3872236e+01,0,nan,nan,nan,nan,1596.74557,9.5957768e-04,145.03224,9.9055236e-04,1.0031728e-02,-2.0607322e-02
-0.10989431475081801,1.0012946913574337,0.002004862845804802,1360.6327133012455,5.0662579e-03,95884,1596.73723,145.03158,9.8126221e+03,1.2144957e+01,1.3700778e+03,3.7646046e+00,6.9324883e+03,1.3880716e+01,0,nan,nan,nan,nan,1596.73723,9.5738441e-04,145.03158,9.8831079e-04,-3.4764007e-04,-1.8031703e-02
-0.10850542221874093,0.9993379814089495,0.002004146207116137,1360.6341021937776,5.0662621e-03,95885,1596.74051,145.03274,9.8016221e+03,1.2140666e+01,1.3673147e+03,3.7687888e+00,6.9189678e+03,1.3875811e+01,0,nan,nan,nan,nan,1596.74051,9.5722527e-04,145.03274,9.8980276e-04,2.1604709e-03,-1.8241078e-02
-0.10711653015209777,1.0028159946358093,0.002005936990693372,1360.6354910858443,5.0662658e-03,95886,1596.73226,145.02489,9.8183525e+03,1.2151564e+01,1.3653267e+03,3.7753725e+00,6.9430786e+03,1.3888268e+01,0,nan,nan,nan,nan,1596.73226,9.5702836e-04,145.02489,9.8912639e-04,-4.7158953e-03,-3.1398922e-02
-0.10572763761933857,0.9944437142826893,0.0020015416160781064,1360.636879978377,5.0662700e-03,95887,1596.74369,145.03578,9.7708799e+03,1.2124997e+01,1.3675645e+03,3.7632794e+00,6.8851450e+03,1.3857903e+01,0,nan,nan,nan,nan,1596.74369,9.5913722e-04,145.03578,9.9055946e-04,6.9097839e-03,-1.2183713e-02
-0.10433874555224065,1.0004874800653307,0.0020053344876109704,1360.638268870444,5.0662737e-03,95888,1596.74416,145.03563,9.8077256e+03,1.2148037e+01,1.3700251e+03,3.7745204e+00,6.9270259e+03,1.3884235e+01,0,nan,nan,nan,nan,1596.74416,9.5742417e-04,145.03563,9.8875456e-04,7.2306707e-03,-1.2798096e-02
-0.10294985302039095,1.0007874332119058,0.002004378617965993,1360.639657762976,5.0662779e-03,95889,1596.74112,145.02934,9.8090986e+03,1.2142314e+01,1.3684803e+03,3.7624619e+00,6.9291411e+03,1.3877695e+01,0,nan,nan,nan,nan,1596.74112,9.5629203e-04,145.02934,9.8890322e-04,3.1055962e-03,-2.3302836e-02
-0.1015609604880865,1.0016997200219484,0.002004161517657517,1360.6410466555083,5.0662821e-03,95890,1596.73778,145.03111,9.8134209e+03,1.2141071e+01,1.3606440e+03,3.7569313e+00,6.9355000e+03,1.3876275e+01,0,nan,nan,nan,nan,1596.73778,9.5652498e-04,145.03111,9.8867388e-04,6.1011926e-04,-2.2065390e-02
-0.10017206842189808,1.0007259144029275,0.0020048208907467026,1360.6424355475745,5.0662858e-03,95891,1596.73960,145.03074,9.8075596e+03,1.2145144e+01,1.3669557e+03,3.7672811e+00,6.9288022e+03,1.3880931e+01,0,nan,nan,nan,nan,1596.73960,9.5654529e-04,145.03074,9.8930637e-04,1.1810365e-03,-2.0567948e-02
-0.09878317588913887,1.0002393508726803,0.002003812055159834,1360.6438244401072,5.0662900e-03,95892,1596.73790,145.02138,9.7981689e+03,1.2139119e+01,1.3707778e+03,3.7652967e+00,6.9254810e+03,1.3874043e+01,0,nan,nan,nan,nan,1596.73790,9.5785351e-04,145.02138,9.9058519e-04,-1.0083643e-03,-3.5217106e-02
-0.09739428382204096,0.999353378694263,0.002003890680935608,1360.6452133321743,5.0662938e-03,95893,1596.74119,145.04060,9.8040811e+03,1.2139685e+01,1.3644937e+03,3.7596159e+00,6.9193984e+03,1.3874690e+01,0,nan,nan,nan,nan,1596.74119,9.5670036e-04,145.04060,9.8898425e-04,3.6748108e-03,-8.5299155e-03
-0.09600539128973651,1.0003491885050924,0.0020037843091898423,1360.6466022247066,5.0662979e-03,95894,1596.73919,145.03164,9.8067676e+03,1.2139137e+01,1.3625293e+03,3.7644444e+00,6.9263486e+03,1.3874064e+01,0,nan,nan,nan,nan,1596.73919,9.5699768e-04,145.03164,9.8869554e-04,2.3912585e-03,-2.1820683e-02
-0.0946164987578868,0.9989848255945276,0.0020040389804535895,1360.6479911172385,5.0663021e-03,95895,1596.73642,145.03197,9.7960332e+03,1.2140781e+01,1.3691327e+03,3.7669415e+00,6.9169600e+03,1.3875943e+01,0,nan,nan,nan,nan,1596.73642,9.5890183e-04,145.03197,9.8970567e-04,-1.4900558e-03,-1.9692099e-02
-0.09322760669124364,1.00056892991373,0.002004013473153317,1360.649380009305,5.0663059e-03,95896,1596.74179,145.02620,9.8019062e+03,1.2140736e+01,1.3677638e+03,3.7715442e+00,6.9279897e+03,1.3875891e+01,0,nan,nan,nan,nan,1596.74179,9.5759553e-04,145.02620,9.9078822e-04,3.3780443e-03,-2.7878936e-02
-0.09183871415939393,1.0017665627102075,0.0020042396327014595,1360.650768901837,5.0663101e-03,95897,1596.73796,145.02956,9.8097139e+03,1.2142220e+01,1.3650027e+03,3.7595196e+00,6.9363477e+03,1.3877587e+01,0,nan,nan,nan,nan,1596.73796,9.5694000e-04,145.02956,9.8950323e-04,-8.7974942e-04,-2.2840528e-02
-0.09044982209229602,0.9987230200115041,0.002003991570504215,1360.652157793904,5.0663138e-03,95898,1596.74437,145.04560,9.7995225e+03,1.2140838e+01,1.3696761e+03,3.7633269e+00,6.9153418e+03,1.3876007e+01,0,nan,nan,nan,nan,1596.74437,9.5718965e-04,145.04560,9.8931475e-04,8.9399749e-03,5.3734222e-04
-0.08906092955953682,0.9996248891170892,0.0020036180368536547,1360.6535466864368,5.0663180e-03,95899,1596.74022,145.02744,9.7942031e+03,1.2138700e+01,1.3654181e+03,3.7722976e+00,6.9216587e+03,1.3873564e+01,0,nan,nan,nan,nan,1596.74022,9.5777685e-04,145.02744,9.9091569e-04,-1.5612888e-04,-2.5208052e-02
-0.08767203749289365,1.001791415875681,0.002004993235674299,1360.6549355785035,5.0663217e-03,95900,1596.73946,145.03233,9.8142471e+03,1.2147163e+01,1.3651763e+03,3.7733016e+00,6.9367363e+03,1.3883238e+01,0,nan,nan,nan,nan,1596.73946,9.5644483e-04,145.03233,9.8905456e-04,3.2836513e-04,-2.1165743e-02
-0.08628314496104394,1.0017471108176845,0.002004756560276076,1360.6563244710353,5.0663259e-03,95901,1596.74319,145.03393,9.8139541e+03,1.2145869e+01,1.3664907e+03,3.7663662e+00,6.9365083e+03,1.3881758e+01,0,nan,nan,nan,nan,1596.74319,9.5658505e-04,145.03393,9.8971161e-04,4.5652902e-03,-1.6871203e-02
-0.08489425289440078,1.0026101745390301,0.0020049062235829827,1360.657713363102,5.0663296e-03,95902,1596.73971,145.03557,9.8191455e+03,1.2146921e+01,1.3630782e+03,3.7714291e+00,6.9425674e+03,1.3882960e+01,0,nan,nan,nan,nan,1596.73971,9.5532526e-04,145.03557,9.8814408e-04,2.1520900e-03,-1.6476505e-02
-0.08350536036164158,0.9981404118899913,0.0020035936676072548,1360.6591022556347,5.0663338e-03,95903,1596.73854,145.03656,9.7948301e+03,1.2139118e+01,1.3710881e+03,3.7663338e+00,6.9117021e+03,1.3874043e+01,0,nan,nan,nan,nan,1596.73854,9.5841696e-04,145.03656,9.9059276e-04,1.5361489e-03,-1.4773262e-02
-0.08211646782888238,1.0013912885612264,0.0020034816990311486,1360.6604911481675,5.0663380e-03,95904,1596.73443,145.01713,9.8041787e+03,1.2138597e+01,1.3635676e+03,3.7625444e+00,6.9343022e+03,1.3873446e+01,0,nan,nan,nan,nan,1596.73443,9.5730519e-04,145.01713,9.9219941e-04,-5.6520277e-03,-4.3590616e-02
-0.08072757576178446,1.0017081320132577,0.0020043983617891743,1360.6618800402346,5.0663417e-03,95905,1596.74278,145.03621,9.8171338e+03,1.2144314e+01,1.3656555e+03,3.7666609e+00,6.9365898e+03,1.3879980e+01,0,nan,nan,nan,nan,1596.74278,9.5556281e-04,145.03621,9.8883233e-04,6.2127369e-03,-1.2045326e-02
-0.07933868322948001,0.9992459611827542,0.002002575493113246,1360.6632689327669,5.0663459e-03,95906,1596.73834,145.02971,9.7927627e+03,1.2133440e+01,1.3642295e+03,3.7595117e+00,6.9196362e+03,1.3867552e+01,0,nan,nan,nan,nan,1596.73834,9.5816224e-04,145.02971,9.9210371e-04,-1.8091000e-03,-2.4636498e-02
-0.07794979116374634,0.9971277588296592,0.002004120577848673,1360.6646578248326,5.0663496e-03,95907,1596.74499,145.04440,9.7922930e+03,1.2142975e+01,1.3631085e+03,3.7654765e+00,6.9050674e+03,1.3878450e+01,0,nan,nan,nan,nan,1596.74499,9.5655792e-04,145.04440,9.9056878e-04,9.4052209e-03,-4.8157736e-03
-0.07656089863098714,0.9965174493333587,0.0020019964201519382,1360.6660467173654,5.0663538e-03,95908,1596.73420,145.02005,9.7770283e+03,1.2130286e+01,1.3718707e+03,3.7641709e+00,6.9009443e+03,1.3863948e+01,0,nan,nan,nan,nan,1596.73420,9.5935905e-04,145.02005,9.9282851e-04,-5.6208353e-03,-3.6129024e-02
-0.07517200656388923,0.9988356666833861,0.002004623302020781,1360.6674356094325,5.0663576e-03,95909,1596.74605,145.04098,9.7986260e+03,1.2146389e+01,1.3703541e+03,3.7643278e+00,6.9171040e+03,1.3882353e+01,0,nan,nan,nan,nan,1596.74605,9.5901033e-04,145.04098,9.9057297e-04,1.1349665e-02,-9.5260879e-03
-0.07378311403203952,1.0000864511050709,0.0020042063158471094,1360.6688245019643,5.0663617e-03,95910,1596.73560,145.03281,9.8048838e+03,1.2144054e+01,1.3675690e+03,3.7739327e+00,6.9258755e+03,1.3879683e+01,0,nan,nan,nan,nan,1596.73560,9.5677027e-04,145.03281,9.8901615e-04,-2.3567444e-03,-1.9070931e-02
-0.07239422196539635,1.0021205077864537,0.0020042345601440927,1360.670213394031,5.0663655e-03,95911,1596.73943,145.02469,9.8132041e+03,1.2144423e+01,1.3651696e+03,3.7647579e+00,6.9400757e+03,1.3880105e+01,0,nan,nan,nan,nan,1596.73943,9.5752644e-04,145.02469,9.8994293e-04,-2.2234692e-04,-3.0682521e-02
-0.07100532943354665,1.0011346251895366,0.0020055091309162955,1360.6716022865628,5.0663697e-03,95912,1596.74124,145.03601,9.8103223e+03,1.2152351e+01,1.3702058e+03,3.7689292e+00,6.9333638e+03,1.3889166e+01,0,nan,nan,nan,nan,1596.74124,9.5658802e-04,145.03601,9.9041872e-04,3.6300593e-03,-1.4374382e-02
-0.06961643736644874,0.9994307946845443,0.0020025728751554886,1360.67299117863,5.0663734e-03,95913,1596.73870,145.02836,9.7955127e+03,1.2134767e+01,1.3638304e+03,3.7616279e+00,6.9216836e+03,1.3869069e+01,0,nan,nan,nan,nan,1596.73870,9.5754600e-04,145.02836,9.9132315e-04,2.8034963e-04,-2.5513751e-02
-0.06822754483368954,0.9979674496917673,0.0020042892313074556,1360.6743800711627,5.0663776e-03,95914,1596.74203,145.04007,9.7942891e+03,1.2145384e+01,1.3658743e+03,3.7697616e+00,6.9116709e+03,1.3881203e+01,0,nan,nan,nan,nan,1596.74203,9.6032838e-04,145.04007,9.9052908e-04,5.0954665e-03,-8.4555410e-03
-0.06683865276704637,1.0006938692147793,0.002004609338514397,1360.6757689632293,5.0663813e-03,95915,1596.74809,145.03742,9.8092979e+03,1.2147541e+01,1.3663341e+03,3.7647061e+00,6.9306792e+03,1.3883669e+01,0,nan,nan,nan,nan,1596.74809,9.5786026e-04,145.03742,9.8881905e-04,1.3725806e-02,-9.8708449e-03
-0.06544976023519666,1.000049808185395,0.0020035984218598753,1360.6771578557612,5.0663855e-03,95916,1596.73463,145.03320,9.8088623e+03,1.2141641e+01,1.3677129e+03,3.7636719e+00,6.9263462e+03,1.3876925e+01,0,nan,nan,nan,nan,1596.73463,9.5692597e-04,145.03320,9.8900101e-04,-4.9112332e-03,-1.8987272e-02
-0.0640608681685535,0.9969728387521787,0.0020021690187245374,1360.6785467478278,5.0663892e-03,95917,1596.73637,145.02601,9.7829561e+03,1.2133207e+01,1.3706025e+03,3.7681873e+00,6.9051655e+03,1.3867287e+01,0,nan,nan,nan,nan,1596.73637,9.5902954e-04,145.02601,9.9189463e-04,-3.4869919e-03,-2.7382504e-02
-0.0626719756357943,0.9997732490091789,0.002003168217003998,1360.6799356403606,5.0663934e-03,95918,1596.74010,145.02019,9.7999092e+03,1.2139496e+01,1.3666305e+03,3.7663970e+00,6.9246948e+03,1.3874474e+01,0,nan,nan,nan,nan,1596.74010,9.5639308e-04,145.02019,9.8999334e-04,3.5294730e-03,-3.3098496e-02
-0.061283083568696384,1.0007167286762964,0.0020034349453930565,1360.6813245324277,5.0663971e-03,95919,1596.74038,145.04318,9.8102764e+03,1.2141352e+01,1.3687543e+03,3.7614563e+00,6.9313657e+03,1.3876595e+01,0,nan,nan,nan,nan,1596.74038,9.5702097e-04,145.04318,9.8781975e-04,1.9692401e-03,-4.2591477e-03
-0.059894191502507965,0.9972665206065474,0.0020009203115549067,1360.6827134244938,5.0664009e-03,95920,1596.74120,145.02049,9.7830820e+03,1.2126353e+01,1.3640977e+03,3.7602928e+00,6.9076060e+03,1.3859454e+01,0,nan,nan,nan,nan,1596.74120,9.5790229e-04,145.02049,9.9264144e-04,2.9587657e-03,-3.6206417e-02
-0.05850529897020351,0.9961768300970434,0.0020018329182188714,1360.6841023170261,5.0664051e-03,95921,1596.73987,145.04030,9.7858184e+03,1.2132133e+01,1.3657615e+03,3.7634075e+00,6.9001987e+03,1.3866058e+01,0,nan,nan,nan,nan,1596.73987,9.5819490e-04,145.04030,9.8929717e-04,2.3410425e-03,-8.6577032e-03
-0.05711640690401509,0.9973744202440535,0.002001969009296827,1360.6854912090923,5.0664088e-03,95922,1596.73628,145.02068,9.7884912e+03,1.2133207e+01,1.3685593e+03,3.7601147e+00,6.9086367e+03,1.3867287e+01,0,nan,nan,nan,nan,1596.73628,9.5913856e-04,145.02068,9.9195668e-04,-3.5531740e-03,-3.6289293e-02
-0.05572751437171064,1.0007375948970378,0.002003860528928608,1360.6868801016246,5.0664130e-03,95923,1596.73832,145.03675,9.8149580e+03,1.2144925e+01,1.3669514e+03,3.7641082e+00,6.9320786e+03,1.3880679e+01,0,nan,nan,nan,nan,1596.73832,9.5633831e-04,145.03675,9.8712102e-04,7.0189073e-04,-1.3985106e-02
-0.05433862230461273,0.9998115341805788,0.0020029744708131947,1360.6882689936917,5.0664167e-03,95924,1596.74147,145.02600,9.8046299e+03,1.2139814e+01,1.3663080e+03,3.7620888e+00,6.9258110e+03,1.3874838e+01,0,nan,nan,nan,nan,1596.74147,9.5770071e-04,145.02600,9.8881510e-04,4.2153196e-03,-2.6286695e-02
-0.052949729771853526,0.9993463804866193,0.0020018560582927523,1360.6896578862245,5.0664209e-03,95925,1596.73195,145.02513,9.7962266e+03,1.2133296e+01,1.3636614e+03,3.7600746e+00,6.9227373e+03,1.3867388e+01,0,nan,nan,nan,nan,1596.73195,9.5801940e-04,145.02513,9.9095982e-04,-7.6320493e-03,-3.0144997e-02
-0.05156083770566511,0.9997262177954209,0.002004347424934501,1360.6910467782907,5.0664246e-03,95926,1596.74693,145.04410,9.8099316e+03,1.2148662e+01,1.3635073e+03,3.7655303e+00,6.9255190e+03,1.3884950e+01,0,nan,nan,nan,nan,1596.74693,9.5596939e-04,145.04410,9.8898308e-04,1.0337983e-02,-3.5255644e-03
-0.050171945173360655,0.9994903876535081,0.0020031203971959256,1360.692435670823,5.0664288e-03,95927,1596.74041,145.03217,9.8060029e+03,1.2141492e+01,1.3636521e+03,3.7674458e+00,6.9240381e+03,1.3876755e+01,0,nan,nan,nan,nan,1596.74041,9.5801865e-04,145.03217,9.8878506e-04,6.6452811e-04,-2.1317452e-02
-0.04878305310671749,1.003207044568906,0.0020043166899580515,1360.6938245628896,5.0664325e-03,95928,1596.74062,145.02898,9.8255781e+03,1.2149011e+01,1.3646091e+03,3.7605610e+00,6.9499399e+03,1.3885349e+01,0,nan,nan,nan,nan,1596.74062,9.5614424e-04,145.02898,9.8900450e-04,1.6322823e-03,-2.5606258e-02
-0.047394161039619576,1.0021323632240238,0.002005143755853121,1360.6952134549567,5.0664362e-03,95929,1596.74636,145.04323,9.8236699e+03,1.2154299e+01,1.3689167e+03,3.7660580e+00,6.9426499e+03,1.3891392e+01,0,nan,nan,nan,nan,1596.74636,9.5611671e-04,145.04323,9.8926155e-04,9.0373019e-03,-4.5035500e-03
-0.046005268506860375,0.9972245162428911,0.0020019092033812416,1360.6966023474895,5.0664404e-03,95930,1596.73473,145.02420,9.7886709e+03,1.2134964e+01,1.3687970e+03,3.7652361e+00,6.9088057e+03,1.3869295e+01,0,nan,nan,nan,nan,1596.73473,9.5800089e-04,145.02420,9.9222502e-04,-7.6200399e-03,-3.1306688e-02
-0.04461637643976246,0.9929944279222234,0.001999487378322646,1360.6979912395566,5.0664442e-03,95931,1596.74397,145.03946,9.7638682e+03,1.2120560e+01,1.3628040e+03,3.7639136e+00,6.8796558e+03,1.3852832e+01,0,nan,nan,nan,nan,1596.74397,9.5926068e-04,145.03946,9.9223049e-04,6.2739789e-03,-9.6342620e-03
-0.043227483907912756,0.9956406276824783,0.002000639348928749,1360.6993801320884,5.0664484e-03,95932,1596.73989,145.02879,9.7757861e+03,1.2127819e+01,1.3657716e+03,3.7695971e+00,6.8981470e+03,1.3861129e+01,0,nan,nan,nan,nan,1596.73989,9.5929875e-04,145.02879,9.9159963e-04,1.1238883e-03,-2.4856862e-02
-0.041838591842179085,0.9950754655385472,0.0020014618260658108,1360.7007690241542,5.0664521e-03,95933,1596.73827,145.03360,9.7746807e+03,1.2133084e+01,1.3675035e+03,3.7616093e+00,6.8943892e+03,1.3867146e+01,0,nan,nan,nan,nan,1596.73827,9.6005824e-04,145.03360,9.9257857e-04,-1.6616634e-04,-1.8458851e-02
-0.04044969977508117,0.9935914910838005,0.0019998216784371877,1360.7021579162213,5.0664558e-03,95934,1596.74140,145.03514,9.7677129e+03,1.2123422e+01,1.3666311e+03,3.7679996e+00,6.8842666e+03,1.3856102e+01,0,nan,nan,nan,nan,1596.74140,9.5898641e-04,145.03514,9.9168776e-04,3.2703818e-03,-1.7902177e-02
-0.03906080724232197,0.9871010895598037,0.0019973098589708567,1360.703546808754,5.0664600e-03,95935,1596.74035,145.03067,9.7304922e+03,1.2108475e+01,1.3662666e+03,3.7626247e+00,6.8394546e+03,1.3839019e+01,0,nan,nan,nan,nan,1596.74035,9.6186798e-04,145.03067,9.9402503e-04,7.3140603e-04,-2.1838512e-02
-0.037671915175678805,0.9880590984239536,0.0019975561161571943,1360.7049357008207,5.0664637e-03,95936,1596.73750,145.02821,9.7359805e+03,1.2110247e+01,1.3630458e+03,3.7671349e+00,6.8462505e+03,1.3841044e+01,0,nan,nan,nan,nan,1596.73750,9.6179597e-04,145.02821,9.9436752e-04,3.1711903e-04,-2.5031928e-02
-0.03628302310949039,0.9871121149419388,0.0019970065382333415,1360.7063245928869,5.0664674e-03,95937,1596.74415,145.03865,9.7356279e+03,1.2107194e+01,1.3659937e+03,3.7604082e+00,6.8398477e+03,1.3837556e+01,0,nan,nan,nan,nan,1596.74415,9.6140994e-04,145.03865,9.9313760e-04,6.6746301e-03,-9.0495525e-03
-0.03489413057718593,0.9862629680855999,0.0019972544113284955,1360.7077134854192,5.0664716e-03,95938,1596.73750,145.02977,9.7239941e+03,1.2108979e+01,1.3739359e+03,3.7686727e+00,6.8341216e+03,1.3839596e+01,0,nan,nan,nan,nan,1596.73750,9.6337986e-04,145.02977,9.9566882e-04,-6.2498966e-06,-2.2437584e-02
-0.03350523851008802,0.9850898434488617,0.001995691133350382,1360.7091023774863,5.0664754e-03,95939,1596.74160,145.03746,9.7163066e+03,1.2099779e+01,1.3698077e+03,3.7642756e+00,6.8261509e+03,1.3829082e+01,0,nan,nan,nan,nan,1596.74160,9.6201024e-04,145.03746,9.9584111e-04,4.7755418e-03,-1.2651014e-02
-0.03211634597732882,0.9849212748495465,0.001995654202572027,1360.710491270019,5.0664796e-03,95940,1596.73730,145.03060,9.7152520e+03,1.2099834e+01,1.3694913e+03,3.7657304e+00,6.8251396e+03,1.3829144e+01,0,nan,nan,nan,nan,1596.73730,9.6265652e-04,145.03060,9.9654973e-04,-1.6212736e-03,-2.2375969e-02
-0.0307274539111404,0.9856632494137934,0.0019958889557597803,1360.7118801620852,5.0664833e-03,95941,1596.74088,145.02459,9.7171143e+03,1.2101535e+01,1.3698744e+03,3.7692504e+00,6.8304380e+03,1.3831088e+01,0,nan,nan,nan,nan,1596.74088,9.6309837e-04,145.02459,9.9554518e-04,1.4030731e-03,-2.6795689e-02
-0.029338561844497235,0.9835456934317992,0.001997037705485754,1360.7132690541519,5.0664870e-03,95942,1596.74171,145.02639,9.7083467e+03,1.2108778e+01,1.3724734e+03,3.7711680e+00,6.8159194e+03,1.3839366e+01,0,nan,nan,nan,nan,1596.74171,9.6367323e-04,145.02639,9.9851342e-04,2.9409162e-03,-2.5333999e-02
-0.02794966931264753,0.9875314424787162,0.001996696176670406,1360.7146579466837,5.0664912e-03,95943,1596.73917,145.03846,9.7361436e+03,1.2106982e+01,1.3629808e+03,3.7611172e+00,6.8436963e+03,1.3837314e+01,0,nan,nan,nan,nan,1596.73917,9.6092949e-04,145.03846,9.9343655e-04,-7.4866140e-05,-9.7889472e-03
-0.026560777245549616,0.9863319948824759,0.0019951890171852763,1360.7160468387508,5.0664949e-03,95944,1596.74005,145.02186,9.7203486e+03,1.2098117e+01,1.3642014e+03,3.7611940e+00,6.8355381e+03,1.3827182e+01,0,nan,nan,nan,nan,1596.74005,9.6294220e-04,145.02186,9.9548814e-04,2.4718901e-03,-3.2365698e-02
-0.025171885178451703,0.9854416122921462,0.0019965866569439886,1360.717435730818,5.0664986e-03,95945,1596.73808,145.03799,9.7267529e+03,1.2106863e+01,1.3681410e+03,3.7614703e+00,6.8295205e+03,1.3837177e+01,0,nan,nan,nan,nan,1596.73808,9.6210401e-04,145.03799,9.9385611e-04,5.6879711e-04,-9.4670560e-03
-0.02378299264614725,0.986757879985121,0.0019974553852029737,1360.7188246233502,5.0665028e-03,95946,1596.74033,145.02750,9.7298135e+03,1.2112398e+01,1.3703326e+03,3.7849510e+00,6.8387944e+03,1.3843504e+01,0,nan,nan,nan,nan,1596.74033,9.6188555e-04,145.02750,9.9611620e-04,2.3108309e-03,-2.7313564e-02
-0.02239410057995883,0.9845460461671837,0.00199685161189359,1360.7202135154164,5.0665066e-03,95947,1596.74431,145.03608,9.7200518e+03,1.2109004e+01,1.3724938e+03,3.7732542e+00,6.8236152e+03,1.3839624e+01,0,nan,nan,nan,nan,1596.74431,9.6261414e-04,145.03608,9.9614949e-04,7.0015793e-03,-1.2091802e-02
-0.021005208513315665,0.9868813589098788,0.001996293930474489,1360.721602407483,5.0665103e-03,95948,1596.73844,145.02859,9.7335439e+03,1.2105884e+01,1.3685349e+03,3.7637413e+00,6.8399487e+03,1.3836059e+01,0,nan,nan,nan,nan,1596.73844,9.6144166e-04,145.02859,9.9313818e-04,-5.0725200e-04,-2.3604823e-02
-0.0196163164466725,0.9877755164951209,0.001996970994563882,1360.7229912995497,5.0665140e-03,95949,1596.73795,145.03013,9.7367637e+03,1.2110250e+01,1.3667695e+03,3.7630496e+00,6.8462930e+03,1.3841048e+01,0,nan,nan,nan,nan,1596.73795,9.6098991e-04,145.03013,9.9465705e-04,-1.6438643e-03,-2.1949967e-02
-0.0182274239139133,0.9856484063268149,0.001994749695601761,1360.7243801920824,5.0665182e-03,95950,1596.74310,145.03424,9.7256875e+03,1.2097034e+01,1.3619178e+03,3.7579925e+00,6.8316943e+03,1.3825944e+01,0,nan,nan,nan,nan,1596.74310,9.6143672e-04,145.03424,9.9410932e-04,4.7112536e-03,-1.7573936e-02
-0.016838531846815386,0.988110642266624,0.0019965254805637354,1360.7257690841495,5.0665219e-03,95951,1596.74480,145.03227,9.7354111e+03,1.2108054e+01,1.3714250e+03,3.7661197e+00,6.8489023e+03,1.3838539e+01,0,nan,nan,nan,nan,1596.74480,9.6171442e-04,145.03227,9.9333294e-04,8.2208598e-03,-1.9791842e-02
-0.015449639779717472,0.9856099950964079,0.0019951957670826786,1360.7271579762166,5.0665257e-03,95952,1596.73132,145.02724,9.7238867e+03,1.2100238e+01,1.3672733e+03,3.7623148e+00,6.8317095e+03,1.3829606e+01,0,nan,nan,nan,nan,1596.73132,9.6240919e-04,145.02724,9.9531654e-04,-9.0612713e-03,-2.5519850e-02
-0.014060747247867766,0.985560131673083,0.0019956649641192105,1360.7285468687485,5.0665298e-03,95953,1596.74185,145.03608,9.7249668e+03,1.2103326e+01,1.3632839e+03,3.7714322e+00,6.8315005e+03,1.3833134e+01,0,nan,nan,nan,nan,1596.74185,9.6116681e-04,145.03608,9.9545531e-04,2.9859545e-03,-1.4095308e-02
-0.012671855182134095,0.9840095716609372,0.001995423339244156,1360.7299357608142,5.0665336e-03,95954,1596.73767,145.02552,9.7129639e+03,1.2102098e+01,1.3726052e+03,3.7688746e+00,6.8208867e+03,1.3831733e+01,0,nan,nan,nan,nan,1596.73767,9.6314796e-04,145.02552,9.9620188e-04,-1.8628285e-03,-2.6365126e-02
-0.011282963115036182,0.9861952876768488,0.0019962118459664444,1360.7313246528813,5.0665373e-03,95955,1596.74975,145.04018,9.7298516e+03,1.2107112e+01,1.3668269e+03,3.7690012e+00,6.8361689e+03,1.3837462e+01,0,nan,nan,nan,nan,1596.74975,9.6174271e-04,145.04018,9.9308894e-04,1.3179517e-02,-9.1219395e-03
-0.009894070582276981,0.9840400095518098,0.0019953893628241876,1360.732713545414,5.0665415e-03,95956,1596.73541,145.02649,9.7148203e+03,1.2102350e+01,1.3646431e+03,3.7677925e+00,6.8213569e+03,1.3832021e+01,0,nan,nan,nan,nan,1596.73541,9.6327235e-04,145.02649,9.9612679e-04,-3.9430694e-03,-2.6832420e-02
-0.008505178515179068,0.9856502039384262,0.0019950082223279945,1360.7341024374812,5.0665452e-03,95957,1596.73354,145.02840,9.7234746e+03,1.2100262e+01,1.3632994e+03,3.7615631e+00,6.8326440e+03,1.3829633e+01,0,nan,nan,nan,nan,1596.73354,9.6251059e-04,145.02840,9.9445460e-04,-5.9431461e-03,-2.6974240e-02
-0.007116286448535902,0.9817662458413309,0.001993701345538247,1360.7354913295478,5.0665489e-03,95958,1596.74685,145.03459,9.6977119e+03,1.2092552e+01,1.3696182e+03,3.7640009e+00,6.8058408e+03,1.3820820e+01,0,nan,nan,nan,nan,1596.74685,9.6375117e-04,145.03459,9.9757465e-04,8.7790349e-03,-1.5785910e-02
-0.005727394382802231,0.9891871359565179,0.0019970997935372294,1360.7368802216135,5.0665527e-03,95959,1596.73851,145.03478,9.7445713e+03,1.2113372e+01,1.3688970e+03,3.7625959e+00,6.8574028e+03,1.3844617e+01,0,nan,nan,nan,nan,1596.73851,9.6168864e-04,145.03478,9.9452364e-04,-2.9925948e-03,-1.8035756e-02
-0.004338501850043031,0.9857171957472391,0.0019960580808630877,1360.7382691141463,5.0665569e-03,95960,1596.74320,145.03541,9.7251094e+03,1.2107256e+01,1.3723480e+03,3.7676110e+00,6.8334624e+03,1.3837626e+01,0,nan,nan,nan,nan,1596.74320,9.6294453e-04,145.03541,9.9384657e-04,6.2901597e-03,-1.5120544e-02
-0.0029496097829451173,0.9852261220700778,0.0019956737345961074,1360.7396580062134,5.0665606e-03,95961,1596.73608,145.02611,9.7222451e+03,1.2105123e+01,1.3705413e+03,3.7646728e+00,6.8301685e+03,1.3835188e+01,0,nan,nan,nan,nan,1596.73608,9.6399552e-04,145.02611,9.9597371e-04,-3.1892781e-03,-2.7399084e-02
-0.0015607177167566988,0.9836623963810351,0.0019948725361914415,1360.7410468982796,5.0665643e-03,95962,1596.74049,145.03090,9.7160586e+03,1.2100451e+01,1.3679629e+03,3.7648532e+00,6.8194346e+03,1.3829848e+01,0,nan,nan,nan,nan,1596.74049,9.6334075e-04,145.03090,9.9575950e-04,1.3290900e-04,-2.2219075e-02
-0.0001718256501135329,0.9840301300416233,0.0019947712800826196,1360.7424357903462,5.0665680e-03,95963,1596.73692,145.03439,9.7131328e+03,1.2100019e+01,1.3651890e+03,3.7649331e+00,6.8220859e+03,1.3829354e+01,0,nan,nan,nan,nan,1596.73692,9.6324505e-04,145.03439,9.9606498e-04,-2.6608824e-03,-1.6194031e-02
0.001217066881736173,0.984727115498386,0.0019950751112987053,1360.743824682878,5.0665722e-03,95964,1596.73474,145.01957,9.7146719e+03,1.2102035e+01,1.3702408e+03,3.7661304e+00,6.8270161e+03,1.3831659e+01,0,nan,nan,nan,nan,1596.73474,9.6370006e-04,145.01957,9.9569152e-04,-5.5690268e-03,-3.4409560e-02
0.002605958948834086,0.9840351289173821,0.001995840282761157,1360.7452135749452,5.0665759e-03,95965,1596.74809,145.04356,9.7222529e+03,1.2106842e+01,1.3711277e+03,3.7636685e+00,6.8223125e+03,1.3837154e+01,0,nan,nan,nan,nan,1596.74809,9.6246437e-04,145.04356,9.9466683e-04,1.3935667e-02,-2.2947541e-03
0.003994851015931999,0.9865941683021721,0.0019969432036902523,1360.7466024670123,5.0665797e-03,95966,1596.73897,145.03067,9.7341475e+03,1.2113692e+01,1.3620292e+03,3.7603323e+00,6.8401436e+03,1.3844982e+01,0,nan,nan,nan,nan,1596.73897,9.6151861e-04,145.03067,9.9495542e-04,1.0188031e-03,-2.1252129e-02
0.005383743082575165,0.9838030246132579,0.001995074536988393,1360.747991359079,5.0665834e-03,95967,1596.74092,145.03687,9.7157607e+03,1.2102505e+01,1.3693049e+03,3.7672338e+00,6.8208770e+03,1.3832196e+01,0,nan,nan,nan,nan,1596.74092,9.6211449e-04,145.03687,9.9587895e-04,1.7892005e-03,-1.0480498e-02
0.006772635148763584,0.9852084226144527,0.0019953776687552686,1360.749380251145,5.0665871e-03,95968,1596.73695,145.02349,9.7199043e+03,1.2104486e+01,1.3638442e+03,3.7652166e+00,6.8307002e+03,1.3834461e+01,0,nan,nan,nan,nan,1596.73695,9.6244115e-04,145.02349,9.9556928e-04,-3.4764325e-03,-3.0520918e-02
0.008161527681068037,0.9836687336601816,0.001996023771753901,1360.7507691436774,5.0665913e-03,95969,1596.74554,145.03629,9.7145732e+03,1.2108538e+01,1.3642656e+03,3.7727671e+00,6.8201001e+03,1.3839091e+01,0,nan,nan,nan,nan,1596.74554,9.6477423e-04,145.03629,9.9476450e-04,7.0616635e-03,-9.9634053e-03
0.00955041974816595,0.9846820134120885,0.0019941601682698555,1360.7521580357445,5.0665950e-03,95970,1596.73512,145.03157,9.7165078e+03,1.2097357e+01,1.3647080e+03,3.7618861e+00,6.8271953e+03,1.3826312e+01,0,nan,nan,nan,nan,1596.73512,9.6228090e-04,145.03157,9.9625706e-04,-3.7712827e-03,-2.3985693e-02
0.010939311815263864,0.985613752404646,0.00199508130263242,1360.7535469278116,5.0665988e-03,95971,1596.74960,145.04296,9.7309336e+03,1.2103060e+01,1.3604557e+03,3.7604055e+00,6.8337202e+03,1.3832830e+01,0,nan,nan,nan,nan,1596.74960,9.6192455e-04,145.04296,9.9368626e-04,1.3065201e-02,-5.0455723e-03
0.01232820388190703,0.9845594059815282,0.001996870802457791,1360.7549358198783,5.0666025e-03,95972,1596.73190,145.01892,9.7100430e+03,1.2114022e+01,1.3725847e+03,3.7718012e+00,6.8264697e+03,1.3845359e+01,0,nan,nan,nan,nan,1596.73190,9.6431427e-04,145.01892,9.9937292e-04,-9.3100406e-03,-3.8234208e-02
0.013717095948095448,0.9859668725191784,0.00199491726481633,1360.7563247119444,5.0666062e-03,95973,1596.74079,145.03504,9.7236914e+03,1.2102265e+01,1.3652247e+03,3.7713866e+00,6.8362827e+03,1.3831923e+01,0,nan,nan,nan,nan,1596.74079,9.6336647e-04,145.03504,9.9556800e-04,2.4281652e-03,-1.7771408e-02
0.015105988480399901,0.9852841626807951,0.0019955605219724062,1360.7577136044767,5.0666104e-03,95974,1596.74521,145.04184,9.7156924e+03,1.2106256e+01,1.3663922e+03,3.7655311e+00,6.8315977e+03,1.3836482e+01,0,nan,nan,nan,nan,1596.74521,9.6332893e-04,145.04184,9.9637208e-04,7.9541793e-03,-5.6484109e-03
0.01649488054658832,0.9830240273533898,0.0019936866576691675,1360.759102496543,5.0666141e-03,95975,1596.73774,145.02904,9.7064277e+03,1.2094963e+01,1.3673182e+03,3.7636969e+00,6.8159702e+03,1.3823577e+01,0,nan,nan,nan,nan,1596.73774,9.6380658e-04,145.02904,9.9608093e-04,1.8191897e-05,-2.5419964e-02
0.017883772613686233,0.982486644365145,0.0019936319855005462,1360.76049138861,5.0666179e-03,95976,1596.73866,145.03265,9.7041182e+03,1.2094699e+01,1.3673984e+03,3.7704642e+00,6.8122817e+03,1.3823275e+01,0,nan,nan,nan,nan,1596.73866,9.6394797e-04,145.03265,9.9668396e-04,-2.6867003e-04,-1.9226059e-02
0.019272664680784146,0.9838521504758297,0.001995573534920766,1360.7618802806771,5.0666216e-03,95977,1596.74045,145.02779,9.7110771e+03,1.2106535e+01,1.3709292e+03,3.7715797e+00,6.8217817e+03,1.3836802e+01,0,nan,nan,nan,nan,1596.74045,9.6341158e-04,145.02779,9.9814578e-04,2.8747264e-03,-2.7551750e-02
0.02066155674788206,0.9847690109270661,0.0019959803523040935,1360.7632691727442,5.0666253e-03,95978,1596.74381,145.03558,9.7243086e+03,1.2109049e+01,1.3660568e+03,3.7770839e+00,6.8281650e+03,1.3839676e+01,0,nan,nan,nan,nan,1596.74381,9.6228701e-04,145.03558,9.9349022e-04,7.7604149e-03,-1.2444536e-02
0.022050448814525225,0.9842794365206025,0.0019954075113914286,1360.7646580648109,5.0666290e-03,95979,1596.73922,145.03196,9.7181465e+03,1.2105609e+01,1.3736699e+03,3.7702513e+00,6.8247910e+03,1.3835744e+01,0,nan,nan,nan,nan,1596.73922,9.6391351e-04,145.03196,9.9645345e-04,2.0477427e-03,-1.9133054e-02
0.023439341345920184,0.9859533277432578,0.001995015985338059,1360.7660469573423,5.0666332e-03,95980,1596.73880,145.02684,9.7232070e+03,1.2103260e+01,1.3645854e+03,3.7596154e+00,6.8364116e+03,1.3833059e+01,0,nan,nan,nan,nan,1596.73880,9.6300925e-04,145.02684,9.9632482e-04,-1.7053055e-03,-2.8323323e-02
0.024828233413018097,0.98482365434006,0.001994217532687492,1360.7674358494094,5.0666369e-03,95981,1596.74030,145.03778,9.7160791e+03,1.2098431e+01,1.3677413e+03,3.7639887e+00,6.8285874e+03,1.3827540e+01,0,nan,nan,nan,nan,1596.74030,9.6204411e-04,145.03778,9.9542260e-04,1.2991978e-03,-1.2362361e-02
0.02621712548011601,0.9826747141014505,0.001994674942858043,1360.7688247414765,5.0666407e-03,95982,1596.74565,145.03712,9.7082207e+03,1.2101210e+01,1.3724608e+03,3.7699132e+00,6.8136895e+03,1.3830717e+01,0,nan,nan,nan,nan,1596.74565,9.6407696e-04,145.03712,9.9668582e-04,8.3864806e-03,-1.0810263e-02
0.027606017547213924,0.9845206438173093,0.0019945154277214174,1360.7702136335436,5.0666444e-03,95983,1596.73089,145.01513,9.7048408e+03,1.2100237e+01,1.3666984e+03,3.7651389e+00,6.8264854e+03,1.3829604e+01,0,nan,nan,nan,nan,1596.73089,9.6373865e-04,145.01513,1.0000929e-03,-1.0635042e-02,-4.4772625e-02
0.028994909613402342,0.9890071867933289,0.0019969730160656458,1360.7716025256098,5.0666481e-03,95984,1596.74418,145.04113,9.7449609e+03,1.2115128e+01,1.3699457e+03,3.7747383e+00,6.8575845e+03,1.3846624e+01,0,nan,nan,nan,nan,1596.74418,9.6097181e-04,145.04113,9.9345588e-04,6.6854716e-03,-9.5101902e-03
0.030383801679136013,0.9861923640406413,0.0019961795567797237,1360.7729914176755,5.0666519e-03,95985,1596.74327,145.04152,9.7331758e+03,1.2110287e+01,1.3697665e+03,3.7707837e+00,6.8380513e+03,1.3841091e+01,0,nan,nan,nan,nan,1596.74327,9.6153404e-04,145.04152,9.9541643e-04,3.2757842e-03,-9.3512479e-03
0.031772693746233927,0.9817235374488839,0.0019939822903113384,1360.7743803097426,5.0666556e-03,95986,1596.73908,145.02415,9.6960947e+03,1.2096917e+01,1.3752233e+03,3.7726433e+00,6.8070439e+03,1.3825810e+01,0,nan,nan,nan,nan,1596.73908,9.6343149e-04,145.02415,9.9962554e-04,-8.7113021e-04,-3.2155901e-02
0.03316158627899313,0.9866822767457268,0.001995555915025733,1360.7757692022753,5.0666598e-03,95987,1596.73910,145.02927,9.7333652e+03,1.2106415e+01,1.3666946e+03,3.7654614e+00,6.8413984e+03,1.3836665e+01,0,nan,nan,nan,nan,1596.73910,9.6146989e-04,145.02927,9.9372177e-04,5.0338084e-04,-2.0671114e-02
0.03455047834563629,0.9864723835748814,0.001994675139970705,1360.777158094342,5.0666635e-03,95988,1596.73644,145.03269,9.7099395e+03,1.2101012e+01,1.3712325e+03,3.7726691e+00,6.8399087e+03,1.3830491e+01,0,nan,nan,nan,nan,1596.73644,9.6286199e-04,145.03269,9.9831715e-04,-3.6960887e-03,-1.9689396e-02
0.03593937041182471,0.9864879076292488,0.0019959687119441285,1360.7785469864082,5.0666672e-03,95989,1596.74703,145.03171,9.7317637e+03,1.2108788e+01,1.3673933e+03,3.7660747e+00,6.8399761e+03,1.3839377e+01,0,nan,nan,nan,nan,1596.74703,9.6191565e-04,145.03171,9.9512783e-04,1.0222647e-02,-1.9236373e-02
0.03732826247846788,0.9893581298802578,0.0019958963471771326,1360.7799358784748,5.0666709e-03,95990,1596.73765,145.03669,9.7470000e+03,1.2108267e+01,1.3584387e+03,3.7617455e+00,6.8598306e+03,1.3838781e+01,0,nan,nan,nan,nan,1596.73765,9.6046092e-04,145.03669,9.9294772e-04,-1.2518734e-03,-1.5294623e-02
0.03871715454556579,0.9890514212685197,0.001997278819531834,1360.781324770542,5.0666747e-03,95991,1596.73924,145.02880,9.7466680e+03,1.2116559e+01,1.3690482e+03,3.7635024e+00,6.8576514e+03,1.3848259e+01,0,nan,nan,nan,nan,1596.73924,9.6156303e-04,145.02880,9.9363877e-04,4.1933483e-05,-2.2975357e-02
0.040106046612663704,0.993176234144146,0.0019981219952974276,1360.782713662609,5.0666784e-03,95992,1596.74261,145.04395,9.7689209e+03,1.2121571e+01,1.3629005e+03,3.7612083e+00,6.8861914e+03,1.3853987e+01,0,nan,nan,nan,nan,1596.74261,9.5888524e-04,145.04395,9.9234655e-04,4.8140534e-03,-4.0427949e-03
0.04149493867930687,0.9930949177690945,0.0020001372820373895,1360.7841025546757,5.0666821e-03,95993,1596.74058,145.02630,9.7681836e+03,1.2133680e+01,1.3664352e+03,3.7727301e+00,6.8855620e+03,1.3867827e+01,0,nan,nan,nan,nan,1596.74058,9.5841457e-04,145.02630,9.9485309e-04,3.3617625e-03,-2.6837116e-02
0.04288383074549529,0.9909772965380822,0.001998512871252363,1360.7854914467418,5.0666858e-03,95994,1596.74730,145.04701,9.7533555e+03,1.2123700e+01,1.3697957e+03,3.7741311e+00,6.8708081e+03,1.3856421e+01,0,nan,nan,nan,nan,1596.74730,9.6183206e-04,145.04701,9.9256169e-04,1.0087983e-02,7.7426422e-04
0.044272722812138454,0.9943534883415228,0.0019983834881439773,1360.7868803388085,5.0666896e-03,95995,1596.73167,145.00858,9.7630967e+03,1.2122778e+01,1.3684604e+03,3.7635407e+00,6.8941387e+03,1.3855367e+01,0,nan,nan,nan,nan,1596.73167,9.5921702e-04,145.00858,9.9589780e-04,-1.1847576e-02,-5.1905748e-02
0.04566161487923637,0.9959419106608969,0.002001389090289137,1360.7882692308756,5.0666933e-03,95996,1596.74110,145.03772,9.7897969e+03,1.2140863e+01,1.3693901e+03,3.7786212e+00,6.9050674e+03,1.3876037e+01,0,nan,nan,nan,nan,1596.74110,9.5922139e-04,145.03772,9.9030661e-04,2.2915583e-03,-1.1230037e-02
0.04705050741199557,0.9968902625984347,0.0020012737016265134,1360.7896581234083,5.0666975e-03,95997,1596.74074,145.03511,9.7926982e+03,1.2140004e+01,1.3709360e+03,3.7724004e+00,6.9115522e+03,1.3875056e+01,0,nan,nan,nan,nan,1596.74074,9.5868052e-04,145.03511,9.9052547e-04,3.8354399e-03,-1.5423236e-02
0.04982829154482715,0.9976963066825756,0.002001434031302857,1360.7924359075412,5.0667049e-03,95999,1596.74039,145.02866,9.7945322e+03,1.2140630e+01,1.3660842e+03,3.7606301e+00,6.9169424e+03,1.3875770e+01,0,nan,nan,nan,nan,1596.74039,9.5739961e-04,145.02866,9.9179777e-04,2.2082590e-04,-2.2161644e-02
0.05121718361101557,1.0003679962870387,0.0020030878616531583,1360.7938247996074,5.0667087e-03,96000,1596.74394,145.04112,9.8182461e+03,1.2150473e+01,1.3698219e+03,3.7662246e+00,6.9353574e+03,1.3887019e+01,0,nan,nan,nan,nan,1596.74394,9.5688447e-04,145.04112,9.8776852e-04,7.1909684e-03,-8.3729764e-03
0.05260607567765874,0.9966764579010189,0.0020000214944581192,1360.795213691674,5.0667124e-03,96001,1596.73255,145.02020,9.7815283e+03,1.2131671e+01,1.3710977e+03,3.7655709e+00,6.9096504e+03,1.3865531e+01,0,nan,nan,nan,nan,1596.73255,9.5822214e-04,145.02020,9.9249708e-04,-8.4769847e-03,-3.5401303e-02
0.05399496774475665,0.9975207061197501,0.002000558168213682,1360.796602583741,5.0667161e-03,96002,1596.75413,145.04724,9.7964746e+03,1.2134719e+01,1.3689713e+03,3.7620037e+00,6.9153843e+03,1.3869014e+01,0,nan,nan,nan,nan,1596.75413,9.5658744e-04,145.04724,9.8853384e-04,1.9820387e-02,2.9107721e-03
0.05538385981185456,0.9972929818796887,0.0020012925936891916,1360.7979914758082,5.0667198e-03,96003,1596.72857,145.01580,9.7859648e+03,1.2138952e+01,1.3680769e+03,3.7698941e+00,6.9136807e+03,1.3873854e+01,0,nan,nan,nan,nan,1596.72857,9.5896533e-04,145.01580,9.9404564e-04,-1.1290275e-02,-4.2113658e-02
0.05677275187895248,0.9995746275641474,0.0020025047693439974,1360.7993803678753,5.0667236e-03,96004,1596.74342,145.04713,9.8102549e+03,1.2146077e+01,1.3705881e+03,3.7708762e+00,6.9293672e+03,1.3881995e+01,0,nan,nan,nan,nan,1596.74342,9.5689052e-04,145.04713,9.8863139e-04,7.2558061e-03,-6.6718127e-04
0.058161643945140895,0.998958415300195,0.002000568348261537,1360.8007692599415,5.0667273e-03,96005,1596.73051,145.02129,9.7916143e+03,1.2134092e+01,1.3701198e+03,3.7634399e+00,6.9249590e+03,1.3868299e+01,0,nan,nan,nan,nan,1596.73051,9.5842837e-04,145.02129,9.9345576e-04,-8.6565083e-03,-3.8719285e-02
0.059550536010874566,1.0006222853665976,0.0020036634028647586,1360.8021581520072,5.0667310e-03,96006,1596.74636,145.03934,9.8131650e+03,1.2152618e+01,1.3762759e+03,3.7750993e+00,6.9363525e+03,1.3889472e+01,0,nan,nan,nan,nan,1596.74636,9.5620926e-04,145.03934,9.8938681e-04,9.0303533e-03,-1.0265716e-02
0.06093942807797248,0.9961468454566043,0.002000686932505767,1360.8035470440743,5.0667347e-03,96007,1596.74076,145.03211,9.7829629e+03,1.2134309e+01,1.3633672e+03,3.7632513e+00,6.9051826e+03,1.3868546e+01,0,nan,nan,nan,nan,1596.74076,9.5929997e-04,145.03211,9.9179451e-04,1.8719368e-03,-1.8744938e-02
0.06232832014507039,0.998317876030967,0.0020017401588252374,1360.8049359361414,5.0667385e-03,96008,1596.74223,145.03272,9.7993965e+03,1.2140432e+01,1.3724301e+03,3.7693772e+00,6.9200815e+03,1.3875544e+01,0,nan,nan,nan,nan,1596.74223,9.5746364e-04,145.03272,9.8989182e-04,3.2628926e-03,-1.9892320e-02
0.0637172122121683,0.9980437282803036,0.0020026137834389802,1360.8063248282085,5.0667422e-03,96009,1596.73544,145.02804,9.7979268e+03,1.2145458e+01,1.3680002e+03,3.7681465e+00,6.9180244e+03,1.3881288e+01,0,nan,nan,nan,nan,1596.73544,9.5810834e-04,145.02804,9.9123199e-04,-5.4436536e-03,-2.9027272e-02
0.06510610427881147,1.0011699992578271,0.002003182484192851,1360.8077137202752,5.0667459e-03,96010,1596.74958,145.04192,9.8199316e+03,1.2148624e+01,1.3696534e+03,3.7680550e+00,6.9395342e+03,1.3884907e+01,0,nan,nan,nan,nan,1596.74958,9.5612329e-04,145.04192,9.8750344e-04,1.3783664e-02,-5.2438504e-03
0.06649499634454506,0.9969080634037285,0.0020008594235872037,1360.809102612341,5.0667496e-03,96011,1596.74038,145.02952,9.7855996e+03,1.2134246e+01,1.3652698e+03,3.7655489e+00,6.9098276e+03,1.3868474e+01,0,nan,nan,nan,nan,1596.74038,9.5882581e-04,145.02952,9.9185156e-04,-5.1159598e-04,-2.2852501e-02
0.06788388841164297,1.0001062422000417,0.0020023935885568416,1360.810491504408,5.0667534e-03,96012,1596.73372,145.03531,9.8089326e+03,1.2143252e+01,1.3673087e+03,3.7651272e+00,6.9318252e+03,1.3878768e+01,0,nan,nan,nan,nan,1596.73372,9.5758343e-04,145.03531,9.8955666e-04,-5.4400298e-03,-1.6936481e-02
0.06927278047874089,1.0001006361903593,0.002001507160009458,1360.811880396475,5.0667571e-03,96013,1596.74236,145.02521,9.8029424e+03,1.2137571e+01,1.3649296e+03,3.7671161e+00,6.9316128e+03,1.3872275e+01,0,nan,nan,nan,nan,1596.74236,9.5737027e-04,145.02521,9.9035143e-04,1.7292066e-03,-2.7903065e-02
0.07066167254538405,0.9990021885882482,0.0020017468126421016,1360.8132692885417,5.0667608e-03,96014,1596.73871,145.02888,9.7959189e+03,1.2138714e+01,1.3610000e+03,3.7604098e+00,6.9238218e+03,1.3873580e+01,0,nan,nan,nan,nan,1596.73871,9.5811981e-04,145.02888,9.9226099e-04,2.4566113e-04,-2.6766883e-02
0.07205056461157247,1.0015348182913244,0.0020024829055575663,1360.814658180608,5.0667645e-03,96015,1596.74414,145.03742,9.8144365e+03,1.2142859e+01,1.3636145e+03,3.7627778e+00,6.9411919e+03,1.3878318e+01,0,nan,nan,nan,nan,1596.74414,9.5572585e-04,145.03742,9.8880276e-04,6.6206818e-03,-1.3973251e-02
0.07343945667821564,0.9986776031145366,0.0020024871884643646,1360.8160470726746,5.0667683e-03,96016,1596.73746,145.03483,9.8016738e+03,1.2142560e+01,1.3709526e+03,3.7725682e+00,6.9212051e+03,1.3877976e+01,0,nan,nan,nan,nan,1596.73746,9.5749547e-04,145.03483,9.8952535e-04,-1.4771181e-03,-1.5393744e-02
0.07482834874531355,1.0026299128515033,0.0020026909743456997,1360.8174359647417,5.0667720e-03,96017,1596.74413,145.03519,9.8186338e+03,1.2143464e+01,1.3624568e+03,3.7611320e+00,6.9484072e+03,1.3879010e+01,0,nan,nan,nan,nan,1596.74413,9.5624919e-04,145.03519,9.8936015e-04,5.5344384e-03,-1.6699448e-02
0.07621724081241146,1.001428952371533,0.00200325136135644,1360.8188248568088,5.0667757e-03,96018,1596.73403,145.02349,9.8105703e+03,1.2146528e+01,1.3663575e+03,3.7623887e+00,6.9398916e+03,1.3882510e+01,0,nan,nan,nan,nan,1596.73403,9.5742720e-04,145.02349,9.8995294e-04,-5.4047480e-03,-3.2334801e-02
0.07760613287859988,1.0006436250205681,0.002002924639108188,1360.820213748875,5.0667794e-03,96019,1596.73866,145.03121,9.7983262e+03,1.2144203e+01,1.3652400e+03,3.7750802e+00,6.9342539e+03,1.3879854e+01,0,nan,nan,nan,nan,1596.73866,9.5852307e-04,145.03121,9.9136296e-04,1.7626913e-03,-2.1211306e-02
0.07899502494524305,0.9968745285116691,0.0020002900445052524,1360.8216026409416,5.0667832e-03,96020,1596.74040,145.03196,9.7806250e+03,1.2127883e+01,1.3671079e+03,3.7620282e+00,6.9079380e+03,1.3861202e+01,0,nan,nan,nan,nan,1596.74040,9.5855043e-04,145.03196,9.9187542e-04,2.8424603e-03,-2.2640841e-02
0.08038391701143147,0.9987845364973796,0.0020016455748205586,1360.8229915330078,5.0667869e-03,96021,1596.73320,145.02714,9.7936465e+03,1.2135751e+01,1.3670267e+03,3.7686365e+00,6.9209736e+03,1.3870193e+01,0,nan,nan,nan,nan,1596.73320,9.5814408e-04,145.02714,9.9135260e-04,-6.1641252e-03,-2.5566017e-02
0.08177280907852938,0.9988952940403193,0.0020035709794767077,1360.8243804250749,5.0667906e-03,96022,1596.75142,145.04959,9.8076787e+03,1.2147070e+01,1.3705472e+03,3.7709017e+00,6.9215381e+03,1.3883131e+01,0,nan,nan,nan,nan,1596.75142,9.5583138e-04,145.04959,9.8867423e-04,1.6157681e-02,5.4452443e-03
0.08316170114562729,0.9985168293176913,0.002002215967018194,1360.825769317142,5.0667943e-03,96023,1596.74040,145.03534,9.7926914e+03,1.2138495e+01,1.3703661e+03,3.7690051e+00,6.9187114e+03,1.3873331e+01,0,nan,nan,nan,nan,1596.74040,9.5886452e-04,145.03534,9.9078252e-04,1.7146412e-03,-1.8092217e-02
0.08455059321227046,1.0022567542065175,0.0020035214157627817,1360.8271582092086,5.0667981e-03,96024,1596.73985,145.03028,9.8146758e+03,1.2146048e+01,1.3648920e+03,3.7699893e+00,6.9444175e+03,1.3881962e+01,0,nan,nan,nan,nan,1596.73985,9.5653458e-04,145.03028,9.8954292e-04,2.1641431e-03,-2.0763565e-02
0.08593948527936837,1.0003448314364536,0.002002588392695661,1360.8285471012757,5.0668018e-03,96025,1596.73769,145.03459,9.8033086e+03,1.2140026e+01,1.3632373e+03,3.7665656e+00,6.9309619e+03,1.3875080e+01,0,nan,nan,nan,nan,1596.73769,9.5688459e-04,145.03459,9.9068682e-04,-7.9964095e-04,-1.8594706e-02
0.0873283768798955,1.0004146283187008,0.0020030503122656458,1360.8299359928762,5.0668051e-03,96026,1596.73662,145.03276,9.8116641e+03,1.2142459e+01,1.3665192e+03,3.7625425e+00,6.9312363e+03,1.3877861e+01,0,nan,nan,nan,nan,1596.73662,9.5730356e-04,145.03276,9.8877691e-04,-1.6852462e-03,-1.8741220e-02
0.08871726894562917,1.003612972665007,0.0020056140839689127,1360.831324884942,5.0668088e-03,96027,1596.74291,145.03105,9.8248662e+03,1.2157630e+01,1.3660762e+03,3.7831810e+00,6.9531836e+03,1.3895201e+01,0,nan,nan,nan,nan,1596.74291,9.5770054e-04,145.03105,9.8782207e-04,4.2742500e-03,-2.2834141e-02
0.09010616101272709,0.9974908465884916,0.002001899368514109,1360.832713777009,5.0668125e-03,96028,1596.73879,145.04252,9.7918574e+03,1.2134742e+01,1.3637275e+03,3.7608774e+00,6.9105576e+03,1.3869040e+01,0,nan,nan,nan,nan,1596.73879,9.5863780e-04,145.04252,9.8969659e-04,4.5522506e-04,-3.7396827e-03
0.091495053079825,0.9972033439304339,0.00200108544213172,1360.8341026690762,5.0668162e-03,96029,1596.73977,145.02128,9.7839170e+03,1.2129435e+01,1.3638232e+03,3.7618876e+00,6.9083545e+03,1.3862976e+01,0,nan,nan,nan,nan,1596.73977,9.5743418e-04,145.02128,9.9222094e-04,1.4346977e-03,-3.2336794e-02
0.09288394514692291,1.0001809831030692,0.0020037005919124407,1360.8354915611433,5.0668200e-03,96030,1596.73872,145.03248,9.8064521e+03,1.2144915e+01,1.3724038e+03,3.7662420e+00,6.9287695e+03,1.3880668e+01,0,nan,nan,nan,nan,1596.73872,9.5674972e-04,145.03248,9.9119137e-04,-8.5516326e-04,-1.9882552e-02
0.09427283721356608,0.9988463703814282,0.002002962820515872,1360.83688045321,5.0668237e-03,96031,1596.73828,145.02686,9.7957705e+03,1.2140073e+01,1.3708798e+03,3.7707579e+00,6.9193125e+03,1.3875133e+01,0,nan,nan,nan,nan,1596.73828,9.5867616e-04,145.02686,9.9047576e-04,-1.5763004e-03,-2.8260561e-02
0.09566172927929975,0.9997884565104099,0.0020041900213596106,1360.8382693452756,5.0668274e-03,96032,1596.74467,145.04414,9.8045156e+03,1.2147138e+01,1.3675005e+03,3.7642148e+00,6.9256260e+03,1.3883208e+01,0,nan,nan,nan,nan,1596.74467,9.5730228e-04,145.04414,9.9024700e-04,7.6451525e-03,-4.6838000e-03
0.09705062134639766,0.9990793648314545,0.0020027694413903827,1360.8396582373427,5.0668311e-03,96033,1596.73499,145.01923,9.7918486e+03,1.2138155e+01,1.3645035e+03,3.7713311e+00,6.9205024e+03,1.3872942e+01,0,nan,nan,nan,nan,1596.73499,9.5874944e-04,145.01923,9.9237822e-04,-6.3583953e-03,-3.9736900e-02
0.09843951341349558,1.0002713874078382,0.0020036577193516744,1360.8410471294098,5.0668349e-03,96034,1596.74434,145.04402,9.8073789e+03,1.2143169e+01,1.3655903e+03,3.7630885e+00,6.9285479e+03,1.3878673e+01,0,nan,nan,nan,nan,1596.74434,9.5708796e-04,145.04402,9.8975736e-04,8.0361664e-03,-1.9052718e-03
0.09982840548059349,1.0031225698252741,0.002004124781113468,1360.842436021477,5.0668386e-03,96035,1596.74535,145.03773,9.8147002e+03,1.2145632e+01,1.3636743e+03,3.7658720e+00,6.9480864e+03,1.3881487e+01,0,nan,nan,nan,nan,1596.74535,9.5758931e-04,145.03773,9.8892499e-04,7.2117141e-03,-1.4488264e-02
0.10121729708157537,1.0006895749540186,0.002004854763180994,1360.843824913078,5.0668418e-03,96036,1596.73983,145.03297,9.8044551e+03,1.2149690e+01,1.3662841e+03,3.7776251e+00,6.9310259e+03,1.3886125e+01,0,nan,nan,nan,nan,1596.73983,9.5751509e-04,145.03297,9.9021988e-04,-5.6722882e-04,-1.9810019e-02
0.10260618914730904,1.0017411231420679,0.002003683361674151,1360.8452138051437,5.0668456e-03,96037,1596.73967,145.03060,9.8104434e+03,1.2142229e+01,1.3670096e+03,3.7610927e+00,6.9381025e+03,1.3877598e+01,0,nan,nan,nan,nan,1596.73967,9.5695461e-04,145.03060,9.9008007e-04,1.4479857e-04,-2.3489932e-02
0.10399508121440695,0.9998207010321943,0.00200446490915278,1360.8466026972108,5.0668493e-03,96038,1596.73837,145.03420,9.8043613e+03,1.2146605e+01,1.3707062e+03,3.7688382e+00,6.9245957e+03,1.3882599e+01,0,nan,nan,nan,nan,1596.73837,9.5797121e-04,145.03420,9.8961301e-04,2.6386059e-03,-1.8420070e-02
0.10538397328150487,1.0023008005478031,0.0020045492151587094,1360.8479915892779,5.0668530e-03,96039,1596.73755,145.02330,9.8109385e+03,1.2146759e+01,1.3621937e+03,3.7795410e+00,6.9415693e+03,1.3882775e+01,0,nan,nan,nan,nan,1596.73755,9.5701305e-04,145.02330,9.9041290e-04,-3.6641157e-03,-3.4374885e-02
0.10677286534769329,1.002041468711486,0.0020047281710038074,1360.849380481344,5.0668567e-03,96040,1596.74476,145.04245,9.8197939e+03,1.2147491e+01,1.3681121e+03,3.7658033e+00,6.9395728e+03,1.3883613e+01,0,nan,nan,nan,nan,1596.74476,9.5609721e-04,145.04245,9.8749774e-04,8.2876524e-03,-4.1321255e-03
0.10816175741433645,1.0003776521262628,0.0020045632188533664,1360.8507693734107,5.0668605e-03,96041,1596.73891,145.03630,9.8018779e+03,1.2146147e+01,1.3743823e+03,3.7672117e+00,6.9278521e+03,1.3882075e+01,0,nan,nan,nan,nan,1596.73891,9.5809903e-04,145.03630,9.9103630e-04,6.5637281e-04,-1.8321421e-02
0.10955064948052487,0.9999767401342203,0.002005174790681637,1360.8521582654769,5.0668642e-03,96042,1596.74710,145.04126,9.8031953e+03,1.2149510e+01,1.3690170e+03,3.7672808e+00,6.9248809e+03,1.3885920e+01,0,nan,nan,nan,nan,1596.74710,9.5819583e-04,145.04126,9.9071884e-04,1.2874312e-02,-8.3705420e-03
0.1109395410819615,1.0015147259780461,0.002003658721947714,1360.8535471570783,5.0668675e-03,96043,1596.72995,145.01979,9.8023516e+03,1.2139990e+01,1.3645106e+03,3.7676413e+00,6.9353408e+03,1.3875039e+01,0,nan,nan,nan,nan,1596.72995,9.5748296e-04,145.01979,9.9222362e-04,-1.2257939e-02,-3.8881179e-02
0.11232843314905941,0.9946501051216098,0.0020031846498522496,1360.8549360491454,5.0668712e-03,96044,1596.74080,145.03312,9.7692227e+03,1.2136788e+01,1.3723447e+03,3.7655828e+00,6.8876172e+03,1.3871380e+01,0,nan,nan,nan,nan,1596.74080,9.5997553e-04,145.03312,9.9332933e-04,1.5023582e-03,-1.9925799e-02
0.11371732521570257,1.0015269321030358,0.0020043379040264007,1360.856324941212,5.0668749e-03,96045,1596.74156,145.03676,9.8147080e+03,1.2143455e+01,1.3656642e+03,3.7616990e+00,6.9350532e+03,1.3878998e+01,0,nan,nan,nan,nan,1596.74156,9.5527904e-04,145.03676,9.8825165e-04,2.5469156e-03,-1.4124164e-02
0.115106217281891,1.0018900813399827,0.002006244006250771,1360.8577138332782,5.0668786e-03,96046,1596.73931,145.02975,9.8132910e+03,1.2154688e+01,1.3696396e+03,3.7712181e+00,6.9373887e+03,1.3891836e+01,0,nan,nan,nan,nan,1596.73931,9.5796864e-04,145.02975,9.9014072e-04,1.3908743e-05,-2.3479806e-02
0.11649510934853416,0.9975359117968997,0.0020058474880711103,1360.8591027253449,5.0668824e-03,96047,1596.74460,145.04107,9.7897988e+03,1.2151978e+01,1.3729342e+03,3.7760344e+00,6.9070640e+03,1.3888741e+01,0,nan,nan,nan,nan,1596.74460,9.5885509e-04,145.04107,9.9286181e-04,6.7488016e-03,-7.2089829e-03
0.11788400141563207,0.9994617630517144,0.0020023821805015022,1360.860491617412,5.0668861e-03,96048,1596.73095,145.00956,9.7850020e+03,1.2130687e+01,1.3680240e+03,3.7636154e+00,6.9202295e+03,1.3864407e+01,0,nan,nan,nan,nan,1596.73095,9.5820107e-04,145.00956,9.9307753e-04,-9.0991827e-03,-5.1739912e-02
0.1192728930170687,1.0018139784600075,0.0020048996183069452,1360.8618805090134,5.0668893e-03,96049,1596.74448,145.04467,9.8141865e+03,1.2145649e+01,1.3646715e+03,3.7678928e+00,6.9363506e+03,1.3881507e+01,0,nan,nan,nan,nan,1596.74448,9.5544901e-04,145.04467,9.8758668e-04,9.9441539e-03,2.1654440e-04
0.12066178508325712,1.000527267647234,0.002005182227047467,1360.8632694010796,5.0668931e-03,96050,1596.74143,145.03865,9.8052520e+03,1.2147081e+01,1.3676437e+03,3.7665405e+00,6.9272817e+03,1.3883143e+01,0,nan,nan,nan,nan,1596.74143,9.5876819e-04,145.03865,9.8942453e-04,6.5662931e-03,-1.1724297e-02
0.12205067715035503,0.9984093543448576,0.002003411494368807,1360.8646582931467,5.0668968e-03,96051,1596.73528,145.02923,9.7894160e+03,1.2136085e+01,1.3672069e+03,3.7729015e+00,6.9124644e+03,1.3870575e+01,0,nan,nan,nan,nan,1596.73528,9.5759419e-04,145.02923,9.9092640e-04,-4.0398440e-03,-2.4774142e-02
0.1234395692169982,0.9983438705911166,0.002003089287258658,1360.8660471852133,5.0669005e-03,96052,1596.73882,145.02891,9.7839238e+03,1.2133873e+01,1.3664175e+03,3.7694793e+00,6.9118633e+03,1.3868047e+01,0,nan,nan,nan,nan,1596.73882,9.5861097e-04,145.02891,9.9084212e-04,6.2128517e-04,-2.4735857e-02
0.12482846128273187,1.000656745496974,0.0020042444789563837,1360.867436077279,5.0669042e-03,96053,1596.73637,145.02892,9.8055518e+03,1.2140621e+01,1.3671317e+03,3.7672875e+00,6.9277339e+03,1.3875760e+01,0,nan,nan,nan,nan,1596.73637,9.5606060e-04,145.02892,9.8919240e-04,-3.1630769e-03,-2.3317575e-02
0.1262173528841685,1.0017445400303666,0.0020049336597425336,1360.8688249688805,5.0669075e-03,96054,1596.74112,145.03476,9.8027773e+03,1.2144559e+01,1.3692222e+03,3.7647250e+00,6.9351294e+03,1.3880260e+01,0,nan,nan,nan,nan,1596.74112,9.5739949e-04,145.03476,9.9202862e-04,3.8434279e-03,-1.7277924e-02
0.1276062449512664,0.9975298354742049,0.002003534619356281,1360.8702138609476,5.0669112e-03,96055,1596.74123,145.03435,9.7859346e+03,1.2135859e+01,1.3738608e+03,3.7679949e+00,6.9058218e+03,1.3870317e+01,0,nan,nan,nan,nan,1596.74123,9.5882098e-04,145.03435,9.9001534e-04,3.3287348e-03,-1.5747620e-02
0.12899513701836432,0.9958910249486296,0.0020028484001189412,1360.8716027530147,5.0669149e-03,96056,1596.73434,145.03490,9.7665752e+03,1.2131486e+01,1.3694302e+03,3.7732682e+00,6.8943545e+03,1.3865320e+01,0,nan,nan,nan,nan,1596.73434,9.6044090e-04,145.03490,9.9443982e-04,-5.2416888e-03,-1.7078873e-02
0.13038402908500749,0.9990245687158016,0.002003589838047103,1360.8729916450814,5.0669187e-03,96057,1596.73890,145.03148,9.7911162e+03,1.2135774e+01,1.3616359e+03,3.7722247e+00,6.9159326e+03,1.3870220e+01,0,nan,nan,nan,nan,1596.73890,9.5854490e-04,145.03148,9.9097355e-04,2.1178590e-03,-2.0126272e-02
0.13177292068507987,1.0006288862587003,0.0020042710187349387,1360.8743805366814,5.0669219e-03,96058,1596.74790,145.03151,9.8057930e+03,1.2139710e+01,1.3640880e+03,3.7596908e+00,6.9269307e+03,1.3874720e+01,0,nan,nan,nan,nan,1596.74790,9.5639180e-04,145.03151,9.8931731e-04,9.4824359e-03,-1.8390449e-02
0.13316181275217778,1.0017725612787831,0.00200747052828579,1360.8757694287485,5.0669257e-03,96059,1596.74159,145.03271,9.8059795e+03,1.2158916e+01,1.3701619e+03,3.7663286e+00,6.9347471e+03,1.3896669e+01,0,nan,nan,nan,nan,1596.74159,9.5740857e-04,145.03271,9.9290977e-04,8.6171355e-04,-1.8175283e-02
0.1345507048192757,1.0002762523635147,0.0020053904522425435,1360.8771583208156,5.0669294e-03,96060,1596.73835,145.04073,9.8060381e+03,1.2146154e+01,1.3724514e+03,3.7700391e+00,6.9242969e+03,1.3882084e+01,0,nan,nan,nan,nan,1596.73835,9.5670915e-04,145.04073,9.8883256e-04,-3.5316503e-04,-7.3577953e-03
0.1359395968863736,1.0000539148217944,0.0020038037300295825,1360.8785472128827,5.0669331e-03,96061,1596.74061,145.02737,9.7958037e+03,1.2136393e+01,1.3665428e+03,3.7645302e+00,6.9226719e+03,1.3870928e+01,0,nan,nan,nan,nan,1596.74061,9.5848035e-04,145.02737,9.9128904e-04,2.6505031e-03,-2.6592920e-02
0.13732848848690074,0.9971704147100258,0.0020026139902124085,1360.8799361044832,5.0669364e-03,96062,1596.73285,145.02561,9.7725830e+03,1.2129053e+01,1.3709773e+03,3.7708256e+00,6.9026353e+03,1.3862539e+01,0,nan,nan,nan,nan,1596.73285,9.5957186e-04,145.02561,9.9423248e-04,-7.4825441e-03,-2.9554151e-02
0.1387173805526344,0.9990596452984086,0.0020049259223451493,1360.881324996549,5.0669401e-03,96063,1596.74381,145.04033,9.7990830e+03,1.2142937e+01,1.3687711e+03,3.7667210e+00,6.9156440e+03,1.3878407e+01,0,nan,nan,nan,nan,1596.74381,9.5820724e-04,145.04033,9.8946609e-04,6.2228823e-03,-8.0635836e-03
0.14010627261973232,0.9995301960091106,0.0020035959426414093,1360.882713888616,5.0669438e-03,96064,1596.74752,145.03694,9.7887031e+03,1.2134774e+01,1.3684049e+03,3.7648056e+00,6.9188413e+03,1.3869078e+01,0,nan,nan,nan,nan,1596.74752,9.5890468e-04,145.03694,9.9230988e-04,8.7412233e-03,-1.3622778e-02
0.14149516468683024,1.0010441601156204,0.0020033114459633477,1360.8841027806832,5.0669475e-03,96065,1596.73128,145.02388,9.7864229e+03,1.2132960e+01,1.3620359e+03,3.7635264e+00,6.9292690e+03,1.3867005e+01,0,nan,nan,nan,nan,1596.73128,9.5905241e-04,145.02388,9.9324633e-04,-9.9184411e-03,-3.2166000e-02
0.14288405628781212,0.9987621035830443,0.00200535567015475,1360.8854916722842,5.0669508e-03,96066,1596.74756,145.04590,9.7924307e+03,1.2145264e+01,1.3662073e+03,3.7772746e+00,6.9134292e+03,1.3881067e+01,0,nan,nan,nan,nan,1596.74756,9.5685257e-04,145.04590,9.9092920e-04,1.2913651e-02,9.2410465e-04
0.14427294835400054,1.000588814073565,0.0020046551850975724,1360.8868805643503,5.0669545e-03,96067,1596.73864,145.02956,9.7928584e+03,1.2140963e+01,1.3659022e+03,3.7736151e+00,6.9260391e+03,1.3876150e+01,0,nan,nan,nan,nan,1596.73864,9.5860992e-04,145.02956,9.9116110e-04,6.5539993e-04,-2.1361239e-02
0.1456618404206437,1.0020212352690048,0.0020042495792385075,1360.888269456417,5.0669583e-03,96068,1596.73943,145.02492,9.8018633e+03,1.2138460e+01,1.3682953e+03,3.7646513e+00,6.9359287e+03,1.3873291e+01,0,nan,nan,nan,nan,1596.73943,9.5737731e-04,145.02492,9.9155528e-04,7.7229651e-04,-3.0187393e-02
0.14705073248774161,1.0002852011903516,0.0020043545765905764,1360.889658348484,5.0669620e-03,96069,1596.74065,145.03716,9.7977510e+03,1.2139068e+01,1.3660569e+03,3.7680421e+00,6.9238945e+03,1.3873984e+01,0,nan,nan,nan,nan,1596.74065,9.5650711e-04,145.03716,9.9201151e-04,1.7831335e-03,-1.5176186e-02
0.14843962408917824,1.0024532412324874,0.002005631812386008,1360.8910472400855,5.0669652e-03,96070,1596.73250,145.03018,9.8133867e+03,1.2146788e+01,1.3730155e+03,3.7658088e+00,6.9388936e+03,1.3882807e+01,0,nan,nan,nan,nan,1596.73250,9.5672364e-04,145.03018,9.8906353e-04,-4.8307306e-03,-2.1808725e-02
0.14982851615536666,1.0000114832216476,0.0020041169858700885,1360.8924361321517,5.0669690e-03,96071,1596.74001,145.02730,9.7949561e+03,1.2137615e+01,1.3692512e+03,3.7623899e+00,6.9219932e+03,1.3872325e+01,0,nan,nan,nan,nan,1596.74001,9.5873547e-04,145.02730,9.9241757e-04,2.2940109e-03,-2.7332477e-02
0.15121740822246457,0.9963107406335936,0.0020026589220866245,1360.8938250242188,5.0669727e-03,96072,1596.74609,145.04624,9.7764707e+03,1.2128801e+01,1.3712227e+03,3.7658055e+00,6.8963862e+03,1.3862251e+01,0,nan,nan,nan,nan,1596.74609,9.5956010e-04,145.04624,9.9099858e-04,1.0695756e-02,-1.1806627e-03
0.15260629982344645,1.001766131123324,0.0020046891919210104,1360.8952139158198,5.0669760e-03,96073,1596.73634,145.02751,9.8114258e+03,1.2141129e+01,1.3651370e+03,3.7606552e+00,6.9341670e+03,1.3876342e+01,0,nan,nan,nan,nan,1596.73634,9.5647603e-04,145.02751,9.8865177e-04,-2.4866613e-03,-2.6706994e-02
0.15399519188986224,1.0002277767458365,0.0020040088720604263,1360.8966028078862,5.0669797e-03,96074,1596.74812,145.04908,9.8011895e+03,1.2137056e+01,1.3652048e+03,3.7669818e+00,6.9235459e+03,1.3871687e+01,0,nan,nan,nan,nan,1596.74812,9.5715839e-04,145.04908,9.8894502e-04,1.1925898e-02,2.2438737e-03
0.15538408395718753,1.001833858438926,0.0020075995319562903,1360.8979916999535,5.0669834e-03,96075,1596.73646,145.01897,9.8009736e+03,1.2158869e+01,1.3708113e+03,3.7850711e+00,6.9346997e+03,1.3896616e+01,0,nan,nan,nan,nan,1596.73646,9.6081389e-04,145.01897,9.9461467e-04,-5.3887814e-03,-3.5934690e-02
0.15677297555771466,1.0032521779982437,0.002005889427838365,1360.899380591554,5.0669867e-03,96076,1596.73661,145.02926,9.8167510e+03,1.2148591e+01,1.3666984e+03,3.7661402e+00,6.9445620e+03,1.3884869e+01,0,nan,nan,nan,nan,1596.73661,9.5773919e-04,145.02926,9.9001394e-04,-3.5363890e-03,-2.3702180e-02
0.15816186762481257,0.9968516808645874,0.002003829156192671,1360.9007694836212,5.0669904e-03,96077,1596.74187,145.03471,9.7797744e+03,1.2136207e+01,1.3666711e+03,3.7658949e+00,6.9003115e+03,1.3870714e+01,0,nan,nan,nan,nan,1596.74187,9.5831667e-04,145.03471,9.9317811e-04,4.0423418e-03,-1.7579917e-02
0.15955075969145574,0.9957822556176615,0.0020025926082055403,1360.9021583756878,5.0669941e-03,96078,1596.73691,145.03919,9.7771768e+03,1.2128827e+01,1.3675210e+03,3.7643533e+00,6.8929707e+03,1.3862281e+01,0,nan,nan,nan,nan,1596.73691,9.5870061e-04,145.03919,9.9141744e-04,-7.1544555e-04,-1.0812332e-02
0.16093965129152812,1.0011255589730934,0.0020052640131978895,1360.9035472672879,5.0669974e-03,96079,1596.73363,145.02384,9.8043486e+03,1.2145129e+01,1.3695735e+03,3.7681663e+00,6.9300288e+03,1.3880913e+01,0,nan,nan,nan,nan,1596.73363,9.5697137e-04,145.02384,9.9195051e-04,-5.9630047e-03,-3.3430777e-02
0.16232854335862604,0.9987012565924342,0.0020038623483391955,1360.904936159355,5.0670011e-03,96080,1596.75109,145.04853,9.7877812e+03,1.2136778e+01,1.3686368e+03,3.7634723e+00,6.9133262e+03,1.3871368e+01,0,nan,nan,nan,nan,1596.75109,9.5867872e-04,145.04853,9.9081232e-04,1.6142586e-02,1.0340736e-03
0.16371743542572395,1.0009921137834659,0.002003697601755633,1360.906325051422,5.0670048e-03,96081,1596.73720,145.02344,9.8012188e+03,1.2135934e+01,1.3630659e+03,3.7581084e+00,6.9292700e+03,1.3870403e+01,0,nan,nan,nan,nan,1596.73720,9.5731672e-04,145.02344,9.9026680e-04,-2.0407278e-03,-3.2399695e-02
0.16510632702716058,1.002003111854981,0.0020070650019960697,1360.9077139430235,5.0670081e-03,96082,1596.74057,145.03432,9.8124854e+03,1.2156495e+01,1.3675828e+03,3.7757845e+00,6.9363638e+03,1.3893903e+01,0,nan,nan,nan,nan,1596.74057,9.5893897e-04,145.03432,9.8917203e-04,3.3512572e-03,-1.6461598e-02
0.166495219093349,0.9988593707291928,0.0020033682473438413,1360.9091028350897,5.0670118e-03,96083,1596.73730,145.02752,9.7854316e+03,1.2134284e+01,1.3688378e+03,3.7715998e+00,6.9147031e+03,1.3868517e+01,0,nan,nan,nan,nan,1596.73730,9.5890433e-04,145.02752,9.9129917e-04,-1.3424411e-03,-2.4495779e-02
0.16788411115908267,1.000164095469571,0.0020044892514488348,1360.9104917271554,5.0670155e-03,96084,1596.73689,145.02532,9.7980732e+03,1.2141262e+01,1.3695509e+03,3.7629936e+00,6.9238447e+03,1.3876493e+01,0,nan,nan,nan,nan,1596.73689,9.5761940e-04,145.02532,9.9115644e-04,-3.5048616e-03,-2.8445039e-02
0.1692730027605193,1.000179761062503,0.0020048296451204498,1360.9118806187569,5.0670188e-03,96085,1596.74039,145.03993,9.8043555e+03,1.2143529e+01,1.3706895e+03,3.7714832e+00,6.9240684e+03,1.3879084e+01,0,nan,nan,nan,nan,1596.74039,9.5650501e-04,145.03993,9.8957133e-04,3.6102675e-03,-9.0868855e-03
0.1706618948276172,1.0010663576186698,0.002004889400495776,1360.913269510824,5.0670225e-03,96086,1596.73817,145.03545,9.8089600e+03,1.2144104e+01,1.3684000e+03,3.7673125e+00,6.9303291e+03,1.3879742e+01,0,nan,nan,nan,nan,1596.73817,9.5676625e-04,145.03545,9.8923221e-04,-1.5774909e-03,-1.4695752e-02
0.17205078689426037,0.997854222890759,0.0020027198800438664,1360.9146584028906,5.0670262e-03,96087,1596.74424,145.02482,9.7857637e+03,1.2131188e+01,1.3647057e+03,3.7606788e+00,6.9082197e+03,1.3864980e+01,0,nan,nan,nan,nan,1596.74424,9.5831224e-04,145.02482,9.9199452e-04,6.7875409e-03,-3.0407690e-02
0.1734396784947875,0.9993275042737929,0.0020034532012560844,1360.9160472944911,5.0670295e-03,96088,1596.73908,145.03620,9.7934521e+03,1.2135866e+01,1.3676840e+03,3.7763631e+00,6.9185532e+03,1.3870325e+01,0,nan,nan,nan,nan,1596.73908,9.5634366e-04,145.03620,9.9104596e-04,5.7120982e-04,-1.4204734e-02
0.17482857056143067,1.001096157013256,0.0020050864259952774,1360.9174361865578,5.0670332e-03,96089,1596.73968,145.03102,9.8092090e+03,1.2146001e+01,1.3639586e+03,3.7608769e+00,6.9309365e+03,1.3881909e+01,0,nan,nan,nan,nan,1596.73968,9.5675542e-04,145.03102,9.8980113e-04,8.0166623e-04,-2.1578198e-02
0.1762174621628673,1.0020434546291008,0.0020053969035758205,1360.9188250781592,5.0670365e-03,96090,1596.73800,145.03532,9.8158018e+03,1.2148134e+01,1.3682953e+03,3.7676308e+00,6.9376396e+03,1.3884347e+01,0,nan,nan,nan,nan,1596.73800,9.5733843e-04,145.03532,9.8764827e-04,2.0107948e-03,-1.4093940e-02
0.1776063542299652,1.001691173298643,0.0020060338127389286,1360.9202139702263,5.0670402e-03,96091,1596.73509,145.02483,9.8119053e+03,1.2152252e+01,1.3698901e+03,3.7671227e+00,6.9353481e+03,1.3889053e+01,0,nan,nan,nan,nan,1596.73509,9.5921051e-04,145.02483,9.9073141e-04,-2.9075460e-03,-3.2412495e-02
0.17899524629615363,1.0007578053307178,0.00200513831380989,1360.9216028622925,5.0670439e-03,96092,1596.74282,145.04973,9.8142754e+03,1.2147093e+01,1.3682505e+03,3.7680092e+00,6.9290366e+03,1.3883157e+01,0,nan,nan,nan,nan,1596.74282,9.5679850e-04,145.04973,9.8721846e-04,7.5568957e-03,6.7784186e-03
0.18038413789759025,0.9998039524841059,0.002004422840932462,1360.922991753894,5.0670472e-03,96093,1596.73795,145.02320,9.8018291e+03,1.2143028e+01,1.3720541e+03,3.7719932e+00,6.9225854e+03,1.3878510e+01,0,nan,nan,nan,nan,1596.73795,9.5841207e-04,145.02320,9.8949962e-04,-1.8139657e-03,-3.0004950e-02
0.18177302996423342,0.9964842606125162,0.002001732503994013,1360.9243806459606,5.0670509e-03,96094,1596.74235,145.03532,9.7783809e+03,1.2127000e+01,1.3671936e+03,3.7612607e+00,6.8997554e+03,1.3860192e+01,0,nan,nan,nan,nan,1596.74235,9.5837552e-04,145.03532,9.9317520e-04,4.4775815e-03,-1.4849095e-02
0.18316192156498792,0.9995685931304739,0.0020032016868452678,1360.9257695375613,5.0670542e-03,96095,1596.73979,145.03129,9.8005811e+03,1.2136177e+01,1.3629419e+03,3.7616630e+00,6.9212686e+03,1.3870681e+01,0,nan,nan,nan,nan,1596.73979,9.5629727e-04,145.03129,9.8973059e-04,2.3365293e-03,-2.0867957e-02
0.1845508136323132,0.9998410322218797,0.002003499062114657,1360.9271584296287,5.0670579e-03,96096,1596.73545,145.02611,9.8001855e+03,1.2138255e+01,1.3697279e+03,3.7634404e+00,6.9233125e+03,1.3873056e+01,0,nan,nan,nan,nan,1596.73545,9.5703668e-04,145.02611,9.9000102e-04,-3.0726236e-03,-2.7210800e-02
0.18593970569850163,1.002853538974266,0.0020051239584525002,1360.9285473216949,5.0670616e-03,96097,1596.74227,145.03755,9.8186426e+03,1.2148374e+01,1.3669109e+03,3.7656980e+00,6.9443301e+03,1.3884621e+01,0,nan,nan,nan,nan,1596.74227,9.5692993e-04,145.03755,9.8922628e-04,6.5039410e-03,-1.4910796e-02
0.18732859729993825,0.9981404774529695,0.002003045841551727,1360.9299362132963,5.0670649e-03,96098,1596.73666,145.02876,9.7851074e+03,1.2136057e+01,1.3733347e+03,3.7701700e+00,6.9118496e+03,1.3870543e+01,0,nan,nan,nan,nan,1596.73666,9.5898367e-04,145.02876,9.9253643e-04,-3.0672823e-03,-2.4935385e-02
0.18871748936658142,0.9993278425229771,0.002003407087502492,1360.931325105363,5.0670686e-03,96099,1596.73931,145.02913,9.7971885e+03,1.2138515e+01,1.3667960e+03,3.7654777e+00,6.9202256e+03,1.3873353e+01,0,nan,nan,nan,nan,1596.73931,9.5810398e-04,145.02913,9.9099753e-04,-6.8299787e-04,-2.5452139e-02
0.1901063809666538,0.9990509992737964,0.0020039253211882394,1360.932713996963,5.0670719e-03,96100,1596.74108,145.03558,9.7959678e+03,1.2141919e+01,1.3649803e+03,3.7653699e+00,6.9184580e+03,1.3877244e+01,0,nan,nan,nan,nan,1596.74108,9.5689506e-04,145.03558,9.9234981e-04,2.5821258e-03,-1.4409826e-02
0.19149527303375172,1.000853676371015,0.0020048371765747698,1360.93410288903,5.0670756e-03,96101,1596.74409,145.03473,9.8073408e+03,1.2147702e+01,1.3732391e+03,3.7703557e+00,6.9310884e+03,1.3883853e+01,0,nan,nan,nan,nan,1596.74409,9.5751055e-04,145.03473,9.8992453e-04,6.8134074e-03,-1.4589706e-02
0.19288416463518834,1.0033685385664675,0.0020052027253115536,1360.9354917806315,5.0670789e-03,96102,1596.74302,145.03838,9.8249043e+03,1.2150164e+01,1.3667672e+03,3.7627676e+00,6.9486455e+03,1.3886667e+01,0,nan,nan,nan,nan,1596.74302,9.5448206e-04,145.03838,9.8817202e-04,7.3113558e-03,-1.2071339e-02
0.19427305670228626,1.002482501158799,0.002003708328248935,1360.9368806726986,5.0670826e-03,96103,1596.73518,145.03729,9.8123223e+03,1.2141345e+01,1.3650532e+03,3.7604833e+00,6.9426445e+03,1.3876588e+01,0,nan,nan,nan,nan,1596.73518,9.5629296e-04,145.03729,9.9024852e-04,-5.1919045e-03,-1.5073586e-02
0.1956619483028134,0.9979297017198017,0.002002984041030342,1360.9382695642992,5.0670858e-03,96104,1596.74763,145.03950,9.7915244e+03,1.2137177e+01,1.3674484e+03,3.7643611e+00,6.9112412e+03,1.3871823e+01,0,nan,nan,nan,nan,1596.74763,9.5816102e-04,145.03950,9.9004991e-04,1.2120822e-02,-1.1323008e-02
0.19705084036854706,1.0001877812871325,0.0020044658026477273,1360.939658456365,5.0670896e-03,96105,1596.73477,145.02632,9.8025078e+03,1.2146363e+01,1.3685081e+03,3.7788532e+00,6.9269980e+03,1.3882323e+01,0,nan,nan,nan,nan,1596.73477,9.5775106e-04,145.02632,9.9211955e-04,-6.5200841e-03,-3.0409811e-02
0.19843973196998368,0.9981461082102822,0.0020019295897817178,1360.9410473479663,5.0670928e-03,96106,1596.74373,145.03785,9.7837900e+03,1.2131185e+01,1.3690085e+03,3.7641256e+00,6.9129648e+03,1.3864974e+01,0,nan,nan,nan,nan,1596.74373,9.5874618e-04,145.03785,9.9141547e-04,6.3807028e-03,-1.2905040e-02
0.1998286240370816,0.9988831425158343,0.00200319696231368,1360.9424362400334,5.0670966e-03,96107,1596.73431,145.02474,9.7985615e+03,1.2139032e+01,1.3679497e+03,3.7650318e+00,6.9181655e+03,1.3873943e+01,0,nan,nan,nan,nan,1596.73431,9.5817010e-04,145.02474,9.9118915e-04,-6.8318103e-03,-3.3081762e-02
0.2012175161041795,1.0004725187179375,0.002003172583716244,1360.9438251321005,5.0671003e-03,96108,1596.73935,145.02554,9.7982021e+03,1.2139029e+01,1.3666077e+03,3.7662311e+00,6.9292559e+03,1.3873940e+01,0,nan,nan,nan,nan,1596.73935,9.5717702e-04,145.02554,9.9201931e-04,4.1782102e-04,-2.7989089e-02
0.2026064077051614,1.0003891086971424,0.0020021855935763947,1360.9452140237015,5.0671035e-03,96109,1596.74054,145.03419,9.7917100e+03,1.2133164e+01,1.3597313e+03,3.7696660e+00,6.9287456e+03,1.3867239e+01,0,nan,nan,nan,nan,1596.74054,9.5755211e-04,145.03419,9.9221710e-04,3.4765264e-03,-1.8970018e-02
0.20399529977089506,0.9981846009157294,0.0020026307328806906,1360.9466029157672,5.0671073e-03,96110,1596.74658,145.05959,9.7947861e+03,1.2135955e+01,1.3703446e+03,3.7643609e+00,6.9135293e+03,1.3870427e+01,0,nan,nan,nan,nan,1596.74658,9.5712399e-04,145.05959,9.8947983e-04,1.2075084e-02,1.7162381e-02
0.2053841913723317,1.0027896866568462,0.0020038590780300206,1360.9479918073687,5.0671105e-03,96111,1596.73214,145.00716,9.8097803e+03,1.2143456e+01,1.3680063e+03,3.7691810e+00,6.9454580e+03,1.3879001e+01,0,nan,nan,nan,nan,1596.73214,9.5663208e-04,145.00716,9.9149335e-04,-8.3353668e-03,-5.4741282e-02
0.2067730834394296,0.998847020989625,0.002002465846189152,1360.9493806994358,5.0671143e-03,96112,1596.73871,145.03902,9.7992178e+03,1.2135038e+01,1.3651812e+03,3.7621639e+00,6.9181646e+03,1.3869380e+01,0,nan,nan,nan,nan,1596.73871,9.5701288e-04,145.03902,9.8934863e-04,2.7654115e-03,-1.1590836e-02
0.20816197503995673,1.000928124913007,0.0020040959659142284,1360.9507695910363,5.0671175e-03,96113,1596.73810,145.03138,9.8086455e+03,1.2144902e+01,1.3690336e+03,3.7704656e+00,6.9325713e+03,1.3880653e+01,0,nan,nan,nan,nan,1596.73810,9.5775194e-04,145.03138,9.8838541e-04,-7.7585847e-04,-2.1842722e-02
0.20955086710705464,1.0031185623607561,0.0020039547662346626,1360.9521584831034,5.0671212e-03,96114,1596.74337,145.03692,9.8272686e+03,1.2143992e+01,1.3622799e+03,3.7539062e+00,6.9477100e+03,1.3879613e+01,0,nan,nan,nan,nan,1596.74337,9.5509313e-04,145.03692,9.8749739e-04,4.9350071e-03,-1.2330862e-02
0.21093975870803652,0.9970343657261073,0.0020029191892466615,1360.9535473747044,5.0671245e-03,96115,1596.73884,145.02730,9.7888125e+03,1.2137616e+01,1.3713986e+03,3.7656646e+00,6.9055142e+03,1.3872327e+01,0,nan,nan,nan,nan,1596.73884,9.5763808e-04,145.02730,9.9120289e-04,8.6459843e-04,-2.5100470e-02
0.21232865030856365,0.9997003552414448,0.002003699723791808,1360.954936266305,5.0671278e-03,96116,1596.74331,145.04100,9.8054893e+03,1.2142200e+01,1.3662837e+03,3.7682598e+00,6.9238950e+03,1.3877564e+01,0,nan,nan,nan,nan,1596.74331,9.5724809e-04,145.04100,9.8800729e-04,8.5861655e-03,-6.7806016e-03
0.21371754237588894,1.0017716874802243,0.002003600351591546,1360.9563251583722,5.0671315e-03,96117,1596.73445,145.03506,9.8157354e+03,1.2141397e+01,1.3625042e+03,3.7575343e+00,6.9381270e+03,1.3876649e+01,0,nan,nan,nan,nan,1596.73445,9.5592532e-04,145.03506,9.8831323e-04,-5.5396003e-03,-1.6383952e-02
0.21510643397664345,1.0006427220238177,0.0020032357364093856,1360.957714049973,5.0671347e-03,96118,1596.74070,145.02959,9.8024551e+03,1.2138932e+01,1.3671886e+03,3.7622414e+00,6.9301611e+03,1.3873829e+01,0,nan,nan,nan,nan,1596.74070,9.5677620e-04,145.02959,9.9106575e-04,2.5710852e-03,-2.2972399e-02
0.21649532604374136,0.9970939404695265,0.0020025339509170937,1360.95910294204,5.0671385e-03,96119,1596.73777,145.02287,9.7798145e+03,1.2134366e+01,1.3716708e+03,3.7738774e+00,6.9054043e+03,1.3868610e+01,0,nan,nan,nan,nan,1596.73777,9.5930253e-04,145.02287,9.9280081e-04,6.5585779e-04,-3.4060061e-02
0.21788421764472324,1.0024649727402595,0.00200327491447841,1360.960491833641,5.0671417e-03,96120,1596.74531,145.04680,9.8197500e+03,1.2138474e+01,1.3593068e+03,3.7578769e+00,6.9423843e+03,1.3873306e+01,0,nan,nan,nan,nan,1596.74531,9.5479947e-04,145.04680,9.8787691e-04,8.4436806e-03,-7.4274669e-04
0.21927310971091166,0.9993163612033056,0.0020032574897593356,1360.9618807257073,5.0671455e-03,96121,1596.73494,145.03194,9.7981797e+03,1.2137919e+01,1.3676877e+03,3.7641969e+00,6.9203232e+03,1.3872673e+01,0,nan,nan,nan,nan,1596.73494,9.5799414e-04,145.03194,9.9064945e-04,-4.3658125e-03,-2.2525115e-02
0.22066200131234828,0.9990223323675131,0.0020027075256496946,1360.9632696173087,5.0671487e-03,96122,1596.74182,145.03752,9.7955127e+03,1.2134067e+01,1.3677670e+03,3.7615232e+00,6.9179902e+03,1.3868269e+01,0,nan,nan,nan,nan,1596.74182,9.5710717e-04,145.03752,9.9072931e-04,3.9790915e-03,-1.1757639e-02
0.22205089337899145,1.0026549436066414,0.0020055664711532395,1360.9646585093753,5.0671524e-03,96123,1596.73878,145.03663,9.8148652e+03,1.2150788e+01,1.3713534e+03,3.7712286e+00,6.9428022e+03,1.3887381e+01,0,nan,nan,nan,nan,1596.73878,9.5777464e-04,145.03663,9.8997087e-04,1.3944666e-03,-1.4730502e-02
0.22343978498042807,0.9972481611189691,0.0020033076464166873,1360.9660474009768,5.0671557e-03,96124,1596.73709,145.02277,9.7825098e+03,1.2136421e+01,1.3720541e+03,3.7732005e+00,6.9049756e+03,1.3870960e+01,0,nan,nan,nan,nan,1596.73709,9.6034072e-04,145.02277,9.9373492e-04,-1.3094720e-03,-3.4653086e-02
0.2248286770466165,0.9984050288928321,0.002005115453160801,1360.967436293043,5.0671594e-03,96125,1596.73754,145.03876,9.7920918e+03,1.2146605e+01,1.3695029e+03,3.7721901e+00,6.9125479e+03,1.3882599e+01,0,nan,nan,nan,nan,1596.73754,9.5959060e-04,145.03876,9.9132338e-04,4.1351051e-04,-1.2339152e-02
0.22621756864668888,0.9967730770228518,0.00200218966402006,1360.968825184643,5.0671627e-03,96126,1596.74648,145.03320,9.7734990e+03,1.2128018e+01,1.3686699e+03,3.7665892e+00,6.9007583e+03,1.3861357e+01,0,nan,nan,nan,nan,1596.74648,9.5925393e-04,145.03320,9.9369150e-04,7.7233822e-03,-1.6529031e-02
0.2276064602481255,0.9999814373853076,0.0020048073443049473,1360.9702140762445,5.0671659e-03,96127,1596.74103,145.03449,9.8023125e+03,1.2142914e+01,1.3649695e+03,3.7683349e+00,6.9224229e+03,1.3878380e+01,0,nan,nan,nan,nan,1596.74103,9.5774612e-04,145.03449,9.8950334e-04,3.6186564e-03,-1.4391799e-02
0.22899535231522342,1.0035497942384013,0.002005974086669211,1360.9716029683116,5.0671697e-03,96128,1596.73614,145.03215,9.8207627e+03,1.2148915e+01,1.3711271e+03,3.7633414e+00,6.9465161e+03,1.3885240e+01,0,nan,nan,nan,nan,1596.73614,9.5682836e-04,145.03215,9.8834804e-04,-3.2167800e-03,-2.0765403e-02
0.23038424391666004,0.9994418949995411,0.0020053918695850117,1360.972991859913,5.0671729e-03,96129,1596.73796,145.02832,9.7887012e+03,1.2144215e+01,1.3702008e+03,3.7757192e+00,6.9174116e+03,1.3879868e+01,0,nan,nan,nan,nan,1596.73796,9.6003007e-04,145.02832,9.9188881e-04,-1.2803449e-03,-2.4261244e-02
0.2317731359833032,1.000490904246945,0.002005530883924276,1360.9743807519797,5.0671767e-03,96130,1596.73988,145.03413,9.8028018e+03,1.2143767e+01,1.3676384e+03,3.7672486e+00,6.9239365e+03,1.3879356e+01,0,nan,nan,nan,nan,1596.73988,9.5779280e-04,145.03413,9.9022931e-04,3.2719173e-03,-1.7607208e-02
0.2331620275833756,0.9997957450820216,0.0020042249942272615,1360.9757696435797,5.0671799e-03,96131,1596.73991,145.03947,9.7918906e+03,1.2134449e+01,1.3660669e+03,3.7652395e+00,6.9183218e+03,1.3868706e+01,0,nan,nan,nan,nan,1596.73991,9.5800235e-04,145.03947,9.9200231e-04,3.1001335e-03,-1.2991847e-02
0.23455091918481222,0.9988228815725131,0.0020049368952179867,1360.9771585351812,5.0671832e-03,96132,1596.73801,145.02773,9.7912578e+03,1.2137219e+01,1.3740751e+03,3.7655802e+00,6.9107134e+03,1.3871873e+01,0,nan,nan,nan,nan,1596.73801,9.5703232e-04,145.02773,9.9121896e-04,-2.0108870e-03,-2.6508484e-02
0.23593981125191013,1.0008434963118256,0.002005412013138206,1360.9785474272483,5.0671869e-03,96133,1596.74476,145.03998,9.8050049e+03,1.2138422e+01,1.3630846e+03,3.7615416e+00,6.9237393e+03,1.3873247e+01,0,nan,nan,nan,nan,1596.74476,9.5587957e-04,145.03998,9.8929927e-04,7.5830570e-03,-9.1701644e-03
0.23732870285334676,0.9999187311772544,0.0020042251108136986,1360.9799363188497,5.0671902e-03,96134,1596.74167,145.03290,9.7824150e+03,1.2129423e+01,1.3658533e+03,3.7654004e+00,6.9163071e+03,1.3862962e+01,0,nan,nan,nan,nan,1596.74167,9.6007320e-04,145.03290,9.9344668e-04,2.8304798e-03,-2.2763245e-02
0.23871759491953518,1.0009591710516101,0.0020060797466563184,1360.9813252109159,5.0671939e-03,96135,1596.73596,145.03138,9.7981143e+03,1.2138682e+01,1.3628971e+03,3.7613182e+00,6.9223838e+03,1.3873546e+01,0,nan,nan,nan,nan,1596.73596,9.5769187e-04,145.03138,9.9181698e-04,-3.4061123e-03,-2.2731202e-02
