time,flux,flux_err,time_original,timecorr,cadenceno,centroid_col,centroid_row,sap_flux,sap_flux_err,sap_bkg,sap_bkg_err,pdcsap_flux,pdcsap_flux_err,quality,psf_centr1,psf_centr1_err,psf_centr2,psf_centr2_err,mom_centr1,mom_centr1_err,mom_centr2,mom_centr2_err,pos_corr1,pos_corr2
-0.22310688205584484,1.0015698263848634,0.0027478169398326637,1369.682309382082,4.6478542e-03,102400,1154.91870,1053.98078,2.5147192e+03,6.8526092e+00,8.3301489e+02,2.5759983e+00,3.0236260e+03,8.2953482e+00,0,nan,nan,nan,nan,1154.91870,1.8142528e-03,1053.98078,1.7937104e-03,-8.3386209e-03,-1.2038339e-04
-0.22171801653462353,1.0017310441629539,0.0027488506359379496,1369.6836982476032,4.6478314e-03,102401,1154.91357,1053.97465,2.5144241e+03,6.8548298e+00,8.3425580e+02,2.5800130e+00,3.0239553e+03,8.2980366e+00,0,nan,nan,nan,nan,1154.91357,1.8183899e-03,1053.97465,1.7971975e-03,-1.4694084e-02,-6.0570450e-03
-0.22032915101294748,1.0006248458403009,0.002750960346199941,1369.6850871131248,4.6478086e-03,102402,1154.92390,1053.98204,2.5123687e+03,6.8597741e+00,8.3289905e+02,2.5838757e+00,3.0204766e+03,8.3040218e+00,0,nan,nan,nan,nan,1154.92390,1.8196623e-03,1053.98204,1.7978563e-03,-2.6263949e-03,1.7386097e-03
-0.21894028549218092,1.0023772231639432,0.002748998364936426,1369.6864759786456,4.6477858e-03,102403,1154.91494,1053.97728,2.5163198e+03,6.8546033e+00,8.3460144e+02,2.5784245e+00,3.0256431e+03,8.2977619e+00,0,nan,nan,nan,nan,1154.91494,1.8180764e-03,1053.97728,1.7937946e-03,-8.1016170e-03,-5.8577610e-03
-0.21755141950484358,0.9952644873526815,0.0027459163098830387,1369.687864844633,4.6477634e-03,102404,1154.92086,1053.97869,2.4988647e+03,6.8466744e+00,8.3352924e+02,2.5816920e+00,3.0040664e+03,8.2881641e+00,0,nan,nan,nan,nan,1154.92086,1.8265668e-03,1053.97869,1.8018570e-03,-7.8207618e-03,-1.5887759e-03
-0.21616255398316753,1.000228796331919,0.002747384131133547,1369.6892537101546,4.6477406e-03,102405,1154.91727,1053.97971,2.5105784e+03,6.8501239e+00,8.3411407e+02,2.5806036e+00,3.0189578e+03,8.2923393e+00,0,nan,nan,nan,nan,1154.91727,1.8193900e-03,1053.97971,1.7951954e-03,-1.2449422e-02,-3.7890151e-03
-0.2147736889276075,1.001595070218726,0.002749253111154278,1369.6906425752102,4.6477173e-03,102406,1154.91646,1053.97624,2.5142424e+03,6.8546038e+00,8.3318555e+02,2.5801249e+00,3.0230022e+03,8.2977629e+00,0,nan,nan,nan,nan,1154.91646,1.8151983e-03,1053.97624,1.7944197e-03,-6.9436342e-03,-7.7402266e-03
-0.21338482340684095,0.9979931902327112,0.0027458849469554057,1369.692031440731,4.6476945e-03,102407,1154.92506,1053.98434,2.5053210e+03,6.8460550e+00,8.3391522e+02,2.5775216e+00,3.0120647e+03,8.2874136e+00,0,nan,nan,nan,nan,1154.92506,1.8222454e-03,1053.98434,1.7972157e-03,-1.5101538e-03,2.9608831e-03
-0.2119959578860744,1.0000631052480569,0.002749731531307435,1369.6934203062517,4.6476717e-03,102408,1154.91301,1053.97855,2.5101350e+03,6.8555207e+00,8.3457941e+02,2.5781164e+00,3.0182571e+03,8.2988729e+00,0,nan,nan,nan,nan,1154.91301,1.8196537e-03,1053.97855,1.7960855e-03,-1.2612290e-02,-2.0100421e-03
-0.21060709236439834,0.9968117106132518,0.00274836707667841,1369.6948091717734,4.6476489e-03,102409,1154.91934,1053.97441,2.5022312e+03,6.8520188e+00,8.3350305e+02,2.5835295e+00,3.0084004e+03,8.2946339e+00,0,nan,nan,nan,nan,1154.91934,1.8209256e-03,1053.97441,1.8022348e-03,-6.5538269e-03,-6.5996526e-03
-0.2092182268427223,1.0029286638314583,0.0027494455599411825,1369.696198037295,4.6476261e-03,102410,1154.92114,1053.98180,2.5171995e+03,6.8546314e+00,8.3301422e+02,2.5821989e+00,3.0268276e+03,8.2977962e+00,0,nan,nan,nan,nan,1154.92114,1.8142526e-03,1053.98180,1.7940578e-03,-6.6729211e-03,1.0834495e-03
-0.20782936132150098,0.9964951531098035,0.002745902003519932,1369.6975869028163,4.6476033e-03,102411,1154.91754,1053.97792,2.5018018e+03,6.8457413e+00,8.3487677e+02,2.5841734e+00,3.0073870e+03,8.2870350e+00,0,nan,nan,nan,nan,1154.91754,1.8225200e-03,1053.97792,1.7983493e-03,-9.5211016e-03,-4.4255708e-03
-0.20644049579982493,0.9972849888004337,0.002745871276710918,1369.698975768338,4.6475804e-03,102412,1154.91968,1053.98051,2.5014187e+03,6.8456292e+00,8.3276007e+02,2.5805314e+00,3.0097549e+03,8.2868986e+00,0,nan,nan,nan,nan,1154.91968,1.8257336e-03,1053.98051,1.8014816e-03,-5.3630997e-03,-3.2419947e-03
-0.20505163027905837,1.0015348810065734,0.002747979644907318,1369.7003646338587,4.6475576e-03,102413,1154.91996,1053.98102,2.5128135e+03,6.8508668e+00,8.3209625e+02,2.5751934e+00,3.0225730e+03,8.2932396e+00,0,nan,nan,nan,nan,1154.91996,1.8135831e-03,1053.98102,1.7940225e-03,-4.6833996e-03,-8.6470594e-04
-0.20366276475783707,0.9999510425060743,0.0027496184533779963,1369.70175349938,4.6475348e-03,102414,1154.91890,1053.97592,2.5099617e+03,6.8549514e+00,8.3751422e+02,2.5848336e+00,3.0177922e+03,8.2981834e+00,0,nan,nan,nan,nan,1154.91890,1.8189619e-03,1053.97592,1.7978406e-03,-6.5611894e-03,-3.6636603e-03
-0.20227389923616101,1.0023459764108156,0.0027493817375134496,1369.7031423649016,4.6475120e-03,102415,1154.91818,1053.97983,2.5163923e+03,6.8543739e+00,8.3418420e+02,2.5811999e+00,3.0250256e+03,8.2974844e+00,0,nan,nan,nan,nan,1154.91818,1.8165167e-03,1053.97983,1.7915328e-03,-4.7733006e-03,-1.3760766e-03
-0.20088503371539446,0.996483993147706,0.002745993602983548,1369.7045312304224,4.6474892e-03,102416,1154.91893,1053.97913,2.5016206e+03,6.8459525e+00,8.3421808e+02,2.5845530e+00,3.0073459e+03,8.2872906e+00,0,nan,nan,nan,nan,1154.91893,1.8201820e-03,1053.97913,1.7976258e-03,-4.2631463e-03,-1.2871996e-03
-0.1994961681937184,0.9984241340154109,0.002750501982968172,1369.705920095944,4.6474664e-03,102417,1154.91724,1053.97974,2.5059543e+03,6.8572311e+00,8.3521313e+02,2.5859220e+00,3.0132180e+03,8.3009434e+00,0,nan,nan,nan,nan,1154.91724,1.8264251e-03,1053.97974,1.7999200e-03,-7.3685665e-03,-2.7528170e-03
-0.19810730267204235,1.004336704764355,0.0027516175460880984,1369.7073089614657,4.6474435e-03,102418,1154.92357,1053.98042,2.5208152e+03,6.8600621e+00,8.3439307e+02,2.5791869e+00,3.0310837e+03,8.3043699e+00,0,nan,nan,nan,nan,1154.92357,1.8122188e-03,1053.98042,1.7905111e-03,-4.1483934e-03,-2.6039269e-03
-0.19671843715104842,1.0011819320049873,0.0027485544182553638,1369.7086978269867,4.6474207e-03,102419,1154.92240,1053.97976,2.5126372e+03,6.8524828e+00,8.2943671e+02,2.5822275e+00,3.0215886e+03,8.2951956e+00,0,nan,nan,nan,nan,1154.92240,1.8170400e-03,1053.97976,1.7925004e-03,-3.8298196e-03,-2.4068617e-04
-0.1953295716300545,0.996416587129986,0.0027428013646400716,1369.7100866925077,4.6473979e-03,102420,1154.91690,1053.97801,2.5013196e+03,6.8382072e+00,8.3264520e+02,2.5778019e+00,3.0072358e+03,8.2779140e+00,0,nan,nan,nan,nan,1154.91690,1.8209320e-03,1053.97801,1.7971111e-03,-4.0495158e-03,-4.2894990e-03
-0.19394070610928793,0.9967289225136663,0.0027462590649792356,1369.7114755580285,4.6473751e-03,102421,1154.91774,1053.98631,2.5015491e+03,6.8469014e+00,8.3660968e+02,2.5834100e+00,3.0082109e+03,8.2884388e+00,0,nan,nan,nan,nan,1154.91774,1.8244807e-03,1053.98631,1.7979712e-03,-8.7456368e-03,6.0790055e-03
-0.19255184105327317,1.0020669906153847,0.0027473843271864826,1369.7128644230845,4.6473518e-03,102422,1154.91364,1053.96610,2.5147688e+03,6.8497858e+00,8.3029901e+02,2.5778744e+00,3.0243569e+03,8.2919312e+00,0,nan,nan,nan,nan,1154.91364,1.8139508e-03,1053.96610,1.7926035e-03,-1.2550045e-02,-2.0248929e-02
-0.1911629755315971,1.0034580866111658,0.002747977992134869,1369.7142532886062,4.6473290e-03,102423,1154.92304,1053.97946,2.5186672e+03,6.8513517e+00,8.2912640e+02,2.5727673e+00,3.0285933e+03,8.2938261e+00,0,nan,nan,nan,nan,1154.92304,1.8121364e-03,1053.97946,1.7880159e-03,-2.4290329e-03,1.5761958e-03
-0.1897741100103758,0.9993928546171303,0.0027485050880748214,1369.7156421541274,4.6473062e-03,102424,1154.91870,1053.97769,2.5085962e+03,6.8527541e+00,8.3221655e+02,2.5774293e+00,3.0163625e+03,8.2955246e+00,0,nan,nan,nan,nan,1154.91870,1.8202720e-03,1053.97769,1.7972429e-03,-4.3930658e-03,-3.9538485e-03
-0.18838524448869975,1.0031567276786348,0.002752090346732791,1369.717031019649,4.6472833e-03,102425,1154.91917,1053.98431,2.5179258e+03,6.8617864e+00,8.3445221e+02,2.5804529e+00,3.0277637e+03,8.3064575e+00,0,nan,nan,nan,nan,1154.91917,1.8167481e-03,1053.98431,1.7925273e-03,-4.4152224e-03,3.8157823e-03
-0.1869963789679332,1.0001280947126208,0.002749679988388624,1369.7184198851699,4.6472605e-03,102426,1154.91155,1053.97101,2.5094829e+03,6.8558717e+00,8.3426080e+02,2.5876341e+00,3.0186641e+03,8.2992973e+00,0,nan,nan,nan,nan,1154.91155,1.8203426e-03,1053.97101,1.7973646e-03,-1.5867183e-02,-1.4500012e-02
-0.1856075134476214,1.001938597435672,0.0027496877351928335,1369.7198087506902,4.6472377e-03,102427,1154.92139,1053.98922,2.5146995e+03,6.8559866e+00,8.3536017e+02,2.5838795e+00,3.0241711e+03,8.2994366e+00,0,nan,nan,nan,nan,1154.92139,1.8161314e-03,1053.98922,1.7950896e-03,-3.6651015e-03,8.3928918e-03
-0.18421864792594533,0.9961513075029348,0.0027448737758706864,1369.7211976162118,4.6472149e-03,102428,1154.92070,1053.97519,2.5002112e+03,6.8440804e+00,8.3378510e+02,2.5782981e+00,3.0067456e+03,8.2850237e+00,0,nan,nan,nan,nan,1154.92070,1.8265959e-03,1053.97519,1.8032012e-03,-4.4325897e-03,-7.4164639e-03
-0.18282978286993057,0.9986004502878855,0.0027457450847307853,1369.7225864812679,4.6471916e-03,102429,1154.91487,1053.97606,2.5071799e+03,6.8463497e+00,8.3477411e+02,2.5797694e+00,3.0141807e+03,8.2877712e+00,0,nan,nan,nan,nan,1154.91487,1.8194481e-03,1053.97606,1.7980696e-03,-7.5660641e-03,-5.7554804e-03
-0.18144091734825452,1.0003849088645373,0.0027482418589779125,1369.7239753467895,4.6471688e-03,102430,1154.91470,1053.97537,2.5104451e+03,6.8526716e+00,8.3402203e+02,2.5768142e+00,3.0196091e+03,8.2954235e+00,0,nan,nan,nan,nan,1154.91470,1.8215787e-03,1053.97537,1.7959470e-03,-1.1844511e-02,-5.3538829e-03
-0.18005205182657846,1.0003405537504304,0.002748044418140957,1369.7253642123112,4.6471460e-03,102431,1154.91645,1053.96606,2.5085674e+03,6.8522744e+00,8.3170459e+02,2.5830193e+00,3.0195171e+03,8.2949429e+00,0,nan,nan,nan,nan,1154.91645,1.8222780e-03,1053.96606,1.8017614e-03,-1.2653818e-02,-1.8623769e-02
-0.1786631863058119,1.0006060350445805,0.0027461639097647707,1369.726753077832,4.6471232e-03,102432,1154.92175,1053.98834,2.5122981e+03,6.8476782e+00,8.3092999e+02,2.5743403e+00,3.0203596e+03,8.2893791e+00,0,nan,nan,nan,nan,1154.92175,1.8140342e-03,1053.98834,1.7927972e-03,-3.1477611e-03,6.7186905e-03
-0.1772743207845906,1.0010018055940733,0.0027491722492613622,1369.7281419433532,4.6471003e-03,102433,1154.92527,1053.98431,2.5128760e+03,6.8552704e+00,8.3240192e+02,2.5788167e+00,3.0215945e+03,8.2985697e+00,0,nan,nan,nan,nan,1154.92527,1.8167226e-03,1053.98431,1.7950974e-03,-8.0257864e-04,6.5064272e-03
-0.17588545526382404,0.9951287151494327,0.002744145960016124,1369.729530808874,4.6470775e-03,102434,1154.91566,1053.97340,2.4983530e+03,6.8428245e+00,8.3715863e+02,2.5806808e+00,3.0039043e+03,8.2835035e+00,0,nan,nan,nan,nan,1154.91566,1.8234634e-03,1053.97340,1.8044701e-03,-1.2217055e-02,-9.1756256e-03
-0.17449659020826402,1.0032547615609093,0.002748560663062946,1369.7309196739295,4.6470542e-03,102435,1154.92101,1053.98590,2.5185198e+03,6.8539181e+00,8.3196436e+02,2.5761778e+00,3.0284712e+03,8.2969322e+00,0,nan,nan,nan,nan,1154.92101,1.8142554e-03,1053.98590,1.7893675e-03,-6.8691955e-03,2.2279092e-03
-0.17310772468658797,1.0031849530930672,0.0027525917922934756,1369.7323085394512,4.6470314e-03,102436,1154.91228,1053.97534,2.5172024e+03,6.8640499e+00,8.3689075e+02,2.5825920e+00,3.0282957e+03,8.3091984e+00,0,nan,nan,nan,nan,1154.91228,1.8196044e-03,1053.97534,1.7945580e-03,-1.9492636e-02,-4.9641440e-03
-0.17171885916491192,1.0042823649061845,0.002751484983967248,1369.7336974049729,4.6470086e-03,102437,1154.92975,1053.97249,2.5210576e+03,6.8613663e+00,8.3353955e+02,2.5820303e+00,3.0316423e+03,8.3059492e+00,0,nan,nan,nan,nan,1154.92975,1.8107842e-03,1053.97249,1.7920000e-03,4.8607853e-03,-8.8127013e-03
-0.17032999364323587,0.999073797255305,0.002745743939508859,1369.7350862704945,4.6469858e-03,102438,1154.92297,1053.98001,2.5080549e+03,6.8471222e+00,8.3272668e+02,2.5758507e+00,3.0159509e+03,8.2887058e+00,0,nan,nan,nan,nan,1154.92297,1.8194752e-03,1053.98001,1.7970732e-03,-1.1059397e-03,-3.6522180e-03
-0.1689411285872211,1.0014503101686474,0.0027504080402902123,1369.7364751355506,4.6469625e-03,102439,1154.91914,1053.97762,2.5143960e+03,6.8588200e+00,8.2905182e+02,2.5746715e+00,3.0231543e+03,8.3028669e+00,0,nan,nan,nan,nan,1154.91914,1.8205438e-03,1053.97762,1.7969335e-03,-8.1207678e-03,-4.4550365e-03
-0.1675522630669093,0.9965719938741949,0.0027452813033763106,1369.7378640010709,4.6469397e-03,102440,1154.91790,1053.97812,2.5022378e+03,6.8460970e+00,8.3570093e+02,2.5845118e+00,3.0084551e+03,8.2874651e+00,0,nan,nan,nan,nan,1154.91790,1.8218643e-03,1053.97812,1.7982856e-03,-5.3974269e-03,-4.9048089e-03
-0.16616339754614273,0.9991687586326763,0.002748111250509368,1369.7392528665916,4.6469169e-03,102441,1154.92272,1053.97890,2.5086912e+03,6.8532109e+00,8.3631061e+02,2.5853686e+00,3.0163193e+03,8.2960768e+00,0,nan,nan,nan,nan,1154.92272,1.8208297e-03,1053.97890,1.7970308e-03,-2.1887105e-03,-1.8081118e-03
-0.16477453202446668,1.0014245633866639,0.002747345410020233,1369.7406417321133,4.6468941e-03,102442,1154.91931,1053.98063,2.5143499e+03,6.8513517e+00,8.3304810e+02,2.5783300e+00,3.0231514e+03,8.2938261e+00,0,nan,nan,nan,nan,1154.91931,1.8148622e-03,1053.98063,1.7905906e-03,-6.8003088e-03,-1.5972492e-03
-0.1633856669693614,0.9972965856687056,0.002745327479603564,1369.7420305971684,4.6468708e-03,102443,1154.92306,1053.98109,2.5037861e+03,6.8463635e+00,8.3585590e+02,2.5809526e+00,3.0107092e+03,8.2877884e+00,0,nan,nan,nan,nan,1154.92306,1.8199569e-03,1053.98109,1.7977221e-03,-1.4150902e-03,-1.1695864e-03
-0.16199680144768536,0.9993997691581008,0.0027457360104847523,1369.74341946269,4.6468480e-03,102444,1154.91609,1053.97601,2.5091118e+03,6.8474216e+00,8.3597858e+02,2.5755296e+00,3.0170757e+03,8.2890682e+00,0,nan,nan,nan,nan,1154.91609,1.8181799e-03,1053.97601,1.7959517e-03,-1.1297124e-02,-6.5463288e-03
-0.1606079359260093,1.0021358730048469,0.002749004137325251,1369.7448083282118,4.6468251e-03,102445,1154.92649,1053.98158,2.5161353e+03,6.8556042e+00,8.2921637e+02,2.5755887e+00,3.0253499e+03,8.2989740e+00,0,nan,nan,nan,nan,1154.92649,1.8173128e-03,1053.98158,1.7918122e-03,3.6109323e-03,-3.1062879e-03
-0.159219070404788,1.0043510105322713,0.0027480813631763,1369.746197193733,4.6468023e-03,102446,1154.91832,1053.97979,2.5217131e+03,6.8533292e+00,8.3114716e+02,2.5713704e+00,3.0320486e+03,8.2962198e+00,0,nan,nan,nan,nan,1154.91832,1.8144734e-03,1053.97979,1.7897863e-03,-7.9504950e-03,9.4743120e-04
-0.15783020534968273,0.9999164009226396,0.0027470544146988452,1369.747586058788,4.6467790e-03,102447,1154.92097,1053.97808,2.5107310e+03,6.8507872e+00,8.3425201e+02,2.5799553e+00,3.0186697e+03,8.2931433e+00,0,nan,nan,nan,nan,1154.92097,1.8175495e-03,1053.97808,1.7922821e-03,-4.8153284e-03,-3.5785581e-03
-0.15644133982846142,1.0013982641207075,0.002748013042210416,1369.7489749243093,4.6467562e-03,102448,1154.91390,1053.96976,2.5126943e+03,6.8531919e+00,8.3437946e+02,2.5802541e+00,3.0231489e+03,8.2960529e+00,0,nan,nan,nan,nan,1154.91390,1.8205569e-03,1053.96976,1.7970243e-03,-1.5349651e-02,-1.5310661e-02
-0.15505247430678537,0.9956700917887523,0.00274403843819735,1369.750363789831,4.6467334e-03,102449,1154.92179,1053.97987,2.4998401e+03,6.8432856e+00,8.3244788e+02,2.5778739e+00,3.0058591e+03,8.2840624e+00,0,nan,nan,nan,nan,1154.92179,1.8231277e-03,1053.97987,1.7981996e-03,-5.5998019e-03,-4.7572641e-04
-0.1536636092507706,0.9980023607228957,0.0027454408140665334,1369.751752654887,4.6467101e-03,102450,1154.92681,1053.98348,2.5058892e+03,6.8467836e+00,8.3238611e+02,2.5770772e+00,3.0129001e+03,8.2882957e+00,0,nan,nan,nan,nan,1154.92681,1.8162876e-03,1053.98348,1.7953329e-03,1.4411246e-03,3.9073168e-03
-0.15227474373000405,1.000224125627342,0.0027472438335932586,1369.7531415204078,4.6466873e-03,102451,1154.92011,1053.97974,2.5117898e+03,6.8512726e+00,8.3458453e+02,2.5810320e+00,3.0196045e+03,8.2937307e+00,0,nan,nan,nan,nan,1154.92011,1.8174364e-03,1053.97974,1.7947854e-03,-3.4353503e-03,-2.7436106e-03
-0.150885878208328,0.9997873191344121,0.0027495786900042104,1369.7545303859295,4.6466645e-03,102452,1154.92197,1053.97942,2.5097488e+03,6.8570828e+00,8.3404230e+02,2.5786922e+00,3.0182800e+03,8.3007641e+00,0,nan,nan,nan,nan,1154.92197,1.8205637e-03,1053.97942,1.7992987e-03,-3.7698844e-03,-1.2717772e-03
-0.14949701315299535,0.9972641089897235,0.0027461964266554326,1369.7559192509848,4.6466412e-03,102453,1154.91896,1053.97369,2.5039431e+03,6.8486280e+00,8.3616248e+02,2.5839586e+00,3.0106538e+03,8.2905293e+00,0,nan,nan,nan,nan,1154.91896,1.8244674e-03,1053.97369,1.7987347e-03,-6.9723027e-03,-4.5963903e-03
-0.14810814763200142,0.9958277407501511,0.0027483409449453886,1369.7573081165058,4.6466184e-03,102454,1154.92158,1053.97579,2.4999978e+03,6.8539500e+00,8.3890045e+02,2.5847359e+00,3.0063062e+03,8.2969713e+00,0,nan,nan,nan,nan,1154.92158,1.8255254e-03,1053.97579,1.8049909e-03,-5.9130508e-03,-1.9517354e-03
-0.14671928211032537,1.0012933960976047,0.0027474616253430075,1369.7586969820275,4.6465956e-03,102455,1154.92166,1053.97567,2.5142163e+03,6.8517246e+00,8.3322711e+02,2.5773823e+00,3.0227917e+03,8.2942772e+00,0,nan,nan,nan,nan,1154.92166,1.8161804e-03,1053.97567,1.7928734e-03,-4.2117317e-03,-7.5375643e-03
-0.1453304170552201,0.9995397379084505,0.0027426830828087938,1369.7600858470826,4.6465723e-03,102456,1154.91815,1053.97904,2.5091821e+03,6.8397675e+00,8.2995233e+02,2.5700703e+00,3.0174805e+03,8.2798033e+00,0,nan,nan,nan,nan,1154.91815,1.8202211e-03,1053.97904,1.7935229e-03,-9.6791126e-03,-4.8562419e-03
-0.14394155153354404,1.000706398371727,0.00275103463385425,1369.7614747126042,4.6465495e-03,102457,1154.91303,1053.96739,2.5123906e+03,6.8605494e+00,8.3498462e+02,2.5833511e+00,3.0209822e+03,8.3049603e+00,0,nan,nan,nan,nan,1154.91303,1.8211945e-03,1053.96739,1.7996739e-03,-1.3176191e-02,-1.4362181e-02
-0.142552686011868,1.0036463944332084,0.0027483373801693617,1369.762863578126,4.6465266e-03,102458,1154.92027,1053.98563,2.5189500e+03,6.8537707e+00,8.3057373e+02,2.5756445e+00,3.0298347e+03,8.2967548e+00,0,nan,nan,nan,nan,1154.92027,1.8162838e-03,1053.98563,1.7917083e-03,-5.4199290e-03,3.8814771e-03
-0.14116382095630797,1.0032712682990506,0.002748439486492524,1369.7642524431815,4.6465034e-03,102459,1154.91859,1053.97478,2.5186797e+03,6.8539681e+00,8.3319977e+02,2.5758710e+00,3.0286768e+03,8.2969933e+00,0,nan,nan,nan,nan,1154.91859,1.8153313e-03,1053.97478,1.7919084e-03,-6.6993129e-03,-6.2977108e-03
-0.13977495543554141,1.005610101003564,0.0027522956295556004,1369.7656413087022,4.6464805e-03,102460,1154.91815,1053.97841,2.5241611e+03,6.8635201e+00,8.3555298e+02,2.5766866e+00,3.0357090e+03,8.3085566e+00,0,nan,nan,nan,nan,1154.91815,1.8123774e-03,1053.97841,1.7919497e-03,-3.7701719e-03,-3.8941323e-03
-0.1383860899143201,1.000375371246326,0.0027483060857478527,1369.7670301742235,4.6464577e-03,102461,1154.92307,1053.98481,2.5112642e+03,6.8535013e+00,8.3259680e+02,2.5846047e+00,3.0198755e+03,8.2964287e+00,0,nan,nan,nan,nan,1154.92307,1.8176648e-03,1053.98481,1.7959144e-03,-2.2689411e-03,2.4879973e-03
-0.13699722485830534,1.0000147836623319,0.0027462883367643316,1369.7684190392795,4.6464344e-03,102462,1154.91261,1053.97015,2.5082900e+03,6.8483944e+00,8.3024646e+02,2.5811679e+00,3.0187537e+03,8.2902460e+00,0,nan,nan,nan,nan,1154.91261,1.8214277e-03,1053.97015,1.8022030e-03,-1.3343291e-02,-1.3516562e-02
-0.1356083593366293,0.998625994235353,0.0027480052028685848,1369.7698079048012,4.6464116e-03,102463,1154.91967,1053.97718,2.5068376e+03,6.8525949e+00,8.3451196e+02,2.5850914e+00,3.0145259e+03,8.2953310e+00,0,nan,nan,nan,nan,1154.91967,1.8215332e-03,1053.97718,1.7996012e-03,-5.6630573e-03,-4.4176825e-03
-0.13421949428152402,0.99816595424517,0.0027475452252693814,1369.7711967698563,4.6463883e-03,102464,1154.92295,1053.98451,2.5060403e+03,6.8513613e+00,8.3794562e+02,2.5819731e+00,3.0130994e+03,8.2938375e+00,0,nan,nan,nan,nan,1154.92295,1.8190061e-03,1053.98451,1.7993377e-03,1.4795291e-03,5.3924639e-03
-0.13283062875984797,0.9957010713377032,0.002745914372258445,1369.772585635378,4.6463655e-03,102465,1154.90975,1053.96481,2.4992493e+03,6.8472033e+00,8.3466583e+02,2.5793936e+00,3.0056187e+03,8.2888041e+00,0,nan,nan,nan,nan,1154.90975,1.8275870e-03,1053.96481,1.8035485e-03,-1.7942691e-02,-1.5342640e-02
-0.13144176323817192,0.998669552345587,0.0027474187963018614,1369.7739745008996,4.6463427e-03,102466,1154.92980,1053.97931,2.5071743e+03,6.8508587e+00,8.3491974e+02,2.5831175e+00,3.0145369e+03,8.2932291e+00,0,nan,nan,nan,nan,1154.92980,1.8211594e-03,1053.97931,1.7975734e-03,4.2913794e-03,1.9239960e-05
-0.1300528981835214,1.0012388371253336,0.0027489505200172263,1369.7753633659543,4.6463194e-03,102467,1154.91755,1053.98085,2.5138027e+03,6.8545775e+00,8.3354236e+02,2.5843775e+00,3.0222478e+03,8.2977304e+00,0,nan,nan,nan,nan,1154.91755,1.8160464e-03,1053.98085,1.7924459e-03,-5.4240106e-03,-3.0200046e-03
-0.12866403266275483,0.9997046180303198,0.00274435658336428,1369.776752231475,4.6462966e-03,102468,1154.92153,1053.97340,2.5097747e+03,6.8430157e+00,8.3111896e+02,2.5733650e+00,3.0175703e+03,8.2837353e+00,0,nan,nan,nan,nan,1154.92153,1.8205661e-03,1053.97340,1.7958169e-03,-6.2190583e-03,-1.0119965e-02
-0.12727516760674007,1.0005293157633912,0.0027481636203403907,1369.778141096531,4.6462733e-03,102469,1154.92183,1053.98406,2.5117275e+03,6.8523998e+00,8.3384283e+02,2.5770373e+00,3.0200112e+03,8.2950945e+00,0,nan,nan,nan,nan,1154.92183,1.8179782e-03,1053.98406,1.7967937e-03,-2.3462602e-03,2.4199479e-03
-0.12588630208506402,1.0019400915374712,0.0027503040993149637,1369.7795299620527,4.6462505e-03,102470,1154.92397,1053.97378,2.5154949e+03,6.8576226e+00,8.3665662e+02,2.5850303e+00,3.0242195e+03,8.3014174e+00,0,nan,nan,nan,nan,1154.92397,1.8173871e-03,1053.97378,1.7944576e-03,-4.7904276e-03,-7.7912533e-03
-0.12449743702904925,0.9974979630791512,0.0027493258662903792,1369.7809188271087,4.6462272e-03,102471,1154.91746,1053.98309,2.5030767e+03,6.8550653e+00,8.3704797e+02,2.5841508e+00,3.0107595e+03,8.2983217e+00,0,nan,nan,nan,nan,1154.91746,1.8240713e-03,1053.98309,1.8017375e-03,-7.4260393e-03,-2.3636108e-03
-0.12310857150782795,0.9973945594701032,0.0027480210068419626,1369.78230769263,4.6462044e-03,102472,1154.92479,1053.96867,2.5035007e+03,6.8516903e+00,8.3394836e+02,2.5784352e+00,3.0103940e+03,8.2942362e+00,0,nan,nan,nan,nan,1154.92479,1.8255933e-03,1053.96867,1.8005307e-03,-2.4359068e-03,-1.2289505e-02
-0.12171970645272268,1.0017311516536538,0.002748609686239533,1369.783696557685,4.6461811e-03,102473,1154.92425,1053.99078,2.5143423e+03,6.8530331e+00,8.3280829e+02,2.5780370e+00,3.0234280e+03,8.2958612e+00,0,nan,nan,nan,nan,1154.92425,1.8131228e-03,1053.99078,1.7938095e-03,2.6228293e-03,1.4044909e-02
-0.12033084093150137,0.9971900767369157,0.002746470720266573,1369.7850854232063,4.6461583e-03,102474,1154.91780,1053.98005,2.5029521e+03,6.8475728e+00,8.3420844e+02,2.5780170e+00,3.0096658e+03,8.2892513e+00,0,nan,nan,nan,nan,1154.91780,1.8265571e-03,1053.98005,1.8010091e-03,-8.2257744e-03,-1.4104907e-03
-0.1189419758763961,1.0034012734803972,0.002752827594335598,1369.7864742882614,4.6461350e-03,102475,1154.91491,1053.96371,2.5177869e+03,6.8632903e+00,8.3613666e+02,2.5935149e+00,3.0283542e+03,8.3082781e+00,0,nan,nan,nan,nan,1154.91491,1.8154557e-03,1053.96371,1.7951168e-03,-1.1273077e-02,-1.8452674e-02
-0.11755311035472005,1.0029623011949098,0.002755011839909942,1369.787863153783,4.6461122e-03,102476,1154.92809,1053.98067,2.5172390e+03,6.8686028e+00,8.3640710e+02,2.5813980e+00,3.0269702e+03,8.3147087e+00,0,nan,nan,nan,nan,1154.92809,1.8204569e-03,1053.98067,1.7957664e-03,4.1150893e-03,-2.5486827e-03
-0.11616424529870528,0.9962772448879988,0.0027455850795701595,1369.789252018839,4.6460889e-03,102477,1154.92037,1053.97987,2.5004878e+03,6.8449636e+00,8.3477209e+02,2.5799482e+00,3.0067351e+03,8.2860937e+00,0,nan,nan,nan,nan,1154.92037,1.8268174e-03,1053.97987,1.8004827e-03,-3.4982718e-03,-8.4489363e-04
-0.11477537977793872,0.9993479231689432,0.002748640862099216,1369.7906408843598,4.6460661e-03,102478,1154.92312,1053.98146,2.5077866e+03,6.8524446e+00,8.3836176e+02,2.5820987e+00,3.0159414e+03,8.2951488e+00,0,nan,nan,nan,nan,1154.92312,1.8197327e-03,1053.98146,1.7973238e-03,-2.2138304e-03,-1.2415618e-04
-0.11338651472192396,0.9958292184325255,0.002744150525336136,1369.7920297494159,4.6460428e-03,102479,1154.91390,1053.96985,2.4977451e+03,6.8411102e+00,8.3314130e+02,2.5795074e+00,3.0052610e+03,8.2814283e+00,0,nan,nan,nan,nan,1154.91390,1.8250906e-03,1053.96985,1.8074717e-03,-1.6380250e-02,-1.5103546e-02
-0.11199764920070265,0.9983154964349039,0.002748850862709386,1369.793418614937,4.6460200e-03,102480,1154.92121,1053.97619,2.5049514e+03,6.8526864e+00,8.3551270e+02,2.5870812e+00,3.0127019e+03,8.2954416e+00,0,nan,nan,nan,nan,1154.92121,1.8222852e-03,1053.97619,1.8007410e-03,-3.6572244e-03,-9.4102686e-03
-0.11060878414559738,1.0009658985294752,0.0027506790652276672,1369.7948074799922,4.6459967e-03,102481,1154.92030,1053.98726,2.5119778e+03,6.8571005e+00,8.3732770e+02,2.5820801e+00,3.0206370e+03,8.3007860e+00,0,nan,nan,nan,nan,1154.92030,1.8199658e-03,1053.98726,1.7940616e-03,-4.8681512e-03,7.4049118e-03
-0.10921991862392133,1.0020765251359955,0.002751141601164124,1369.7961963455139,4.6459739e-03,102482,1154.92225,1053.97462,2.5151062e+03,6.8581095e+00,8.3481036e+02,2.5795903e+00,3.0239250e+03,8.3020067e+00,0,nan,nan,nan,nan,1154.92225,1.8185142e-03,1053.97462,1.7917005e-03,-1.8640402e-03,-8.6982893e-03
-0.10783105356836131,0.9970928181893088,0.002747159795274317,1369.7975852105694,4.6459506e-03,102483,1154.91905,1053.98120,2.5022502e+03,6.8480392e+00,8.3526428e+02,2.5807397e+00,3.0088223e+03,8.2898159e+00,0,nan,nan,nan,nan,1154.91905,1.8262621e-03,1053.98120,1.8006056e-03,-6.2566283e-03,2.6402473e-03
-0.10644218804668526,1.0003888764165516,0.0027493382009327262,1369.798974076091,4.6459278e-03,102484,1154.91557,1053.96909,2.5105688e+03,6.8533239e+00,8.3603754e+02,2.5774245e+00,3.0187043e+03,8.2962132e+00,0,nan,nan,nan,nan,1154.91557,1.8178634e-03,1053.96909,1.7996258e-03,-9.4468752e-03,-1.6381677e-02
-0.1050533229906705,1.0000615592274813,0.00275166741631794,1369.8003629411471,4.6459045e-03,102485,1154.91988,1053.98102,2.5094109e+03,6.8589830e+00,8.3549164e+02,2.5795331e+00,3.0176523e+03,8.3030643e+00,0,nan,nan,nan,nan,1154.91988,1.8245463e-03,1053.98102,1.7995257e-03,-4.5957165e-03,-3.2434573e-03
-0.10366445746990394,1.00154180957322,0.0027491466130153738,1369.8017518066679,4.6458817e-03,102486,1154.91930,1053.97610,2.5127942e+03,6.8525524e+00,8.3324524e+02,2.5820277e+00,3.0220542e+03,8.2952805e+00,0,nan,nan,nan,nan,1154.91930,1.8163160e-03,1053.97610,1.7944092e-03,-2.9403016e-03,-7.1710581e-03
-0.10227559241434392,0.9998863850273452,0.0027461115565613216,1369.8031406717234,4.6458584e-03,102487,1154.92047,1053.98461,2.5084436e+03,6.8448415e+00,8.3196509e+02,2.5745411e+00,3.0169949e+03,8.2859459e+00,0,nan,nan,nan,nan,1154.92047,1.8191652e-03,1053.98461,1.7964253e-03,-4.7467067e-03,6.3494584e-03
-0.10088672689357736,1.0015478624111318,0.0027479170525533192,1369.8045295372442,4.6458356e-03,102488,1154.91560,1053.97494,2.5130540e+03,6.8491969e+00,8.3154657e+02,2.5827053e+00,3.0219441e+03,8.2912178e+00,0,nan,nan,nan,nan,1154.91560,1.8157371e-03,1053.97494,1.7910586e-03,-9.1587007e-03,-8.9632161e-03
-0.0994978618375626,0.9991806507279654,0.002750950532327421,1369.8059184023002,4.6458123e-03,102489,1154.92067,1053.97512,2.5068718e+03,6.8566127e+00,8.3914307e+02,2.5834062e+00,3.0147378e+03,8.3001947e+00,0,nan,nan,nan,nan,1154.92067,1.8260507e-03,1053.97512,1.8012407e-03,-4.3186150e-03,-9.5369825e-03
-0.09810899678154783,0.9985071894454733,0.002748441043864968,1369.8073072673562,4.6457890e-03,102490,1154.91951,1053.97583,2.5058586e+03,6.8502135e+00,8.3560571e+02,2.5844913e+00,3.0126423e+03,8.2924490e+00,0,nan,nan,nan,nan,1154.91951,1.8193783e-03,1053.97583,1.7948219e-03,-7.4154879e-03,-8.7037291e-03
-0.09672013126078127,1.0030509452722587,0.002748447937584068,1369.808696132877,4.6457662e-03,102491,1154.91829,1053.97834,2.5165886e+03,6.8500876e+00,8.2709265e+02,2.5799420e+00,3.0262883e+03,8.2922964e+00,0,nan,nan,nan,nan,1154.91829,1.8117506e-03,1053.97834,1.7883913e-03,-6.6402373e-03,-3.3317830e-03
-0.09533126620476651,0.9964078345200248,0.002746840864852304,1369.810084997933,4.6457429e-03,102492,1154.92287,1053.97831,2.4999409e+03,6.8459411e+00,8.3640204e+02,2.5832667e+00,3.0061833e+03,8.2872763e+00,0,nan,nan,nan,nan,1154.92287,1.8204061e-03,1053.97831,1.8003408e-03,1.5368608e-03,-6.7073544e-03
-0.09394240068309045,1.0064596525534575,0.002753818094701151,1369.8114738634547,4.6457201e-03,102493,1154.92017,1053.97638,2.5252922e+03,6.8631902e+00,8.3390668e+02,2.5762475e+00,3.0364475e+03,8.3081570e+00,0,nan,nan,nan,nan,1154.92017,1.8133244e-03,1053.97638,1.7896503e-03,-6.4752372e-03,-3.4879795e-03
-0.09255353562843993,0.9993585829455421,0.0027468634356539066,1369.8128627285093,4.6456968e-03,102494,1154.92044,1053.97724,2.5076960e+03,6.8457189e+00,8.3369965e+02,2.5802124e+00,3.0149631e+03,8.2870073e+00,0,nan,nan,nan,nan,1154.92044,1.8206235e-03,1053.97724,1.7943338e-03,-2.9789843e-03,-6.4835772e-03
-0.09116467057287991,1.001566737204607,0.002748441823864306,1369.814251593565,4.6456736e-03,102495,1154.92456,1053.98248,2.5124011e+03,6.8495164e+00,8.3187073e+02,2.5776343e+00,3.0215647e+03,8.2916040e+00,0,nan,nan,nan,nan,1154.92456,1.8150177e-03,1053.98248,1.7912663e-03,2.9324528e-04,-2.2047048e-03
-0.08977580505120386,0.9993890069862602,0.0027480729599385174,1369.8156404590866,4.6456507e-03,102496,1154.92086,1053.97703,2.5072200e+03,6.8484626e+00,8.3449060e+02,2.5832748e+00,3.0149358e+03,8.2903290e+00,0,nan,nan,nan,nan,1154.92086,1.8220032e-03,1053.97703,1.7952825e-03,-4.6484563e-03,-4.4280952e-03
-0.0883869399951891,1.0021042809274576,0.002749688679056871,1369.8170293241426,4.6456275e-03,102497,1154.91870,1053.97774,2.5139441e+03,6.8523574e+00,8.3458478e+02,2.5820646e+00,3.0230693e+03,8.2950439e+00,0,nan,nan,nan,nan,1154.91870,1.8185944e-03,1053.97774,1.7953223e-03,-2.8798154e-03,-4.9697650e-03
-0.08699807447351304,1.0065465332307837,0.002755313260326479,1369.8184181896643,4.6456046e-03,102498,1154.92531,1053.97860,2.5255193e+03,6.8662443e+00,8.2929974e+02,2.5777552e+00,3.0364126e+03,8.3118544e+00,0,nan,nan,nan,nan,1154.92531,1.8110555e-03,1053.97860,1.7866797e-03,-2.1785223e-03,-1.8269748e-03
-0.08560920941840777,0.9970703267881316,0.0027480092770216435,1369.8198070547194,4.6455814e-03,102499,1154.92050,1053.97563,2.5018538e+03,6.8479171e+00,8.3306256e+02,2.5781679e+00,3.0077708e+03,8.2896681e+00,0,nan,nan,nan,nan,1154.92050,1.8302514e-03,1053.97563,1.8018008e-03,-5.6039914e-03,-7.2512561e-03
-0.0842203443633025,0.9960303683770318,0.00274639687245604,1369.8211959197745,4.6455581e-03,102500,1154.92070,1053.97689,2.4989990e+03,6.8437748e+00,8.3793524e+02,2.5839567e+00,3.0045796e+03,8.2846546e+00,0,nan,nan,nan,nan,1154.92070,1.8246804e-03,1053.97689,1.8011880e-03,-4.6508815e-03,-4.7850618e-03
-0.0828314788420812,0.999736505879014,0.002748692862139329,1369.8225847852957,4.6455353e-03,102501,1154.91201,1053.96514,2.5058286e+03,6.8493776e+00,8.3646417e+02,2.5806956e+00,3.0157065e+03,8.2914362e+00,0,nan,nan,nan,nan,1154.91201,1.8244714e-03,1053.96514,1.8016377e-03,-1.6717162e-02,-1.9683303e-02
-0.08144261378697593,0.9968046824806672,0.0027466321922166837,1369.8239736503508,4.6455120e-03,102502,1154.92835,1053.99111,2.5002949e+03,6.8441257e+00,8.3678943e+02,2.5778768e+00,3.0068113e+03,8.2850790e+00,0,nan,nan,nan,nan,1154.92835,1.8231805e-03,1053.99111,1.7997271e-03,6.2381858e-03,1.0261528e-02
-0.08005374873096116,1.0019040904130978,0.002753268813954188,1369.8253625154068,4.6454887e-03,102503,1154.92825,1053.98280,2.5124946e+03,6.8605499e+00,8.3566522e+02,2.5815938e+00,3.0221436e+03,8.3049603e+00,0,nan,nan,nan,nan,1154.92825,1.8221681e-03,1053.98280,1.7970309e-03,1.8632319e-03,3.5040595e-03
-0.07866488320928511,1.0022049684531051,0.0027509656620907453,1369.8267513809285,4.6454659e-03,102504,1154.91977,1053.97595,2.5148203e+03,6.8547015e+00,8.2967798e+02,2.5818632e+00,3.0230029e+03,8.2978811e+00,0,nan,nan,nan,nan,1154.91977,1.8175511e-03,1053.97595,1.7932963e-03,-2.9013080e-03,-8.4686028e-03
-0.07727601815327034,0.9967688018895842,0.002746662455324271,1369.8281402459845,4.6454426e-03,102505,1154.91841,1053.96996,2.5003340e+03,6.8438730e+00,8.3511975e+02,2.5829740e+00,3.0065593e+03,8.2847729e+00,0,nan,nan,nan,nan,1154.91841,1.8203276e-03,1053.96996,1.8016702e-03,-8.8448729e-03,-1.1095292e-02
-0.07588715309725558,0.9952899405017797,0.0027492249322805646,1369.8295291110405,4.6454193e-03,102506,1154.92166,1053.97575,2.4972729e+03,6.8501568e+00,8.3677606e+02,2.5830777e+00,3.0020540e+03,8.2923794e+00,0,nan,nan,nan,nan,1154.92166,1.8265414e-03,1053.97575,1.8073622e-03,-3.3584633e-03,-6.8323752e-03
-0.07449828757694377,1.0027763379957062,0.0027542799272973566,1369.8309179765608,4.6453965e-03,102507,1154.92357,1053.97667,2.5156514e+03,6.8626547e+00,8.3575781e+02,2.5795069e+00,3.0245923e+03,8.3075085e+00,0,nan,nan,nan,nan,1154.92357,1.8178753e-03,1053.97667,1.7954544e-03,-5.0861649e-03,-1.8335880e-03
-0.07310942252138375,0.9988647240247566,0.002750989620967784,1369.8323068416164,4.6453732e-03,102508,1154.91981,1053.97644,2.5058999e+03,6.8543634e+00,8.3824493e+02,2.5915966e+00,3.0127529e+03,8.2974720e+00,0,nan,nan,nan,nan,1154.91981,1.8227877e-03,1053.97644,1.8005426e-03,-9.4000930e-03,-5.8436249e-03
-0.07172055746536898,1.0021654918798437,0.002749985811329092,1369.8336957066724,4.6453499e-03,102509,1154.93096,1053.97760,2.5103335e+03,6.8517742e+00,8.3167169e+02,2.5794082e+00,3.0226697e+03,8.2943373e+00,0,nan,nan,nan,nan,1154.93096,1.8188893e-03,1053.97760,1.7947051e-03,6.9070403e-03,-5.4756254e-03
-0.07033169194460243,0.9976456246260907,0.0027455760213273444,1369.8350845721932,4.6453271e-03,102510,1154.90900,1053.97550,2.5027749e+03,6.8407025e+00,8.3332562e+02,2.5769565e+00,3.0090002e+03,8.2809353e+00,0,nan,nan,nan,nan,1154.90900,1.8241535e-03,1053.97550,1.7960562e-03,-2.1968300e-02,-5.7321074e-03
-0.06894282688858766,1.0008617072313706,0.0027510043600757796,1369.8364734372492,4.6453038e-03,102511,1154.92303,1053.97598,2.5109866e+03,6.8541493e+00,8.3312616e+02,2.5836539e+00,3.0186655e+03,8.2972126e+00,0,nan,nan,nan,nan,1154.92303,1.8190609e-03,1053.97598,1.7958266e-03,-2.5300104e-03,-8.4254378e-03
-0.0675539618325729,1.003434562260216,0.0027520241362364987,1369.8378623023052,4.6452805e-03,102512,1154.92355,1053.97741,2.5162944e+03,6.8566151e+00,8.3505865e+02,2.5788565e+00,3.0263926e+03,8.3001976e+00,0,nan,nan,nan,nan,1154.92355,1.8135819e-03,1053.97741,1.7934280e-03,-4.8856945e-03,-2.6164374e-03
-0.06616509677655813,1.0009917363063539,0.0027504123550161036,1369.8392511673612,4.6452573e-03,102513,1154.91246,1053.96995,2.5113188e+03,6.8525310e+00,8.3644586e+02,2.5809364e+00,3.0189944e+03,8.2952528e+00,0,nan,nan,nan,nan,1154.91246,1.8196796e-03,1053.96995,1.7962501e-03,-1.4244148e-02,-1.2037200e-02
-0.06477623125579157,0.9981584249054771,0.00274823761664981,1369.840640032882,4.6452344e-03,102514,1154.92194,1053.98206,2.5038950e+03,6.8470478e+00,8.3236975e+02,2.5796022e+00,3.0104209e+03,8.2886162e+00,0,nan,nan,nan,nan,1154.92194,1.8218198e-03,1053.98206,1.7980664e-03,-1.9858375e-03,-1.2306956e-03
-0.06338736620114105,0.9998690021075045,0.0027483635043411385,1369.8420288979366,4.6452112e-03,102515,1154.91521,1053.97835,2.5071453e+03,6.8473024e+00,8.2937524e+02,2.5755978e+00,3.0155540e+03,8.2889242e+00,0,nan,nan,nan,nan,1154.91521,1.8199359e-03,1053.97835,1.7989633e-03,-5.7966295e-03,-5.3612087e-03
-0.061998501145126284,0.9966052506600536,0.0027514103190960843,1369.8434177629927,4.6451879e-03,102516,1154.92461,1053.97622,2.4997686e+03,6.8548393e+00,8.4067407e+02,2.5906625e+00,3.0056870e+03,8.2980480e+00,0,nan,nan,nan,nan,1154.92461,1.8295150e-03,1053.97622,1.8051284e-03,-1.3485204e-03,-9.3438523e-03
-0.06060963608911152,0.9971273597603927,0.0027497407738945297,1369.8448066280487,4.6451646e-03,102517,1154.91598,1053.97877,2.5009048e+03,6.8506317e+00,8.3559436e+02,2.5792825e+00,3.0072405e+03,8.2929544e+00,0,nan,nan,nan,nan,1154.91598,1.8273003e-03,1053.97877,1.8019066e-03,-9.5598204e-03,-4.3313722e-03
-0.05922077056789021,1.0012943088099444,0.0027550535281895294,1369.84619549357,4.6451418e-03,102518,1154.92284,1053.97336,2.5121531e+03,6.8638248e+00,8.3262177e+02,2.5901232e+00,3.0197888e+03,8.3089247e+00,0,nan,nan,nan,nan,1154.92284,1.8208562e-03,1053.97336,1.7975301e-03,-2.8888953e-03,-8.4419260e-03
-0.05783190551187545,0.9981160071558455,0.002748453886447001,1369.847584358626,4.6451185e-03,102519,1154.91635,1053.96989,2.5032625e+03,6.8473449e+00,8.3337256e+02,2.5815728e+00,3.0101868e+03,8.2889757e+00,0,nan,nan,nan,nan,1154.91635,1.8241715e-03,1053.96989,1.8001600e-03,-8.2732802e-03,-1.6079556e-02
-0.05644304045677018,1.0026867996180526,0.002749581851016163,1369.848973223681,4.6450952e-03,102520,1154.92987,1053.99987,2.5140168e+03,6.8501229e+00,8.2985193e+02,2.5741065e+00,3.0239573e+03,8.2923384e+00,0,nan,nan,nan,nan,1154.92987,1.8117827e-03,1053.99987,1.7932630e-03,8.9206006e-03,2.0644674e-02
-0.05505417540121016,0.996828387072883,0.0027483575160191674,1369.8503620887366,4.6450719e-03,102521,1154.91603,1053.96297,2.4988193e+03,6.8470464e+00,8.3575928e+02,2.5861266e+00,3.0062776e+03,8.2886143e+00,0,nan,nan,nan,nan,1154.91603,1.8262449e-03,1053.96297,1.8080641e-03,-1.0018236e-02,-2.2355627e-02
-0.05366531034542277,1.0045864284120756,0.002751845775695989,1369.8517509537924,4.6450486e-03,102522,1154.91807,1053.97973,2.5180403e+03,6.8557153e+00,8.3316101e+02,2.5770600e+00,3.0296655e+03,8.2991085e+00,0,nan,nan,nan,nan,1154.91807,1.8161569e-03,1053.97973,1.7921089e-03,-6.0459371e-03,-5.7769712e-04
-0.052276444824428836,1.0032378422714958,0.0027532180381176375,1369.8531398193134,4.6450258e-03,102523,1154.92072,1053.97620,2.5159846e+03,6.8591185e+00,8.3648743e+02,2.5850415e+00,3.0255916e+03,8.3032284e+00,0,nan,nan,nan,nan,1154.92072,1.8137825e-03,1053.97620,1.7938962e-03,-2.0604661e-04,-6.9652353e-03
-0.05088757976841407,1.006212040201712,0.002752123146668852,1369.8545286843694,4.6450025e-03,102524,1154.92435,1053.97717,2.5231699e+03,6.8563814e+00,8.2831744e+02,2.5810797e+00,3.0345569e+03,8.2999153e+00,0,nan,nan,nan,nan,1154.92435,1.8073583e-03,1053.97717,1.7860170e-03,-1.1433229e-03,-2.6399051e-03
-0.049498714712399305,0.9979281122858039,0.0027502657405046095,1369.8559175494254,4.6449793e-03,102525,1154.92040,1053.98415,2.5027810e+03,6.8517504e+00,8.3498279e+02,2.5820448e+00,3.0095723e+03,8.2943087e+00,0,nan,nan,nan,nan,1154.92040,1.8221880e-03,1053.98415,1.8019079e-03,-3.8433245e-03,-1.4548952e-03
-0.048109849657294035,1.0032906408387108,0.0027540604476131237,1369.8573064144805,4.6449560e-03,102526,1154.92323,1053.97587,2.5164412e+03,6.8612056e+00,8.3657324e+02,2.5845993e+00,3.0257451e+03,8.3057547e+00,0,nan,nan,nan,nan,1154.92323,1.8154802e-03,1053.97587,1.7924738e-03,-1.3372576e-03,-7.6786042e-03
-0.04672098460173402,1.0004902554347719,0.002752377306251507,1369.858695279536,4.6449327e-03,102527,1154.90953,1053.95961,2.5087041e+03,6.8570204e+00,8.3673590e+02,2.5823658e+00,3.0173030e+03,8.3006878e+00,0,nan,nan,nan,nan,1154.90953,1.8230636e-03,1053.95961,1.8002837e-03,-1.5338710e-02,-2.8465815e-02
-0.04533211908096746,1.0018712647068857,0.002753791040278137,1369.8600841450568,4.6449099e-03,102528,1154.93115,1053.98490,2.5123064e+03,6.8605552e+00,8.3512146e+02,2.5810163e+00,3.0214739e+03,8.3049669e+00,0,nan,nan,nan,nan,1154.93115,1.8194740e-03,1053.98490,1.7967186e-03,4.7993404e-03,5.3230268e-03
-0.043943254024952694,0.9983548371650852,0.0027508487944206696,1369.8614730101128,4.6448866e-03,102529,1154.92281,1053.97328,2.5041118e+03,6.8532438e+00,8.3556152e+02,2.5822346e+00,3.0108770e+03,8.2961159e+00,0,nan,nan,nan,nan,1154.92281,1.8227171e-03,1053.97328,1.8016654e-03,-2.5932093e-03,-8.8253096e-03
-0.04255438896893793,0.9973156765893888,0.0027452662006002752,1369.8628618751688,4.6448633e-03,102530,1154.92324,1053.98041,2.5016216e+03,6.8393598e+00,8.3088403e+02,2.5762725e+00,3.0077537e+03,8.2793093e+00,0,nan,nan,nan,nan,1154.92324,1.8211495e-03,1053.98041,1.8007723e-03,-1.2515533e-03,-1.7600191e-03
-0.04116552391337791,0.998616785436033,0.002750407928896832,1369.8642507402244,4.6448400e-03,102531,1154.92005,1053.97405,2.5056724e+03,6.8521996e+00,8.3956781e+02,2.5858757e+00,3.0116909e+03,8.2948523e+00,0,nan,nan,nan,nan,1154.92005,1.8201865e-03,1053.97405,1.8024158e-03,-6.7184819e-03,-9.9954335e-03
-0.039776658857363145,0.9914494130219356,0.0027419704699913937,1369.8656396052804,4.6448167e-03,102532,1154.92079,1053.97989,2.4866387e+03,6.8312140e+00,8.3439142e+02,2.5814083e+00,2.9900906e+03,8.2694483e+00,0,nan,nan,nan,nan,1154.92079,1.8300529e-03,1053.97989,1.8109947e-03,-3.0368685e-03,-4.9350900e-04
-0.03838779380134838,0.9892305209359965,0.002741277893688636,1369.8670284703364,4.6447935e-03,102533,1154.92214,1053.99051,2.4806948e+03,6.8295298e+00,8.3120776e+02,2.5791037e+00,2.9834165e+03,8.2674093e+00,0,nan,nan,nan,nan,1154.92214,1.8359686e-03,1053.99051,1.8110824e-03,-2.9647889e-04,6.8423208e-03
-0.03699892874692523,0.9828234643352043,0.00273808851377777,1369.8684173353909,4.6447702e-03,102534,1154.91707,1053.96456,2.4649341e+03,6.8216300e+00,8.3356195e+02,2.5840232e+00,2.9641135e+03,8.2578468e+00,0,nan,nan,nan,nan,1154.91707,1.8464071e-03,1053.96456,1.8230608e-03,-1.0984071e-02,-1.8215349e-02
-0.0356100632259313,0.9857245393531701,0.0027392056229374826,1369.8698062009119,4.6447474e-03,102535,1154.91822,1053.97336,2.4727759e+03,6.8244653e+00,8.3366406e+02,2.5804994e+00,2.9728855e+03,8.2612782e+00,0,nan,nan,nan,nan,1154.91822,1.8376651e-03,1053.97336,1.8178027e-03,-5.5719400e-03,-9.5063364e-03
-0.034221198169916534,0.9832282483477813,0.002734153975831784,1369.8711950659679,4.6447241e-03,102536,1154.92098,1053.97077,2.4661860e+03,6.8119359e+00,8.3316022e+02,2.5778065e+00,2.9653816e+03,8.2461119e+00,0,nan,nan,nan,nan,1154.92098,1.8405626e-03,1053.97077,1.8211036e-03,-3.6746971e-03,-1.0758861e-02
-0.03283233311390177,0.9779641472944705,0.0027359609017458503,1369.8725839310239,4.6447008e-03,102537,1154.92150,1053.97292,2.4535071e+03,6.8164997e+00,8.3678754e+02,2.5897369e+00,2.9495322e+03,8.2516365e+00,0,nan,nan,nan,nan,1154.92150,1.8525510e-03,1053.97292,1.8288267e-03,-4.8784288e-03,-9.7696977e-03
-0.031443468057887,0.9782730463344571,0.002732032758699732,1369.87397279608,4.6446775e-03,102538,1154.92327,1053.98295,2.4539978e+03,6.8067803e+00,8.3533228e+02,2.5805855e+00,2.9504932e+03,8.2398710e+00,0,nan,nan,nan,nan,1154.92327,1.8481867e-03,1053.98295,1.8269700e-03,-4.9911505e-03,1.0483477e-03
-0.030054603002781732,0.9790128521452817,0.0027336946651988236,1369.875361661135,4.6446542e-03,102539,1154.92357,1053.97647,2.4557344e+03,6.8109937e+00,8.3402130e+02,2.5794628e+00,2.9527559e+03,8.2449713e+00,0,nan,nan,nan,nan,1154.92357,1.8454122e-03,1053.97647,1.8273782e-03,-2.9082624e-03,-6.7710541e-03
-0.028665737946766967,0.9821620789386996,0.0027323238472972845,1369.876750526191,4.6446309e-03,102540,1154.91942,1053.97257,2.4641589e+03,6.8076563e+00,8.2967096e+02,2.5752850e+00,2.9622878e+03,8.2409306e+00,0,nan,nan,nan,nan,1154.91942,1.8437371e-03,1053.97257,1.8178788e-03,-9.0596164e-03,-1.3385778e-02
-0.02727687289120695,0.9752589144968027,0.00272882449210093,1369.8781393912466,4.6446077e-03,102541,1154.92328,1053.97931,2.4470720e+03,6.7990198e+00,8.3543262e+02,2.5784111e+00,2.9415029e+03,8.2304764e+00,0,nan,nan,nan,nan,1154.92328,1.8496518e-03,1053.97931,1.8253279e-03,-7.3997850e-05,-1.7166106e-03
-0.025888007836556426,0.9736797178842143,0.002733282860922022,1369.8795282563012,4.6445844e-03,102542,1154.91776,1053.97335,2.4427493e+03,6.8102155e+00,8.3764508e+02,2.5908821e+00,2.9367776e+03,8.2440290e+00,0,nan,nan,nan,nan,1154.91776,1.8559842e-03,1053.97335,1.8342084e-03,-8.0243740e-03,-1.3808466e-02
-0.02449914278054166,0.9805334260748989,0.0027368670849170214,1369.8809171213572,4.6445611e-03,102543,1154.92540,1053.97633,2.4600618e+03,6.8192382e+00,8.3691199e+02,2.5819852e+00,2.9574895e+03,8.2549515e+00,0,nan,nan,nan,nan,1154.92540,1.8497235e-03,1053.97633,1.8261648e-03,3.1361193e-04,-6.2978896e-03
-0.023110277724526895,0.9772673158513835,0.0027269635120110653,1369.8823059864133,4.6445378e-03,102544,1154.92112,1053.97691,2.4521304e+03,6.7946587e+00,8.2585803e+02,2.5707886e+00,2.9476802e+03,8.2251968e+00,0,nan,nan,nan,nan,1154.92112,1.8512965e-03,1053.97691,1.8259250e-03,-2.0592562e-03,-3.1523339e-03
-0.02172141266851213,0.9744164734094776,0.002729693838405356,1369.8836948514693,4.6445145e-03,102545,1154.92258,1053.97503,2.4452820e+03,6.8015633e+00,8.3283740e+02,2.5816309e+00,2.9391250e+03,8.2335548e+00,0,nan,nan,nan,nan,1154.92258,1.8545424e-03,1053.97503,1.8313932e-03,-3.7306326e-03,-6.8092109e-03
-0.02033254761272474,0.9753917514979316,0.002733518594839316,1369.885083716525,4.6444912e-03,102546,1154.92231,1053.97895,2.4471204e+03,6.8111987e+00,8.3525177e+02,2.5825036e+00,2.9421123e+03,8.2452192e+00,0,nan,nan,nan,nan,1154.92231,1.8556310e-03,1053.97895,1.8326499e-03,-2.5548362e-03,-3.1496591e-03
-0.0189436820926403,0.975021164255649,0.002729719855994528,1369.8864725820451,4.6444684e-03,102547,1154.92192,1053.97052,2.4470923e+03,6.8018422e+00,8.3747076e+02,2.5794454e+00,2.9410420e+03,8.2338934e+00,0,nan,nan,nan,nan,1154.92192,1.8508198e-03,1053.97052,1.8312878e-03,-2.2303173e-03,-1.2881999e-02
-0.017554817037080284,0.9749225880413807,0.0027274006343851504,1369.8878614471007,4.6444451e-03,102548,1154.91616,1053.97431,2.4459902e+03,6.7961788e+00,8.3170081e+02,2.5785227e+00,2.9407939e+03,8.2270365e+00,0,nan,nan,nan,nan,1154.91616,1.8491333e-03,1053.97431,1.8277798e-03,-9.5934868e-03,-5.4550120e-03
-0.01616595198106552,0.9779925803851253,0.002732016177400613,1369.8892503121567,4.6444219e-03,102549,1154.92617,1053.97501,2.4531453e+03,6.8077970e+00,8.3047937e+02,2.5778527e+00,2.9501055e+03,8.2411013e+00,0,nan,nan,nan,nan,1154.92617,1.8546125e-03,1053.97501,1.8287946e-03,7.5824838e-04,-6.4706337e-03
-0.014777086925960248,0.9775034406505533,0.0027294165886463644,1369.8906391772118,4.6443986e-03,102550,1154.92727,1053.97297,2.4529580e+03,6.8014407e+00,8.3111316e+02,2.5779583e+00,2.9486829e+03,8.2334070e+00,0,nan,nan,nan,nan,1154.92727,1.8503258e-03,1053.97297,1.8251369e-03,5.2706259e-03,-7.2919941e-03
-0.013388221869945482,0.9715310121305186,0.0027256756576730904,1369.8920280422678,4.6443753e-03,102551,1154.92517,1053.97635,2.4383652e+03,6.7922440e+00,8.3424243e+02,2.5798633e+00,2.9307207e+03,8.2222738e+00,0,nan,nan,nan,nan,1154.92517,1.8568180e-03,1053.97635,1.8350765e-03,-2.1628831e-03,-3.2508567e-03
-0.011999356813930717,0.9741843637995865,0.0027285674269214113,1369.8934169073239,4.6443520e-03,102552,1154.92428,1053.98799,2.4428662e+03,6.7995791e+00,8.3182031e+02,2.5873885e+00,2.9387808e+03,8.2311535e+00,0,nan,nan,nan,nan,1154.92428,1.8519708e-03,1053.98799,1.8298238e-03,3.9047489e-04,7.1356408e-03
-0.010610491757915952,0.9728611286920708,0.002728362966375946,1369.8948057723799,4.6443287e-03,102553,1154.91190,1053.95796,2.4417825e+03,6.7992029e+00,8.3664600e+02,2.5795243e+00,2.9348462e+03,8.2306976e+00,0,nan,nan,nan,nan,1154.91190,1.8563719e-03,1053.95796,1.8370977e-03,-1.1889079e-02,-3.1401865e-02
-0.009221626702355934,0.9719232004633195,0.002726241502939885,1369.8961946374354,4.6443054e-03,102554,1154.91764,1053.97815,2.4396174e+03,6.7940512e+00,8.3541724e+02,2.5778360e+00,2.9320752e+03,8.2244616e+00,0,nan,nan,nan,nan,1154.91764,1.8580746e-03,1053.97815,1.8315188e-03,-6.5851724e-03,-6.1893133e-03
-0.00783276164770541,0.9732113149438534,0.0027256227815875573,1369.89758350249,4.6442822e-03,102555,1154.91963,1053.97505,2.4395205e+03,6.7926478e+00,8.3270605e+02,2.5766802e+00,2.9360210e+03,8.2227631e+00,0,nan,nan,nan,nan,1154.91963,1.8560477e-03,1053.97505,1.8382944e-03,-3.1623377e-03,-1.1268149e-02
-0.0064438965916906454,0.9731482416600914,0.0027271303432838453,1369.898972367546,4.6442589e-03,102556,1154.92796,1053.97981,2.4423792e+03,6.7965465e+00,8.3083173e+02,2.5821927e+00,2.9358921e+03,8.2274828e+00,0,nan,nan,nan,nan,1154.92796,1.8538854e-03,1053.97981,1.8310413e-03,1.3297715e-03,9.0417202e-04
-0.005055031535903254,0.975438045990786,0.0027272830203621664,1369.9003612326019,4.6442356e-03,102557,1154.92763,1053.98728,2.4474807e+03,6.7970715e+00,8.3117865e+02,2.5773594e+00,2.9428628e+03,8.2281179e+00,0,nan,nan,nan,nan,1154.92763,1.8502658e-03,1053.98728,1.8254055e-03,2.1798089e-03,6.5746498e-03
-0.0036661664805706096,0.970265701279821,0.002724534802000168,1369.9017500976572,4.6442123e-03,102558,1154.91479,1053.96570,2.4355361e+03,6.7903690e+00,8.3491071e+02,2.5806477e+00,2.9273213e+03,8.2200050e+00,0,nan,nan,nan,nan,1154.91479,1.8560303e-03,1053.96570,1.8360773e-03,-9.7793518e-03,-2.0446371e-02
-0.0022773014245558443,0.973729962943649,0.002727859466868156,1369.9031389627132,4.6441890e-03,102559,1154.91802,1053.97365,2.4441519e+03,6.7988052e+00,8.3377698e+02,2.5791869e+00,2.9378376e+03,8.2302160e+00,0,nan,nan,nan,nan,1154.91802,1.8508517e-03,1053.97365,1.8314072e-03,-7.6116025e-03,-9.5813917e-03
-0.000888436368541079,0.9746282827588916,0.0027301783381817146,1369.9045278277692,4.6441657e-03,102560,1154.92741,1053.98492,2.4458389e+03,6.8047361e+00,8.3422186e+02,2.5795434e+00,2.9406135e+03,8.2373962e+00,0,nan,nan,nan,nan,1154.92741,1.8554223e-03,1053.98492,1.8343878e-03,3.0507704e-03,-5.5805373e-04
0.0005004282209029043,0.9777596309877822,0.0027312118044346446,1369.9059166923587,4.6441420e-03,102561,1154.91641,1053.97104,2.4542893e+03,6.8074665e+00,8.3207202e+02,2.5870862e+00,2.9501282e+03,8.2407017e+00,0,nan,nan,nan,nan,1154.91641,1.8487129e-03,1053.97104,1.8251083e-03,-6.6736089e-03,-1.0992425e-02
0.0018892932764629222,0.9735463911232253,0.0027262993711309426,1369.9073055574142,4.6441187e-03,102562,1154.92485,1053.97313,2.4437412e+03,6.7953777e+00,8.3294305e+02,2.5773709e+00,2.9374832e+03,8.2260675e+00,0,nan,nan,nan,nan,1154.92485,1.8512140e-03,1053.97313,1.8309024e-03,-7.6217682e-04,-3.8680083e-03
0.003278158331568193,0.9726961917000203,0.0027260216548228382,1369.9086944224694,4.6440954e-03,102563,1154.92199,1053.97300,2.4421992e+03,6.7948437e+00,8.3309204e+02,2.5786588e+00,2.9349858e+03,8.2254200e+00,0,nan,nan,nan,nan,1154.92199,1.8564018e-03,1053.97300,1.8305038e-03,-4.0312232e-03,-8.7372530e-03
0.006055888443597723,0.9731010698043909,0.002727323412600016,1369.9114721525814,4.6440489e-03,102565,1154.91887,1053.96642,2.4434631e+03,6.7984071e+00,8.3109943e+02,2.5772038e+00,2.9363455e+03,8.2297344e+00,0,nan,nan,nan,nan,1154.91887,1.8521523e-03,1053.96642,1.8331707e-03,-7.0906151e-03,-1.8326478e-02
0.007444753499157741,0.9754067961782676,0.0027280505379650745,1369.912861017637,4.6440256e-03,102566,1154.92248,1053.97911,2.4483452e+03,6.8003812e+00,8.3440338e+02,2.5816190e+00,2.9433728e+03,8.2321243e+00,0,nan,nan,nan,nan,1154.92248,1.8476043e-03,1053.97911,1.8276728e-03,-3.6310058e-03,-4.6983757e-03
0.008833618555172507,0.9693129945797322,0.002723678491154393,1369.914249882693,4.6440023e-03,102567,1154.92373,1053.97764,2.4334968e+03,6.7896457e+00,8.3411853e+02,2.5790493e+00,2.9250542e+03,8.2191277e+00,0,nan,nan,nan,nan,1154.92373,1.8585187e-03,1053.97764,1.8380631e-03,-2.2804094e-03,-7.3633813e-03
0.010222483610277777,0.9774345535699153,0.002731103154297333,1369.915638747748,4.6439790e-03,102568,1154.91939,1053.97301,2.4545974e+03,6.8083167e+00,8.3272742e+02,2.5791156e+00,2.9496331e+03,8.2417307e+00,0,nan,nan,nan,nan,1154.91939,1.8479496e-03,1053.97301,1.8267292e-03,-6.5452880e-03,-1.0283073e-02
0.011611348665383048,0.9722072909978117,0.0027262695007229804,1369.9170276128032,4.6439557e-03,102569,1154.92163,1053.97748,2.4401086e+03,6.7964301e+00,8.3513696e+02,2.5802991e+00,2.9339294e+03,8.2273417e+00,0,nan,nan,nan,nan,1154.92163,1.8569595e-03,1053.97748,1.8327830e-03,-6.1913957e-03,-7.8995153e-03
0.013000213721397813,0.9705246142378139,0.0027243270429088127,1369.9184164778592,4.6439325e-03,102570,1154.92752,1053.97525,2.4364880e+03,6.7917523e+00,8.3470160e+02,2.5786133e+00,2.9289221e+03,8.2216787e+00,0,nan,nan,nan,nan,1154.92752,1.8567712e-03,1053.97525,1.8382934e-03,3.0587651e-03,-7.1261763e-03
0.014389078776957831,0.9730461678934192,0.002728218355630436,1369.9198053429147,4.6439092e-03,102571,1154.92108,1053.97043,2.4434897e+03,6.8016181e+00,8.3218011e+02,2.5747886e+00,2.9366028e+03,8.2336216e+00,0,nan,nan,nan,nan,1154.92108,1.8584593e-03,1053.97043,1.8345808e-03,-5.1407283e-03,-1.1251828e-02
0.015777943832972596,0.9751024566745797,0.0027298955750594905,1369.9211942079708,4.6438859e-03,102572,1154.92435,1053.97681,2.4474905e+03,6.8059630e+00,8.3608514e+02,2.5780129e+00,2.9428799e+03,8.2388821e+00,0,nan,nan,nan,nan,1154.92435,1.8588779e-03,1053.97681,1.8309024e-03,3.2840527e-03,-7.9688858e-03
0.017166808423326074,0.9692106087119633,0.00272357013379546,1369.922583072561,4.6438621e-03,102573,1154.92171,1053.97064,2.4322495e+03,6.7903576e+00,8.3708606e+02,2.5831072e+00,2.9251687e+03,8.2199907e+00,0,nan,nan,nan,nan,1154.92171,1.8599436e-03,1053.97064,1.8386318e-03,-5.9289704e-03,-1.0174208e-02
0.019944538533081868,0.9721889220404024,0.0027280645403716898,1369.9253608026709,4.6438156e-03,102575,1154.93160,1053.98868,2.4395117e+03,6.8018904e+00,8.3773065e+02,2.5832002e+00,2.9342988e+03,8.2339516e+00,0,nan,nan,nan,nan,1154.93160,1.8604189e-03,1053.98868,1.8381304e-03,6.9448729e-03,1.2381948e-02
0.021333403589096633,0.9783222891678915,0.0027291437310891973,1369.9267496677269,4.6437923e-03,102576,1154.92284,1053.97478,2.4563508e+03,6.8047442e+00,8.3100037e+02,2.5819857e+00,2.9528813e+03,8.2374058e+00,0,nan,nan,nan,nan,1154.92284,1.8460837e-03,1053.97478,1.8248835e-03,-2.5130874e-03,-7.6568732e-03
0.0227222686451114,0.9724479800347096,0.002727663900347489,1369.928138532783,4.6437690e-03,102577,1154.92234,1053.97832,2.4411536e+03,6.8012152e+00,8.3881201e+02,2.5859230e+00,2.9352207e+03,8.2331343e+00,0,nan,nan,nan,nan,1154.92234,1.8581670e-03,1053.97832,1.8377573e-03,-4.2083985e-03,-5.4671075e-03
0.024111133701126164,0.9730921740242954,0.002726046170000796,1369.929527397839,4.6437457e-03,102578,1154.92142,1053.97181,2.4436680e+03,6.7973423e+00,8.3325476e+02,2.5803134e+00,2.9372344e+03,8.2284460e+00,0,nan,nan,nan,nan,1154.92142,1.8494250e-03,1053.97181,1.8320531e-03,8.8873768e-04,-8.5661374e-03
0.025499998756686182,0.9756041629218415,0.002729218780257325,1369.9309162628945,4.6437224e-03,102579,1154.92329,1053.98091,2.4495115e+03,6.8054128e+00,8.3412927e+02,2.5793076e+00,2.9448857e+03,8.2382154e+00,0,nan,nan,nan,nan,1154.92329,1.8517411e-03,1053.98091,1.8298469e-03,3.8940384e-04,-9.7993750e-04
0.02688886334703966,0.9806045685871387,0.002731316859087426,1369.9323051274848,4.6436987e-03,102580,1154.91823,1053.97085,2.4622517e+03,6.8108029e+00,8.3324988e+02,2.5769422e+00,2.9600481e+03,8.2447395e+00,0,nan,nan,nan,nan,1154.91823,1.8462481e-03,1053.97085,1.8221360e-03,-8.2538314e-03,-1.5171714e-02
0.02827772840214493,0.9780310420390076,0.0027305221263251504,1369.93369399254,4.6436754e-03,102581,1154.92368,1053.97484,2.4558821e+03,6.8089767e+00,8.3407050e+02,2.5830884e+00,2.9523474e+03,8.2425299e+00,0,nan,nan,nan,nan,1154.92368,1.8482918e-03,1053.97484,1.8250943e-03,-4.7972039e-04,-4.9061500e-03
0.029666593456795454,0.9776518068586392,0.0027317119595472754,1369.9350828575946,4.6436521e-03,102582,1154.91744,1053.96652,2.4554043e+03,6.8120980e+00,8.3162775e+02,2.5761385e+00,2.9512695e+03,8.2463083e+00,0,nan,nan,nan,nan,1154.91744,1.8526482e-03,1053.96652,1.8300924e-03,-8.2234936e-03,-1.4693256e-02
0.03105545851281022,0.9775442487627686,0.002730759947007105,1369.9364717226506,4.6436288e-03,102583,1154.91850,1053.97848,2.4515500e+03,6.8098760e+00,8.3478503e+02,2.5816450e+00,2.9510107e+03,8.2436190e+00,0,nan,nan,nan,nan,1154.91850,1.8554216e-03,1053.97848,1.8272670e-03,-5.6021018e-03,-3.5915822e-03
0.032444323568824984,0.9820941459824405,0.002734017936124104,1369.9378605877066,4.6436056e-03,102584,1154.92764,1053.98023,2.4656921e+03,6.8181515e+00,8.3709229e+02,2.5859408e+00,2.9648115e+03,8.2536364e+00,0,nan,nan,nan,nan,1154.92764,1.8417841e-03,1053.98023,1.8229638e-03,4.9006403e-03,-3.1007074e-03
0.03383318815917846,0.977977640295333,0.0027296182454573147,1369.939249452297,4.6435818e-03,102585,1154.92484,1053.97182,2.4558369e+03,6.8073273e+00,8.3352356e+02,2.5837109e+00,2.9524482e+03,8.2405329e+00,0,nan,nan,nan,nan,1154.92484,1.8490977e-03,1053.97182,1.8239521e-03,-2.4082002e-03,-7.8955926e-03
0.03522205321519323,0.9843785398688831,0.0027346516813911603,1369.940638317353,4.6435585e-03,102586,1154.91914,1053.97375,2.4719326e+03,6.8200250e+00,8.3509729e+02,2.5799365e+00,2.9718354e+03,8.2559042e+00,0,nan,nan,nan,nan,1154.91914,1.8399550e-03,1053.97375,1.8185590e-03,-7.1374979e-03,-1.0334484e-02
0.0366109182702985,0.988919403823616,0.0027380659831715047,1369.942027182408,4.6435352e-03,102587,1154.92435,1053.98016,2.4825190e+03,6.8286834e+00,8.3594177e+02,2.5797091e+00,2.9856067e+03,8.2663851e+00,0,nan,nan,nan,nan,1154.92435,1.8309845e-03,1053.98016,1.8114477e-03,2.2547645e-03,5.9361139e-04
0.037999783325858516,0.988730227484416,0.002738084336886056,1369.9434160474636,4.6435120e-03,102588,1154.91861,1053.97334,2.4826873e+03,6.8288679e+00,8.3703522e+02,2.5817742e+00,2.9850967e+03,8.2666092e+00,0,nan,nan,nan,nan,1154.91861,1.8355397e-03,1053.97334,1.8119634e-03,-7.2010113e-03,-1.0480720e-02
0.03938864838096379,0.9919094264047579,0.0027403348794813845,1369.9448049125187,4.6434887e-03,102589,1154.92092,1053.97064,2.4915564e+03,6.8346186e+00,8.3589905e+02,2.5778017e+00,2.9947551e+03,8.2735701e+00,0,nan,nan,nan,nan,1154.92092,1.8277155e-03,1053.97064,1.8049908e-03,-4.9386979e-03,-8.1141749e-03
0.04077751297086252,0.9945133302872224,0.0027432615795203426,1369.9461937771086,4.6434649e-03,102590,1154.92139,1053.96875,2.4975215e+03,6.8420520e+00,8.3399652e+02,2.5843117e+00,3.0026755e+03,8.2825680e+00,0,nan,nan,nan,nan,1154.92139,1.8237287e-03,1053.96875,1.8017855e-03,-5.0237449e-03,-1.4807038e-02
0.043555243082664674,1.00016292706514,0.0027475498597470263,1369.9489715072204,4.6434184e-03,102592,1154.92615,1053.98659,2.5116091e+03,6.8530049e+00,8.3248633e+02,2.5760498e+00,3.0198462e+03,8.2958269e+00,0,nan,nan,nan,nan,1154.92615,1.8181395e-03,1053.98659,1.7951455e-03,4.7907364e-03,5.2407379e-03
0.044944108138452066,0.9973202950332027,0.0027434916354982164,1369.9503603722762,4.6433951e-03,102593,1154.91464,1053.96163,2.5025928e+03,6.8430057e+00,8.3406702e+02,2.5775905e+00,3.0113179e+03,8.2837229e+00,0,nan,nan,nan,nan,1154.91464,1.8245130e-03,1053.96163,1.8054711e-03,-1.4013092e-02,-2.5071936e-02
0.046332972728805544,1.0034953320073077,0.002751785152319754,1369.9517492368666,4.6433713e-03,102594,1154.92519,1053.98760,2.5186462e+03,6.8638110e+00,8.3641846e+02,2.5867229e+00,3.0300159e+03,8.3089094e+00,0,nan,nan,nan,nan,1154.92519,1.8157843e-03,1053.98760,1.7965548e-03,2.1395972e-03,5.3087045e-03
0.04772183778345607,0.9981784655864904,0.0027456233743905567,1369.9531381019212,4.6433480e-03,102595,1154.92344,1053.98315,2.5067510e+03,6.8485579e+00,8.3528986e+02,2.5793650e+00,3.0140125e+03,8.2904444e+00,0,nan,nan,nan,nan,1154.92344,1.8186272e-03,1053.98315,1.7948218e-03,1.5304226e-03,1.5905999e-03
0.049110702839016085,1.0020398276792044,0.00274625454729081,1369.9545269669768,4.6433248e-03,102596,1154.91810,1053.96930,2.5156953e+03,6.8502431e+00,8.3181464e+02,2.5754075e+00,3.0257207e+03,8.2924843e+00,0,nan,nan,nan,nan,1154.91810,1.8140799e-03,1053.96930,1.7931315e-03,-6.7924131e-03,-1.7488400e-02
0.05049956742936956,0.9997748682681951,0.0027478427255070376,1369.9559158315672,4.6433010e-03,102597,1154.92305,1053.96808,2.5100896e+03,6.8543124e+00,8.3371582e+02,2.5774894e+00,3.0189290e+03,8.2974100e+00,0,nan,nan,nan,nan,1154.92305,1.8154324e-03,1053.96808,1.7995166e-03,-2.2895806e-03,-1.4935361e-02
0.051888432484474833,0.9986326242825766,0.0027459504204882285,1369.9573046966223,4.6432777e-03,102598,1154.92276,1053.97934,2.5082588e+03,6.8496947e+00,8.3543597e+02,2.5796063e+00,3.0155251e+03,8.2918205e+00,0,nan,nan,nan,nan,1154.92276,1.8191286e-03,1053.97934,1.7946220e-03,1.9501672e-03,-1.8747431e-03
0.0532772975404896,1.0021696589743818,0.0027490976007621703,1369.9586935616783,4.6432544e-03,102599,1154.92160,1053.96880,2.5167744e+03,6.8576436e+00,8.3874365e+02,2.5813994e+00,3.0262490e+03,8.3014431e+00,0,nan,nan,nan,nan,1154.92160,1.8168711e-03,1053.96880,1.7969046e-03,-1.0440838e-02,-1.3208652e-02
0.054666162596504364,0.999455399335244,0.002746421353310217,1369.9600824267343,4.6432312e-03,102600,1154.92582,1053.97952,2.5100173e+03,6.8510623e+00,8.3416431e+02,2.5790741e+00,3.0180942e+03,8.2934752e+00,0,nan,nan,nan,nan,1154.92582,1.8166614e-03,1053.97952,1.7950200e-03,2.3657144e-03,-3.8648080e-03
0.056055027186403095,1.0089072216087056,0.0027514666690404846,1369.9614712913242,4.6432074e-03,102601,1154.92145,1053.97549,2.5344031e+03,6.8637362e+00,8.2478888e+02,2.5827324e+00,3.0466758e+03,8.3088179e+00,0,nan,nan,nan,nan,1154.92145,1.8030555e-03,1053.97549,1.7821278e-03,-2.8469791e-03,-7.0801331e-03
0.057443892241508365,1.0012464999045831,0.002749849293822549,1369.9628601563793,4.6431841e-03,102602,1154.92883,1053.98037,2.5145298e+03,6.8597865e+00,8.3499957e+02,2.5836818e+00,3.0235791e+03,8.3040361e+00,0,nan,nan,nan,nan,1154.92883,1.8159974e-03,1053.98037,1.7931494e-03,2.2508102e-03,-6.5413527e-03
0.05883275729684101,0.9959716323169587,0.00274666013617131,1369.9642490214346,4.6431608e-03,102603,1154.92343,1053.97730,2.5018103e+03,6.8519096e+00,8.3569476e+02,2.5811772e+00,3.0076848e+03,8.2945013e+00,0,nan,nan,nan,nan,1154.92343,1.8241942e-03,1053.97730,1.8007535e-03,-1.9098390e-03,-8.8909017e-03
0.060221621886967114,0.9977561989387924,0.002743258656950254,1369.9656378860248,4.6431371e-03,102604,1154.92150,1053.97792,2.5054741e+03,6.8434987e+00,8.3269464e+02,2.5774291e+00,3.0131067e+03,8.2843199e+00,0,nan,nan,nan,nan,1154.92150,1.8224402e-03,1053.97792,1.7949324e-03,-3.0540826e-03,-5.5078119e-03
0.06161048694298188,1.0062144869353076,0.00275033051953417,1369.9670267510808,4.6431138e-03,102605,1154.92262,1053.97293,2.5276174e+03,6.8612094e+00,8.3159326e+02,2.5736098e+00,3.0386804e+03,8.3057594e+00,0,nan,nan,nan,nan,1154.92262,1.8090882e-03,1053.97293,1.7869594e-03,7.7785336e-04,-9.2118196e-03
0.0629993519985419,1.0028557436590488,0.0027493944657509643,1369.9684156161363,4.6430905e-03,102606,1154.92460,1053.97721,2.5186160e+03,6.8589387e+00,8.3116888e+02,2.5734427e+00,3.0285657e+03,8.3030100e+00,0,nan,nan,nan,nan,1154.92460,1.8171259e-03,1053.97721,1.7937741e-03,-7.4428297e-04,-3.0723307e-03
0.06438821658889538,0.9968978938090727,0.002746264560680709,1369.9698044807267,4.6430668e-03,102607,1154.92288,1053.97095,2.5047898e+03,6.8511891e+00,8.3680676e+02,2.5785027e+00,3.0105991e+03,8.2936296e+00,0,nan,nan,nan,nan,1154.92288,1.8218422e-03,1053.97095,1.8016119e-03,-6.3920822e-03,-1.3142476e-02
0.06855481128991414,1.0015464220881527,0.002749165662009453,1369.9739710754277,4.6429965e-03,102610,1154.93532,1053.97785,2.5158696e+03,6.8585706e+00,8.3436786e+02,2.5873935e+00,3.0247012e+03,8.3025656e+00,0,nan,nan,nan,nan,1154.93532,1.8136214e-03,1053.97785,1.7969389e-03,1.2470384e-02,-8.7457718e-03
0.06994367634501941,0.9993574714797584,0.0027474497903211483,1369.9753599404828,4.6429732e-03,102611,1154.92693,1053.98050,2.5105989e+03,6.8543277e+00,8.3100323e+02,2.5777128e+00,3.0181069e+03,8.2974291e+00,0,nan,nan,nan,nan,1154.92693,1.8199205e-03,1053.98050,1.7955821e-03,2.8492387e-03,-6.9324720e-05
0.07133254140103418,0.9995887719238302,0.002745638006779934,1369.9767488055388,4.6429499e-03,102612,1154.92274,1053.96984,2.5109185e+03,6.8498402e+00,8.3259357e+02,2.5806234e+00,3.0188198e+03,8.2919960e+00,0,nan,nan,nan,nan,1154.92274,1.8155692e-03,1053.96984,1.7957815e-03,-2.2372606e-03,-1.4214248e-02
0.07272140599138766,0.9964263246779962,0.0027456462559377636,1369.9781376701292,4.6429262e-03,102613,1154.92876,1053.97633,2.5027485e+03,6.8498874e+00,8.3653632e+02,2.5786748e+00,3.0092805e+03,8.2920532e+00,0,nan,nan,nan,nan,1154.92876,1.8231634e-03,1053.97633,1.8015527e-03,1.4533226e-03,-4.5585041e-03
0.07411027104694767,0.9986911522207387,0.002749074931575319,1369.9795265351847,4.6429029e-03,102614,1154.91984,1053.97489,2.5087126e+03,6.8584614e+00,8.3335095e+02,2.5846822e+00,3.0161296e+03,8.3024330e+00,0,nan,nan,nan,nan,1154.91984,1.8223992e-03,1053.97489,1.7965616e-03,-2.7115706e-03,-8.3093708e-03
0.07549913563639166,1.0014787989285558,0.002746279746867247,1369.9809153997742,4.6428791e-03,102615,1154.91961,1053.96953,2.5158821e+03,6.8515038e+00,8.3132031e+02,2.5752769e+00,3.0245554e+03,8.2940102e+00,0,nan,nan,nan,nan,1154.91961,1.8150186e-03,1053.96953,1.7937205e-03,-7.4404017e-03,-1.2447227e-02
0.07688800069149693,0.9986165287537975,0.0027425199952386095,1369.9823042648293,4.6428558e-03,102616,1154.92459,1053.98539,2.5076685e+03,6.8421335e+00,8.2816962e+02,2.5767732e+00,3.0159153e+03,8.2826672e+00,0,nan,nan,nan,nan,1154.92459,1.8192386e-03,1053.98539,1.7973804e-03,-2.9556288e-03,1.1646918e-03
0.07827686574751169,0.9997130465705154,0.00275012476917582,1369.9836931298853,4.6428326e-03,102617,1154.92205,1053.97393,2.5106870e+03,6.8611107e+00,8.3876575e+02,2.5828490e+00,3.0192288e+03,8.3056393e+00,0,nan,nan,nan,nan,1154.92205,1.8191764e-03,1053.97393,1.8001798e-03,-4.2506666e-03,-9.6243992e-03
0.07966573033786517,1.001365965678896,0.0027464445574308014,1369.9850819944756,4.6428088e-03,102618,1154.92637,1053.96561,2.5147842e+03,6.8519278e+00,8.3195319e+02,2.5761366e+00,3.0242205e+03,8.2945232e+00,0,nan,nan,nan,nan,1154.92637,1.8117139e-03,1053.96561,1.7926799e-03,3.3757386e-03,-1.7562686e-02
0.08105459539342519,1.000913142715502,0.0027477544641745766,1369.9864708595312,4.6427855e-03,102619,1154.91814,1053.97412,2.5139592e+03,6.8551893e+00,8.3624872e+02,2.5819964e+00,3.0228496e+03,8.2984715e+00,0,nan,nan,nan,nan,1154.91814,1.8172243e-03,1053.97412,1.7941413e-03,-7.7122264e-03,-9.1979504e-03
0.08244345998377867,1.0020000526808561,0.0027482946234274413,1369.9878597241216,4.6427618e-03,102620,1154.92087,1053.97919,2.5165535e+03,6.8565245e+00,8.3136304e+02,2.5785065e+00,3.0261267e+03,8.3000879e+00,0,nan,nan,nan,nan,1154.92087,1.8145964e-03,1053.97919,1.7973833e-03,-3.5515989e-03,-2.5994573e-03
0.08383232503979343,0.9985189910450973,0.0027447558501780627,1369.9892485891776,4.6427385e-03,102621,1154.92539,1053.96707,2.5081064e+03,6.8476782e+00,8.3329822e+02,2.5782259e+00,3.0156060e+03,8.2893791e+00,0,nan,nan,nan,nan,1154.92539,1.8202546e-03,1053.96707,1.7999642e-03,-4.3557669e-04,-1.8779142e-02
0.08522118962878267,1.0024728093656998,0.00274962726770952,1369.9906374537666,4.6427147e-03,102622,1154.92356,1053.98492,2.5173564e+03,6.8598084e+00,8.3055573e+02,2.5810578e+00,3.0275364e+03,8.3040628e+00,0,nan,nan,nan,nan,1154.92356,1.8157469e-03,1053.98492,1.7934111e-03,-1.5688235e-03,3.2146990e-03
0.08661005468388794,0.9970239294799375,0.0027448458038615785,1369.9920263188217,4.6426915e-03,102623,1154.91618,1053.96560,2.5046536e+03,6.8478503e+00,8.3454309e+02,2.5826628e+00,3.0110681e+03,8.2895880e+00,0,nan,nan,nan,nan,1154.91618,1.8227599e-03,1053.96560,1.8019775e-03,-9.0003302e-03,-2.0857655e-02
0.0879989197399027,1.0003168798273667,0.0027462837490031416,1369.9934151838777,4.6426682e-03,102624,1154.92529,1053.97588,2.5125515e+03,6.8514042e+00,8.3052094e+02,2.5753169e+00,3.0209980e+03,8.2938900e+00,0,nan,nan,nan,nan,1154.92529,1.8151392e-03,1053.97588,1.7962924e-03,4.2308352e-04,-3.6732098e-03
0.08938778433025618,1.004110404518003,0.002746998580835276,1369.994804048468,4.6426444e-03,102625,1154.91914,1053.96376,2.5214517e+03,6.8531485e+00,8.3155145e+02,2.5755665e+00,3.0324373e+03,8.2960014e+00,0,nan,nan,nan,nan,1154.91914,1.8125325e-03,1053.96376,1.7906011e-03,-9.0841725e-03,-2.1510258e-02
0.09077664938627095,1.0030756606168931,0.002748945535680705,1369.996192913524,4.6426211e-03,102626,1154.92590,1053.97754,2.5187393e+03,6.8579612e+00,8.3470380e+02,2.5786443e+00,3.0292932e+03,8.3018274e+00,0,nan,nan,nan,nan,1154.92590,1.8106875e-03,1053.97754,1.7926296e-03,5.7899663e-03,-2.5242844e-03
0.09216551397571493,0.9959648158473892,0.002745722540125058,1369.9975817781135,4.6425974e-03,102627,1154.91709,1053.97424,2.5013787e+03,6.8498721e+00,8.3637695e+02,2.5833113e+00,3.0077966e+03,8.2920351e+00,0,nan,nan,nan,nan,1154.91709,1.8269507e-03,1053.97424,1.8031120e-03,-7.4698883e-03,-1.1372092e-02
0.09355437903127495,1.0037858577330876,0.0027471815387156806,1369.998970643169,4.6425741e-03,102628,1154.92174,1053.98070,2.5210430e+03,6.8534575e+00,8.3215210e+02,2.5752759e+00,3.0313921e+03,8.2963753e+00,0,nan,nan,nan,nan,1154.92174,1.8120017e-03,1053.98070,1.7864247e-03,1.1010283e-03,-3.8989282e-03
0.09494324362071893,0.9955141472718962,0.0027452780911262223,1370.0003595077585,4.6425504e-03,102629,1154.92451,1053.97026,2.5004211e+03,6.8486495e+00,8.3643768e+02,2.5801704e+00,3.0063857e+03,8.2905550e+00,0,nan,nan,nan,nan,1154.92451,1.8281145e-03,1053.97026,1.8044229e-03,-1.1149604e-03,-1.1355505e-02
0.09633210867627895,1.001384947760378,0.002747177229035895,1370.001748372814,4.6425271e-03,102630,1154.92469,1053.97592,2.5149849e+03,6.8533239e+00,8.3472565e+02,2.5780241e+00,3.0240869e+03,8.2962132e+00,0,nan,nan,nan,nan,1154.92469,1.8161887e-03,1053.97592,1.7938840e-03,-1.1228270e-04,-5.8521428e-03
0.09772097326663243,1.0018722856304882,0.0027472215179453704,1370.0031372374044,4.6425033e-03,102631,1154.92101,1053.97307,2.5161819e+03,6.8533654e+00,8.3325342e+02,2.5782235e+00,3.0255283e+03,8.2962637e+00,0,nan,nan,nan,nan,1154.92101,1.8146158e-03,1053.97307,1.7934106e-03,-4.0227865e-04,-7.4526109e-03
0.09910983832264719,1.0018577599918814,0.002748061047865876,1370.0045261024604,4.6424801e-03,102632,1154.92505,1053.97991,2.5161372e+03,6.8553863e+00,8.3302899e+02,2.5800457e+00,3.0254521e+03,8.2987099e+00,0,nan,nan,nan,nan,1154.92505,1.8145815e-03,1053.97991,1.7921536e-03,1.0623819e-03,-5.1659736e-04
0.10049870291300067,1.0017326826991395,0.002747052546769652,1370.0059149670508,4.6424563e-03,102633,1154.92023,1053.96833,2.5158501e+03,6.8527927e+00,8.3198309e+02,2.5762212e+00,3.0250398e+03,8.2955704e+00,0,nan,nan,nan,nan,1154.92023,1.8133899e-03,1053.96833,1.7927394e-03,-1.2877968e-03,-1.9149939e-02
0.10188756796901544,1.0000627097679815,0.002749490593196442,1370.0073038321068,4.6424330e-03,102634,1154.92871,1053.98128,2.5116899e+03,6.8587923e+00,8.3860052e+02,2.5844023e+00,3.0199609e+03,8.3028336e+00,0,nan,nan,nan,nan,1154.92871,1.8184450e-03,1053.98128,1.7980488e-03,4.2134533e-03,5.8721757e-04
0.10327643255800467,1.0025204637299994,0.00274919148264523,1370.0086926966958,4.6424093e-03,102635,1154.92176,1053.97377,2.5175603e+03,6.8579602e+00,8.3541052e+02,2.5827587e+00,3.0273445e+03,8.3018255e+00,0,nan,nan,nan,nan,1154.92176,1.8161066e-03,1053.97377,1.7922570e-03,-3.6515545e-03,-9.4196433e-03
0.10466529761310994,1.0006535320754186,0.0027478721684225786,1370.010081561751,4.6423860e-03,102636,1154.91854,1053.96457,2.5134880e+03,6.8545790e+00,8.2906744e+02,2.5803590e+00,3.0216672e+03,8.2977324e+00,0,nan,nan,nan,nan,1154.91854,1.8142629e-03,1053.96457,1.7966493e-03,-6.4130276e-03,-1.5815599e-02
0.10605416220346342,1.000999103645529,0.00274466699703258,1370.0114704263412,4.6423622e-03,102637,1154.92416,1053.97840,2.5141865e+03,6.8464894e+00,8.3108667e+02,2.5759661e+00,3.0226692e+03,8.2879400e+00,0,nan,nan,nan,nan,1154.92416,1.8129731e-03,1053.97840,1.7938759e-03,-6.9860183e-04,-4.4997684e-03
0.10744302725879606,0.9954729107249403,0.0027456477582786043,1370.0128592913966,4.6423390e-03,102638,1154.92415,1053.97534,2.4996279e+03,6.8488388e+00,8.3608759e+02,2.5808163e+00,3.0059392e+03,8.2907839e+00,0,nan,nan,nan,nan,1154.92415,1.8263439e-03,1053.97534,1.8052650e-03,-1.0312423e-03,-8.7906225e-03
0.10883189184892217,0.9984265915909969,0.0027484848201004613,1370.0142481559867,4.6423152e-03,102639,1154.92473,1053.97276,2.5071365e+03,6.8558140e+00,8.3534540e+02,2.5884950e+00,3.0148135e+03,8.2992277e+00,0,nan,nan,nan,nan,1154.92473,1.8228579e-03,1053.97276,1.7979413e-03,1.3895283e-04,-8.2900422e-03
0.11022075643927565,0.9995406742973653,0.0027471335164679016,1370.015637020577,4.6422915e-03,102640,1154.92678,1053.98065,2.5100474e+03,6.8523388e+00,8.3576819e+02,2.5815909e+00,3.0181316e+03,8.2950211e+00,0,nan,nan,nan,nan,1154.92678,1.8161016e-03,1053.98065,1.7953799e-03,-4.0284381e-04,-3.6936025e-03
0.11160962149529041,0.9993221772731729,0.0027472599732850608,1370.017025885633,4.6422682e-03,102641,1154.92323,1053.97710,2.5090476e+03,6.8525462e+00,8.3291870e+02,2.5768237e+00,3.0174246e+03,8.2952719e+00,0,nan,nan,nan,nan,1154.92323,1.8184239e-03,1053.97710,1.7982612e-03,-2.8895366e-03,-3.1851961e-03
0.11299848608518914,0.9953001611480456,0.0027463973474183318,1370.018414750223,4.6422444e-03,102642,1154.91885,1053.96887,2.4983538e+03,6.8502831e+00,8.3331122e+02,2.5862763e+00,3.0052314e+03,8.2925329e+00,0,nan,nan,nan,nan,1154.91885,1.8294298e-03,1053.96887,1.8083818e-03,-7.5072129e-03,-1.8810367e-02
0.11438735113983967,0.9985674772185006,0.00274618606111879,1370.0198036152776,4.6422211e-03,102643,1154.92833,1053.98511,2.5067117e+03,6.8496428e+00,8.3370807e+02,2.5850978e+00,3.0150469e+03,8.2917576e+00,0,nan,nan,nan,nan,1154.92833,1.8180017e-03,1053.98511,1.7958197e-03,7.5535704e-03,6.7876051e-03
0.11577621573019314,0.9972720203422588,0.0027471293536786663,1370.021192479868,4.6421974e-03,102644,1154.91809,1053.96633,2.5027915e+03,6.8518796e+00,8.3449249e+02,2.5862114e+00,3.0110845e+03,8.2944651e+00,0,nan,nan,nan,nan,1154.91809,1.8254718e-03,1053.96633,1.8048809e-03,-7.6631564e-03,-1.8530995e-02
0.11716508078620791,0.9987627971482436,0.0027497577096684297,1370.022581344924,4.6421741e-03,102645,1154.91933,1053.96652,2.5077673e+03,6.8583169e+00,8.3867090e+02,2.5822387e+00,3.0155337e+03,8.3022575e+00,0,nan,nan,nan,nan,1154.91933,1.8254389e-03,1053.96652,1.8018638e-03,-4.4927923e-03,-1.9699736e-02
0.11855394537565189,1.0007503262137132,0.0027465805760904854,1370.0239702095134,4.6421504e-03,102646,1154.92826,1053.98179,2.5119355e+03,6.8502727e+00,8.3341119e+02,2.5768142e+00,3.0214812e+03,8.2925196e+00,0,nan,nan,nan,nan,1154.92826,1.8132903e-03,1053.98179,1.7974948e-03,4.1520013e-03,-5.4482287e-05
0.11994280996600537,0.9967854083173258,0.0027459332273783686,1370.0253590741038,4.6421266e-03,102647,1154.91658,1053.96519,2.5034314e+03,6.8485365e+00,8.3460260e+02,2.5838208e+00,3.0094568e+03,8.2904177e+00,0,nan,nan,nan,nan,1154.91658,1.8228368e-03,1053.96519,1.8004550e-03,-9.0584140e-03,-2.0290803e-02
0.12133167502202014,1.0025050608875123,0.0027509996412747313,1370.0267479391598,4.6421033e-03,102648,1154.91828,1053.97639,2.5174170e+03,6.8610477e+00,8.3530566e+02,2.5799689e+00,3.0266707e+03,8.3055639e+00,0,nan,nan,nan,nan,1154.91828,1.8171975e-03,1053.97639,1.7944874e-03,-5.2260081e-03,-5.2982117e-03
0.12272053961169149,0.9998954649614854,0.002745944490777616,1370.0281368037495,4.6420796e-03,102649,1154.92395,1053.97630,2.5096970e+03,6.8483148e+00,8.3321802e+02,2.5767238e+00,3.0187366e+03,8.2901497e+00,0,nan,nan,nan,nan,1154.92395,1.8186021e-03,1053.97630,1.7997072e-03,-1.7513449e-03,-7.7980775e-03
0.12410940466702414,0.9955417947397112,0.0027421972890894074,1370.0295256688048,4.6420563e-03,102650,1154.92194,1053.97854,2.4996367e+03,6.8388429e+00,8.3341028e+02,2.5757706e+00,3.0055371e+03,8.2786837e+00,0,nan,nan,nan,nan,1154.92194,1.8247470e-03,1053.97854,1.8006549e-03,-4.3598018e-03,-9.4144344e-03
0.12549826925646812,1.0025583914378051,0.0027492461467711203,1370.0309145333943,4.6420326e-03,102651,1154.92665,1053.97198,2.5166650e+03,6.8562956e+00,8.3522681e+02,2.5820653e+00,3.0266641e+03,8.2998104e+00,0,nan,nan,nan,nan,1154.92665,1.8166257e-03,1053.97198,1.7957309e-03,6.6910376e-04,-1.3856043e-02
0.1268871338468216,1.004306862467317,0.002747857431982558,1370.0323033979846,4.6420088e-03,102652,1154.92350,1053.97426,2.5216501e+03,6.8527036e+00,8.2950018e+02,2.5735807e+00,3.0318862e+03,8.2954626e+00,0,nan,nan,nan,nan,1154.92350,1.8099671e-03,1053.97426,1.7884884e-03,-9.7017281e-04,-7.4332468e-03
0.12827599890283636,0.9963975331580494,0.002744094541639739,1370.0336922630406,4.6419855e-03,102653,1154.92245,1053.97207,2.5024458e+03,6.8431916e+00,8.3223346e+02,2.5825660e+00,3.0079521e+03,8.2839479e+00,0,nan,nan,nan,nan,1154.92245,1.8242386e-03,1053.97207,1.8011347e-03,-3.0123687e-03,-8.5782362e-03
0.1296648634927351,1.0016810875527187,0.002747764826542147,1370.0350811276305,4.6419618e-03,102654,1154.92222,1053.97365,2.5137700e+03,6.8522162e+00,8.3242017e+02,2.5799828e+00,3.0238459e+03,8.2948723e+00,0,nan,nan,nan,nan,1154.92222,1.8166672e-03,1053.97365,1.7976057e-03,-8.9307531e-04,-6.7797927e-03
0.13105372808308857,1.0011594850089398,0.002750722434298788,1370.0364699922209,4.6419380e-03,102655,1154.92013,1053.97329,2.5139807e+03,6.8594627e+00,8.3569153e+02,2.5800378e+00,3.0222144e+03,8.3036451e+00,0,nan,nan,nan,nan,1154.92013,1.8152759e-03,1053.97329,1.7927329e-03,-4.1001788e-03,-1.2339388e-02
0.13244259313819384,0.9997817972722934,0.002747142270658125,1370.037858857276,4.6419147e-03,102656,1154.92878,1053.97116,2.5101006e+03,6.8504071e+00,8.3088733e+02,2.5781128e+00,3.0179993e+03,8.2926826e+00,0,nan,nan,nan,nan,1154.92878,1.8203452e-03,1053.97116,1.8003376e-03,5.2393074e-03,-1.3493194e-02
0.13383145772809257,0.9991776701803783,0.0027460252387008933,1370.0392477218659,4.6418910e-03,102657,1154.92449,1053.97955,2.5084580e+03,6.8474946e+00,8.3201648e+02,2.5808563e+00,3.0161196e+03,8.2891569e+00,0,nan,nan,nan,nan,1154.92449,1.8165960e-03,1053.97955,1.7960048e-03,4.7908458e-03,-3.3929208e-03
0.13522032231844605,1.003711248039809,0.0027486434064066204,1370.0406365864562,4.6418672e-03,102658,1154.91934,1053.96997,2.5200037e+03,6.8538976e+00,8.3067023e+02,2.5740273e+00,3.0297488e+03,8.2969074e+00,0,nan,nan,nan,nan,1154.91934,1.8144795e-03,1053.96997,1.7908500e-03,-5.2310391e-03,-1.3023541e-02
0.13660918737355132,0.9985959321501735,0.002746583031765054,1370.0420254515113,4.6418440e-03,102659,1154.92067,1053.96687,2.5068877e+03,6.8486347e+00,8.3300085e+02,2.5821488e+00,3.0142532e+03,8.2905369e+00,0,nan,nan,nan,nan,1154.92067,1.8187576e-03,1053.96687,1.7976381e-03,-3.4258740e-03,-1.7244076e-02
0.1379980519639048,1.0032637870260714,0.002749075234946633,1370.0434143161017,4.6418202e-03,102660,1154.92695,1053.99199,2.5176145e+03,6.8547258e+00,8.3087195e+02,2.5786777e+00,3.0282881e+03,8.2979107e+00,0,nan,nan,nan,nan,1154.92695,1.8101328e-03,1053.99199,1.7908351e-03,6.8263775e-03,1.3012123e-02
0.13938691655425828,1.0035392265748992,0.0027519748443683217,1370.044803180692,4.6417965e-03,102661,1154.91198,1053.96042,2.5184143e+03,6.8618345e+00,8.3476331e+02,2.5850492e+00,3.0290662e+03,8.3065157e+00,0,nan,nan,nan,nan,1154.91198,1.8186222e-03,1053.96042,1.7961904e-03,-1.7547393e-02,-2.8620768e-02
0.1407757816089088,0.9992433579712342,0.0027461748804584875,1370.0461920457467,4.6417732e-03,102662,1154.92471,1053.97448,2.5079275e+03,6.8472524e+00,8.3360339e+02,2.5765133e+00,3.0160469e+03,8.2888641e+00,0,nan,nan,nan,nan,1154.92471,1.8165148e-03,1053.97448,1.7985447e-03,4.1465317e-03,-7.7991579e-03
0.14216464619835278,1.001572157588344,0.002752329165429969,1370.0475809103361,4.6417494e-03,102663,1154.91923,1053.96751,2.5129502e+03,6.8624806e+00,8.3698572e+02,2.5873227e+00,3.0230244e+03,8.3072977e+00,0,nan,nan,nan,nan,1154.91923,1.8223110e-03,1053.96751,1.7993968e-03,-4.2526736e-03,-1.4447540e-02
0.14355351078870626,0.9960809237035189,0.0027447259194329963,1370.0489697749265,4.6417257e-03,102664,1154.92523,1053.97340,2.5004485e+03,6.8434091e+00,8.3313013e+02,2.5819097e+00,3.0064001e+03,8.2842112e+00,0,nan,nan,nan,nan,1154.92523,1.8227715e-03,1053.97340,1.8028188e-03,5.2101719e-03,-4.7180536e-03
0.14494237584472103,0.9995615417514004,0.0027466801410002753,1370.0503586399825,4.6417024e-03,102665,1154.92596,1053.98277,2.5089402e+03,6.8481708e+00,8.3128583e+02,2.5740323e+00,3.0168567e+03,8.2899752e+00,0,nan,nan,nan,nan,1154.92596,1.8173691e-03,1053.98277,1.7955690e-03,2.9029460e-03,8.3109488e-05
0.14772010502497324,0.9949445613855057,0.002745220443584678,1370.0531363691628,4.6416549e-03,102667,1154.88628,1053.99069,2.4917478e+03,6.8443193e+00,8.3772144e+02,2.5825748e+00,3.0028289e+03,8.2853127e+00,0,nan,nan,nan,nan,1154.88628,1.8440468e-03,1053.99069,1.8087191e-03,-5.0550476e-02,1.3635799e-02
0.14910896961532671,1.0066397377505778,0.0027546910877155203,1370.054525233753,4.6416312e-03,102668,1154.92192,1053.96982,2.5260061e+03,6.8678308e+00,8.3148413e+02,2.5815692e+00,3.0380815e+03,8.3137741e+00,0,nan,nan,nan,nan,1154.92192,1.8138634e-03,1053.96982,1.7915163e-03,-2.8817463e-03,-1.2689692e-02
0.15049783467043198,1.0007704834579694,0.0027484800205784176,1370.0559140988082,4.6416079e-03,102669,1154.92744,1053.97218,2.5117375e+03,6.8522501e+00,8.3028986e+02,2.5760870e+00,3.0203254e+03,8.2949133e+00,0,nan,nan,nan,nan,1154.92744,1.8170218e-03,1053.97218,1.7944088e-03,3.1790326e-03,-9.8936893e-03
0.15188669925942122,0.9968575659602784,0.002746765826724509,1370.0573029633972,4.6415841e-03,102670,1154.92342,1053.97607,2.5018994e+03,6.8478847e+00,8.3552136e+02,2.5794961e+00,3.0084761e+03,8.2896290e+00,0,nan,nan,nan,nan,1154.92342,1.8248421e-03,1053.97607,1.8014369e-03,-2.6105351e-03,-7.8798765e-03
0.1532755638497747,1.0033416854788302,0.002752060610507683,1370.0586918279876,4.6415604e-03,102671,1154.91724,1053.96790,2.5181785e+03,6.8609977e+00,8.3370703e+02,2.5796170e+00,3.0280066e+03,8.3055029e+00,0,nan,nan,nan,nan,1154.91724,1.8181315e-03,1053.96790,1.7981394e-03,-6.1892867e-03,-1.9753402e-02
0.15466442844012818,0.9967060980515833,0.0027430047182640414,1370.060080692578,4.6415366e-03,102672,1154.92287,1053.97608,2.5012722e+03,6.8383393e+00,8.3349603e+02,2.5763652e+00,3.0079451e+03,8.2780743e+00,0,nan,nan,nan,nan,1154.92287,1.8229776e-03,1053.97608,1.7984749e-03,-4.4819489e-04,-7.2239665e-03
0.15605329349614294,0.995650682550363,0.00274351736950999,1370.061469557634,4.6415133e-03,102673,1154.92007,1053.97231,2.4984180e+03,6.8395414e+00,8.3563879e+02,2.5774786e+00,3.0047266e+03,8.2795296e+00,0,nan,nan,nan,nan,1154.92007,1.8224786e-03,1053.97231,1.7991812e-03,-1.7092879e-03,-7.0462013e-03
0.15744215808649642,1.0050863070664893,0.002756564170441739,1370.0628584222243,4.6414896e-03,102674,1154.92498,1053.97772,2.5220376e+03,6.8719969e+00,8.3370319e+02,2.5890784e+00,3.0331707e+03,8.3188171e+00,0,nan,nan,nan,nan,1154.92498,1.8155591e-03,1053.97772,1.7921044e-03,1.0628811e-03,-2.0881796e-03
0.1588310226759404,0.9989445498495088,0.0027446746961505386,1370.0642472868137,4.6414658e-03,102675,1154.92139,1053.97474,2.5059995e+03,6.8422914e+00,8.3259167e+02,2.5761847e+00,3.0146074e+03,8.2828588e+00,0,nan,nan,nan,nan,1154.92139,1.8199919e-03,1053.97474,1.7970476e-03,-3.4239688e-03,-7.5855711e-03
0.16021988726583913,0.9974001998413067,0.0027439374103543383,1370.0656361514036,4.6414421e-03,102676,1154.91743,1053.95993,2.5031267e+03,6.8403955e+00,8.3024792e+02,2.5764310e+00,3.0099211e+03,8.2805634e+00,0,nan,nan,nan,nan,1154.91743,1.8199045e-03,1053.95993,1.8020996e-03,-8.8128969e-03,-2.4604594e-02
0.1616087523209444,0.998232324908871,0.002745656409399835,1370.0670250164587,4.6414188e-03,102677,1154.92231,1053.97245,2.5053494e+03,6.8446298e+00,8.3261047e+02,2.5780361e+00,3.0124097e+03,8.2856884e+00,0,nan,nan,nan,nan,1154.92231,1.8199761e-03,1053.97245,1.7986736e-03,-1.4917675e-03,-1.3463443e-02
0.16299761691084313,1.0055657232839335,0.0027510484134121815,1370.0684138810486,4.6413951e-03,102678,1154.92564,1053.98024,2.5220925e+03,6.8580256e+00,8.3133978e+02,2.5767152e+00,3.0345198e+03,8.3019047e+00,0,nan,nan,nan,nan,1154.92564,1.8118648e-03,1053.98024,1.7931605e-03,1.2585497e-04,-1.2612359e-03
0.1643864815011966,1.0026865369347078,0.002751467217431906,1370.069802745639,4.6413713e-03,102679,1154.92304,1053.97434,2.5161316e+03,6.8590312e+00,8.3408990e+02,2.5899186e+00,3.0258142e+03,8.3031225e+00,0,nan,nan,nan,nan,1154.92304,1.8137491e-03,1053.97434,1.7933432e-03,2.6220439e-03,-5.7253507e-03
0.1657753460915501,1.0006961316317393,0.002750738920462824,1370.0711916102293,4.6413476e-03,102680,1154.91993,1053.96259,2.5123889e+03,6.8571849e+00,8.3576471e+02,2.5790796e+00,3.0197947e+03,8.3008871e+00,0,nan,nan,nan,nan,1154.91993,1.8221434e-03,1053.96259,1.7957521e-03,-5.4875612e-03,-2.3439836e-02
0.16716421068190357,1.0008734874956928,0.0027488559651677024,1370.0725804748197,4.6413238e-03,102681,1154.92208,1053.97158,2.5111997e+03,6.8524671e+00,8.3394214e+02,2.5806198e+00,3.0203193e+03,8.2951765e+00,0,nan,nan,nan,nan,1154.92208,1.8163354e-03,1053.97158,1.7955573e-03,5.5966154e-04,-1.0409975e-02
0.16855307573791833,0.9960996179601617,0.0027469536007650583,1370.0739693398757,4.6413005e-03,102682,1154.92378,1053.97963,2.5002332e+03,6.8477097e+00,8.3379999e+02,2.5834939e+00,3.0059065e+03,8.2894173e+00,0,nan,nan,nan,nan,1154.92378,1.8220154e-03,1053.97963,1.8031305e-03,1.1946100e-03,-2.5366195e-03
0.1699419403266802,1.0009547938213228,0.0027491235652324602,1370.0753582044645,4.6412768e-03,102683,1154.92138,1053.97321,2.5115059e+03,6.8531113e+00,8.3734839e+02,2.5826716e+00,3.0205544e+03,8.2959566e+00,0,nan,nan,nan,nan,1154.92138,1.8182907e-03,1053.97321,1.7974884e-03,-2.1354880e-03,-1.1944924e-02
0.17133080491635155,0.9984260734218317,0.002748909243440323,1370.0767470690541,4.6412530e-03,102684,1154.92277,1053.97541,2.5044656e+03,6.8525777e+00,8.3401550e+02,2.5847442e+00,3.0129238e+03,8.2953100e+00,0,nan,nan,nan,nan,1154.92277,1.8255278e-03,1053.97541,1.8041697e-03,1.1922088e-03,-8.1131179e-03
0.17271966950670503,1.0032853800317296,0.002747520599937247,1370.0781359336445,4.6412293e-03,102685,1154.92555,1053.97981,2.5173179e+03,6.8491259e+00,8.2686139e+02,2.5740201e+00,3.0275916e+03,8.2911310e+00,0,nan,nan,nan,nan,1154.92555,1.8138426e-03,1053.97981,1.7927375e-03,1.8202290e-03,-1.7233999e-03
0.17410853409614901,1.0011851793855124,0.002749617394371496,1370.079524798234,4.6412055e-03,102686,1154.92348,1053.97063,2.5126814e+03,6.8543701e+00,8.3517114e+02,2.5795088e+00,3.0212617e+03,8.2974796e+00,0,nan,nan,nan,nan,1154.92348,1.8157769e-03,1053.97063,1.7947083e-03,-4.5962440e-04,-1.1843252e-02
0.1754973986865025,0.9976294596753215,0.0027491248943085425,1370.0809136628243,4.6411818e-03,102687,1154.92141,1053.97304,2.5040459e+03,6.8531685e+00,8.3624841e+02,2.5877075e+00,3.0105432e+03,8.2960253e+00,0,nan,nan,nan,nan,1154.92141,1.8226639e-03,1053.97304,1.8004847e-03,-2.3054825e-03,-1.1498823e-02
0.17688626374251726,0.9951130517222484,0.0027441926451365066,1370.0823025278803,4.6411585e-03,102688,1154.92174,1053.96486,2.4971870e+03,6.8409090e+00,8.3583698e+02,2.5802047e+00,3.0029648e+03,8.2811842e+00,0,nan,nan,nan,nan,1154.92174,1.8260201e-03,1053.96486,1.8040800e-03,-3.4942136e-03,-1.8551033e-02
0.178275128332416,1.0021524702416933,0.0027528807459912836,1370.0836913924702,4.6411348e-03,102689,1154.92807,1053.98515,2.5149844e+03,6.8626108e+00,8.3206982e+02,2.5834661e+00,3.0242275e+03,8.3074560e+00,0,nan,nan,nan,nan,1154.92807,1.8159667e-03,1053.98515,1.7941954e-03,5.7104300e-03,1.0346028e-03
0.17966399292185997,1.0039684145073648,0.002749879988981181,1370.0850802570596,4.6411110e-03,102690,1154.92191,1053.96346,2.5198372e+03,6.8551846e+00,8.3156714e+02,2.5762947e+00,3.0297312e+03,8.2984657e+00,0,nan,nan,nan,nan,1154.92191,1.8122224e-03,1053.96346,1.7908296e-03,-3.7985092e-03,-2.2274710e-02
0.1810528575117587,0.9966591855782828,0.0027459561497720766,1370.0864691216495,4.6410873e-03,102691,1154.92397,1053.97796,2.5013215e+03,6.8454652e+00,8.3640961e+02,2.5814803e+00,3.0077014e+03,8.2867002e+00,0,nan,nan,nan,nan,1154.92397,1.8233429e-03,1053.97796,1.7978043e-03,2.9928577e-03,-2.2688725e-03
0.18244172210211218,1.004385188579848,0.0027519644696262307,1370.08785798624,4.6410635e-03,102692,1154.92693,1053.97743,2.5187783e+03,6.8605165e+00,8.3523065e+02,2.5811615e+00,3.0310491e+03,8.3049202e+00,0,nan,nan,nan,nan,1154.92693,1.8168881e-03,1053.97743,1.7980897e-03,4.0770235e-04,-6.4779869e-03
0.18383058669246566,0.9991498076200346,0.002746698574951013,1370.0892468508302,4.6410398e-03,102693,1154.92193,1053.97060,2.5072834e+03,6.8474708e+00,8.2978973e+02,2.5749574e+00,3.0152856e+03,8.2891283e+00,0,nan,nan,nan,nan,1154.92193,1.8212660e-03,1053.97060,1.8004187e-03,-2.9564896e-03,-1.6238911e-02
0.18521945128190964,1.0005167765814276,0.0027471725270938776,1370.0906357154197,4.6410160e-03,102694,1154.92384,1053.98048,2.5106357e+03,6.8487444e+00,8.3029028e+02,2.5824175e+00,3.0194517e+03,8.2906694e+00,0,nan,nan,nan,nan,1154.92384,1.8156025e-03,1053.98048,1.7949059e-03,2.3579812e-03,-1.1923015e-03
0.18660831587226312,0.9973860983643172,0.0027461915684278363,1370.09202458001,4.6409923e-03,102695,1154.92173,1053.96647,2.5029446e+03,6.8464003e+00,8.3084106e+02,2.5794933e+00,3.0100481e+03,8.2878323e+00,0,nan,nan,nan,nan,1154.92173,1.8213255e-03,1053.96647,1.8021150e-03,-5.8334777e-03,-1.7728053e-02
0.18799718092759576,0.9938053306475971,0.0027460864809778418,1370.0934134450654,4.6409690e-03,102696,1154.92045,1053.97833,2.4945356e+03,6.8462496e+00,8.3610907e+02,2.5890388e+00,2.9992900e+03,8.2876492e+00,0,nan,nan,nan,nan,1154.92045,1.8263696e-03,1053.97833,1.8070778e-03,-1.8552443e-03,-2.9906349e-03
0.18938604551726712,1.0017458113933428,0.0027495634373699025,1370.094802309655,4.6409452e-03,102697,1154.92081,1053.96193,2.5135996e+03,6.8550386e+00,8.3335370e+02,2.5851107e+00,3.0233076e+03,8.2982893e+00,0,nan,nan,nan,nan,1154.92081,1.8202247e-03,1053.96193,1.7966504e-03,-5.2608773e-03,-2.6104525e-02
0.1907749101076206,0.9990990551106204,0.002745144680723856,1370.0961911742454,4.6409215e-03,102698,1154.92273,1053.97798,2.5069868e+03,6.8441525e+00,8.3253046e+02,2.5764203e+00,3.0153772e+03,8.2851114e+00,0,nan,nan,nan,nan,1154.92273,1.8183799e-03,1053.97798,1.7987799e-03,-2.4975226e-03,-3.4150612e-03
0.19216377469706458,1.0020207425452539,0.0027485645977382085,1370.0975800388348,4.6408977e-03,102699,1154.92282,1053.97097,2.5154871e+03,6.8528204e+00,8.3243774e+02,2.5787351e+00,3.0242573e+03,8.2956038e+00,0,nan,nan,nan,nan,1154.92282,1.8179168e-03,1053.97097,1.7943928e-03,-3.2889144e-03,-1.0730157e-02
0.19355263928741806,1.0020795312135655,0.0027475643759918493,1370.0989689034252,4.6408740e-03,102700,1154.92595,1053.97292,2.5155754e+03,6.8504763e+00,8.3095209e+02,2.5782332e+00,3.0245012e+03,8.2927666e+00,0,nan,nan,nan,nan,1154.92595,1.8134555e-03,1053.97292,1.7907037e-03,-2.8384961e-03,-1.2188567e-02
0.19494150387777154,1.00046698428571,0.0027466971356776863,1370.1003577680156,4.6408502e-03,102701,1154.92412,1053.98212,2.5113691e+03,6.8484740e+00,8.3294019e+02,2.5767236e+00,3.0197046e+03,8.2903423e+00,0,nan,nan,nan,nan,1154.92412,1.8152706e-03,1053.98212,1.7924439e-03,2.8895636e-03,9.1744727e-04
0.19633036846767027,1.002179903035163,0.0027458886952054836,1370.1017466326055,4.6408265e-03,102702,1154.91405,1053.96292,2.5144502e+03,6.8466272e+00,8.2860065e+02,2.5695276e+00,3.0249495e+03,8.2881069e+00,0,nan,nan,nan,nan,1154.91405,1.8183298e-03,1053.96292,1.7974140e-03,-1.1035761e-02,-2.0244537e-02
0.19771923305711425,0.9927616600218806,0.0027421524488312797,1370.103135497195,4.6408027e-03,102703,1154.93174,1053.97148,2.4926519e+03,6.8374906e+00,8.3289636e+02,2.5819905e+00,2.9965999e+03,8.2770462e+00,0,nan,nan,nan,nan,1154.93174,1.8276783e-03,1053.97148,1.8021025e-03,8.4055820e-03,-9.8106051e-03
0.19910809764701298,1.0028136100406828,0.002749480318664609,1370.1045243617848,4.6407790e-03,102704,1154.92171,1053.96824,2.5180210e+03,6.8559494e+00,8.3076263e+02,2.5802064e+00,3.0270242e+03,8.2993917e+00,0,nan,nan,nan,nan,1154.92171,1.8128499e-03,1053.96824,1.7909292e-03,-3.7561557e-03,-1.4609086e-02
0.20049696223736646,0.9990753766402907,0.0027458850085739553,1370.1059132263752,4.6407552e-03,102705,1154.92347,1053.97441,2.5085044e+03,6.8471818e+00,8.3159937e+02,2.5817955e+00,3.0158271e+03,8.2887783e+00,0,nan,nan,nan,nan,1154.92347,1.8194007e-03,1053.97441,1.7986362e-03,-4.7896270e-04,-1.0799498e-02
0.20188582682771994,1.007164829062153,0.0027540981793945855,1370.1073020909655,4.6407315e-03,102706,1154.92534,1053.97722,2.5286411e+03,6.8678694e+00,8.3033716e+02,2.5776427e+00,3.0403374e+03,8.3138208e+00,0,nan,nan,nan,nan,1154.92534,1.8089069e-03,1053.97722,1.7895108e-03,3.6650812e-03,-4.2968020e-03
0.20327469141716392,0.9974122693503743,0.0027464235370253448,1370.108690955555,4.6407077e-03,102707,1154.92093,1053.96730,2.5042390e+03,6.8489447e+00,8.3424432e+02,2.5784621e+00,3.0109917e+03,8.2909126e+00,0,nan,nan,nan,nan,1154.92093,1.8251308e-03,1053.96730,1.8000576e-03,-4.2440100e-03,-1.6170915e-02
0.2046635560075174,1.002121373865348,0.0027485885524831115,1370.1100798201453,4.6406840e-03,102708,1154.92731,1053.97361,2.5156741e+03,6.8545671e+00,8.3099731e+02,2.5737484e+00,3.0253062e+03,8.2977190e+00,0,nan,nan,nan,nan,1154.92731,1.8170571e-03,1053.97361,1.7941775e-03,2.6094401e-03,-6.8484223e-03
0.20605242059787088,0.9985785064710462,0.002747739894329525,1370.1114686847357,4.6406602e-03,102709,1154.92002,1053.96369,2.5076672e+03,6.8526821e+00,8.3449261e+02,2.5868561e+00,3.0147122e+03,8.2954369e+00,0,nan,nan,nan,nan,1154.92002,1.8205974e-03,1053.96369,1.8002277e-03,-4.7823922e-03,-1.9471044e-02
0.2074412851868601,1.0026446206214963,0.002747632021153145,1370.1128575493246,4.6406365e-03,102710,1154.92968,1053.97816,2.5181064e+03,6.8526530e+00,8.3204767e+02,2.5734534e+00,3.0270933e+03,8.2954006e+00,0,nan,nan,nan,nan,1154.92968,1.8133634e-03,1053.97816,1.7911243e-03,5.3588976e-03,-2.5639730e-03
0.2088301497763041,0.9963064683584357,0.002746799270976319,1370.114246413914,4.6406128e-03,102711,1154.92642,1053.97701,2.5023066e+03,6.8508220e+00,8.3631964e+02,2.5857427e+00,3.0080657e+03,8.2931843e+00,0,nan,nan,nan,nan,1154.92642,1.8231011e-03,1053.97701,1.8013171e-03,3.0624687e-03,-4.2793751e-03
0.21021901436665758,0.9968461193012866,0.0027440320395897295,1370.1156352785044,4.6405890e-03,102712,1154.92270,1053.97488,2.5037861e+03,6.8441725e+00,8.3474286e+02,2.5815868e+00,3.0098064e+03,8.2851353e+00,0,nan,nan,nan,nan,1154.92270,1.8199953e-03,1053.97488,1.8008988e-03,-2.3277204e-03,-6.5541598e-03
0.21160787895701105,0.9997302310805574,0.0027472556147214553,1370.1170241430948,4.6405653e-03,102713,1154.91914,1053.96143,2.5110718e+03,6.8524718e+00,8.3255951e+02,2.5875683e+00,3.0186287e+03,8.2951822e+00,0,nan,nan,nan,nan,1154.91914,1.8181541e-03,1053.96143,1.7974149e-03,-5.6161326e-03,-2.3718324e-02
0.21299674354736453,0.9986589146010353,0.002744277055114522,1370.1184130076851,4.6405415e-03,102714,1154.92522,1053.97778,2.5073049e+03,6.8453088e+00,8.3122125e+02,2.5755327e+00,3.0155110e+03,8.2865105e+00,0,nan,nan,nan,nan,1154.92522,1.8222124e-03,1053.97778,1.8012282e-03,4.5052557e-03,-3.5246501e-03
0.21577447272761674,1.0023501453102135,0.0027468988686390763,1370.1211907368654,4.6404940e-03,102716,1154.93199,1053.98877,2.5142993e+03,6.8523951e+00,8.3325165e+02,2.5829194e+00,3.0268984e+03,8.2950897e+00,0,nan,nan,nan,nan,1154.93199,1.8150246e-03,1053.98877,1.7978103e-03,1.1607715e-02,7.7104266e-03
0.21716333731706072,1.0004797572641626,0.002746840457435878,1370.1225796014548,4.6404703e-03,102717,1154.92968,1053.98279,2.5120471e+03,6.8525295e+00,8.3325049e+02,2.5758657e+00,3.0213738e+03,8.2952518e+00,0,nan,nan,nan,nan,1154.92968,1.8184646e-03,1053.98279,1.7971296e-03,6.2150434e-03,3.7680522e-03
0.21855220190604996,0.9963023498207189,0.002745262710140668,1370.1239684660438,4.6404465e-03,102718,1154.92312,1053.97192,2.5023254e+03,6.8488774e+00,8.3593396e+02,2.5809860e+00,3.0088831e+03,8.2908306e+00,0,nan,nan,nan,nan,1154.92312,1.8217762e-03,1053.97192,1.8027495e-03,-1.3628191e-03,-1.0044637e-02
0.21994106649640344,1.0025779119704308,0.0027469004384317597,1370.1253573306342,4.6404228e-03,102719,1154.91468,1053.96531,2.5183481e+03,6.8532505e+00,8.3242902e+02,2.5797179e+00,3.0279622e+03,8.2961245e+00,0,nan,nan,nan,nan,1154.91468,1.8123271e-03,1053.96531,1.7928756e-03,-9.9509163e-03,-2.3355568e-02
0.22132993108675691,1.0019250700745996,0.002750046066162084,1370.1267461952245,4.6403990e-03,102720,1154.92717,1053.98273,2.5161094e+03,6.8613873e+00,8.3205786e+02,2.5771782e+00,3.0261182e+03,8.3059750e+00,0,nan,nan,nan,nan,1154.92717,1.8189254e-03,1053.98273,1.7911915e-03,4.7140950e-03,1.4487575e-03
0.2227187956771104,0.9987572409098143,0.0027432959064892797,1370.128135059815,4.6403753e-03,102721,1154.92574,1053.97840,2.5086626e+03,6.8448358e+00,8.3121350e+02,2.5794671e+00,3.0166785e+03,8.2859383e+00,0,nan,nan,nan,nan,1154.92574,1.8180034e-03,1053.97840,1.7972605e-03,3.7205012e-03,-6.4595863e-03
0.22410766026746387,1.0005933526593986,0.0027474644772529423,1370.1295239244052,4.6403515e-03,102722,1154.91904,1053.95981,2.5138606e+03,6.8555279e+00,8.3422803e+02,2.5787144e+00,3.0223528e+03,8.2988815e+00,0,nan,nan,nan,nan,1154.91904,1.8164845e-03,1053.95981,1.7987902e-03,-7.1226275e-03,-2.2061106e-02
