time,flux,flux_err,time_original,timecorr,cadenceno,centroid_col,centroid_row,sap_flux,sap_flux_err,sap_bkg,sap_bkg_err,pdcsap_flux,pdcsap_flux_err,quality,psf_centr1,psf_centr1_err,psf_centr2,psf_centr2_err,mom_centr1,mom_centr1_err,mom_centr2,mom_centr2_err,pos_corr1,pos_corr2
-0.2977127313156416,1.000282993871436,0.0007793291591511752,1343.6851915576217,4.7421725e-03,83682,1663.20862,991.25239,2.3564852e+04,1.8251513e+01,2.3543464e+03,5.5654354e+00,2.5353195e+04,1.9752895e+01,0,nan,nan,nan,nan,1663.20862,6.3446577e-04,991.25239,6.6250429e-04,-4.4572394e-02,-8.7097950e-02
-0.2963238467082192,0.9987835480331145,0.0007787291139128939,1343.6865804422291,4.7421688e-03,83683,1663.22988,991.28471,2.3510303e+04,1.8237564e+01,2.3556709e+03,5.5685287e+00,2.5315338e+04,1.9737801e+01,0,nan,nan,nan,nan,1663.22988,6.3556712e-04,991.28471,6.6367036e-04,-1.8966859e-02,-4.7753245e-02
-0.29493496256554863,0.9996044190969374,0.0007788371361605544,1343.6879693263718,4.7421646e-03,83684,1663.22682,991.27820,2.3536781e+04,1.8240191e+01,2.3453040e+03,5.5642304e+00,2.5336277e+04,1.9740643e+01,0,nan,nan,nan,nan,1663.22682,6.3369970e-04,991.27820,6.6225359e-04,-2.2269204e-02,-5.6742981e-02
-0.29354607842378755,0.9997089659030134,0.0007792596162357062,1343.6893582105135,4.7421604e-03,83685,1663.22042,991.25921,2.3557562e+04,1.8250172e+01,2.3556968e+03,5.5711565e+00,2.5339047e+04,1.9751446e+01,0,nan,nan,nan,nan,1663.22042,6.3398678e-04,991.25921,6.6180376e-04,-3.0962704e-02,-7.7272989e-02
-0.2921571942824812,1.00109806040083,0.0007795367948040859,1343.6907470946549,4.7421562e-03,83686,1663.22616,991.28464,2.3568346e+04,1.8256739e+01,2.3598975e+03,5.5742559e+00,2.5374365e+04,1.9758553e+01,0,nan,nan,nan,nan,1663.22616,6.3479401e-04,991.28464,6.6193694e-04,-2.2219220e-02,-5.0182778e-02
-0.29076831013981064,0.9989398541295642,0.0007787046130868494,1343.6921359787975,4.7421521e-03,83687,1663.21819,991.26541,2.3533664e+04,1.8237318e+01,2.3484045e+03,5.5612440e+00,2.5319754e+04,1.9737534e+01,0,nan,nan,nan,nan,1663.21819,6.3365564e-04,991.26541,6.6167407e-04,-3.2548700e-02,-7.1668975e-02
-0.28937942599736743,1.0016695244910208,0.000779347844654207,1343.69352486294,4.7421479e-03,83688,1663.22846,991.27541,2.3583182e+04,1.8252441e+01,2.3422336e+03,5.5569324e+00,2.5389023e+04,1.9753901e+01,0,nan,nan,nan,nan,1663.22846,6.3335244e-04,991.27541,6.6200638e-04,-1.9163130e-02,-5.8070581e-02
-0.2879905418562885,1.0004773276600876,0.000779337115525755,1343.694913747081,4.7421437e-03,83689,1663.23373,991.27878,2.3551049e+04,1.8252243e+01,2.3523743e+03,5.5717058e+00,2.5358877e+04,1.9753685e+01,0,nan,nan,nan,nan,1663.23373,6.3439249e-04,991.27878,6.6331925e-04,-1.5781693e-02,-5.6043930e-02
-0.28660165771407264,1.000253080216418,0.0007791118405647628,1343.6963026312233,4.7421395e-03,83690,1663.22102,991.27197,2.3551150e+04,1.8247009e+01,2.3541436e+03,5.5773063e+00,2.5353254e+04,1.9748022e+01,0,nan,nan,nan,nan,1663.22102,6.3425337e-04,991.27197,6.6299603e-04,-2.8289011e-02,-6.4251743e-02
-0.28521277310596815,0.999991828573761,0.0007790716303633926,1343.6976915158314,4.7421358e-03,83691,1663.22235,991.26094,2.3550018e+04,1.8246103e+01,2.3529084e+03,5.5720611e+00,2.5346680e+04,1.9747042e+01,0,nan,nan,nan,nan,1663.22235,6.3456455e-04,991.26094,6.6307257e-04,-2.8748821e-02,-7.7229775e-02
-0.28382388896352495,0.9996879523974703,0.0007788659537040603,1343.6990803999738,4.7421316e-03,83692,1663.22904,991.29208,2.3536910e+04,1.8241314e+01,2.3458352e+03,5.5691729e+00,2.5339016e+04,1.9741858e+01,0,nan,nan,nan,nan,1663.22904,6.3311053e-04,991.29208,6.6191994e-04,-1.9102477e-02,-3.9460916e-02
-0.2824350048213091,0.9987571039197944,0.0007789693641607733,1343.700469284116,4.7421274e-03,83693,1663.21906,991.25433,2.3531469e+04,1.8243757e+01,2.3513171e+03,5.5826321e+00,2.5315453e+04,1.9744503e+01,0,nan,nan,nan,nan,1663.21906,6.3402759e-04,991.25433,6.6234136e-04,-3.2593645e-02,-8.3141044e-02
-0.28104612068023016,0.9994280188008237,0.0007785336065544999,1343.701858168257,4.7421232e-03,83694,1663.23594,991.29200,2.3518285e+04,1.8233566e+01,2.3505615e+03,5.5633302e+00,2.5332479e+04,1.9733475e+01,0,nan,nan,nan,nan,1663.23594,6.3417159e-04,991.29200,6.6294638e-04,-1.1081394e-02,-4.1304294e-02
-0.27965723653778696,1.001481649623822,0.0007794511760491056,1343.7032470523995,4.7421190e-03,83695,1663.22380,991.27439,2.3584480e+04,1.8255066e+01,2.3429282e+03,5.5678434e+00,2.5384543e+04,1.9756741e+01,0,nan,nan,nan,nan,1663.22380,6.3386833e-04,991.27439,6.6115241e-04,-2.5366660e-02,-6.0338717e-02
-0.2782683523951164,0.9993910850966528,0.0007793535863171353,1343.7046359365422,4.7421148e-03,83696,1663.21604,991.25811,2.3546145e+04,1.8252783e+01,2.3459878e+03,5.5729251e+00,2.5331559e+04,1.9754271e+01,0,nan,nan,nan,nan,1663.21604,6.3430390e-04,991.25811,6.6257070e-04,-3.5841797e-02,-7.9412244e-02
-0.27549058411204896,1.0007616962076595,0.0007789954830967248,1343.7074137048253,4.7421064e-03,83698,1663.23449,991.29298,2.3552949e+04,1.8244385e+01,2.3482102e+03,5.5647826e+00,2.5366287e+04,1.9745182e+01,0,nan,nan,nan,nan,1663.23449,6.3459796e-04,991.29298,6.6238747e-04,-1.3363980e-02,-4.0485170e-02
-0.2741016999693784,1.00028299003602,0.0007789874722936881,1343.708802588968,4.7421022e-03,83699,1663.22124,991.26276,2.3564236e+04,1.8244186e+01,2.3434287e+03,5.5586114e+00,2.5354135e+04,1.9744967e+01,0,nan,nan,nan,nan,1663.22124,6.3341088e-04,991.26276,6.6161359e-04,-2.9864850e-02,-7.4163750e-02
-0.27271281582807205,1.0008018357331712,0.0007791901782265493,1343.7101914731093,4.7420980e-03,83700,1663.22682,991.27681,2.3562752e+04,1.8248917e+01,2.3574734e+03,5.5657253e+00,2.5367264e+04,1.9750086e+01,0,nan,nan,nan,nan,1663.22682,6.3350971e-04,991.27681,6.6122116e-04,-2.3269104e-02,-5.7354383e-02
-0.27132393168631097,1.000928032262785,0.0007790859048117232,1343.711580357251,4.7420938e-03,83701,1663.23133,991.28401,2.3559188e+04,1.8246452e+01,2.3417742e+03,5.5622783e+00,2.5370432e+04,1.9747419e+01,0,nan,nan,nan,nan,1663.23133,6.3399842e-04,991.28401,6.6225429e-04,-1.7315393e-02,-4.9728896e-02
-0.2699350470779791,0.9994840242925905,0.0007790363267829567,1343.7129692418594,4.7420901e-03,83702,1663.21330,991.26022,2.3548068e+04,1.8245266e+01,2.3501960e+03,5.5691762e+00,2.5333793e+04,1.9746134e+01,0,nan,nan,nan,nan,1663.21330,6.3435262e-04,991.26022,6.6190370e-04,-3.7210416e-02,-7.7305555e-02
-0.268546162936218,0.9995360557839655,0.0007787310073697967,1343.7143581260011,4.7420859e-03,83703,1663.22320,991.27614,2.3541139e+04,1.8238085e+01,2.3403596e+03,5.5632453e+00,2.5335070e+04,1.9738363e+01,0,nan,nan,nan,nan,1663.22320,6.3397997e-04,991.27614,6.6169194e-04,-2.6057333e-02,-5.9107710e-02
-0.2671572787940022,1.0004258445622765,0.0007788023658257771,1343.7157470101433,4.7420817e-03,83704,1663.22557,991.27272,2.3554492e+04,1.8239723e+01,2.3417651e+03,5.5519118e+00,2.5357578e+04,1.9740135e+01,0,nan,nan,nan,nan,1663.22557,6.3368323e-04,991.27272,6.6174538e-04,-2.3892991e-02,-6.1029673e-02
-0.2657683946522411,0.9998806351572184,0.0007792048914735212,1343.717135894285,4.7420776e-03,83705,1663.22014,991.26595,2.3553830e+04,1.8249113e+01,2.3402986e+03,5.5618176e+00,2.5343707e+04,1.9750299e+01,0,nan,nan,nan,nan,1663.22014,6.3422025e-04,991.26595,6.6341268e-04,-3.1207794e-02,-7.1798287e-02
-0.26437951051048003,0.999368899547702,0.000778813181779315,1343.7185247784269,4.7420734e-03,83706,1663.22021,991.26191,2.3547020e+04,1.8239899e+01,2.3431643e+03,5.5571971e+00,2.5330682e+04,1.9740328e+01,0,nan,nan,nan,nan,1663.22021,6.3397514e-04,991.26191,6.6178519e-04,-3.1139323e-02,-7.5378932e-02
-0.26299062636780945,0.9995169081101923,0.0007789073378976878,1343.7199136625695,4.7420692e-03,83707,1663.22934,991.29217,2.3520012e+04,1.8242064e+01,2.3584692e+03,5.5711908e+00,2.5334375e+04,1.9742668e+01,0,nan,nan,nan,nan,1663.22934,6.3532247e-04,991.29217,6.6461280e-04,-1.9565076e-02,-4.0649388e-02
-0.2616017422260484,0.9999452832563831,0.000779067532443785,1343.7213025467113,4.7420650e-03,83708,1663.21785,991.25322,2.3558586e+04,1.8245770e+01,2.3460645e+03,5.5622306e+00,2.5345170e+04,1.9746679e+01,0,nan,nan,nan,nan,1663.21785,6.3361286e-04,991.25322,6.6239602e-04,-3.4978662e-02,-8.4554903e-02
-0.26021285808383254,1.0005301401742952,0.0007790950465216822,1343.7226914308535,4.7420608e-03,83709,1663.22558,991.26960,2.3560693e+04,1.8246367e+01,2.3316489e+03,5.5646086e+00,2.5359930e+04,1.9747326e+01,0,nan,nan,nan,nan,1663.22558,6.3371065e-04,991.26960,6.6230760e-04,-2.3662115e-02,-6.5481760e-02
-0.25882397394138934,1.000395582707175,0.0007789898699552507,1343.724080314996,4.7420566e-03,83710,1663.22747,991.28813,2.3546695e+04,1.8243853e+01,2.3536658e+03,5.5660095e+00,2.5356447e+04,1.9744606e+01,0,nan,nan,nan,nan,1663.22747,6.3340343e-04,991.28813,6.6210533e-04,-2.1324700e-02,-4.4475578e-02
-0.2574350897994009,0.9988212796793242,0.0007787323253068365,1343.725469199138,4.7420524e-03,83711,1663.21938,991.25770,2.3528275e+04,1.8237770e+01,2.3517297e+03,5.5632048e+00,2.5316475e+04,1.9738022e+01,0,nan,nan,nan,nan,1663.21938,6.3357881e-04,991.25770,6.6337071e-04,-3.3295367e-02,-8.0621451e-02
-0.2560462056576398,1.0005880820394801,0.0007786557611292159,1343.7268580832797,4.7420482e-03,83712,1663.23002,991.28185,2.3548322e+04,1.8235922e+01,2.3412068e+03,5.5548415e+00,2.5361182e+04,1.9736023e+01,0,nan,nan,nan,nan,1663.23002,6.3432381e-04,991.28185,6.6236727e-04,-1.8609691e-02,-5.2515026e-02
-0.25465732151565135,0.9999426992825373,0.0007789530641722792,1343.7282469674217,4.7420440e-03,83713,1663.22146,991.26518,2.3556904e+04,1.8242832e+01,2.3395132e+03,5.5580311e+00,2.5344746e+04,1.9743500e+01,0,nan,nan,nan,nan,1663.22146,6.3311524e-04,991.26518,6.6141994e-04,-2.8629202e-02,-7.1766980e-02
-0.2532684373736629,0.9996592472485375,0.0007790571270727459,1343.7296358515637,4.7420398e-03,83714,1663.22582,991.27158,2.3541604e+04,1.8245211e+01,2.3519392e+03,5.5654116e+00,2.5337484e+04,1.9746077e+01,0,nan,nan,nan,nan,1663.22582,6.3429732e-04,991.27158,6.6240877e-04,-2.4867099e-02,-6.2494267e-02
-0.2518795532309923,1.0009276906274467,0.000779276397237443,1343.7310247357063,4.7420356e-03,83715,1663.22523,991.26904,2.3570541e+04,1.8250288e+01,2.3355034e+03,5.5671492e+00,2.5369555e+04,1.9751572e+01,0,nan,nan,nan,nan,1663.22523,6.3417689e-04,991.26904,6.6178152e-04,-2.3951244e-02,-6.6206545e-02
-0.25049066908923123,0.9995005067217695,0.0007786375470656878,1343.732413619848,4.7420315e-03,83716,1663.22858,991.28882,2.3529898e+04,1.8235270e+01,2.3406169e+03,5.5583162e+00,2.5333299e+04,1.9735315e+01,0,nan,nan,nan,nan,1663.22858,6.3417759e-04,991.28882,6.6322682e-04,-1.9909089e-02,-4.4779409e-02
-0.2491017849479249,0.9993233424833052,0.0007785632194228781,1343.7338025039894,4.7420273e-03,83717,1663.22432,991.26665,2.3532199e+04,1.8233469e+01,2.3361665e+03,5.5535412e+00,2.5328727e+04,1.9733368e+01,0,nan,nan,nan,nan,1663.22432,6.3419278e-04,991.26665,6.6227379e-04,-2.5518332e-02,-7.0350990e-02
-0.2477129008054817,1.0008668078096024,0.0007793603016860708,1343.7351913881319,4.7420231e-03,83718,1663.22384,991.27394,2.3560867e+04,1.8252073e+01,2.3439099e+03,5.5619769e+00,2.5367764e+04,1.9753504e+01,0,nan,nan,nan,nan,1663.22384,6.3414907e-04,991.27394,6.6246989e-04,-2.5266932e-02,-6.1216470e-02
-0.2463240166630385,0.9997755506091156,0.0007785153130470389,1343.7365802722743,4.7420189e-03,83719,1663.22883,991.28206,2.3534957e+04,1.8232227e+01,2.3427153e+03,5.5571146e+00,2.5340020e+04,1.9732023e+01,0,nan,nan,nan,nan,1663.22883,6.3349277e-04,991.28206,6.6195591e-04,-1.8262010e-02,-5.2239150e-02
-0.24493513252173216,1.0001880185296337,0.0007792825892123675,1343.7379691564156,4.7420147e-03,83720,1663.22102,991.26473,2.3556781e+04,1.8250134e+01,2.3392126e+03,5.5628362e+00,2.5350389e+04,1.9751404e+01,0,nan,nan,nan,nan,1663.22102,6.3329685e-04,991.26473,6.6256040e-04,-2.9325495e-02,-7.2295167e-02
-0.2435462483797437,0.9991597096058202,0.0007785576669660379,1343.7393580405576,4.7420105e-03,83721,1663.22518,991.27517,2.3526193e+04,1.8233095e+01,2.3441582e+03,5.5567670e+00,2.5324242e+04,1.9732964e+01,0,nan,nan,nan,nan,1663.22518,6.3410739e-04,991.27517,6.6170213e-04,-2.4798809e-02,-6.0256321e-02
-0.2421573642373005,0.9989054857145194,0.000778835819941903,1343.7407469247,4.7420063e-03,83722,1663.22872,991.27811,2.3512703e+04,1.8239548e+01,2.3465386e+03,5.5657048e+00,2.5317713e+04,1.9739946e+01,0,nan,nan,nan,nan,1663.22872,6.3534529e-04,991.27811,6.6280545e-04,-1.9222168e-02,-5.6618858e-02
-0.24076848009508467,1.0015994816821499,0.0007794674194562099,1343.7421358088422,4.7420021e-03,83723,1663.21742,991.26317,2.3594932e+04,1.8254276e+01,2.3362495e+03,5.5546942e+00,2.5385906e+04,1.9755888e+01,0,nan,nan,nan,nan,1663.21742,6.3357630e-04,991.26317,6.6198164e-04,-3.5402793e-02,-7.4740522e-02
-0.2393795959533236,1.0002855034000204,0.0007790044007619482,1343.743524692984,4.7419979e-03,83724,1663.23019,991.28670,2.3542572e+04,1.8243374e+01,2.3371648e+03,5.5610342e+00,2.5352520e+04,1.9744087e+01,0,nan,nan,nan,nan,1663.23019,6.3387601e-04,991.28670,6.6233653e-04,-1.8213281e-02,-4.5514069e-02
-0.2379907118115625,0.9999838828839791,0.0007788542564210893,1343.7449135771258,4.7419937e-03,83725,1663.22940,991.26834,2.3542445e+04,1.8239796e+01,2.3446550e+03,5.5642061e+00,2.5344787e+04,1.9740215e+01,0,nan,nan,nan,nan,1663.22940,6.3408673e-04,991.26834,6.6265767e-04,-1.9184534e-02,-6.7810737e-02
-0.23660182766889193,0.9991267667414186,0.0007784246626304408,1343.7463024612684,4.7419895e-03,83726,1663.22647,991.27200,2.3521266e+04,1.8229673e+01,2.3427280e+03,5.5589690e+00,2.5322982e+04,1.9729261e+01,0,nan,nan,nan,nan,1663.22647,6.3365005e-04,991.27200,6.6258968e-04,-2.2408960e-02,-6.4608410e-02
-0.23521294352690347,0.9994885351263062,0.0007787104410615404,1343.7476913454104,4.7419854e-03,83727,1663.21791,991.26855,2.3539184e+04,1.8236305e+01,2.3381128e+03,5.5637217e+00,2.5332066e+04,1.9736439e+01,0,nan,nan,nan,nan,1663.21791,6.3418725e-04,991.26855,6.6277228e-04,-3.1162960e-02,-6.6441812e-02
-0.2338240593858245,1.000689621427505,0.0007788026513701764,1343.7490802295515,4.7419812e-03,83728,1663.22580,991.27541,2.3556268e+04,1.8238407e+01,2.3321921e+03,5.5547438e+00,2.5362426e+04,1.9738712e+01,0,nan,nan,nan,nan,1663.22580,6.3390809e-04,991.27541,6.6200516e-04,-2.4578705e-02,-5.9484959e-02
-0.23243517524315394,0.9986102515673722,0.0007782757353667689,1343.7504691136942,4.7419770e-03,83729,1663.22891,991.27311,2.3505562e+04,1.8226009e+01,2.3400808e+03,5.5543475e+00,2.5309643e+04,1.9725294e+01,0,nan,nan,nan,nan,1663.22891,6.3433178e-04,991.27311,6.6322729e-04,-2.0807890e-02,-6.1751544e-02
-0.23104629110048336,0.9990168306834588,0.0007787139417362638,1343.7518579978369,4.7419728e-03,83730,1663.22237,991.27611,2.3525834e+04,1.8236214e+01,2.3499866e+03,5.5591049e+00,2.5319867e+04,1.9736338e+01,0,nan,nan,nan,nan,1663.22237,6.3472393e-04,991.27611,6.6213397e-04,-2.7135944e-02,-5.8724772e-02
-0.22965740695917702,0.999428009325063,0.0007789812609168529,1343.7532468819782,4.7419686e-03,83731,1663.21640,991.26127,2.3545262e+04,1.8242416e+01,2.3319712e+03,5.5517645e+00,2.5330209e+04,1.9743052e+01,0,nan,nan,nan,nan,1663.21640,6.3385459e-04,991.26127,6.6221657e-04,-3.3799905e-02,-7.5663693e-02
-0.22826852281741594,1.0003455158808428,0.0007787857978980557,1343.75463576612,4.7419644e-03,83732,1663.22767,991.28628,2.3547969e+04,1.8237783e+01,2.3405176e+03,5.5586028e+00,2.5353385e+04,1.9738037e+01,0,nan,nan,nan,nan,1663.22767,6.3392619e-04,991.28628,6.6191639e-04,-2.0419212e-02,-4.6468582e-02
-0.22687963914040665,1.0004917734151444,0.0007787040515512377,1343.756024649797,4.7419597e-03,83733,1663.22487,991.26836,2.3554059e+04,1.8235813e+01,2.3368071e+03,5.5511270e+00,2.5357016e+04,1.9735905e+01,0,nan,nan,nan,nan,1663.22487,6.3277571e-04,991.26836,6.6199451e-04,-2.3478029e-02,-6.7876667e-02
-0.22549075499864557,1.0001373029021334,0.0007787665120560298,1343.7574135339387,4.7419555e-03,83734,1663.21518,991.25918,2.3558676e+04,1.8237223e+01,2.3370916e+03,5.5501962e+00,2.5347957e+04,1.9737431e+01,0,nan,nan,nan,nan,1663.21518,6.3318986e-04,991.25918,6.6185091e-04,-3.6406022e-02,-7.7979624e-02
-0.22410187085665711,0.9993123668715544,0.0007786053444752784,1343.7588024180807,4.7419514e-03,83735,1663.22705,991.27668,2.3528293e+04,1.8233397e+01,2.3411504e+03,5.5578051e+00,2.5326979e+04,1.9733290e+01,0,nan,nan,nan,nan,1663.22705,6.3394295e-04,991.27668,6.6220114e-04,-2.2958867e-02,-5.7873126e-02
-0.22271298671466866,0.9993089060962065,0.0007782886870532406,1343.7601913022227,4.7419472e-03,83736,1663.22271,991.27435,2.3528109e+04,1.8225929e+01,2.3347852e+03,5.5466666e+00,2.5326820e+04,1.9725208e+01,0,nan,nan,nan,nan,1663.22271,6.3415122e-04,991.27435,6.6318741e-04,-2.7420815e-02,-6.1436594e-02
-0.22132410257290758,0.9996560502981693,0.0007787752573916958,1343.7615801863644,4.7419430e-03,83737,1663.22768,991.28190,2.3542805e+04,1.8237274e+01,2.3314958e+03,5.5534406e+00,2.5335549e+04,1.9737486e+01,0,nan,nan,nan,nan,1663.22768,6.3363573e-04,991.28190,6.6143449e-04,-2.0653056e-02,-5.1174585e-02
-0.219935218430237,1.0007535237144747,0.0007788746116216424,1343.762969070507,4.7419388e-03,83738,1663.22722,991.27032,2.3560770e+04,1.8239552e+01,2.3332888e+03,5.5557995e+00,2.5363297e+04,1.9739952e+01,0,nan,nan,nan,nan,1663.22722,6.3457573e-04,991.27032,6.6129613e-04,-2.1219889e-02,-6.4863950e-02
-0.21854633428847592,1.0005307144388342,0.0007790470492825832,1343.7643579546489,4.7419346e-03,83739,1663.21669,991.26723,2.3564955e+04,1.8243544e+01,2.3379609e+03,5.5558286e+00,2.5357584e+04,1.9744272e+01,0,nan,nan,nan,nan,1663.21669,6.3391548e-04,991.26723,6.6173979e-04,-3.4493275e-02,-6.9302589e-02
-0.21715745014716958,0.9996954741144699,0.0007784852574288461,1343.7657468387902,4.7419304e-03,83740,1663.22229,991.26954,2.3531988e+04,1.8230345e+01,2.3373376e+03,5.5548387e+00,2.5336354e+04,1.9729986e+01,0,nan,nan,nan,nan,1663.22229,6.3387165e-04,991.26954,6.6279090e-04,-2.7270885e-02,-6.5873474e-02
-0.215768566004499,1.000405897524102,0.0007785422181970456,1343.7671357229328,4.7419262e-03,83741,1663.22874,991.27168,2.3546078e+04,1.8231636e+01,2.3326243e+03,5.5489087e+00,2.5354299e+04,1.9731382e+01,0,nan,nan,nan,nan,1663.22874,6.3347741e-04,991.27168,6.6245272e-04,-2.1251271e-02,-6.3737795e-02
-0.21437968186182843,1.000355149512238,0.0007788131417098411,1343.7685246070755,4.7419220e-03,83742,1663.22700,991.27215,2.3554436e+04,1.8237936e+01,2.3337068e+03,5.5533957e+00,2.5352953e+04,1.9738203e+01,0,nan,nan,nan,nan,1663.22700,6.3355564e-04,991.27215,6.6181435e-04,-2.2543624e-02,-6.2143937e-02
-0.21299079772006735,0.9999714361484466,0.0007788840979919332,1343.7699134912173,4.7419178e-03,83743,1663.21888,991.26814,2.3548438e+04,1.8239557e+01,2.3428425e+03,5.5592384e+00,2.5343174e+04,1.9739958e+01,0,nan,nan,nan,nan,1663.21888,6.3440826e-04,991.26814,6.6266727e-04,-3.3977177e-02,-6.8713665e-02
-0.21160191357830627,1.0001214319072969,0.0007784259415400097,1343.771302375359,4.7419136e-03,83744,1663.23646,991.28615,2.3535551e+04,1.8228792e+01,2.3319514e+03,5.5490923e+00,2.5346922e+04,1.9728306e+01,0,nan,nan,nan,nan,1663.23646,6.3352415e-04,991.28615,6.6146383e-04,-1.0414205e-02,-4.6312258e-02
-0.2102130299019791,1.0002830081987881,0.0007788858842376762,1343.7726912590354,4.7419090e-03,83745,1663.21800,991.26164,2.3555379e+04,1.8239527e+01,2.3398918e+03,5.5544658e+00,2.5350965e+04,1.9739923e+01,0,nan,nan,nan,nan,1663.21800,6.3379353e-04,991.26164,6.6190562e-04,-3.3577614e-02,-7.4698314e-02
-0.2088241457595359,0.999798166321367,0.0007784429322420123,1343.7740801431778,4.7419048e-03,83746,1663.22783,991.26927,2.3532512e+04,1.8229120e+01,2.3310234e+03,5.5557585e+00,2.5338629e+04,1.9728661e+01,0,nan,nan,nan,nan,1663.22783,6.3337531e-04,991.26927,6.6276448e-04,-2.1866782e-02,-6.7088902e-02
-0.20743526161732007,1.0005134904607826,0.0007787494926501479,1343.77546902732,4.7419006e-03,83747,1663.22482,991.27810,2.3555658e+04,1.8236263e+01,2.3304163e+03,5.5500269e+00,2.5356715e+04,1.9736393e+01,0,nan,nan,nan,nan,1663.22482,6.3412596e-04,991.27810,6.6125777e-04,-2.4498139e-02,-5.5759020e-02
-0.2060463774762411,1.0004383026860706,0.0007791603140217238,1343.776857911461,4.7418964e-03,83748,1663.22714,991.28019,2.3548664e+04,1.8245855e+01,2.3404458e+03,5.5690637e+00,2.5354766e+04,1.9746773e+01,0,nan,nan,nan,nan,1663.22714,6.3395436e-04,991.28019,6.6140428e-04,-2.2265116e-02,-5.4243620e-02
-0.2046574933337979,1.0008529626216294,0.0007790311298041319,1343.7782467956035,4.7418922e-03,83749,1663.22538,991.27983,2.3559547e+04,1.8242800e+01,2.3361355e+03,5.5554442e+00,2.5365236e+04,1.9743467e+01,0,nan,nan,nan,nan,1663.22538,6.3421042e-04,991.27983,6.6100445e-04,-2.4362536e-02,-5.3610586e-02
-0.20326860919112733,1.000515838327087,0.0007793426815696364,1343.7796356797462,4.7418880e-03,83750,1663.21828,991.25265,2.3566955e+04,1.8250071e+01,2.3395225e+03,5.5660911e+00,2.5356654e+04,1.9751335e+01,0,nan,nan,nan,nan,1663.21828,6.3423481e-04,991.25265,6.6185481e-04,-3.1655408e-02,-8.5788921e-02
-0.201879725049821,0.9994154244991992,0.000778274656626885,1343.7810245638875,4.7418838e-03,83751,1663.22819,991.28217,2.3525311e+04,1.8225033e+01,2.3382480e+03,5.5510092e+00,2.5328730e+04,1.9724239e+01,0,nan,nan,nan,nan,1663.22819,6.3333561e-04,991.28217,6.6165114e-04,-1.9059328e-02,-5.1800065e-02
-0.2004908413737212,1.0010390369234365,0.0007792709262004516,1343.7824134475636,4.7418792e-03,83752,1663.22744,991.27481,2.3565047e+04,1.8248343e+01,2.3363838e+03,5.5570812e+00,2.5369848e+04,1.9749464e+01,0,nan,nan,nan,nan,1663.22744,6.3386356e-04,991.27481,6.6267239e-04,-2.1106761e-02,-6.0411353e-02
-0.19910195723105062,0.9993262228268311,0.0007784247384335164,1343.7838023317063,4.7418750e-03,83753,1663.22322,991.28416,2.3519820e+04,1.8228506e+01,2.3455679e+03,5.5617542e+00,2.5326410e+04,1.9727997e+01,0,nan,nan,nan,nan,1663.22322,6.3420215e-04,991.28416,6.6195277e-04,-2.6341008e-02,-4.9201991e-02
-0.19771307308906216,0.9999958628957805,0.0007791880605402739,1343.7851912158483,4.7418708e-03,83754,1663.22269,991.26288,2.3549256e+04,1.8246363e+01,2.3387673e+03,5.5617228e+00,2.5343354e+04,1.9747322e+01,0,nan,nan,nan,nan,1663.22269,6.3407450e-04,991.26288,6.6153158e-04,-2.7383734e-02,-7.3175468e-02
-0.1963241889470737,1.0008155623783945,0.0007788936718316031,1343.7865800999903,4.7418666e-03,83755,1663.22484,991.27150,2.3565881e+04,1.8239450e+01,2.3293042e+03,5.5515099e+00,2.5364107e+04,1.9739841e+01,0,nan,nan,nan,nan,1663.22484,6.3359906e-04,991.27150,6.6110713e-04,-2.5460826e-02,-6.2581152e-02
-0.19493530480531263,0.9992448316874505,0.0007784196656365429,1343.787968984132,4.7418624e-03,83756,1663.22084,991.27214,2.3534564e+04,1.8228336e+01,2.3374082e+03,5.5513973e+00,2.5324277e+04,1.9727814e+01,0,nan,nan,nan,nan,1663.22084,6.3371018e-04,991.27214,6.6158891e-04,-2.9691396e-02,-6.3670836e-02
-0.19354642066355154,0.9994557035138523,0.0007787537770025441,1343.7893578682738,4.7418582e-03,83757,1663.22625,991.27206,2.3522662e+04,1.8236149e+01,2.3392717e+03,5.5637059e+00,2.5329604e+04,1.9736267e+01,0,nan,nan,nan,nan,1663.22625,6.3448073e-04,991.27206,6.6265679e-04,-2.3040356e-02,-6.3204385e-02
-0.19215753652133571,0.9998179446125858,0.0007788180117189362,1343.790746752416,4.7418540e-03,83758,1663.21646,991.26051,2.3546785e+04,1.8237640e+01,2.3406343e+03,5.5586252e+00,2.5338768e+04,1.9737883e+01,0,nan,nan,nan,nan,1663.21646,6.3379493e-04,991.26051,6.6183606e-04,-3.5183948e-02,-7.7164553e-02
-0.19076865284523592,1.0001004008061432,0.000778649031959628,1343.792135636092,4.7418494e-03,83759,1663.22891,991.27670,2.3542129e+04,1.8233675e+01,2.3376155e+03,5.5549641e+00,2.5345914e+04,1.9733591e+01,0,nan,nan,nan,nan,1663.22891,6.3426408e-04,991.27670,6.6267798e-04,-2.1371806e-02,-5.7326455e-02
-0.18937976870256534,0.9991875236628209,0.0007781540172622359,1343.7935245202348,4.7418452e-03,83760,1663.22458,991.27938,2.3515602e+04,1.8222076e+01,2.3289578e+03,5.5473437e+00,2.5322771e+04,1.9721039e+01,0,nan,nan,nan,nan,1663.22458,6.3456187e-04,991.27938,6.6168676e-04,-2.4334913e-02,-5.5811629e-02
-0.18799088455989477,0.9992771581160663,0.0007788156499573935,1343.7949134043774,4.7418410e-03,83761,1663.22663,991.27369,2.3526875e+04,1.8237566e+01,2.3386636e+03,5.5595975e+00,2.5325037e+04,1.9737803e+01,0,nan,nan,nan,nan,1663.22663,6.3453225e-04,991.27369,6.6228100e-04,-2.2290142e-02,-6.1403096e-02
-0.1866020004188158,0.9995035631516208,0.0007789518156816815,1343.7963022885185,4.7418368e-03,83762,1663.21861,991.26536,2.3538873e+04,1.8240753e+01,2.3347771e+03,5.5594530e+00,2.5330771e+04,1.9741251e+01,0,nan,nan,nan,nan,1663.21861,6.3482259e-04,991.26536,6.6250842e-04,-3.1757735e-02,-7.0914671e-02
-0.18521311627682735,0.9995903549616739,0.0007783879889884367,1343.7976911726605,4.7418326e-03,83763,1663.22555,991.27078,2.3535203e+04,1.8227551e+01,2.3364937e+03,5.5491228e+00,2.5332971e+04,1.9726961e+01,0,nan,nan,nan,nan,1663.22555,6.3411694e-04,991.27078,6.6185900e-04,-2.3553494e-02,-6.5548979e-02
-0.18382423260004543,0.9987176773472362,0.0007783058121881346,1343.7990800563373,4.7418280e-03,83764,1663.22692,991.27611,2.3508697e+04,1.8225626e+01,2.3379780e+03,5.5576181e+00,2.5310855e+04,1.9724880e+01,0,nan,nan,nan,nan,1663.22692,6.3381001e-04,991.27611,6.6355156e-04,-2.1989029e-02,-5.7133727e-02
-0.18243534845805698,1.0009574628991604,0.0007788471060839301,1343.8004689404793,4.7418238e-03,83765,1663.22568,991.27972,2.3563092e+04,1.8238304e+01,2.3331689e+03,5.5488296e+00,2.5367625e+04,1.9738602e+01,0,nan,nan,nan,nan,1663.22568,6.3326146e-04,991.27972,6.6095765e-04,-2.5007136e-02,-5.3575687e-02
-0.1810464643162959,1.0003423014089416,0.0007788970954160853,1343.801857824621,4.7418196e-03,83766,1663.21737,991.26641,2.3560182e+04,1.8239481e+01,2.3384751e+03,5.5539198e+00,2.5352041e+04,1.9739874e+01,0,nan,nan,nan,nan,1663.21737,6.3367782e-04,991.26641,6.6182390e-04,-3.3851292e-02,-6.9694169e-02
-0.17965758017430744,1.0013107302961657,0.0007792559566383223,1343.803246708763,4.7418154e-03,83767,1663.22555,991.27270,2.3573939e+04,1.8247892e+01,2.3330356e+03,5.5546961e+00,2.5376598e+04,1.9748978e+01,0,nan,nan,nan,nan,1663.22555,6.3393684e-04,991.27270,6.6215178e-04,-2.4127288e-02,-6.3566014e-02
-0.17826869603231899,1.0008202601714717,0.0007784102831765558,1343.804635592905,4.7418112e-03,83768,1663.22386,991.27046,2.3554109e+04,1.8228100e+01,2.3299849e+03,5.5374494e+00,2.5364178e+04,1.9727556e+01,0,nan,nan,nan,nan,1663.22386,6.3379417e-04,991.27046,6.6198921e-04,-2.5995156e-02,-6.4867586e-02
-0.1768798123553097,1.0005790157785712,0.0007790286448977984,1343.806024476582,4.7418065e-03,83769,1663.23036,991.27017,2.3556006e+04,1.8242590e+01,2.3397747e+03,5.5663729e+00,2.5358080e+04,1.9743238e+01,0,nan,nan,nan,nan,1663.23036,6.3327845e-04,991.27017,6.6153141e-04,-1.8294338e-02,-6.3483752e-02
-0.1754909282135486,0.9986179882675874,0.0007780610104414424,1343.8074133607238,4.7418023e-03,83770,1663.23007,991.29292,2.3498541e+04,1.8219942e+01,2.3394426e+03,5.5499268e+00,2.5308398e+04,1.9718729e+01,0,nan,nan,nan,nan,1663.23007,6.3430524e-04,991.29292,6.6282280e-04,-1.6400391e-02,-3.9256852e-02
-0.17410204407224228,1.000187752710769,0.0007785842974647205,1343.808802244865,4.7417982e-03,83771,1663.22127,991.26955,2.3550902e+04,1.8232212e+01,2.3347483e+03,5.5484085e+00,2.5348203e+04,1.9732008e+01,0,nan,nan,nan,nan,1663.22127,6.3320028e-04,991.26955,6.6144852e-04,-2.8024014e-02,-6.5577380e-02
-0.1727131599295717,0.999972663579818,0.0007793794480342589,1343.8101911290078,4.7417940e-03,83772,1663.22715,991.26211,2.3547225e+04,1.8250849e+01,2.3486594e+03,5.5686345e+00,2.5342773e+04,1.9752178e+01,0,nan,nan,nan,nan,1663.22715,6.3432171e-04,991.26211,6.6221220e-04,-2.1148762e-02,-7.5129576e-02
-0.1713242762527898,1.0006464544967757,0.0007790383350980434,1343.8115800126845,4.7417893e-03,83773,1663.22053,991.27214,2.3560385e+04,1.8242880e+01,2.3441052e+03,5.5584040e+00,2.5359877e+04,1.9743553e+01,0,nan,nan,nan,nan,1663.22053,6.3354586e-04,991.27214,6.6172570e-04,-3.0151030e-02,-6.2969044e-02
-0.16993539211171083,1.001652664509423,0.0007790468367743756,1343.8129688968256,4.7417851e-03,83774,1663.22884,991.27739,2.3580279e+04,1.8243097e+01,2.3351204e+03,5.5513325e+00,2.5385404e+04,1.9743790e+01,0,nan,nan,nan,nan,1663.22884,6.3263596e-04,991.27739,6.6098012e-04,-1.9996848e-02,-5.6313183e-02
-0.16854650796972237,0.9998413233429296,0.0007785251157900344,1343.8143577809676,4.7417809e-03,83775,1663.22459,991.26666,2.3535916e+04,1.8230904e+01,2.3288669e+03,5.5556960e+00,2.5339531e+04,1.9730593e+01,0,nan,nan,nan,nan,1663.22459,6.3376094e-04,991.26666,6.6285167e-04,-2.5556253e-02,-6.9860205e-02
-0.16715762382727917,0.999366275718914,0.0007784829011732934,1343.81574666511,4.7417767e-03,83776,1663.23118,991.28542,2.3524467e+04,1.8229939e+01,2.3337163e+03,5.5571437e+00,2.5327523e+04,1.9729548e+01,0,nan,nan,nan,nan,1663.23118,6.3334219e-04,991.28542,6.6229125e-04,-1.6056912e-02,-4.8695918e-02
-0.16576874015026988,1.0008445201348275,0.0007792187859760631,1343.817135548787,4.7417721e-03,83777,1663.21381,991.25942,2.3572953e+04,1.8247198e+01,2.3323894e+03,5.5618196e+00,2.5365025e+04,1.9748226e+01,0,nan,nan,nan,nan,1663.21381,6.3353125e-04,991.25942,6.6145259e-04,-3.7985299e-02,-7.7153668e-02
-0.16437985600828142,1.0005099260392698,0.0007784217133354743,1343.818524432929,4.7417679e-03,83778,1663.22929,991.27987,2.3554799e+04,1.8228559e+01,2.3254009e+03,5.5443306e+00,2.5356582e+04,1.9728054e+01,0,nan,nan,nan,nan,1663.22929,6.3263573e-04,991.27987,6.6115067e-04,-1.9221909e-02,-5.4290328e-02
-0.16299097186720246,1.000060474641747,0.0007786255091594949,1343.8199133170701,4.7417637e-03,83779,1663.22754,991.27470,2.3542072e+04,1.8233358e+01,2.3274392e+03,5.5580492e+00,2.5345230e+04,1.9733250e+01,0,nan,nan,nan,nan,1663.22754,6.3398323e-04,991.27470,6.6143152e-04,-2.0585589e-02,-6.0534932e-02
-0.16160208772453188,1.0001774059033068,0.000778590702123422,1343.8213022012128,4.7417595e-03,83780,1663.22516,991.28079,2.3546723e+04,1.8232574e+01,2.3310964e+03,5.5521879e+00,2.5348234e+04,1.9732401e+01,0,nan,nan,nan,nan,1663.22516,6.3405454e-04,991.28079,6.6140766e-04,-2.3339646e-02,-5.3703878e-02
-0.1602132040475226,1.0001266861661706,0.0007787529326003221,1343.8226910848898,4.7417548e-03,83781,1663.22584,991.27119,2.3542311e+04,1.8236404e+01,2.3324155e+03,5.5568771e+00,2.5346994e+04,1.9736546e+01,0,nan,nan,nan,nan,1663.22584,6.3362921e-04,991.27119,6.6337443e-04,-2.3325959e-02,-6.4278618e-02
-0.15882431990621626,1.0010903490674519,0.0007792231181104852,1343.8240799690311,4.7417507e-03,83782,1663.20695,991.25993,2.3584400e+04,1.8247450e+01,2.3358823e+03,5.5565395e+00,2.5371465e+04,1.9748499e+01,0,nan,nan,nan,nan,1663.20695,6.3342351e-04,991.25993,6.6084275e-04,-4.4682864e-02,-7.7798620e-02
-0.15743543576445518,0.9998253812934198,0.000778464021504942,1343.8254688531729,4.7417465e-03,83783,1663.23051,991.27268,2.3534623e+04,1.8229708e+01,2.3353542e+03,5.5520029e+00,2.5339451e+04,1.9729298e+01,0,nan,nan,nan,nan,1663.23051,6.3372438e-04,991.27268,6.6199107e-04,-1.8463003e-02,-6.2742732e-02
-0.1560465516217846,0.9992205990144566,0.0007786492295648684,1343.8268577373155,4.7417423e-03,83784,1663.22444,991.27404,2.3525408e+04,1.8234081e+01,2.3378088e+03,5.5700593e+00,2.5324176e+04,1.9734030e+01,0,nan,nan,nan,nan,1663.22444,6.3348777e-04,991.27404,6.6268741e-04,-2.4497949e-02,-6.1978478e-02
-0.15465766794613955,1.0011504580169026,0.0007787982998767664,1343.8282466209912,4.7417376e-03,83785,1663.23221,991.27294,2.3560625e+04,1.8237610e+01,2.3282744e+03,5.5519342e+00,2.5373137e+04,1.9737848e+01,0,nan,nan,nan,nan,1663.23221,6.3262187e-04,991.27294,6.6245219e-04,-1.5559749e-02,-6.2272932e-02
-0.15326878380437847,0.9992085766710993,0.0007783901739158869,1343.829635505133,4.7417334e-03,83786,1663.21722,991.27336,2.3529254e+04,1.8228090e+01,2.3309873e+03,5.5496926e+00,2.5323977e+04,1.9727547e+01,0,nan,nan,nan,nan,1663.21722,6.3460920e-04,991.27336,6.6213869e-04,-3.4389112e-02,-6.0191490e-02
-0.1518798996617079,1.0000468455059959,0.0007789308901774865,1343.8310243892756,4.7417292e-03,83787,1663.22007,991.26178,2.3549676e+04,1.8240791e+01,2.3444026e+03,5.5589828e+00,2.5345273e+04,1.9741293e+01,0,nan,nan,nan,nan,1663.22007,6.3430343e-04,991.26178,6.6202204e-04,-3.0222762e-02,-7.4457057e-02
-0.1504910159856081,1.001782461246991,0.000779295984900207,1343.8324132729517,4.7417246e-03,83788,1663.22760,991.27801,2.3587539e+04,1.8249384e+01,2.3360374e+03,5.5585246e+00,2.5389320e+04,1.9750591e+01,0,nan,nan,nan,nan,1663.22760,6.3260156e-04,991.27801,6.6094490e-04,-2.1109594e-02,-5.4933015e-02
-0.14910213184361965,0.9992398522785014,0.0007784755857413219,1343.8338021570937,4.7417204e-03,83789,1663.21960,991.27084,2.3530559e+04,1.8230215e+01,2.3286687e+03,5.5505791e+00,2.5324939e+04,1.9729845e+01,0,nan,nan,nan,nan,1663.21960,6.3420448e-04,991.27084,6.6198967e-04,-2.9645788e-02,-6.4184807e-02
-0.1477132477016312,0.9997668694813914,0.0007782495214166937,1343.8351910412357,4.7417162e-03,83790,1663.22648,991.26424,2.3530514e+04,1.8224962e+01,2.3347429e+03,5.5441666e+00,2.5338355e+04,1.9724161e+01,0,nan,nan,nan,nan,1663.22648,6.3368684e-04,991.26424,6.6308142e-04,-2.2742888e-02,-7.3212974e-02
-0.1463243635598701,0.9983005142458257,0.0007783526652848265,1343.8365799253775,4.7417120e-03,83791,1663.22930,991.28242,2.3499379e+04,1.8227421e+01,2.3572661e+03,5.5661569e+00,2.5301254e+04,1.9726824e+01,0,nan,nan,nan,nan,1663.22930,6.3432904e-04,991.28242,6.6272478e-04,-2.0317486e-02,-5.0282825e-02
-0.14493547988286082,1.0009489591315153,0.0007790407136796587,1343.8379688090545,4.7417074e-03,83792,1663.21979,991.26825,2.3575592e+04,1.8243580e+01,2.3424746e+03,5.5560675e+00,2.5368439e+04,1.9744310e+01,0,nan,nan,nan,nan,1663.21979,6.3300680e-04,991.26825,6.6115253e-04,-3.1332754e-02,-6.6752866e-02
-0.14354659574109974,0.9992540365635083,0.0007785428207539172,1343.8393576931962,4.7417032e-03,83793,1663.22470,991.27270,2.3525334e+04,1.8231966e+01,2.3461074e+03,5.5598226e+00,2.5325549e+04,1.9731743e+01,0,nan,nan,nan,nan,1663.22470,6.3393224e-04,991.27270,6.6228764e-04,-2.3979831e-02,-6.1746363e-02
-0.1421577115997934,1.0002539047908268,0.000778841713445167,1343.8407465773375,4.7416990e-03,83794,1663.22836,991.27688,2.3548992e+04,1.8239014e+01,2.3387043e+03,5.5578671e+00,2.5350953e+04,1.9739368e+01,0,nan,nan,nan,nan,1663.22836,6.3441182e-04,991.27688,6.6191464e-04,-2.1555480e-02,-5.8781162e-02
-0.1407688279227841,0.9999216218271466,0.0007792572420661385,1343.8421354610145,4.7416943e-03,83795,1663.22483,991.27394,2.3540650e+04,1.8248795e+01,2.3457251e+03,5.5675502e+00,2.5342598e+04,1.9749952e+01,0,nan,nan,nan,nan,1663.22483,6.3414330e-04,991.27394,6.6304370e-04,-2.4326177e-02,-6.0424052e-02
-0.13937994378011354,0.9999080928505344,0.0007791900921983036,1343.8435243451572,4.7416901e-03,83796,1663.21781,991.26496,2.3550910e+04,1.8247269e+01,2.3401443e+03,5.5613327e+00,2.5342324e+04,1.9748304e+01,0,nan,nan,nan,nan,1663.21781,6.3465862e-04,991.26496,6.6223380e-04,-3.3029661e-02,-7.0831686e-02
-0.13799105963835245,0.9996079033278252,0.0007785787615111853,1343.844913229299,4.7416859e-03,83797,1663.23544,991.27599,2.3525652e+04,1.8233004e+01,2.3432251e+03,5.5645638e+00,2.5334785e+04,1.9732864e+01,0,nan,nan,nan,nan,1663.23544,6.3386402e-04,991.27599,6.6229072e-04,-1.2674762e-02,-5.9069749e-02
-0.13660217596225266,0.99960895264796,0.0007785945895518292,1343.846302112975,4.7416813e-03,83798,1663.22013,991.26809,2.3538084e+04,1.8233425e+01,2.3304031e+03,5.5587029e+00,2.5334883e+04,1.9733320e+01,0,nan,nan,nan,nan,1663.22013,6.3406990e-04,991.26809,6.6246407e-04,-3.1606585e-02,-6.7801967e-02
-0.13521329182003683,1.0003759062528823,0.0007789007047537179,1343.8476909971173,4.7416771e-03,83799,1663.22431,991.27959,2.3553596e+04,1.8240644e+01,2.3316321e+03,5.5649180e+00,2.5354391e+04,1.9741133e+01,0,nan,nan,nan,nan,1663.22431,6.3357310e-04,991.27959,6.6145847e-04,-2.5640147e-02,-5.5148985e-02
-0.13382440767759363,1.0005942587732704,0.0007790252943649829,1343.8490798812597,4.7416729e-03,83800,1663.22988,991.26773,2.3552570e+04,1.8243612e+01,2.3434507e+03,5.5611930e+00,2.5359998e+04,1.9744347e+01,0,nan,nan,nan,nan,1663.22988,6.3390186e-04,991.26773,6.6334486e-04,-1.7828124e-02,-6.9304138e-02
-0.13243552400126646,1.0012565053018252,0.0007790271930289529,1343.850468764936,4.7416682e-03,83801,1663.22387,991.28031,2.3572408e+04,1.8243710e+01,2.3376482e+03,5.5570202e+00,2.5376857e+04,1.9744452e+01,0,nan,nan,nan,nan,1663.22387,6.3336629e-04,991.28031,6.6117768e-04,-2.7471060e-02,-5.4609485e-02
-0.1310466398601875,0.9994075953338445,0.0007783629033744372,1343.8518576490771,4.7416640e-03,83802,1663.23064,991.27800,2.3514936e+04,1.8228207e+01,2.3460195e+03,5.5642486e+00,2.5330066e+04,1.9727673e+01,0,nan,nan,nan,nan,1663.23064,6.3410826e-04,991.27800,6.6309125e-04,-1.8812254e-02,-5.7639308e-02
-0.12965775618340558,0.9999684903393163,0.0007784493715261775,1343.853246532754,4.7416594e-03,83803,1663.21794,991.27413,2.3548021e+04,1.8230284e+01,2.3351589e+03,5.5450177e+00,2.5344355e+04,1.9729921e+01,0,nan,nan,nan,nan,1663.21794,6.3319359e-04,991.27413,6.6163798e-04,-3.1827703e-02,-6.1571311e-02
-0.128268872040735,0.9985659723279736,0.0007781986671821382,1343.8546354168966,4.7416552e-03,83804,1663.22821,991.27219,2.3495533e+04,1.8224466e+01,2.3413132e+03,5.5604343e+00,2.5308885e+04,1.9723625e+01,0,nan,nan,nan,nan,1663.22821,6.3590554e-04,991.27219,6.6524243e-04,-2.0257475e-02,-6.3900083e-02
-0.12687998789942867,0.9995068091212646,0.0007786655498781346,1343.856024301038,4.7416510e-03,83805,1663.22290,991.26993,2.3531066e+04,1.8235455e+01,2.3426729e+03,5.5656414e+00,2.5332805e+04,1.9735516e+01,0,nan,nan,nan,nan,1663.22290,6.3400302e-04,991.26993,6.6224911e-04,-2.7696956e-02,-6.5661378e-02
-0.12549110422332888,0.9996611412608745,0.0007783081560890012,1343.857413184714,4.7416463e-03,83806,1663.23054,991.28119,2.3523430e+04,1.8227139e+01,2.3330781e+03,5.5595942e+00,2.5336793e+04,1.9726517e+01,0,nan,nan,nan,nan,1663.23054,6.3472748e-04,991.28119,6.6247134e-04,-1.7744122e-02,-5.2591395e-02
-0.1241022200806583,0.9998168291793116,0.0007788621221085707,1343.8588020688567,4.7416422e-03,83807,1663.22482,991.26267,2.3547285e+04,1.8240166e+01,2.3438943e+03,5.5603580e+00,2.5340812e+04,1.9740616e+01,0,nan,nan,nan,nan,1663.22482,6.3292339e-04,991.26267,6.6111813e-04,-2.4718231e-02,-7.2644860e-02
-0.12271333593866984,0.9993834960118452,0.0007785982213051628,1343.8601909529987,4.7416380e-03,83808,1663.22387,991.26855,2.3535758e+04,1.8234041e+01,2.3420544e+03,5.5563588e+00,2.5329906e+04,1.9733986e+01,0,nan,nan,nan,nan,1663.22387,6.3363428e-04,991.26855,6.6162489e-04,-2.5763074e-02,-6.6699483e-02
-0.12132445226234267,0.9995990486621021,0.0007784817095978138,1343.861579836675,4.7416333e-03,83809,1663.22555,991.27565,2.3533959e+04,1.8231369e+01,2.3362925e+03,5.5547190e+00,2.5335447e+04,1.9731094e+01,0,nan,nan,nan,nan,1663.22555,6.3368015e-04,991.27565,6.6142943e-04,-2.4930585e-02,-5.8115035e-02
-0.11993556812058159,0.9996249926822636,0.0007786872138180595,1343.8629687208168,4.7416291e-03,83810,1663.21735,991.27320,2.3540699e+04,1.8236235e+01,2.3449160e+03,5.5571375e+00,2.5336182e+04,1.9736361e+01,0,nan,nan,nan,nan,1663.21735,6.3409517e-04,991.27320,6.6200277e-04,-3.2924023e-02,-6.2306099e-02
-0.1185466844444818,0.9992047569092606,0.0007785079686283833,1343.8643576044929,4.7416245e-03,83811,1663.22962,991.27544,2.3525764e+04,1.8232092e+01,2.3367012e+03,5.5604115e+00,2.5325607e+04,1.9731878e+01,0,nan,nan,nan,nan,1663.22962,6.3430832e-04,991.27544,6.6198152e-04,-1.8351110e-02,-6.0640410e-02
-0.11715780030226597,0.9998383520904315,0.0007787569951119902,1343.865746488635,4.7416203e-03,83812,1663.21984,991.27002,2.3547467e+04,1.8237978e+01,2.3406604e+03,5.5531683e+00,2.5341740e+04,1.9738249e+01,0,nan,nan,nan,nan,1663.21984,6.3455832e-04,991.27002,6.6157902e-04,-3.1321056e-02,-6.5275736e-02
-0.11576891616050489,0.9996934054890398,0.0007781675228518023,1343.8671353727768,4.7416161e-03,83813,1663.22896,991.27990,2.3536266e+04,1.8224228e+01,2.3342507e+03,5.5441127e+00,2.5338143e+04,1.9723368e+01,0,nan,nan,nan,nan,1663.22896,6.3358771e-04,991.27990,6.6137721e-04,-1.9949777e-02,-5.4361314e-02
-0.1143800324834956,1.0003496466299346,0.0007788753143937153,1343.8685242564538,4.7416114e-03,83814,1663.22100,991.26770,2.3559283e+04,1.8240862e+01,2.3397021e+03,5.5536880e+00,2.5354854e+04,1.9741367e+01,0,nan,nan,nan,nan,1663.22100,6.3351059e-04,991.26770,6.6160556e-04,-2.8398378e-02,-6.6915810e-02
-0.11299114834082502,0.998740653124082,0.0007789167932031952,1343.8699131405965,4.7416072e-03,83815,1663.22089,991.26207,2.3524963e+04,1.8241886e+01,2.3463940e+03,5.5631952e+00,2.5314148e+04,1.9742477e+01,0,nan,nan,nan,nan,1663.22089,6.3379714e-04,991.26207,6.6266384e-04,-2.8751785e-02,-7.4099846e-02
-0.11160226466540735,0.9995073235978623,0.0007785269313955281,1343.871302024272,4.7416026e-03,83816,1663.22433,991.27779,2.3536307e+04,1.8232811e+01,2.3380520e+03,5.5550141e+00,2.5333656e+04,1.9732656e+01,0,nan,nan,nan,nan,1663.22433,6.3400139e-04,991.27779,6.6238060e-04,-2.5166249e-02,-5.5321664e-02
-0.11021338052341889,1.0011674738406426,0.0007792150743966569,1343.872690908414,4.7415984e-03,83817,1663.22216,991.27119,2.3573945e+04,1.8248981e+01,2.3375486e+03,5.5602584e+00,2.5375812e+04,1.9750156e+01,0,nan,nan,nan,nan,1663.22216,6.3405122e-04,991.27119,6.6211744e-04,-2.8398983e-02,-6.5582782e-02
-0.10882449638074831,1.000053740107357,0.0007788506660847457,1343.8740797925566,4.7415942e-03,83818,1663.22962,991.28482,2.3546262e+04,1.8240501e+01,2.3440234e+03,5.5665245e+00,2.5347654e+04,1.9740978e+01,0,nan,nan,nan,nan,1663.22962,6.3364295e-04,991.28482,6.6176720e-04,-1.8630402e-02,-4.7968004e-02
-0.10743561270464852,0.9994526947774437,0.0007788397652650429,1343.8754686762327,4.7415895e-03,83819,1663.22161,991.26421,2.3535682e+04,1.8240299e+01,2.3358115e+03,5.5619245e+00,2.5332496e+04,1.9740759e+01,0,nan,nan,nan,nan,1663.22161,6.3445687e-04,991.26421,6.6312752e-04,-2.8441941e-02,-7.1943656e-02
-0.10604672856288744,1.0001214105379852,0.0007789370522806366,1343.8768575603744,4.7415853e-03,83820,1663.21557,991.25697,2.3558902e+04,1.8242630e+01,2.3426428e+03,5.5560565e+00,2.5349520e+04,1.9743282e+01,0,nan,nan,nan,nan,1663.21557,6.3397276e-04,991.25697,6.6217745e-04,-3.5400953e-02,-8.0781341e-02
-0.10465784488656027,1.0001829876318082,0.0007790050315121216,1343.8782464440508,4.7415807e-03,83821,1663.22718,991.27222,2.3555748e+04,1.8244276e+01,2.3417871e+03,5.5623956e+00,2.5351152e+04,1.9745064e+01,0,nan,nan,nan,nan,1663.22718,6.3383090e-04,991.27222,6.6163362e-04,-2.2464722e-02,-6.1957847e-02
-0.10326896074457181,1.0001696353517273,0.0007787150058089759,1343.8796353281928,4.7415765e-03,83822,1663.22056,991.28593,2.3547982e+04,1.8237535e+01,2.3455952e+03,5.5578671e+00,2.5350889e+04,1.9737768e+01,0,nan,nan,nan,nan,1663.22056,6.3432526e-04,991.28593,6.6219381e-04,-2.9181406e-02,-4.7064852e-02
-0.10188007706756252,0.9997975010531717,0.0007786042210012519,1343.8810242118698,4.7415718e-03,83823,1663.23330,991.26634,2.3541141e+04,1.8234993e+01,2.3390908e+03,5.5563588e+00,2.5341527e+04,1.9735016e+01,0,nan,nan,nan,nan,1663.23330,6.3337770e-04,991.26634,6.6273153e-04,-1.5396429e-02,-7.1130812e-02
-0.10049119292580144,1.0018422208033329,0.000779170233361693,1343.8824130960115,4.7415677e-03,83824,1663.22340,991.27593,2.3587711e+04,1.8248299e+01,2.3269541e+03,5.5504456e+00,2.5393426e+04,1.9749418e+01,0,nan,nan,nan,nan,1663.22340,6.3247734e-04,991.27593,6.6144072e-04,-2.6111539e-02,-5.6757700e-02
-0.0991023092501564,1.0002442867886345,0.0007788337940102841,1343.8838019796872,4.7415630e-03,83825,1663.22299,991.26157,2.3560041e+04,1.8240471e+01,2.3383506e+03,5.5559878e+00,2.5352994e+04,1.9740946e+01,0,nan,nan,nan,nan,1663.22299,6.3347915e-04,991.26157,6.6184491e-04,-2.8091663e-02,-7.6191656e-02
-0.09771342510748582,1.000255974484751,0.0007788209609045307,1343.8851908638298,4.7415588e-03,83826,1663.22270,991.27671,2.3551484e+04,1.8240219e+01,2.3422476e+03,5.5603838e+00,2.5353357e+04,1.9740673e+01,0,nan,nan,nan,nan,1663.22270,6.3332479e-04,991.27671,6.6203624e-04,-2.5732998e-02,-5.6726448e-02
-0.09632454096504262,0.9984273661611291,0.0007781596133780043,1343.8865797479723,4.7415546e-03,83827,1663.23068,991.28084,2.3505932e+04,1.8224781e+01,2.3402432e+03,5.5595560e+00,2.5307078e+04,1.9723965e+01,0,nan,nan,nan,nan,1663.23068,6.3443708e-04,991.28084,6.6197361e-04,-1.6761521e-02,-5.2856062e-02
-0.09493565728962494,0.999201322356103,0.0007782157383662225,1343.8879686316477,4.7415500e-03,83828,1663.22384,991.26319,2.3530342e+04,1.8226141e+01,2.3304043e+03,5.5464120e+00,2.5326762e+04,1.9725439e+01,0,nan,nan,nan,nan,1663.22384,6.3396886e-04,991.26319,6.6196860e-04,-2.4732687e-02,-7.2404325e-02
-0.09354677314740911,1.0002412358170152,0.0007786400409847121,1343.88935751579,4.7415458e-03,83829,1663.22249,991.27216,2.3556074e+04,1.8236126e+01,2.3403821e+03,5.5519586e+00,2.5353186e+04,1.9736244e+01,0,nan,nan,nan,nan,1663.22249,6.3397695e-04,991.27216,6.6123181e-04,-2.7385529e-02,-6.3372597e-02
-0.0921578894706272,1.0006360921669377,0.0007787615782756522,1343.8907463994667,4.7415411e-03,83830,1663.22706,991.27299,2.3564391e+04,1.8239021e+01,2.3367568e+03,5.5499139e+00,2.5363260e+04,1.9739376e+01,0,nan,nan,nan,nan,1663.22706,6.3337741e-04,991.27299,6.6133746e-04,-2.2383077e-02,-6.1711874e-02
-0.090769005328184,1.000315174568243,0.0007787695163329201,1343.8921352836092,4.7415369e-03,83831,1663.23417,991.29160,2.3545100e+04,1.8239252e+01,2.3393481e+03,5.5549693e+00,2.5355189e+04,1.9739626e+01,0,nan,nan,nan,nan,1663.23417,6.3367345e-04,991.29160,6.6137465e-04,-1.3996890e-02,-4.0650003e-02
-0.08938012165185683,1.0006965444686595,0.0007790345584696764,1343.8935241672855,4.7415323e-03,83832,1663.21135,991.24567,2.3578414e+04,1.8245502e+01,2.3344199e+03,5.5533690e+00,2.5364920e+04,1.9746393e+01,0,nan,nan,nan,nan,1663.21135,6.3384435e-04,991.24567,6.6206796e-04,-4.1990526e-02,-9.4446830e-02
-0.08799123751077786,1.0008914745515674,0.0007786823510326891,1343.8949130514266,4.7415281e-03,83833,1663.22859,991.27777,2.3563305e+04,1.8237299e+01,2.3374075e+03,5.5485287e+00,2.5369920e+04,1.9737513e+01,0,nan,nan,nan,nan,1663.22859,6.3313264e-04,991.27777,6.6224212e-04,-2.0813106e-02,-5.6115817e-02
-0.08660235383376857,1.0003022436106632,0.0007787755393873523,1343.8963019351036,4.7415234e-03,83834,1663.22704,991.28450,2.3548180e+04,1.8239525e+01,2.3380447e+03,5.5611281e+00,2.5355043e+04,1.9739922e+01,0,nan,nan,nan,nan,1663.22704,6.3456973e-04,991.28450,6.6185941e-04,-2.2718944e-02,-4.8957597e-02
-0.085213469691098,0.9996146442667864,0.0007787067264372654,1343.8976908192462,4.7415192e-03,83835,1663.22755,991.27658,2.3539191e+04,1.8237955e+01,2.3382053e+03,5.5533547e+00,2.5337674e+04,1.9738222e+01,0,nan,nan,nan,nan,1663.22755,6.3450675e-04,991.27658,6.6241849e-04,-2.2720391e-02,-5.8046304e-02
-0.08382458601545295,0.9997936618109936,0.0007785219974930872,1343.8990797029219,4.7415146e-03,83836,1663.22006,991.26075,2.3544199e+04,1.8233667e+01,2.3319817e+03,5.5507307e+00,2.5342266e+04,1.9733583e+01,0,nan,nan,nan,nan,1663.22006,6.3394365e-04,991.26075,6.6257612e-04,-3.1154852e-02,-7.7250525e-02
-0.08243570187369187,1.00064672536888,0.0007785900730510133,1343.9004685870636,4.7415104e-03,83837,1663.22104,991.27061,2.3554709e+04,1.8235302e+01,2.3271775e+03,5.5521049e+00,2.5363947e+04,1.9735352e+01,0,nan,nan,nan,nan,1663.22104,6.3372724e-04,991.27061,6.6352892e-04,-2.9357530e-02,-6.5704621e-02
-0.08104681819668258,1.000396403701502,0.0007789125821938956,1343.9018574707407,4.7415057e-03,83838,1663.22478,991.28163,2.3553209e+04,1.8242895e+01,2.3428096e+03,5.5589366e+00,2.5357654e+04,1.9743568e+01,0,nan,nan,nan,nan,1663.22478,6.3349650e-04,991.28163,6.6253229e-04,-2.3742836e-02,-5.1168498e-02
-0.0796579340549215,0.9986706808457019,0.0007783801747543965,1343.9032463548824,4.7415015e-03,83839,1663.22683,991.27003,2.3523670e+04,1.8230463e+01,2.3355908e+03,5.5523171e+00,2.5313963e+04,1.9730114e+01,0,nan,nan,nan,nan,1663.22683,6.3375052e-04,991.27003,6.6200405e-04,-2.2320973e-02,-6.5499090e-02
-0.07826905037859433,0.9993217205225302,0.000778293516279769,1343.9046352385587,4.7414969e-03,83840,1663.21666,991.26014,2.3532895e+04,1.8228468e+01,2.3358809e+03,5.5493903e+00,2.5330514e+04,1.9727957e+01,0,nan,nan,nan,nan,1663.21666,6.3410634e-04,991.26014,6.6296203e-04,-3.4450438e-02,-7.7438876e-02
-0.07688016623660587,0.9998036172432243,0.0007786822796387641,1343.9060241227007,4.7414927e-03,83841,1663.22575,991.27876,2.3542137e+04,1.8237610e+01,2.3376250e+03,5.5612769e+00,2.5342777e+04,1.9737848e+01,0,nan,nan,nan,nan,1663.22575,6.3390803e-04,991.27876,6.6140201e-04,-2.2309924e-02,-5.5286188e-02
-0.07549128256050608,1.0003268133348995,0.000778584500880323,1343.9074130063768,4.7414880e-03,83842,1663.22785,991.28398,2.3545904e+04,1.8235352e+01,2.3385471e+03,5.5558052e+00,2.5356086e+04,1.9735405e+01,0,nan,nan,nan,nan,1663.22785,6.3329883e-04,991.28398,6.6170027e-04,-2.0934224e-02,-4.9588684e-02
-0.07410239841851762,1.0001601357875483,0.0007786473097737248,1343.9088018905188,4.7414838e-03,83843,1663.21924,991.25938,2.3550305e+04,1.8236855e+01,2.3279119e+03,5.5660768e+00,2.5351906e+04,1.9737032e+01,0,nan,nan,nan,nan,1663.21924,6.3369429e-04,991.25938,6.6210795e-04,-3.2894518e-02,-7.9856269e-02
-0.07271351474219045,1.0009264468612045,0.0007789398878081456,1343.9101907741951,4.7414792e-03,83844,1663.22519,991.27008,2.3568566e+04,1.8243738e+01,2.3347896e+03,5.5581460e+00,2.5371375e+04,1.9744482e+01,0,nan,nan,nan,nan,1663.22519,6.3331064e-04,991.27008,6.6169037e-04,-2.4198005e-02,-6.6241615e-02
-0.07132463060042937,0.9988430356113346,0.000778275046620863,1343.911579658337,4.7414750e-03,83845,1663.22694,991.27480,2.3521125e+04,1.8228195e+01,2.3449775e+03,5.5568786e+00,2.5318604e+04,1.9727661e+01,0,nan,nan,nan,nan,1663.22694,6.3341478e-04,991.27480,6.6236709e-04,-2.2455230e-02,-6.1240189e-02
-0.06993574692342008,0.9992179974118802,0.0007783446086088695,1343.912968542014,4.7414703e-03,83846,1663.22387,991.28077,2.3532258e+04,1.8229855e+01,2.3356353e+03,5.5530415e+00,2.5328146e+04,1.9729456e+01,0,nan,nan,nan,nan,1663.22387,6.3385651e-04,991.28077,6.6155713e-04,-2.4607060e-02,-5.3686213e-02
-0.06854686324732029,1.0006276501602642,0.0007786224724672892,1343.91435742569,4.7414657e-03,83847,1663.22167,991.27156,2.3563941e+04,1.8236387e+01,2.3314094e+03,5.5446224e+00,2.5363916e+04,1.9736526e+01,0,nan,nan,nan,nan,1663.22167,6.3389470e-04,991.27156,6.6208397e-04,-3.0419109e-02,-6.5287597e-02
-0.06715797910510446,1.001142603364152,0.0007786205923222415,1343.9157463098322,4.7414615e-03,83848,1663.22096,991.25639,2.3582660e+04,1.8236368e+01,2.3241128e+03,5.5381398e+00,2.5377004e+04,1.9736506e+01,0,nan,nan,nan,nan,1663.22096,6.3226442e-04,991.25639,6.6077069e-04,-2.9728804e-02,-8.1429765e-02
-0.06576909542832254,1.0006235637461751,0.0007785623961336591,1343.917135193509,4.7414568e-03,83849,1663.22943,991.27679,2.3561020e+04,1.8235027e+01,2.3226707e+03,5.5432734e+00,2.5363879e+04,1.9735056e+01,0,nan,nan,nan,nan,1663.22943,6.3310383e-04,991.27679,6.6193356e-04,-2.1182006e-02,-5.6283135e-02
-0.06438021128633409,1.0000078509512853,0.0007783621223683197,1343.918524077651,4.7414526e-03,83850,1663.22649,991.27974,2.3550357e+04,1.8230360e+01,2.3273818e+03,5.5456719e+00,2.5348301e+04,1.9730003e+01,0,nan,nan,nan,nan,1663.22649,6.3311489e-04,991.27974,6.6130998e-04,-2.2837462e-02,-5.4602187e-02
-0.0629913276102343,0.9998881688317652,0.0007784314217859327,1343.919912961327,4.7414480e-03,83851,1663.22690,991.26582,2.3549596e+04,1.8232004e+01,2.3283926e+03,5.5471582e+00,2.5345297e+04,1.9731783e+01,0,nan,nan,nan,nan,1663.22690,6.3317677e-04,991.26582,6.6206395e-04,-2.2948118e-02,-6.9738254e-02
-0.06160244346847321,0.9987937848564977,0.0007783961740141151,1343.9213018454689,4.7414438e-03,83852,1663.22617,991.27545,2.3522277e+04,1.8231197e+01,2.3337214e+03,5.5538235e+00,2.5317582e+04,1.9730909e+01,0,nan,nan,nan,nan,1663.22617,6.3480710e-04,991.27545,6.6191901e-04,-2.3304585e-02,-5.9476074e-02
-0.06021355979191867,1.0006191453696578,0.0007785467161027883,1343.9226907291454,4.7414391e-03,83853,1663.22729,991.26624,2.3562000e+04,1.8234739e+01,2.3260554e+03,5.5502748e+00,2.5363875e+04,1.9734743e+01,0,nan,nan,nan,nan,1663.22729,6.3353713e-04,991.26624,6.6182716e-04,-2.2782421e-02,-7.0616730e-02
-0.058824675649475466,0.9982542782875896,0.0007778040358010285,1343.9240796132879,4.7414349e-03,83854,1663.22161,991.27428,2.3516072e+04,1.8217361e+01,2.3262334e+03,5.5425992e+00,2.5303953e+04,1.9715935e+01,0,nan,nan,nan,nan,1663.22161,6.3419901e-04,991.27428,6.6215522e-04,-2.9369246e-02,-5.9874136e-02
-0.0574357919731483,0.9986927357684062,0.0007779950377274062,1343.9254684969642,4.7414303e-03,83855,1663.23374,991.27575,2.3511020e+04,1.8221848e+01,2.3288005e+03,5.5529270e+00,2.5315086e+04,1.9720791e+01,0,nan,nan,nan,nan,1663.23374,6.3411507e-04,991.27575,6.6205068e-04,-1.5119848e-02,-5.6466904e-02
-0.05604690829750325,0.997675212332289,0.0007776338911817529,1343.9268573806398,4.7414256e-03,83856,1663.22084,991.27775,2.3491768e+04,1.8213404e+01,2.3311797e+03,5.5435495e+00,2.5289311e+04,1.9711651e+01,0,nan,nan,nan,nan,1663.22084,6.3408713e-04,991.27775,6.6244468e-04,-2.8848965e-02,-5.6780163e-02
-0.05465802415506005,0.9975594019786487,0.0007774937966235866,1343.9282462647823,4.7414214e-03,83857,1663.22841,991.27618,2.3486105e+04,1.8210133e+01,2.3303206e+03,5.5444717e+00,2.5286391e+04,1.9708111e+01,0,nan,nan,nan,nan,1663.22841,6.3448289e-04,991.27618,6.6367706e-04,-2.0511530e-02,-5.9310723e-02
-0.05326914047827813,0.995527778380812,0.0007766352098480296,1343.929635148459,4.7414168e-03,83858,1663.22526,991.27083,2.3447188e+04,1.8190031e+01,2.3182666e+03,5.5321813e+00,2.5234904e+04,1.9686357e+01,0,nan,nan,nan,nan,1663.22526,6.3424080e-04,991.27083,6.6253060e-04,-2.5424222e-02,-6.4588562e-02
-0.0518802563369718,0.9959987163297527,0.0007770858206885141,1343.9310240326004,4.7414126e-03,83859,1663.21966,991.27218,2.3468930e+04,1.8200592e+01,2.3136982e+03,5.5403996e+00,2.5246852e+04,1.9697786e+01,0,nan,nan,nan,nan,1663.21966,6.3524762e-04,991.27218,6.6190388e-04,-3.0024160e-02,-6.2131502e-02
-0.050491372660872,0.9946221812830179,0.0007767336329642186,1343.9324129162765,4.7414079e-03,83860,1663.21975,991.25616,2.3429121e+04,1.8192350e+01,2.3210415e+03,5.5396976e+00,2.5211967e+04,1.9688866e+01,0,nan,nan,nan,nan,1663.21975,6.3566893e-04,991.25616,6.6375325e-04,-3.1819768e-02,-8.2231589e-02
-0.04910248898386271,0.9920664209278693,0.0007754891619755522,1343.9338017999535,4.7414033e-03,83861,1663.23308,991.28542,2.3350328e+04,1.8163204e+01,2.3243342e+03,5.5406013e+00,2.5147188e+04,1.9657324e+01,0,nan,nan,nan,nan,1663.23308,6.3653628e-04,991.28542,6.6605426e-04,-1.5688464e-02,-4.9965981e-02
-0.04771360484187426,0.9903231247894693,0.0007754485772367937,1343.9351906840955,4.7413991e-03,83862,1663.22288,991.28125,2.3312732e+04,1.8162256e+01,2.3277151e+03,5.5529642e+00,2.5103002e+04,1.9656298e+01,0,nan,nan,nan,nan,1663.22288,6.3785107e-04,991.28125,6.6631578e-04,-2.6537962e-02,-5.4275017e-02
-0.04632472116554709,0.9904988659038692,0.0007758620709439353,1343.9365795677718,4.7413944e-03,83863,1663.22644,991.26555,2.3335348e+04,1.8171942e+01,2.3213750e+03,5.5624614e+00,2.5107455e+04,1.9666780e+01,0,nan,nan,nan,nan,1663.22644,6.3730316e-04,991.26555,6.6437281e-04,-2.3384873e-02,-7.0394032e-02
-0.04493583702378601,0.9888243365479729,0.0007751218069198699,1343.9379684519135,4.7413902e-03,83864,1663.22127,991.27647,2.3292098e+04,1.8154602e+01,2.3306387e+03,5.5435677e+00,2.5065008e+04,1.9648014e+01,0,nan,nan,nan,nan,1663.22127,6.3881220e-04,991.27647,6.6651683e-04,-2.9365085e-02,-5.8908559e-02
-0.04354695334677672,0.9899143404376716,0.0007749573996234808,1343.9393573355906,4.7413856e-03,83865,1663.22503,991.26965,2.3317846e+04,1.8150749e+01,2.3116877e+03,5.5334020e+00,2.5092633e+04,1.9643843e+01,0,nan,nan,nan,nan,1663.22503,6.3660741e-04,991.26965,6.6558982e-04,-2.3703229e-02,-6.4361490e-02
-0.04215806966976743,0.9893048705406772,0.0007752147802354995,1343.9407462192676,4.7413809e-03,83866,1663.22168,991.26748,2.3307512e+04,1.8156773e+01,2.3171228e+03,5.5563755e+00,2.5077178e+04,1.9650362e+01,0,nan,nan,nan,nan,1663.22168,6.3677930e-04,991.26748,6.6576095e-04,-2.8299911e-02,-6.8995282e-02
-0.04076918552868847,0.9900822745129982,0.0007749448048682223,1343.9421351034086,4.7413767e-03,83867,1663.22435,991.27568,2.3315951e+04,1.8150442e+01,2.3184539e+03,5.5327578e+00,2.5096875e+04,1.9643511e+01,0,nan,nan,nan,nan,1663.22435,6.3751085e-04,991.27568,6.6549162e-04,-2.5255328e-02,-5.9428748e-02
-0.0393803018523613,0.9909931155721187,0.0007751802275693227,1343.943523987085,4.7413721e-03,83868,1663.22579,991.26969,2.3337453e+04,1.8155947e+01,2.3131633e+03,5.5295839e+00,2.5119951e+04,1.9649469e+01,0,nan,nan,nan,nan,1663.22579,6.3669938e-04,991.26969,6.6454784e-04,-2.2271654e-02,-6.6751011e-02
-0.03799141817535201,0.9892775991321672,0.0007753100655655149,1343.944912870762,4.7413674e-03,83869,1663.21824,991.27158,2.3304268e+04,1.8158979e+01,2.3267788e+03,5.5499120e+00,2.5076451e+04,1.9652750e+01,0,nan,nan,nan,nan,1663.21824,6.3816691e-04,991.27158,6.6501193e-04,-3.3392511e-02,-6.3859120e-02
-0.03660253403359093,0.9891120874087336,0.000774941522549052,1343.9463017549037,4.7413632e-03,83870,1663.22444,991.26482,2.3293570e+04,1.8150335e+01,2.3175107e+03,5.5424380e+00,2.5072238e+04,1.9643394e+01,0,nan,nan,nan,nan,1663.22444,6.3791202e-04,991.26482,6.6653965e-04,-2.5667697e-02,-7.3085420e-02
-0.03521365035749113,0.9903357774626086,0.0007751159651955152,1343.9476906385798,4.7413586e-03,83871,1663.23345,991.28892,2.3314357e+04,1.8154408e+01,2.3089595e+03,5.5299153e+00,2.5103238e+04,1.9647802e+01,0,nan,nan,nan,nan,1663.23345,6.3677458e-04,991.28892,6.6602166e-04,-1.4663978e-02,-4.3129042e-02
-0.03382476668093659,0.9891640370594919,0.0007748183833605105,1343.9490795222564,4.7413539e-03,83872,1663.22543,991.27017,2.3298248e+04,1.8147421e+01,2.3092927e+03,5.5379033e+00,2.5073516e+04,1.9640242e+01,0,nan,nan,nan,nan,1663.22543,6.3794531e-04,991.27017,6.6542707e-04,-2.3714034e-02,-6.4606473e-02
-0.03243588253917551,0.9893247789387423,0.0007750719338550532,1343.9504684063982,4.7413497e-03,83873,1663.21803,991.26531,2.3309875e+04,1.8153343e+01,2.3104031e+03,5.5325198e+00,2.5077566e+04,1.9646650e+01,0,nan,nan,nan,nan,1663.21803,6.3777197e-04,991.26531,6.6515134e-04,-3.2849111e-02,-6.8522029e-02
-0.031046998863075714,0.9881883225733454,0.0007744068414694325,1343.9518572900743,4.7413451e-03,83874,1663.22131,991.27137,2.3275031e+04,1.8137747e+01,2.3157419e+03,5.5351467e+00,2.5048732e+04,1.9629770e+01,0,nan,nan,nan,nan,1663.22131,6.3826260e-04,991.27137,6.6559401e-04,-2.8298691e-02,-6.3195527e-02
-0.029658115186521172,0.9889851565620179,0.0007749824165304418,1343.9532461737508,4.7413404e-03,83875,1663.22395,991.27497,2.3293143e+04,1.8151205e+01,2.3171873e+03,5.5388646e+00,2.5068900e+04,1.9644337e+01,0,nan,nan,nan,nan,1663.22395,6.3757325e-04,991.27497,6.6593284e-04,-2.4328280e-02,-5.9330191e-02
-0.02826923104476009,0.9887383636562449,0.0007746851377161109,1343.9546350578926,4.7413362e-03,83876,1663.22395,991.26516,2.3289707e+04,1.8144218e+01,2.3100503e+03,5.5381436e+00,2.5062615e+04,1.9636776e+01,0,nan,nan,nan,nan,1663.22395,6.3803967e-04,991.26516,6.6532067e-04,-2.6190061e-02,-7.0714928e-02
-0.0268803473677508,0.988756739294573,0.0007744921992668597,1343.9560239415696,4.7413316e-03,83877,1663.22509,991.27320,2.3282260e+04,1.8139677e+01,2.3117153e+03,5.5344319e+00,2.5063047e+04,1.9631861e+01,0,nan,nan,nan,nan,1663.22509,6.3760940e-04,991.27320,6.6648622e-04,-2.5293082e-02,-6.3035041e-02
-0.025491463691651006,0.9901678423954429,0.0007747849388191096,1343.9574128252457,4.7413269e-03,83878,1663.22986,991.28410,2.3308246e+04,1.8146507e+01,2.3146008e+03,5.5331273e+00,2.5098779e+04,1.9639252e+01,0,nan,nan,nan,nan,1663.22986,6.3702877e-04,991.28410,6.6530157e-04,-1.8110752e-02,-4.9331073e-02
-0.02410257955034467,0.9887543964304576,0.0007746479489530249,1343.958801709387,4.7413227e-03,83879,1663.22350,991.26195,2.3289410e+04,1.8143269e+01,2.3071326e+03,5.5355282e+00,2.5062912e+04,1.9635748e+01,0,nan,nan,nan,nan,1663.22350,6.3775602e-04,991.26195,6.6555507e-04,-2.5589328e-02,-7.5241238e-02
-0.022713695873335382,0.9894646110596369,0.0007746580064967436,1343.960190593064,4.7413181e-03,83880,1663.22924,991.28100,2.3298133e+04,1.8143476e+01,2.3056292e+03,5.5385289e+00,2.5080873e+04,1.9635971e+01,0,nan,nan,nan,nan,1663.22924,6.3737878e-04,991.28100,6.6534762e-04,-2.0107038e-02,-5.3496405e-02
-0.021324812196553466,0.989437195501509,0.0007746850700354129,1343.9615794767408,4.7413134e-03,83881,1663.22352,991.25940,2.3303760e+04,1.8144079e+01,2.3023386e+03,5.5291057e+00,2.5080135e+04,1.9636623e+01,0,nan,nan,nan,nan,1663.22352,6.3738128e-04,991.25940,6.6582026e-04,-2.7732460e-02,-7.8726389e-02
-0.01993592805456501,0.9880168166078693,0.0007741240803595835,1343.9629683608828,4.7413092e-03,83882,1663.22469,991.28474,2.3269525e+04,1.8130907e+01,2.3030088e+03,5.5285912e+00,2.5044084e+04,1.9622368e+01,0,nan,nan,nan,nan,1663.22469,6.3769642e-04,991.28474,6.6561147e-04,-2.5440255e-02,-4.8498552e-02
-0.018547044378465216,0.9878190062885444,0.000774116205065807,1343.9643572445589,4.7413046e-03,83883,1663.23100,991.27308,2.3252033e+04,1.8130686e+01,2.3085679e+03,5.5290570e+00,2.5039023e+04,1.9622129e+01,0,nan,nan,nan,nan,1663.23100,6.3784333e-04,991.27308,6.6741265e-04,-1.7202849e-02,-6.3917987e-02
-0.017158160702138048,0.9877313341978304,0.0007741427896348735,1343.9657461282352,4.7412999e-03,83884,1663.22108,991.26321,2.3270387e+04,1.8131273e+01,2.3047205e+03,5.5265393e+00,2.5036750e+04,1.9622765e+01,0,nan,nan,nan,nan,1663.22108,6.3788152e-04,991.26321,6.6537631e-04,-2.9760258e-02,-7.3991135e-02
-0.015769276559694845,0.9887537501073624,0.0007748193694687985,1343.9671350123776,4.7412957e-03,83885,1663.22233,991.27921,2.3279020e+04,1.8147079e+01,2.3080513e+03,5.5445480e+00,2.5062613e+04,1.9639872e+01,0,nan,nan,nan,nan,1663.22233,6.3847553e-04,991.27921,6.6702114e-04,-2.8215054e-02,-5.5480778e-02
-0.014380392883367676,0.9884290107104641,0.000774251567123992,1343.968523896054,4.7412910e-03,83886,1663.21781,991.27607,2.3257623e+04,1.8133741e+01,2.3134905e+03,5.5363779e+00,2.5054326e+04,1.9625437e+01,0,nan,nan,nan,nan,1663.21781,6.4151589e-04,991.27607,6.6642690e-04,-3.5221156e-02,-5.9991714e-02
-0.012991509207950003,0.9880320286049977,0.0007739428143497366,1343.9699127797294,4.7412864e-03,83887,1663.24048,991.28404,2.3246912e+04,1.8126469e+01,2.3091965e+03,5.5343714e+00,2.5044205e+04,1.9617565e+01,0,nan,nan,nan,nan,1663.24048,6.3812186e-04,991.28404,6.6634209e-04,-5.9699169e-03,-5.0154135e-02
-0.011602625530940713,0.9877545356153871,0.0007741858994738568,1343.9713016634064,4.7412817e-03,83888,1663.22033,991.25889,2.3265740e+04,1.8132118e+01,2.2997742e+03,5.5275035e+00,2.5037113e+04,1.9623680e+01,0,nan,nan,nan,nan,1663.22033,6.3773722e-04,991.25889,6.6683016e-04,-2.8942136e-02,-7.9674140e-02
-0.010213741388270137,0.9884512306718686,0.0007740009864848925,1343.972690547549,4.7412775e-03,83889,1663.22514,991.28935,2.3264193e+04,1.8127743e+01,2.3016125e+03,5.5228949e+00,2.5054709e+04,1.9618944e+01,0,nan,nan,nan,nan,1663.22514,6.3784554e-04,991.28935,6.6663057e-04,-2.4965558e-02,-4.4709139e-02
-0.00882485771262509,0.9865885602708067,0.0007739005099680079,1343.9740794312247,4.7412729e-03,83890,1663.22584,991.25735,2.3243916e+04,1.8125343e+01,2.3102737e+03,5.5305820e+00,2.5007432e+04,1.9616346e+01,0,nan,nan,nan,nan,1663.22584,6.3765747e-04,991.25735,6.6612969e-04,-2.4212224e-02,-7.9967678e-02
-0.007435974036525295,0.9869345515650912,0.0007736846023825806,1343.9754683149008,4.7412682e-03,83891,1663.22235,991.27681,2.3245229e+04,1.8120237e+01,2.2939983e+03,5.5180020e+00,2.5016135e+04,1.9610823e+01,0,nan,nan,nan,nan,1663.22235,6.3790852e-04,991.27681,6.6601258e-04,-2.8725334e-02,-5.6465026e-02
-0.006047089893854718,0.9872031731714901,0.0007737989060753697,1343.9768571990435,4.7412640e-03,83892,1663.22263,991.27492,2.3249766e+04,1.8122866e+01,2.2930059e+03,5.5181861e+00,2.5022875e+04,1.9613667e+01,0,nan,nan,nan,nan,1663.22263,6.3794752e-04,991.27492,6.6596421e-04,-2.6881846e-02,-5.9505135e-02
-0.004658206217754923,0.9879932851954303,0.0007742449356778752,1343.9782460827196,4.7412594e-03,83893,1663.22481,991.26221,2.3274348e+04,1.8133261e+01,2.2974282e+03,5.5203371e+00,2.5042832e+04,1.9624916e+01,0,nan,nan,nan,nan,1663.22481,6.3751644e-04,991.26221,6.6555437e-04,-2.3945190e-02,-7.4971691e-02
-0.0032693225412003812,0.9883268443990715,0.0007742526010612761,1343.9796349663961,4.7412547e-03,83894,1663.22133,991.27922,2.3274471e+04,1.8133387e+01,2.3044739e+03,5.5292687e+00,2.5051213e+04,1.9625053e+01,0,nan,nan,nan,nan,1663.22133,6.3723425e-04,991.27922,6.6527136e-04,-2.8282503e-02,-5.4776665e-02
-0.0018804388651005866,0.987330721115205,0.0007736955751247788,1343.9810238500722,4.7412501e-03,83895,1663.22378,991.26310,2.3252516e+04,1.8120289e+01,2.2942769e+03,5.5237465e+00,2.5025889e+04,1.9610876e+01,0,nan,nan,nan,nan,1663.22378,6.3794176e-04,991.26310,6.6624628e-04,-2.6512779e-02,-7.3600084e-02
-0.0004915547233395046,0.9875644024159611,0.0007739035849325738,1343.982412734214,4.7412459e-03,83896,1663.22366,991.27905,2.3259428e+04,1.8125103e+01,2.3025251e+03,5.5217447e+00,2.5031736e+04,1.9616087e+01,0,nan,nan,nan,nan,1663.22366,6.3776935e-04,991.27905,6.6544657e-04,-2.6182232e-02,-5.5730417e-02
0.0022862126297695795,0.9890055941513887,0.0007739142889105369,1343.985190501567,4.7412366e-03,83898,1663.22737,991.28094,2.3289025e+04,1.8125238e+01,2.2815911e+03,5.5120983e+00,2.5068105e+04,1.9616234e+01,0,nan,nan,nan,nan,1663.22737,6.3690246e-04,991.28094,6.6499604e-04,-2.1349315e-02,-5.1291335e-02
0.0036750963063241215,0.9874871661653672,0.0007738775159193941,1343.9865793852437,4.7412319e-03,83899,1663.22069,991.25934,2.3259732e+04,1.8124317e+01,2.2886843e+03,5.5156045e+00,2.5029535e+04,1.9615236e+01,0,nan,nan,nan,nan,1663.22069,6.3820573e-04,991.25934,6.6636223e-04,-3.1024329e-02,-7.8925461e-02
0.005063979983106037,0.9885180282808622,0.0007738608171484286,1343.9879682689204,4.7412273e-03,83900,1663.21881,991.27318,2.3268141e+04,1.8123865e+01,2.2946978e+03,5.5162411e+00,2.5055580e+04,1.9614746e+01,0,nan,nan,nan,nan,1663.21881,6.3739746e-04,991.27318,6.6577841e-04,-3.1522352e-02,-6.2807672e-02
0.006452864124184998,0.9892235230920345,0.0007741646709565723,1343.9893571530615,4.7412231e-03,83901,1663.23087,991.28016,2.3287320e+04,1.8130919e+01,2.2844919e+03,5.5198259e+00,2.5073375e+04,1.9622381e+01,0,nan,nan,nan,nan,1663.23087,6.3619507e-04,991.28016,6.6545681e-04,-1.6650781e-02,-5.2696891e-02
0.00784174780073954,0.9875743321462003,0.0007741189334247045,1343.990746036738,4.7412184e-03,83902,1663.22133,991.26464,2.3264395e+04,1.8129784e+01,2.2868083e+03,5.5168762e+00,2.5031484e+04,1.9621153e+01,0,nan,nan,nan,nan,1663.22133,6.3837826e-04,991.26464,6.6624593e-04,-2.9011792e-02,-7.2161041e-02
0.009230631477521456,0.9890950813489662,0.0007741513958769935,1343.9921349204149,4.7412138e-03,83903,1663.23012,991.28334,2.3290479e+04,1.8130478e+01,2.2932632e+03,5.5188422e+00,2.5069939e+04,1.9621904e+01,0,nan,nan,nan,nan,1663.23012,6.3671125e-04,991.28334,6.6484581e-04,-1.7929975e-02,-4.9123228e-02
0.010619515153848624,0.9894737936568085,0.0007741388738337428,1343.9935238040912,4.7412091e-03,83904,1663.22388,991.25630,2.3309459e+04,1.8130117e+01,2.2795815e+03,5.5098248e+00,2.5079447e+04,1.9621515e+01,0,nan,nan,nan,nan,1663.22388,6.3658768e-04,991.25630,6.6486321e-04,-2.7689137e-02,-8.1760630e-02
0.012008399295609706,0.9863659157908033,0.0007733511036029268,1343.994912688233,4.7412049e-03,83905,1663.22406,991.27159,2.3229125e+04,1.8111601e+01,2.2893159e+03,5.5198445e+00,2.5000582e+04,1.9601475e+01,0,nan,nan,nan,nan,1663.22406,6.3741644e-04,991.27159,6.6557556e-04,-2.6092723e-02,-6.2936895e-02
0.013397282971709501,0.9876105784840208,0.000774088146311409,1343.996301571909,4.7412002e-03,83906,1663.22585,991.28377,2.3259260e+04,1.8128792e+01,2.2901011e+03,5.5205431e+00,2.5032033e+04,1.9620081e+01,0,nan,nan,nan,nan,1663.22585,6.3769205e-04,991.28377,6.6631817e-04,-2.3267176e-02,-4.8814107e-02
0.014786166648264043,0.989016728586236,0.0007741261065696229,1343.9976904555856,4.7411956e-03,83907,1663.22498,991.27257,2.3294453e+04,1.8129612e+01,2.2890325e+03,5.5199203e+00,2.5067576e+04,1.9620968e+01,0,nan,nan,nan,nan,1663.22498,6.3680293e-04,991.27257,6.6470919e-04,-2.5342382e-02,-6.2497940e-02
0.01617505032504596,0.9895081944406603,0.0007742100831220011,1343.9990793392624,4.7411909e-03,83908,1663.22620,991.27392,2.3302713e+04,1.8131508e+01,2.2821855e+03,5.5150356e+00,2.5079936e+04,1.9623020e+01,0,nan,nan,nan,nan,1663.22620,6.3666451e-04,991.27392,6.6457147e-04,-2.2668546e-02,-6.1573453e-02
0.017563934001373127,0.9887682657228193,0.0007739777896475902,1344.0004682229387,4.7411863e-03,83909,1663.22694,991.26723,2.3289412e+04,1.8125996e+01,2.2772793e+03,5.5094357e+00,2.5061082e+04,1.9617054e+01,0,nan,nan,nan,nan,1663.22694,6.3703419e-04,991.26723,6.6490634e-04,-2.2207860e-02,-6.7864150e-02
0.018952818142679462,0.9878666111239267,0.0007738059966190198,1344.00185710708,4.7411821e-03,83910,1663.22383,991.27491,2.3271994e+04,1.8121901e+01,2.2905166e+03,5.5169840e+00,2.5038127e+04,1.9612621e+01,0,nan,nan,nan,nan,1663.22383,6.3664018e-04,991.27491,6.6431228e-04,-2.5655312e-02,-6.1035462e-02
0.020341701819461377,0.9884146137672043,0.0007739883276423349,1344.0032459907568,4.7411774e-03,83911,1663.22482,991.26518,2.3283262e+04,1.8126095e+01,2.2839321e+03,5.5145612e+00,2.5051914e+04,1.9617161e+01,0,nan,nan,nan,nan,1663.22482,6.3667324e-04,991.26518,6.6533813e-04,-2.4222823e-02,-7.0635386e-02
0.021730585496243293,0.9875939139973089,0.000773437567045123,1344.0046348744336,4.7411728e-03,83912,1663.21576,991.27034,2.3266307e+04,1.8113123e+01,2.2713240e+03,5.5038338e+00,2.5031010e+04,1.9603121e+01,0,nan,nan,nan,nan,1663.21576,6.3709874e-04,991.27034,6.6533842e-04,-3.5425492e-02,-6.4872004e-02
0.02311946917188834,0.9880143265463295,0.0007738001332383965,1344.0060237581092,4.7411681e-03,83913,1663.23090,991.27941,2.3264252e+04,1.8121536e+01,2.2852571e+03,5.5111918e+00,2.5041561e+04,1.9612228e+01,0,nan,nan,nan,nan,1663.23090,6.3657574e-04,991.27941,6.6522742e-04,-1.6500026e-02,-5.3383235e-02
0.02450835284821551,0.9871508118424108,0.0007733942782028707,1344.0074126417855,4.7411635e-03,83914,1663.22592,991.27727,2.3244637e+04,1.8111956e+01,2.2847720e+03,5.5117888e+00,2.5019568e+04,1.9601858e+01,0,nan,nan,nan,nan,1663.22592,6.3721160e-04,991.27727,6.6528056e-04,-2.2345241e-02,-5.7409234e-02
0.025897236524997425,0.9871090408417619,0.000773710541209753,1344.0088015254623,4.7411588e-03,83915,1663.22461,991.27058,2.3248854e+04,1.8119284e+01,2.2847156e+03,5.5201297e+00,2.5018402e+04,1.9609791e+01,0,nan,nan,nan,nan,1663.22461,6.3701579e-04,991.27058,6.6578208e-04,-2.5112497e-02,-6.4687029e-02
0.027286120667668,0.9880570582029385,0.000773779238292184,1344.010190409605,4.7411546e-03,83916,1663.22385,991.27100,2.3273643e+04,1.8120813e+01,2.2769307e+03,5.5089078e+00,2.5042322e+04,1.9611446e+01,0,nan,nan,nan,nan,1663.22385,6.3639699e-04,991.27100,6.6477963e-04,-2.5985096e-02,-6.4255603e-02
0.02867500434399517,0.989108865939744,0.0007742948164390924,1344.0115792932813,4.7411500e-03,83917,1663.22668,991.27533,2.3295715e+04,1.8132809e+01,2.2803708e+03,5.5140705e+00,2.5068869e+04,1.9624428e+01,0,nan,nan,nan,nan,1663.22668,6.3655048e-04,991.27533,6.6486350e-04,-2.2811865e-02,-5.8771171e-02
0.030063888019412843,0.9888834539427777,0.0007740955483830042,1344.0129681769567,4.7411453e-03,83918,1663.21728,991.25953,2.3295656e+04,1.8128063e+01,2.2792559e+03,5.5122027e+00,2.5063047e+04,1.9619291e+01,0,nan,nan,nan,nan,1663.21728,6.3636986e-04,991.25953,6.6520646e-04,-3.4713358e-02,-7.8370929e-02
0.03145277169642213,0.9916596503423349,0.0007745407778003649,1344.0143570606338,4.7411406e-03,83919,1663.23042,991.28401,2.3346625e+04,1.8138409e+01,2.2752812e+03,5.5000529e+00,2.5133297e+04,1.9630489e+01,0,nan,nan,nan,nan,1663.23042,6.3572446e-04,991.28401,6.6399260e-04,-1.8784903e-02,-5.0141439e-02
0.03284165537343142,0.9888372731807051,0.0007742218035993587,1344.0157459443108,4.7411360e-03,83920,1663.22008,991.26375,2.3298178e+04,1.8130859e+01,2.2784290e+03,5.5095243e+00,2.5061652e+04,1.9622316e+01,0,nan,nan,nan,nan,1663.22008,6.3616730e-04,991.26375,6.6505099e-04,-3.1343207e-02,-7.2143808e-02
0.03423053904907647,0.9891026683291169,0.0007741484790918749,1344.0171348279864,4.7411313e-03,83921,1663.22507,991.27272,2.3296162e+04,1.8129059e+01,2.2834495e+03,5.5187287e+00,2.5068266e+04,1.9620369e+01,0,nan,nan,nan,nan,1663.22507,6.3674414e-04,991.27272,6.6434662e-04,-2.4535345e-02,-6.1466541e-02
0.035619422725176264,0.989075750184229,0.0007740454393886542,1344.0185237116625,4.7411267e-03,83922,1663.22430,991.27089,2.3296627e+04,1.8126564e+01,2.2817600e+03,5.5084248e+00,2.5067469e+04,1.9617668e+01,0,nan,nan,nan,nan,1663.22430,6.3640164e-04,991.27089,6.6371541e-04,-2.5428904e-02,-6.4175069e-02
0.03700830686784684,0.9897251353643018,0.000774265096586182,1344.0199125958052,4.7411225e-03,83923,1663.22610,991.28157,2.3303777e+04,1.8131626e+01,2.2712207e+03,5.5072317e+00,2.5083812e+04,1.9623146e+01,0,nan,nan,nan,nan,1663.22610,6.3687010e-04,991.28157,6.6462654e-04,-2.2723366e-02,-5.2031223e-02
0.038397190543946635,0.9887980488952091,0.0007742160387700703,1344.0213014794813,4.7411178e-03,83924,1663.22592,991.27243,2.3290551e+04,1.8130394e+01,2.2801560e+03,5.5151229e+00,2.5060203e+04,1.9621813e+01,0,nan,nan,nan,nan,1663.22592,6.3728692e-04,991.27243,6.6511979e-04,-2.3428930e-02,-6.2285312e-02
0.039786074220273804,0.9899348067570692,0.0007742786688490024,1344.0226903631576,4.7411132e-03,83925,1663.21962,991.26255,2.3319600e+04,1.8131777e+01,2.2760061e+03,5.5083613e+00,2.5088896e+04,1.9623310e+01,0,nan,nan,nan,nan,1663.21962,6.3561188e-04,991.26255,6.6428143e-04,-3.1329758e-02,-7.2677173e-02
0.04117495789660097,0.9897364770667382,0.000773892932780592,1344.024079246834,4.7411085e-03,83926,1663.22446,991.27266,2.3308645e+04,1.8122660e+01,2.2693289e+03,5.4972253e+00,2.5083754e+04,1.9613443e+01,0,nan,nan,nan,nan,1663.22446,6.3629693e-04,991.27266,6.6418259e-04,-2.5128806e-02,-6.3172117e-02
0.04256384157270077,0.9909653489616224,0.0007746514090584125,1344.02546813051,4.7411039e-03,83927,1663.21800,991.26552,2.3344029e+04,1.8140339e+01,2.2759048e+03,5.5102010e+00,2.5114783e+04,1.9632576e+01,0,nan,nan,nan,nan,1663.21800,6.3534168e-04,991.26552,6.6327763e-04,-3.2256767e-02,-7.2448805e-02
0.043952725249710056,0.9899233649597489,0.0007739816473092002,1344.026857014187,4.7410992e-03,83928,1663.23682,991.27875,2.3305391e+04,1.8124569e+01,2.2707129e+03,5.5000319e+00,2.5088258e+04,1.9615509e+01,0,nan,nan,nan,nan,1663.23682,6.3601002e-04,991.27875,6.6462049e-04,-1.1605508e-02,-5.5643216e-02
0.04534160892580985,0.9907807212063386,0.0007745143540712748,1344.0282458978631,4.7410945e-03,83929,1663.22313,991.27323,2.3335672e+04,1.8136959e+01,2.2769915e+03,5.5065875e+00,2.5109869e+04,1.9628920e+01,0,nan,nan,nan,nan,1663.22313,6.3484366e-04,991.27323,6.6359929e-04,-2.7441759e-02,-6.2106568e-02
0.0467304926014549,0.991055767012655,0.0007747907822956605,1344.0296347815388,4.7410899e-03,83930,1663.22481,991.27286,2.3336332e+04,1.8143347e+01,2.2789482e+03,5.5216560e+00,2.5116723e+04,1.9635832e+01,0,nan,nan,nan,nan,1663.22481,6.3568651e-04,991.27286,6.6369673e-04,-2.3918709e-02,-6.2768996e-02
0.048119376744125475,0.9918505162005055,0.0007748185497437435,1344.0310236656815,4.7410857e-03,83931,1663.22196,991.26794,2.3361475e+04,1.8143911e+01,2.2759543e+03,5.5053825e+00,2.5136748e+04,1.9636444e+01,0,nan,nan,nan,nan,1663.22196,6.3531875e-04,991.26794,6.6369120e-04,-2.8636292e-02,-7.0114143e-02
0.04950826042022527,0.9925179262231,0.0007745977671293582,1344.0324125493576,4.7410810e-03,83932,1663.22615,991.27171,2.3368908e+04,1.8138659e+01,2.2705530e+03,5.4964862e+00,2.5153545e+04,1.9630758e+01,0,nan,nan,nan,nan,1663.22615,6.3480745e-04,991.27171,6.6459988e-04,-2.3083290e-02,-6.5284103e-02
0.05089714409655244,0.9942245060561773,0.0007753337702704686,1344.033801433034,4.7410764e-03,83933,1663.21999,991.26993,2.3416525e+04,1.8155807e+01,2.2671465e+03,5.4978695e+00,2.5196678e+04,1.9649319e+01,0,nan,nan,nan,nan,1663.21999,6.3444476e-04,991.26993,6.6209125e-04,-3.0368965e-02,-6.4319111e-02
0.052286027773334354,0.9945273411486704,0.0007755887900040564,1344.0351903167107,4.7410717e-03,83934,1663.23150,991.29019,2.3410826e+04,1.8161694e+01,2.2876794e+03,5.5078568e+00,2.5204234e+04,1.9655689e+01,0,nan,nan,nan,nan,1663.23150,6.3461240e-04,991.29019,6.6225533e-04,-1.7917821e-02,-4.3166399e-02
0.05367491144966152,0.9973894933263598,0.0007764434563579909,1344.036579200387,4.7410671e-03,83935,1663.22685,991.26526,2.3484650e+04,1.8181623e+01,2.2710718e+03,5.5019355e+00,2.5276652e+04,1.9677258e+01,0,nan,nan,nan,nan,1663.22685,6.3326536e-04,991.26526,6.6189945e-04,-2.4422105e-02,-7.1924224e-02
0.05506379512598869,0.9975375056162706,0.0007763861308371755,1344.0379680840633,4.7410624e-03,83936,1663.22471,991.27424,2.3486713e+04,1.8180199e+01,2.2732993e+03,5.5050464e+00,2.5280285e+04,1.9675714e+01,0,nan,nan,nan,nan,1663.22471,6.3356181e-04,991.27424,6.6174759e-04,-2.5288459e-02,-6.2452741e-02
0.056452678802088485,0.9982291142442269,0.0007769225140260586,1344.0393569677394,4.7410578e-03,83937,1663.22902,991.28122,2.3503951e+04,1.8192675e+01,2.2775286e+03,5.5081058e+00,2.5297695e+04,1.9689217e+01,0,nan,nan,nan,nan,1663.22902,6.3384121e-04,991.28122,6.6109753e-04,-1.9224403e-02,-5.3333424e-02
0.05784156247841565,0.9987093351098297,0.0007772534551616664,1344.0407458514157,4.7410531e-03,83938,1663.22502,991.25591,2.3519834e+04,1.8200338e+01,2.2724883e+03,5.5095820e+00,2.5309748e+04,1.9697512e+01,0,nan,nan,nan,nan,1663.22502,6.3246052e-04,991.25591,6.6118990e-04,-2.5566190e-02,-8.0798551e-02
0.05923044615519757,1.0007328382251672,0.0007774754978134203,1344.0421347350925,4.7410484e-03,83939,1663.22315,991.28288,2.3559195e+04,1.8205454e+01,2.2752478e+03,5.5058742e+00,2.5360914e+04,1.9703049e+01,0,nan,nan,nan,nan,1663.22315,6.3137268e-04,991.28288,6.5949385e-04,-2.6232740e-02,-4.9999490e-02
0.06061932983175211,0.999217887832908,0.0007771496566406268,1344.043523618769,4.7410438e-03,83940,1663.23400,991.29308,2.3517982e+04,1.8197741e+01,2.2857219e+03,5.5173965e+00,2.5322404e+04,1.9694700e+01,0,nan,nan,nan,nan,1663.23400,6.3205505e-04,991.29308,6.6026725e-04,-1.3163781e-02,-4.0312763e-02
0.062008213507169785,1.0002853538213081,0.0007779932709969531,1344.0449125024445,4.7410391e-03,83941,1663.21253,991.25193,2.3563191e+04,1.8217411e+01,2.2842886e+03,5.5171628e+00,2.5349342e+04,1.9715990e+01,0,nan,nan,nan,nan,1663.21253,6.3247723e-04,991.25193,6.6079764e-04,-3.9904073e-02,-8.5918389e-02
0.0633970971839517,0.9991988779342318,0.0007770446135938298,1344.0463013861213,4.7410345e-03,83942,1663.23079,991.28237,2.3523178e+04,1.8195116e+01,2.2832341e+03,5.5090771e+00,2.5321693e+04,1.9691862e+01,0,nan,nan,nan,nan,1663.23079,6.3183147e-04,991.28237,6.6035631e-04,-1.8324420e-02,-5.2102186e-02
0.06478598086096099,1.0006011568092696,0.0007775242767223323,1344.0476902697983,4.7410298e-03,83943,1663.22329,991.26808,2.3563479e+04,1.8206266e+01,2.2740156e+03,5.5044603e+00,2.5357115e+04,1.9703928e+01,0,nan,nan,nan,nan,1663.22329,6.3190865e-04,991.26808,6.5958285e-04,-2.5737125e-02,-6.7623504e-02
0.06617486453660604,1.0011834461571665,0.0007774728584232691,1344.049079153474,4.7410252e-03,83944,1663.22577,991.28378,2.3571670e+04,1.8204983e+01,2.2684858e+03,5.5003781e+00,2.5371762e+04,1.9702538e+01,0,nan,nan,nan,nan,1663.22577,6.3159718e-04,991.28378,6.5926160e-04,-2.3259783e-02,-4.9723934e-02
0.06756374821270583,0.9989957149632789,0.0007768393091807232,1344.05046803715,4.7410205e-03,83945,1663.21816,991.25447,2.3533619e+04,1.8190067e+01,2.2655342e+03,5.4932942e+00,2.5316207e+04,1.9686396e+01,0,nan,nan,nan,nan,1663.21816,6.3194952e-04,991.25447,6.6098745e-04,-3.3924025e-02,-8.2401335e-02
0.06895263188971512,1.0000852019989916,0.0007776583060618576,1344.051856920827,4.7410158e-03,83946,1663.22513,991.27290,2.3546768e+04,1.8209164e+01,2.2820693e+03,5.5072713e+00,2.5343703e+04,1.9707064e+01,0,nan,nan,nan,nan,1663.22513,6.3220691e-04,991.27290,6.6064269e-04,-2.4831994e-02,-6.2629707e-02
0.0703415160314762,1.0006914525316672,0.0007777028802826611,1344.0532458049688,4.7410117e-03,83947,1663.22407,991.27485,2.3559115e+04,1.8210131e+01,2.2747222e+03,5.5117970e+00,2.5358959e+04,1.9708109e+01,0,nan,nan,nan,nan,1663.22407,6.3289871e-04,991.27485,6.6024164e-04,-2.6251948e-02,-5.9220944e-02
0.07173039970803075,1.000333874644841,0.0007772107052386863,1344.0546346886454,4.7410070e-03,83948,1663.22382,991.27274,2.3553723e+04,1.8198526e+01,2.2670447e+03,5.5029578e+00,2.5349789e+04,1.9695551e+01,0,nan,nan,nan,nan,1663.22382,6.3261722e-04,991.27274,6.6017982e-04,-2.4820933e-02,-6.2934585e-02
0.07311928338413054,1.0003468141930958,0.0007776023636923654,1344.0560235723215,4.7410023e-03,83949,1663.22458,991.26579,2.3560188e+04,1.8207621e+01,2.2739517e+03,5.5089760e+00,2.5350008e+04,1.9705393e+01,0,nan,nan,nan,nan,1663.22458,6.3168502e-04,991.26579,6.5971899e-04,-2.4941502e-02,-6.9305569e-02
0.07450816706113983,1.0001440811971087,0.0007777736986854135,1344.0574124559985,4.7409977e-03,83950,1663.22644,991.27545,2.3551078e+04,1.8211555e+01,2.2692114e+03,5.5118508e+00,2.5344766e+04,1.9709652e+01,0,nan,nan,nan,nan,1663.22644,6.3217082e-04,991.27545,6.6046318e-04,-2.2793649e-02,-5.9049647e-02
0.07589705073814912,1.0014046309595817,0.0007782190558697404,1344.0588013396755,4.7409930e-03,83951,1663.22365,991.26822,2.3576516e+04,1.8221909e+01,2.2780513e+03,5.5329037e+00,2.5376605e+04,1.9720856e+01,0,nan,nan,nan,nan,1663.22365,6.3177821e-04,991.26822,6.5982051e-04,-2.6839446e-02,-6.8156451e-02
0.07728593441356679,0.999419537457767,0.0007771005310263951,1344.060190223351,4.7409884e-03,83952,1663.22950,991.28313,2.3525078e+04,1.8195646e+01,2.2771689e+03,5.5053668e+00,2.5326197e+04,1.9692432e+01,0,nan,nan,nan,nan,1663.22950,6.3161226e-04,991.28313,6.6068437e-04,-1.8791964e-02,-5.0842002e-02
0.07867481808989396,0.9994337361685507,0.0007771238426870107,1344.0615791070272,4.7409837e-03,83953,1663.21605,991.26321,2.3540217e+04,1.8196117e+01,2.2689641e+03,5.4988208e+00,2.5326455e+04,1.9692944e+01,0,nan,nan,nan,nan,1663.21605,6.3210010e-04,991.26321,6.6061213e-04,-3.4914754e-02,-7.3012017e-02
0.08006370176667588,1.000728084949538,0.0007772426701224847,1344.062967990704,4.7409791e-03,83954,1663.22658,991.27074,2.3553211e+04,1.8198830e+01,2.2726106e+03,5.5003624e+00,2.5359154e+04,1.9695877e+01,0,nan,nan,nan,nan,1663.22658,6.3159736e-04,991.27074,6.6081440e-04,-2.2017648e-02,-6.4235508e-02
0.08145258544300304,0.998967396123447,0.0007769334366242423,1344.0643568743803,4.7409744e-03,83955,1663.22087,991.26678,2.3523287e+04,1.8191517e+01,2.2741240e+03,5.5017781e+00,2.5314439e+04,1.9687965e+01,0,nan,nan,nan,nan,1663.22087,6.3193630e-04,991.26678,6.6041411e-04,-3.0229701e-02,-6.9659315e-02
0.08284146911910284,0.9990389632799627,0.000776889427013791,1344.0657457580564,4.7409697e-03,83956,1663.22811,991.27359,2.3516064e+04,1.8190418e+01,2.2743757e+03,5.5047154e+00,2.5316156e+04,1.9686775e+01,0,nan,nan,nan,nan,1663.22811,6.3193461e-04,991.27359,6.6127384e-04,-2.2548063e-02,-6.0536589e-02
0.08423035279543001,0.9997460130327644,0.0007781064091466379,1344.0671346417328,4.7409651e-03,83957,1663.22502,991.26975,2.3545139e+04,1.8218843e+01,2.2726394e+03,5.5246062e+00,2.5333979e+04,1.9717539e+01,0,nan,nan,nan,nan,1663.22502,6.3278596e-04,991.26975,6.6074758e-04,-2.5179155e-02,-6.4589195e-02
0.08561923647175718,0.9991668581804276,0.0007771364168753763,1344.068523525409,4.7409604e-03,83958,1663.23286,991.27221,2.3521506e+04,1.8196068e+01,2.2728816e+03,5.5054746e+00,2.5319211e+04,1.9692888e+01,0,nan,nan,nan,nan,1663.23286,6.3210086e-04,991.27221,6.6036003e-04,-1.4954887e-02,-6.3802995e-02
0.08700812014876647,1.000389644252037,0.0007771838397560323,1344.069912409086,4.7409558e-03,83959,1663.21758,991.27440,2.3562430e+04,1.8197109e+01,2.2634377e+03,5.4942513e+00,2.5350105e+04,1.9694017e+01,0,nan,nan,nan,nan,1663.21758,6.3148496e-04,991.27440,6.5934338e-04,-3.3238109e-02,-6.0667373e-02
0.08839700382486626,0.9977349164307325,0.0007766556398559608,1344.0713012927622,4.7409511e-03,83960,1663.22468,991.27351,2.3491369e+04,1.8184679e+01,2.2701211e+03,5.5030599e+00,2.5282746e+04,1.9680565e+01,0,nan,nan,nan,nan,1663.22468,6.3255237e-04,991.27351,6.6151196e-04,-2.5100956e-02,-6.2485926e-02
0.08978588703485002,1.0012547844177697,0.0007774681741999419,1344.0726901759722,4.7409460e-03,83961,1663.22552,991.26568,2.3573082e+04,1.8203644e+01,2.2639185e+03,5.4983525e+00,2.5371854e+04,1.9701088e+01,0,nan,nan,nan,nan,1663.22552,6.3127314e-04,991.26568,6.5957697e-04,-2.3748524e-02,-7.0189446e-02
0.09117477071185931,1.0005429233657746,0.000777337359904734,1344.0740790596492,4.7409413e-03,83962,1663.22650,991.28259,2.3552961e+04,1.8200518e+01,2.2678140e+03,5.5012670e+00,2.5353730e+04,1.9697706e+01,0,nan,nan,nan,nan,1663.22650,6.3151040e-04,991.28259,6.5976981e-04,-2.2165122e-02,-4.9800508e-02
0.0925636543879591,1.0013259591811179,0.00077760132062291,1344.0754679433253,4.7409367e-03,83963,1663.22693,991.26947,2.3569951e+04,1.8206640e+01,2.2721179e+03,5.5032954e+00,2.5373490e+04,1.9704332e+01,0,nan,nan,nan,nan,1663.22693,6.3197798e-04,991.26947,6.6064618e-04,-2.2868771e-02,-6.6579796e-02
0.09395253806360415,0.9998000770074766,0.0007773274752521016,1344.076856827001,4.7409320e-03,83964,1663.23053,991.28724,2.3528707e+04,1.8200171e+01,2.2652822e+03,5.5083652e+00,2.5334744e+04,1.9697330e+01,0,nan,nan,nan,nan,1663.23053,6.3271425e-04,991.28724,6.6092418e-04,-1.7456610e-02,-4.6940465e-02
0.09534142174038607,0.9993309129302338,0.0007770722948276072,1344.0782457106777,4.7409274e-03,83965,1663.22317,991.25745,2.3527990e+04,1.8194141e+01,2.2688171e+03,5.5019393e+00,2.5322779e+04,1.9690805e+01,0,nan,nan,nan,nan,1663.22317,6.3252100e-04,991.25745,6.6195207e-04,-2.7855240e-02,-8.0102652e-02
0.09673030541716798,0.9990596383579363,0.0007771567675415378,1344.0796345943545,4.7409227e-03,83966,1663.21842,991.26906,2.3526199e+04,1.8196066e+01,2.2800754e+03,5.5073872e+00,2.5315830e+04,1.9692888e+01,0,nan,nan,nan,nan,1663.21842,6.3307409e-04,991.26906,6.5973192e-04,-3.1504765e-02,-6.8589218e-02
0.09811918909372253,1.001375860536888,0.0007779479240359636,1344.081023478031,4.7409181e-03,83967,1663.22332,991.27550,2.3574949e+04,1.8214539e+01,2.2706956e+03,5.5110502e+00,2.5374451e+04,1.9712879e+01,0,nan,nan,nan,nan,1663.22332,6.3235377e-04,991.27550,6.5979338e-04,-2.6313337e-02,-5.9634086e-02
0.09950807276982232,0.9995321878111691,0.0007769573387861021,1344.0824123617072,4.7409134e-03,83968,1663.24243,991.28938,2.3509324e+04,1.8191294e+01,2.2801440e+03,5.5087399e+00,2.5327662e+04,1.9687725e+01,0,nan,nan,nan,nan,1663.24243,6.3259184e-04,991.28938,6.6093588e-04,-3.8634462e-03,-4.3509129e-02
0.10089695644592211,1.0003624326624914,0.0007775425851763209,1344.0838012453833,4.7409087e-03,83969,1663.21472,991.26122,2.3556281e+04,1.8204948e+01,2.2684094e+03,5.5020347e+00,2.5348633e+04,1.9702501e+01,0,nan,nan,nan,nan,1663.21472,6.3270261e-04,991.26122,6.6035142e-04,-3.7374489e-02,-7.5910985e-02
0.1022858401229314,0.9996112486622843,0.0007772461957515226,1344.0851901290603,4.7409041e-03,83970,1663.22607,991.27450,2.3530221e+04,1.8197962e+01,2.2774133e+03,5.5060086e+00,2.5329535e+04,1.9694941e+01,0,nan,nan,nan,nan,1663.22607,6.3215598e-04,991.27450,6.6027982e-04,-2.4092598e-02,-5.8884691e-02
0.10367472379925857,1.0009049700016588,0.0007776427510783019,1344.0865790127366,4.7408994e-03,83971,1663.21801,991.26110,2.3569789e+04,1.8207203e+01,2.2697244e+03,5.5011253e+00,2.5362256e+04,1.9704943e+01,0,nan,nan,nan,nan,1663.21801,6.3263159e-04,991.26110,6.6036836e-04,-3.2255001e-02,-7.6396748e-02
0.10506360747467625,1.0005540746780754,0.0007771138336509849,1344.087967896412,4.7408948e-03,83972,1663.23115,991.29237,2.3534365e+04,1.8194780e+01,2.2704094e+03,5.5005951e+00,2.5353307e+04,1.9691496e+01,0,nan,nan,nan,nan,1663.23115,6.3230842e-04,991.29237,6.6092599e-04,-1.6866773e-02,-3.9836030e-02
0.10645249115168554,1.0001334464363214,0.0007776004847057681,1344.089356780089,4.7408901e-03,83973,1663.22225,991.25695,2.3556455e+04,1.8206133e+01,2.2780432e+03,5.5047765e+00,2.5342592e+04,1.9703783e+01,0,nan,nan,nan,nan,1663.22225,6.3180202e-04,991.25695,6.6056952e-04,-2.8170990e-02,-8.1361786e-02
0.10784137482869482,1.0006177996549905,0.000777537422001631,1344.090745663766,4.7408855e-03,83974,1663.22383,991.27554,2.3551973e+04,1.8204618e+01,2.2813174e+03,5.5081019e+00,2.5354814e+04,1.9702145e+01,0,nan,nan,nan,nan,1663.22383,6.3241721e-04,991.27554,6.6001009e-04,-2.5262984e-02,-5.9570532e-02
0.10923025850433987,1.0007793512906402,0.0007776003346661259,1344.0921345474417,4.7408808e-03,83975,1663.22060,991.26748,2.3560279e+04,1.8206059e+01,2.2786235e+03,5.5064316e+00,2.5358859e+04,1.9703701e+01,0,nan,nan,nan,nan,1663.22060,6.3156389e-04,991.26748,6.6023023e-04,-3.0625030e-02,-6.8454735e-02
0.11061914218043967,1.0005979517476786,0.0007776271803184469,1344.0935234311178,4.7408761e-03,83976,1663.22446,991.26817,2.3555346e+04,1.8206652e+01,2.2738567e+03,5.5148935e+00,2.5354215e+04,1.9704346e+01,0,nan,nan,nan,nan,1663.22446,6.3244964e-04,991.26817,6.6091196e-04,-2.6164977e-02,-6.8355173e-02
0.11200802539178767,0.9982289909307821,0.0007764495003392218,1344.0949123143291,4.7408710e-03,83977,1663.22437,991.27510,2.3501600e+04,1.8179049e+01,2.2617043e+03,5.4987864e+00,2.5294146e+04,1.9674471e+01,0,nan,nan,nan,nan,1663.22437,6.3257705e-04,991.27510,6.6093419e-04,-2.6672792e-02,-5.9656963e-02
0.11339690906788746,0.999406246100741,0.0007773567232596103,1344.0963011980052,4.7408664e-03,83978,1663.22235,991.26364,2.3528207e+04,1.8200260e+01,2.2801074e+03,5.5166464e+00,2.5323938e+04,1.9697428e+01,0,nan,nan,nan,nan,1663.22235,6.3305302e-04,991.26364,6.6101650e-04,-2.8058844e-02,-7.2091095e-02
0.11478579274421463,1.0010867092913946,0.0007780467429994305,1344.0976900816815,4.7408617e-03,83979,1663.22549,991.27483,2.3566643e+04,1.8216389e+01,2.2693020e+03,5.5139303e+00,2.5366484e+04,1.9714884e+01,0,nan,nan,nan,nan,1663.22549,6.3257478e-04,991.27483,6.6007645e-04,-2.2869464e-02,-5.8111183e-02
0.1161746764205418,0.9995688741602685,0.0007772665234722445,1344.0990789653579,4.7408571e-03,83980,1663.22396,991.27356,2.3531584e+04,1.8198099e+01,2.2783750e+03,5.5021086e+00,2.5327988e+04,1.9695089e+01,0,nan,nan,nan,nan,1663.22396,6.3284987e-04,991.27356,6.6055177e-04,-2.6278332e-02,-6.1385401e-02
0.1175635600966416,0.9996848231476332,0.0007774478574479277,1344.100467849034,4.7408524e-03,83981,1663.22105,991.26221,2.3537729e+04,1.8202326e+01,2.2731731e+03,5.5139852e+00,2.5330898e+04,1.9699661e+01,0,nan,nan,nan,nan,1663.22105,6.3252629e-04,991.26221,6.6107314e-04,-2.9063907e-02,-7.5506628e-02
0.11895244377365088,1.0007884756598724,0.0007772739762557566,1344.101856732711,4.7408477e-03,83982,1663.22671,991.28616,2.3552154e+04,1.8198235e+01,2.2755471e+03,5.4987988e+00,2.5358838e+04,1.9695234e+01,0,nan,nan,nan,nan,1663.22671,6.3191750e-04,991.28616,6.6032732e-04,-2.2603627e-02,-4.6419892e-02
0.12034132744975068,1.0004189886187955,0.0007777043283385603,1344.103245616387,4.7408431e-03,83983,1663.22476,991.26038,2.3556721e+04,1.8208296e+01,2.2782795e+03,5.5158167e+00,2.5349451e+04,1.9706123e+01,0,nan,nan,nan,nan,1663.22476,6.3143123e-04,991.26038,6.5955659e-04,-2.5271356e-02,-7.5224169e-02
0.12173021112607785,0.9997930109805597,0.0007773685343043364,1344.1046345000634,4.7408384e-03,83984,1663.22172,991.26882,2.3544781e+04,1.8200420e+01,2.2807546e+03,5.5141964e+00,2.5333572e+04,1.9697599e+01,0,nan,nan,nan,nan,1663.22172,6.3201773e-04,991.26882,6.5956853e-04,-2.7346866e-02,-6.5254517e-02
0.12311909480285976,0.999094770277278,0.0007775163120934839,1344.1060233837402,4.7408338e-03,83985,1663.22851,991.28013,2.3521721e+04,1.8203867e+01,2.2858062e+03,5.5117521e+00,2.5315865e+04,1.9701332e+01,0,nan,nan,nan,nan,1663.22851,6.3307444e-04,991.28013,6.6085736e-04,-2.0845929e-02,-5.3083625e-02
0.12450797801375302,1.0005306718051152,0.0007778311417698276,1344.107412266951,4.7408286e-03,83986,1663.21833,991.25896,2.3562365e+04,1.8211231e+01,2.2855688e+03,5.5151896e+00,2.5352238e+04,1.9709301e+01,0,nan,nan,nan,nan,1663.21833,6.3186948e-04,991.25896,6.6027499e-04,-3.1612441e-02,-7.7708215e-02
0.1258968616898528,1.000189213432166,0.0007776561773666901,1344.1088011506272,4.7408240e-03,83987,1663.22942,991.27897,2.3543713e+04,1.8207130e+01,2.2770227e+03,5.5084066e+00,2.5343578e+04,1.9704863e+01,0,nan,nan,nan,nan,1663.22942,6.3144090e-04,991.27897,6.6107814e-04,-1.9058479e-02,-5.4154728e-02
0.1272857453659526,1.000911382891888,0.0007777094355244613,1344.1101900343033,4.7408193e-03,83988,1663.22771,991.27674,2.3563191e+04,1.8208374e+01,2.2737859e+03,5.5000710e+00,2.5361873e+04,1.9706209e+01,0,nan,nan,nan,nan,1663.22771,6.3149270e-04,991.27674,6.6075200e-04,-2.0297091e-02,-5.6632016e-02
0.12867462904250715,0.9997919963889974,0.0007775598479296034,1344.1115789179798,4.7408147e-03,83989,1663.22427,991.26970,2.3541223e+04,1.8204872e+01,2.2820120e+03,5.5107880e+00,2.5333510e+04,1.9702417e+01,0,nan,nan,nan,nan,1663.22427,6.3254841e-04,991.26970,6.6049484e-04,-2.5192739e-02,-6.4968914e-02
0.13006351271928906,0.9991704326141635,0.0007772666080160287,1344.1129678016566,4.7408100e-03,83990,1663.22975,991.28128,2.3515941e+04,1.8198008e+01,2.2814731e+03,5.5086360e+00,2.5317764e+04,1.9694990e+01,0,nan,nan,nan,nan,1663.22975,6.3300022e-04,991.28128,6.6140032e-04,-1.9705079e-02,-5.2477710e-02
0.13145239639561623,1.0011133303389845,0.0007779826412637521,1344.114356685333,4.7408054e-03,83991,1663.23210,991.26715,2.3562699e+04,1.8214779e+01,2.2863455e+03,5.5227685e+00,2.5367004e+04,1.9713140e+01,0,nan,nan,nan,nan,1663.23210,6.3167547e-04,991.26715,6.5970706e-04,-1.5417499e-02,-6.7819193e-02
0.1328412800710339,0.9995884870369315,0.0007776646564962741,1344.1157455690084,4.7408007e-03,83992,1663.21272,991.27294,2.3538676e+04,1.8207342e+01,2.2852747e+03,5.5071187e+00,2.5328375e+04,1.9705091e+01,0,nan,nan,nan,nan,1663.21272,6.3322572e-04,991.27294,6.6098763e-04,-3.9180789e-02,-6.1829194e-02
0.13423016328215454,1.000325740272273,0.000777930986854884,1344.1171344522195,4.7407956e-03,83993,1663.22710,991.26638,2.3550387e+04,1.8213589e+01,2.2920022e+03,5.5310221e+00,2.5347072e+04,1.9711853e+01,0,nan,nan,nan,nan,1663.22710,6.3180295e-04,991.26638,6.6052924e-04,-2.2033544e-02,-7.0146412e-02
0.13561904695870908,0.9999207427116483,0.0007774110773840328,1344.118523335896,4.7407909e-03,83994,1663.22288,991.26808,2.3545078e+04,1.8201431e+01,2.2755972e+03,5.5047026e+00,2.5336830e+04,1.9698694e+01,0,nan,nan,nan,nan,1663.22288,6.3202775e-04,991.26808,6.6042301e-04,-2.8808178e-02,-6.7865491e-02
0.13700793063412675,1.0006481409027421,0.0007773940519929222,1344.1199122195715,4.7407863e-03,83995,1663.22878,991.28129,2.3549262e+04,1.8201048e+01,2.2772249e+03,5.5086074e+00,2.5355285e+04,1.9698280e+01,0,nan,nan,nan,nan,1663.22878,6.3165382e-04,991.28129,6.6020305e-04,-1.9281024e-02,-5.2624714e-02
0.13839681431090867,0.9995658670358929,0.0007773415716054382,1344.1213011032482,4.7407816e-03,83996,1663.22238,991.25209,2.3536812e+04,1.8199839e+01,2.2793020e+03,5.5083342e+00,2.5327889e+04,1.9696972e+01,0,nan,nan,nan,nan,1663.22238,6.3260033e-04,991.25209,6.6081452e-04,-2.7822437e-02,-8.5714348e-02
0.13978569798791796,1.001679277886952,0.0007775060697362313,1344.1226899869253,4.7407770e-03,83997,1663.22834,991.29444,2.3562389e+04,1.8203714e+01,2.2770686e+03,5.5080233e+00,2.5381473e+04,1.9701166e+01,0,nan,nan,nan,nan,1663.22834,6.3159829e-04,991.29444,6.6073501e-04,-2.0160289e-02,-3.7589077e-02
0.14117458119790172,1.0004642466441875,0.0007779788679317354,1344.1240788701352,4.7407718e-03,83998,1663.21880,991.26807,2.3560396e+04,1.8214811e+01,2.2872764e+03,5.5177517e+00,2.5350723e+04,1.9713175e+01,0,nan,nan,nan,nan,1663.21880,6.3210237e-04,991.26807,6.6109176e-04,-3.1805132e-02,-6.7976899e-02
0.1425634648740015,0.9998755869898511,0.0007774323748622955,1344.1254677538113,4.7407672e-03,83999,1663.22335,991.27430,2.3531379e+04,1.8202045e+01,2.2918921e+03,5.5113840e+00,2.5335846e+04,1.9699358e+01,0,nan,nan,nan,nan,1663.22335,6.3282135e-04,991.27430,6.6117593e-04,-2.6557557e-02,-6.2302105e-02
0.1439523485510108,0.9999937573778092,0.0007776429968374899,1344.1268566374883,4.7407625e-03,84000,1663.22475,991.26677,2.3542316e+04,1.8207006e+01,2.2828237e+03,5.5124221e+00,2.5338883e+04,1.9704729e+01,0,nan,nan,nan,nan,1663.22475,6.3328276e-04,991.26677,6.6096219e-04,-2.4855953e-02,-6.8713680e-02
0.14534123222733797,0.9985354271836582,0.0007771485764168283,1344.1282455211647,4.7407579e-03,84001,1663.22353,991.27138,2.3510643e+04,1.8195467e+01,2.2859370e+03,5.5116410e+00,2.5301980e+04,1.9692240e+01,0,nan,nan,nan,nan,1663.22353,6.3308555e-04,991.27138,6.6069810e-04,-2.5922600e-02,-6.3608564e-02
0.14673011590366514,0.9990721470326775,0.0007773315855550257,1344.129634404841,4.7407532e-03,84002,1663.22923,991.28496,2.3516207e+04,1.8199789e+01,2.2879119e+03,5.5153375e+00,2.5315633e+04,1.9696917e+01,0,nan,nan,nan,nan,1663.22923,6.3263346e-04,991.28496,6.6024828e-04,-1.8798163e-02,-4.8024613e-02
0.14811899911410364,0.9988508119260108,0.0007776279631078095,1344.1310232880514,4.7407481e-03,84003,1663.21993,991.25456,2.3526145e+04,1.8206768e+01,2.2905771e+03,5.5210705e+00,2.5310080e+04,1.9704472e+01,0,nan,nan,nan,nan,1663.21993,6.3275261e-04,991.25456,6.6216517e-04,-3.2811135e-02,-8.5250080e-02
0.14950788279111293,1.0003633406485297,0.0007783008481863921,1344.1324121717284,4.7407434e-03,84004,1663.22439,991.28045,2.3550154e+04,1.8222567e+01,2.2857544e+03,5.5200305e+00,2.5348467e+04,1.9721569e+01,0,nan,nan,nan,nan,1663.22439,6.3304685e-04,991.28045,6.6139747e-04,-2.5636097e-02,-5.2842349e-02
0.15089676646812222,0.9998940893471784,0.0007778101633029013,1344.1338010554055,4.7407388e-03,84005,1663.23287,991.27979,2.3528537e+04,1.8211124e+01,2.2860974e+03,5.5315418e+00,2.5336643e+04,1.9709187e+01,0,nan,nan,nan,nan,1663.23287,6.3413620e-04,991.27979,6.6077634e-04,-1.4712199e-02,-5.5144724e-02
0.1522856501435399,0.9990188534016434,0.000777602686967428,1344.1351899390809,4.7407341e-03,84006,1663.22120,991.26976,2.3526047e+04,1.8206318e+01,2.2886650e+03,5.5218849e+00,2.5314535e+04,1.9703983e+01,0,nan,nan,nan,nan,1663.22120,6.3405430e-04,991.26976,6.6082372e-04,-2.9959129e-02,-6.6070549e-02
0.15367453381986707,0.999942315544131,0.0007778245659435896,1344.1365788227572,4.7407295e-03,84007,1663.22210,991.26222,2.3554338e+04,1.8211567e+01,2.2906853e+03,5.5157428e+00,2.5338008e+04,1.9709663e+01,0,nan,nan,nan,nan,1663.22210,6.3196337e-04,991.26222,6.5983902e-04,-2.9311288e-02,-7.5187758e-02
0.15506341703121507,1.0000704786055208,0.0007776952893960351,1344.1379677059685,4.7407243e-03,84008,1663.22397,991.27518,2.3541371e+04,1.8208593e+01,2.2960066e+03,5.5197854e+00,2.5341332e+04,1.9706448e+01,0,nan,nan,nan,nan,1663.22397,6.3210487e-04,991.27518,6.6020212e-04,-2.4844032e-02,-5.8498695e-02
0.15645230070731486,0.9986368934376689,0.0007776028430113029,1344.1393565896446,4.7407197e-03,84009,1663.22200,991.26924,2.3515533e+04,1.8206488e+01,2.3006765e+03,5.5285234e+00,2.5305090e+04,1.9704168e+01,0,nan,nan,nan,nan,1663.22200,6.3348043e-04,991.26924,6.6131417e-04,-2.8219512e-02,-6.5387286e-02
0.15784118438341466,0.9998427091453455,0.0007774057934360044,1344.1407454733207,4.7407150e-03,84010,1663.22604,991.26810,2.3541758e+04,1.8201937e+01,2.2793408e+03,5.5048022e+00,2.5335730e+04,1.9699242e+01,0,nan,nan,nan,nan,1663.22604,6.3248246e-04,991.26810,6.6131959e-04,-2.4467042e-02,-6.7086786e-02
0.15923006805974182,1.000717155153679,0.0007777590395310076,1344.142134356997,4.7407104e-03,84011,1663.22764,991.27913,2.3551588e+04,1.8210274e+01,2.2900176e+03,5.5182543e+00,2.5357980e+04,1.9708265e+01,0,nan,nan,nan,nan,1663.22764,6.3214463e-04,991.27913,6.6151517e-04,-2.0913463e-02,-5.5290971e-02
0.1606189512704077,1.0010205858267245,0.0007778445970497097,1344.1435232402077,4.7407052e-03,84012,1663.23170,991.27186,2.3563076e+04,1.8212345e+01,2.2926826e+03,5.5183139e+00,2.5365764e+04,1.9710506e+01,0,nan,nan,nan,nan,1663.23170,6.3103443e-04,991.27186,6.5976748e-04,-1.6015438e-02,-6.4089075e-02
0.162007834947417,0.9989988852342098,0.0007775537474603686,1344.1449121238848,4.7407006e-03,84013,1663.21135,991.26374,2.3522066e+04,1.8205606e+01,2.2969482e+03,5.5223169e+00,2.5314633e+04,1.9703213e+01,0,nan,nan,nan,nan,1663.21135,6.3435495e-04,991.26374,6.6215283e-04,-4.1323967e-02,-7.4003994e-02
0.1633967186235168,0.9999809414903897,0.000777613148763021,1344.1463010075609,4.7406959e-03,84014,1663.23257,991.27729,2.3540648e+04,1.8207071e+01,2.2872529e+03,5.5191665e+00,2.5339621e+04,1.9704798e+01,0,nan,nan,nan,nan,1663.23257,6.3248904e-04,991.27729,6.5988244e-04,-1.6110372e-02,-5.5259138e-02
0.16478560229916184,0.9995561779523455,0.0007775902412620241,1344.1476898912365,4.7406913e-03,84015,1663.22882,991.27374,2.3533338e+04,1.8206612e+01,2.2871035e+03,5.5225987e+00,2.5328965e+04,1.9704302e+01,0,nan,nan,nan,nan,1663.22882,6.3285884e-04,991.27374,6.6083588e-04,-1.9692322e-02,-6.0808241e-02
0.16617448551050984,0.9990531814031899,0.0007774755980654418,1344.1490787744478,4.7406862e-03,84016,1663.21791,991.26294,2.3519818e+04,1.8204008e+01,2.2904333e+03,5.5206804e+00,2.5316330e+04,1.9701483e+01,0,nan,nan,nan,nan,1663.21791,6.3326972e-04,991.26294,6.6227373e-04,-3.1990524e-02,-7.4195787e-02
0.16756336918729176,0.9997952712439016,0.0007773455231524523,1344.1504676581246,4.7406815e-03,84017,1663.23051,991.27916,2.3535309e+04,1.8201046e+01,2.2872378e+03,5.5094457e+00,2.5335250e+04,1.9698277e+01,0,nan,nan,nan,nan,1663.23051,6.3235936e-04,991.27916,6.6140608e-04,-1.7778760e-02,-5.5734754e-02
0.16895225286270943,1.0008038344001593,0.0007778299274829852,1344.1518565418,4.7406768e-03,84018,1663.22395,991.27572,2.3563102e+04,1.8212475e+01,2.2879897e+03,5.5182467e+00,2.5360928e+04,1.9710646e+01,0,nan,nan,nan,nan,1663.22395,6.3183805e-04,991.27572,6.5993477e-04,-2.5719343e-02,-5.8583755e-02
0.17034113653926397,0.9998909219867581,0.0007775493289471496,1344.1532454254766,4.7406722e-03,84019,1663.22188,991.26510,2.3542770e+04,1.8205992e+01,2.2870618e+03,5.5178852e+00,2.5337918e+04,1.9703630e+01,0,nan,nan,nan,nan,1663.22188,6.3252781e-04,991.26510,6.6126150e-04,-2.8866338e-02,-7.1019806e-02
0.1717300197503846,1.0001211746644907,0.0007777068016099124,1344.1546343086877,4.7406671e-03,84020,1663.22925,991.27451,2.3547393e+04,1.8209770e+01,2.2878909e+03,5.5141129e+00,2.5343879e+04,1.9707720e+01,0,nan,nan,nan,nan,1663.22925,6.3222158e-04,991.27451,6.6002051e-04,-2.0240242e-02,-6.1495218e-02
0.17311890342716652,0.9995676281423352,0.0007780490528985821,1344.1560231923645,4.7406624e-03,84021,1663.22236,991.27284,2.3543744e+04,1.8217878e+01,2.2964668e+03,5.5249906e+00,2.5329984e+04,1.9716496e+01,0,nan,nan,nan,nan,1663.22236,6.3330162e-04,991.27284,6.6055520e-04,-2.8062887e-02,-6.1584145e-02
0.17450778710349368,1.0005354349679505,0.0007778418900559629,1344.1574120760408,4.7406578e-03,84022,1663.22269,991.26721,2.3560625e+04,1.8213125e+01,2.2962102e+03,5.5173268e+00,2.5354645e+04,1.9711351e+01,0,nan,nan,nan,nan,1663.22269,6.3201529e-04,991.26721,6.6000374e-04,-2.7982518e-02,-6.9469929e-02
0.17589667031325007,1.0002996499505517,0.0007776128438716811,1344.1588009592506,4.7406526e-03,84023,1663.23167,991.28164,2.3537930e+04,1.8207863e+01,2.2951226e+03,5.5211802e+00,2.5348809e+04,1.9705656e+01,0,nan,nan,nan,nan,1663.23167,6.3207111e-04,991.28164,6.6182012e-04,-1.5901124e-02,-5.1928628e-02
0.17728555399025936,0.9989626808824863,0.000777416623559334,1344.1601898429276,4.7406480e-03,84024,1663.22763,991.28539,2.3516191e+04,1.8203371e+01,2.2986877e+03,5.5201182e+00,2.5315072e+04,1.9700794e+01,0,nan,nan,nan,nan,1663.22763,6.3343300e-04,991.28539,6.6053611e-04,-2.0902086e-02,-4.6919271e-02
0.17867443766726865,0.9999364584497729,0.0007778489537584116,1344.1615787266046,4.7406433e-03,84025,1663.21565,991.26136,2.3548082e+04,1.8213600e+01,2.2960466e+03,5.5194573e+00,2.5339895e+04,1.9711864e+01,0,nan,nan,nan,nan,1663.21565,6.3336542e-04,991.26136,6.6131662e-04,-3.6265746e-02,-7.5676776e-02
0.1800633213429137,1.0005463679174382,0.0007777414899781186,1344.1629676102802,4.7406387e-03,84026,1663.22927,991.27387,2.3552186e+04,1.8211193e+01,2.2898228e+03,5.5164075e+00,2.5355504e+04,1.9709259e+01,0,nan,nan,nan,nan,1663.22927,6.3245691e-04,991.27387,6.6056947e-04,-1.8931435e-02,-6.1073206e-02
0.1814522045533522,1.0007172686921224,0.0007778945265676465,1344.1643564934907,4.7406335e-03,84027,1663.22388,991.27040,2.3565168e+04,1.8214886e+01,2.2939949e+03,5.5187168e+00,2.5359988e+04,1.9713257e+01,0,nan,nan,nan,nan,1663.22388,6.3171185e-04,991.27040,6.6082808e-04,-2.6416551e-02,-6.5174423e-02
0.1828410882303615,0.9996017368749964,0.0007776437910427631,1344.1657453771677,4.7406289e-03,84028,1663.22121,991.26496,2.3540406e+04,1.8209129e+01,2.2826128e+03,5.5181732e+00,2.5331877e+04,1.9707026e+01,0,nan,nan,nan,nan,1663.22121,6.3236075e-04,991.26496,6.6099729e-04,-2.9001134e-02,-7.0519939e-02
0.18422997190600654,0.9994499559257357,0.0007775549720604226,1344.1671342608433,4.7406242e-03,84029,1663.22347,991.26976,2.3533773e+04,1.8207167e+01,2.2971650e+03,5.5195746e+00,2.5328191e+04,1.9704901e+01,0,nan,nan,nan,nan,1663.22347,6.3228596e-04,991.26976,6.6251314e-04,-2.8029179e-02,-6.6200234e-02
0.18561885511644505,1.0003781181365778,0.0007778422338569737,1344.1685231440538,4.7406191e-03,84030,1663.22146,991.26950,2.3561232e+04,1.8214010e+01,2.2883481e+03,5.5229878e+00,2.5351879e+04,1.9712309e+01,0,nan,nan,nan,nan,1663.22146,6.3205959e-04,991.26950,6.6045253e-04,-2.9132964e-02,-6.8352781e-02
0.18700773879345434,1.0000151037547198,0.0007777231172229269,1344.1699120277308,4.7406144e-03,84031,1663.22734,991.28206,2.3536369e+04,1.8211342e+01,2.2962444e+03,5.5238228e+00,2.5342846e+04,1.9709421e+01,0,nan,nan,nan,nan,1663.22734,6.3370436e-04,991.28206,6.6124817e-04,-2.2068242e-02,-5.1709682e-02
0.18839662246955413,0.9992099032377453,0.0007778916813354614,1344.171300911407,4.7406098e-03,84032,1663.22134,991.26480,2.3519996e+04,1.8215412e+01,2.3040947e+03,5.5303388e+00,2.5322613e+04,1.9713825e+01,0,nan,nan,nan,nan,1663.22134,6.3394883e-04,991.26480,6.6403189e-04,-2.8929681e-02,-7.3664099e-02
0.18978550568022,0.9985357499803528,0.0007776711049648066,1344.1726897946176,4.7406047e-03,84033,1663.22814,991.27331,2.3508113e+04,1.8210371e+01,2.2965278e+03,5.5284410e+00,2.5305703e+04,1.9708372e+01,0,nan,nan,nan,nan,1663.22814,6.3332607e-04,991.27331,6.6175993e-04,-2.0883199e-02,-6.2240638e-02
0.19117438935654718,0.9992887144283311,0.0007774680687132549,1344.1740786782939,4.7406000e-03,84034,1663.22936,991.28153,2.3520443e+04,1.8205748e+01,2.3072097e+03,5.5247316e+00,2.5324963e+04,1.9703365e+01,0,nan,nan,nan,nan,1663.22936,6.3287019e-04,991.28153,6.6138181e-04,-1.7114282e-02,-5.2273601e-02
0.19256327303264698,1.0002387371868726,0.000777961769324074,1344.17546756197,4.7405954e-03,84035,1663.21707,991.26241,2.3560215e+04,1.8217438e+01,2.2887612e+03,5.5256515e+00,2.5349219e+04,1.9716017e+01,0,nan,nan,nan,nan,1663.21707,6.3220580e-04,991.26241,6.6102180e-04,-3.5045441e-02,-7.4806653e-02
0.19395215624399498,0.9998173152479433,0.0007779611836436417,1344.1768564451813,4.7405902e-03,84036,1663.22448,991.27513,2.3542869e+04,1.8217554e+01,2.3008101e+03,5.5279303e+00,2.5338723e+04,1.9716145e+01,0,nan,nan,nan,nan,1663.22448,6.3275499e-04,991.27513,6.6094490e-04,-2.5275908e-02,-6.0246486e-02
0.19534103992009477,0.9997247284845722,0.0007775129390029912,1344.1782453288574,4.7405856e-03,84037,1663.22467,991.27135,2.3538943e+04,1.8207193e+01,2.2860676e+03,5.5194082e+00,2.5336564e+04,1.9704931e+01,0,nan,nan,nan,nan,1663.22467,6.3281134e-04,991.27135,6.6064554e-04,-2.5405275e-02,-6.3651465e-02
0.19672992359664931,1.0016988680976646,0.0007778771760403331,1344.179634212534,4.7405809e-03,84038,1663.23519,991.29345,2.3573256e+04,1.8215858e+01,2.2941760e+03,5.5145931e+00,2.5386785e+04,1.9714310e+01,0,nan,nan,nan,nan,1663.23519,6.3193712e-04,991.29345,6.6120969e-04,-1.2577949e-02,-3.9236002e-02
0.19811880680776994,0.9991405218595453,0.0007773958941793319,1344.181023095745,4.7405758e-03,84039,1663.21244,991.24262,2.3544703e+04,1.8204725e+01,2.2912576e+03,5.5087333e+00,2.5322141e+04,1.9702261e+01,0,nan,nan,nan,nan,1663.21244,6.3265534e-04,991.24262,6.6051161e-04,-4.1035153e-02,-9.8289810e-02
0.1995076904840971,0.9995254185859179,0.0007774100542873489,1344.1824119794214,4.7405711e-03,84040,1663.23227,991.28658,2.3525992e+04,1.8205198e+01,2.2959893e+03,5.5215268e+00,2.5332090e+04,1.9702772e+01,0,nan,nan,nan,nan,1663.23227,6.3264085e-04,991.28658,6.6084199e-04,-1.6439104e-02,-4.6243504e-02
0.20089657369453562,1.0010350761975637,0.0007777540910917273,1344.1838008626319,4.7405660e-03,84041,1663.22580,991.27891,2.3563340e+04,1.8213398e+01,2.2927869e+03,5.5135880e+00,2.5370549e+04,1.9711645e+01,0,nan,nan,nan,nan,1663.22580,6.3221273e-04,991.27891,6.6068623e-04,-2.3516411e-02,-5.5819146e-02
0.2022854573706354,1.0005408352173337,0.0007778990356581305,1344.185189746308,4.7405614e-03,84042,1663.21935,991.26236,2.3561482e+04,1.8216934e+01,2.2926096e+03,5.5176592e+00,2.5358223e+04,1.9715473e+01,0,nan,nan,nan,nan,1663.21935,6.3231535e-04,991.26236,6.6100666e-04,-3.0396989e-02,-7.3672578e-02
0.20367434104718996,1.000781833353689,0.0007779291577403673,1344.1865786299845,4.7405567e-03,84043,1663.22539,991.27104,2.3566643e+04,1.8217785e+01,2.2988367e+03,5.5192909e+00,2.5364531e+04,1.9716393e+01,0,nan,nan,nan,nan,1663.22539,6.3210470e-04,991.27104,6.5966707e-04,-2.4054248e-02,-6.3048296e-02
0.20506322425831058,1.0003186599567386,0.0007775358188671018,1344.1879675131956,4.7405516e-03,84044,1663.22940,991.26805,2.3557787e+04,1.8208719e+01,2.2918674e+03,5.5142875e+00,2.5352996e+04,1.9706583e+01,0,nan,nan,nan,nan,1663.22940,6.3208077e-04,991.26805,6.6015980e-04,-2.0216012e-02,-6.9829047e-02
0.20645210793463775,0.998784519062286,0.0007775623890155674,1344.189356396872,4.7405469e-03,84045,1663.22715,991.27986,2.3522930e+04,1.8209490e+01,2.2995259e+03,5.5296116e+00,2.5314318e+04,1.9707417e+01,0,nan,nan,nan,nan,1663.22715,6.3278718e-04,991.27986,6.6105369e-04,-2.1377690e-02,-5.3807229e-02
0.2078409916102828,0.9997227019870495,0.0007773751141426976,1344.1907452805476,4.7405423e-03,84046,1663.22449,991.26940,2.3538918e+04,1.8205254e+01,2.2939858e+03,5.5173249e+00,2.5338305e+04,1.9702831e+01,0,nan,nan,nan,nan,1663.22449,6.3261244e-04,991.26940,6.6161493e-04,-2.5846228e-02,-6.6113062e-02
0.20922987482140343,0.9990982184001064,0.00077718581401893,1344.1921341637587,4.7405371e-03,84047,1663.23075,991.27500,2.3521273e+04,1.8200968e+01,2.2923792e+03,5.5195374e+00,2.5322686e+04,1.9698195e+01,0,nan,nan,nan,nan,1663.23075,6.3220155e-04,991.27500,6.6077244e-04,-1.8069454e-02,-5.9060443e-02
0.21061875849818534,1.0007983612236888,0.000777830670711198,1344.1935230474355,4.7405325e-03,84048,1663.21476,991.26562,2.3576496e+04,1.8216223e+01,2.2908706e+03,5.5145082e+00,2.5365988e+04,1.9714703e+01,0,nan,nan,nan,nan,1663.21476,6.3218136e-04,991.26562,6.6095340e-04,-3.7085973e-02,-7.1438879e-02
0.2120076417081691,1.0011135453145623,0.0007782366116441345,1344.1949119306455,4.7405274e-03,84049,1663.22871,991.27007,2.3568062e+04,1.8225882e+01,2.2966196e+03,5.5307608e+00,2.5374189e+04,1.9725157e+01,0,nan,nan,nan,nan,1663.22871,6.3276867e-04,991.27007,6.6133903e-04,-1.9965395e-02,-6.4133905e-02
0.2133965253842689,0.9996203434352587,0.0007771420706634155,1344.1963008143216,4.7405227e-03,84050,1663.22841,991.28078,2.3533145e+04,1.8200403e+01,2.2856082e+03,5.5161648e+00,2.5336555e+04,1.9697580e+01,0,nan,nan,nan,nan,1663.22841,6.3258724e-04,991.28078,6.6076685e-04,-1.9986181e-02,-5.3630549e-02
0.2147854090612782,0.999025357894659,0.0007775365971026458,1344.1976896979986,4.7405181e-03,84051,1663.22833,991.27713,2.3521730e+04,1.8209793e+01,2.2925730e+03,5.5184317e+00,2.5321688e+04,1.9707747e+01,0,nan,nan,nan,nan,1663.22833,6.3296146e-04,991.27713,6.6161557e-04,-1.9633062e-02,-5.7139747e-02
0.21617429227194407,1.0001434384283456,0.0007777704363137398,1344.1990785812093,4.7405129e-03,84052,1663.21765,991.26182,2.3560186e+04,1.8215425e+01,2.2940039e+03,5.5181556e+00,2.5350240e+04,1.9713840e+01,0,nan,nan,nan,nan,1663.21765,6.3208240e-04,991.26182,6.6028873e-04,-3.4008104e-02,-7.5433068e-02
0.21756317594827124,0.9998258179213105,0.0007775958388458224,1344.2004674648856,4.7405083e-03,84053,1663.22721,991.27783,2.3538939e+04,1.8211493e+01,2.2922776e+03,5.5207167e+00,2.5342406e+04,1.9709583e+01,0,nan,nan,nan,nan,1663.22721,6.3296128e-04,991.27783,6.6076126e-04,-2.0473430e-02,-5.5972882e-02
0.21895205915870974,1.0015198118896178,0.0007784394287384479,1344.201856348096,4.7405032e-03,84054,1663.22104,991.26341,2.3588814e+04,1.8231405e+01,2.2934084e+03,5.5265799e+00,2.5385559e+04,1.9731134e+01,0,nan,nan,nan,nan,1663.22104,6.3295412e-04,991.26341,6.6182873e-04,-3.0336546e-02,-7.3038302e-02
0.22034094283571903,1.0004908618679147,0.0007783629629557302,1344.203245231773,4.7404985e-03,84055,1663.22172,991.27634,2.3560439e+04,1.8229771e+01,2.2987471e+03,5.5296373e+00,2.5359695e+04,1.9729364e+01,0,nan,nan,nan,nan,1663.22172,6.3272996e-04,991.27634,6.6231971e-04,-2.8911799e-02,-5.9345048e-02
0.22172982604706704,1.0014867457599541,0.0007778356759367909,1344.2046341149844,4.7404934e-03,84056,1663.22858,991.27841,2.3569477e+04,1.8217573e+01,2.2907168e+03,5.5153880e+00,2.5385154e+04,1.9716166e+01,0,nan,nan,nan,nan,1663.22858,6.3232071e-04,991.27841,6.6074345e-04,-2.0316290e-02,-5.7199147e-02
0.2231187097224847,1.0005190605024656,0.0007777017282528587,1344.2060229986598,4.7404887e-03,84057,1663.21740,991.26185,2.3563408e+04,1.8214594e+01,2.2893306e+03,5.5107803e+00,2.5360844e+04,1.9712940e+01,0,nan,nan,nan,nan,1663.21740,6.3230714e-04,991.26185,6.6063687e-04,-3.3707500e-02,-7.4852519e-02
0.22450759339881188,1.0005331710530931,0.0007772359665484447,1344.2074118823361,4.7404841e-03,84058,1663.22730,991.27070,2.3545295e+04,1.8203840e+01,2.2878562e+03,5.5104194e+00,2.5361416e+04,1.9701302e+01,0,nan,nan,nan,nan,1663.22730,6.3268543e-04,991.27070,6.6181499e-04,-2.0903189e-02,-6.6762522e-02
0.22589647661015988,1.0005489678992663,0.0007773160480520135,1344.2088007655475,4.7404789e-03,84059,1663.22833,991.29556,2.3551072e+04,1.8205872e+01,2.2881929e+03,5.5120277e+00,2.5362035e+04,1.9703499e+01,0,nan,nan,nan,nan,1663.22833,6.3259329e-04,991.29556,6.6024676e-04,-2.1114644e-02,-3.6268100e-02
0.22728536028557755,1.0001256894486048,0.0007775499269090226,1344.210189649223,4.7404743e-03,84060,1663.21726,991.25111,2.3560098e+04,1.8211502e+01,2.2846743e+03,5.5142722e+00,2.5351520e+04,1.9709595e+01,0,nan,nan,nan,nan,1663.21726,6.3269213e-04,991.25111,6.6124735e-04,-3.5143584e-02,-8.7928832e-02
0.22867424349624343,0.9989902447403254,0.0007774306599652723,1344.2115785324336,4.7404692e-03,84061,1663.23435,991.28037,2.3514230e+04,1.8208862e+01,2.2956423e+03,5.5274963e+00,2.5322951e+04,1.9706738e+01,0,nan,nan,nan,nan,1663.23435,6.3415297e-04,991.28037,6.6224881e-04,-1.3818500e-02,-5.3961568e-02
0.23006312717325272,1.0006371820087658,0.0007777703118274512,1344.2129674161106,4.7404645e-03,84062,1663.21733,991.26665,2.3563529e+04,1.8216972e+01,2.2819834e+03,5.5137134e+00,2.5364912e+04,1.9715513e+01,0,nan,nan,nan,nan,1663.21733,6.3325005e-04,991.26665,6.6111080e-04,-3.3650521e-02,-6.8988718e-02
0.23145201038369123,0.9990920697308179,0.0007775578541504206,1344.214356299321,4.7404594e-03,84063,1663.22490,991.27537,2.3528803e+04,1.8212149e+01,2.2909719e+03,5.5244112e+00,2.5325957e+04,1.9710293e+01,0,nan,nan,nan,nan,1663.22490,6.3273561e-04,991.27537,6.6172966e-04,-2.5366049e-02,-5.8634654e-02
0.23284089405979103,1.0004880322218372,0.0007776913932686428,1344.2157451829971,4.7404547e-03,84064,1663.21962,991.25367,2.3562502e+04,1.8215425e+01,2.2875642e+03,5.5151730e+00,2.5361555e+04,1.9713840e+01,0,nan,nan,nan,nan,1663.21962,6.3301891e-04,991.25367,6.6164322e-04,-3.0419812e-02,-8.4728688e-02
0.23422977727068428,1.0010544907661774,0.0007774800895042016,1344.217134066208,4.7404496e-03,84065,1663.23239,991.28619,2.3561170e+04,1.8210627e+01,2.2916738e+03,5.5137630e+00,2.5376123e+04,1.9708647e+01,0,nan,nan,nan,nan,1663.23239,6.3196314e-04,991.28619,6.6047255e-04,-1.4473051e-02,-4.5544382e-02
0.23561866094678408,0.9986507090978635,0.0007772010131677766,1344.2185229498841,4.7404449e-03,84066,1663.22356,991.27440,2.3520857e+04,1.8204237e+01,2.2912041e+03,5.5180874e+00,2.5315393e+04,1.9701733e+01,0,nan,nan,nan,nan,1663.22356,6.3306192e-04,991.27440,6.5988547e-04,-2.5669174e-02,-6.0341291e-02
0.23700754415813208,0.9997022331093346,0.0007774155504030023,1344.2199118330955,4.7404398e-03,84067,1663.22736,991.27118,2.3540574e+04,1.8209410e+01,2.2883833e+03,5.5245757e+00,2.5342250e+04,1.9707329e+01,0,nan,nan,nan,nan,1663.22736,6.3240679e-04,991.27118,6.6059578e-04,-2.2309665e-02,-6.3448288e-02
0.23839642783423187,1.0000802178949448,0.0007772578137621478,1344.2213007167716,4.7404352e-03,84068,1663.21653,991.26712,2.3556816e+04,1.8205860e+01,2.2835828e+03,5.5097790e+00,2.5352035e+04,1.9703487e+01,0,nan,nan,nan,nan,1663.21653,6.3235010e-04,991.26712,6.6023052e-04,-3.6345340e-02,-6.8815753e-02
0.23978531104421563,1.0005408776427709,0.0007773028601562045,1344.2226895999815,4.7404300e-03,84069,1663.23482,991.27475,2.3548250e+04,1.8207060e+01,2.2876458e+03,5.5152249e+00,2.5363912e+04,1.9704784e+01,0,nan,nan,nan,nan,1663.23482,6.3172827e-04,991.27475,6.6158833e-04,-1.4699126e-02,-6.1326180e-02
0.24117419472122492,1.0022012471033983,0.0007778393161572916,1344.2240784836586,4.7404254e-03,84070,1663.21627,991.25359,2.3611891e+04,1.8219763e+01,2.2782358e+03,5.5052180e+00,2.5406199e+04,1.9718534e+01,0,nan,nan,nan,nan,1663.21627,6.3089700e-04,991.25359,6.5882725e-04,-3.4086913e-02,-8.4817298e-02
0.24256307793234555,1.0006891535286262,0.0007775876117849133,1344.2254673668697,4.7404203e-03,84071,1663.22914,991.29196,2.3554367e+04,1.8214006e+01,2.2911604e+03,5.5222111e+00,2.5368059e+04,1.9712305e+01,0,nan,nan,nan,nan,1663.22914,6.3258020e-04,991.29196,6.6032261e-04,-2.0034935e-02,-3.8893361e-02
0.24395196160867272,1.000460325488385,0.0007776982929449927,1344.226856250546,4.7404156e-03,84072,1663.22638,991.26269,2.3556605e+04,1.8216734e+01,2.2935195e+03,5.5316477e+00,2.5362447e+04,1.9715256e+01,0,nan,nan,nan,nan,1663.22638,6.3224050e-04,991.26269,6.6113303e-04,-2.2741495e-02,-7.3300615e-02
0.24534084481911123,0.9991679108058774,0.0007767308940188875,1344.2282451337564,4.7404105e-03,84073,1663.23575,991.28998,2.3515580e+04,1.8194206e+01,2.2865029e+03,5.5076284e+00,2.5329867e+04,1.9690876e+01,0,nan,nan,nan,nan,1663.23575,6.3282298e-04,991.28998,6.6133955e-04,-1.2273155e-02,-4.2274427e-02
0.2467297284954384,0.9994037252361586,0.0007773436581725517,1344.2296340174328,4.7404058e-03,84074,1663.21238,991.27071,2.3541215e+04,1.8208689e+01,2.2843616e+03,5.5115709e+00,2.5336027e+04,1.9706551e+01,0,nan,nan,nan,nan,1663.21238,6.3325069e-04,991.27071,6.6043390e-04,-3.8302321e-02,-6.4115338e-02
0.24811861170655902,1.0001771752199822,0.0007772155581038599,1344.231022900644,4.7404007e-03,84075,1663.23800,991.27234,2.3548346e+04,1.8205816e+01,2.2919155e+03,5.5085363e+00,2.5355812e+04,1.9703440e+01,0,nan,nan,nan,nan,1663.23800,6.3222792e-04,991.27234,6.5973308e-04,-8.8146580e-03,-6.3511699e-02
0.2495074953828862,0.9999383133439012,0.0007772022118010654,1344.2324117843202,4.7403960e-03,84076,1663.21945,991.27257,2.3554756e+04,1.8205626e+01,2.2794536e+03,5.5083094e+00,2.5349926e+04,1.9703236e+01,0,nan,nan,nan,nan,1663.21945,6.3248491e-04,991.27257,6.6077663e-04,-3.2774646e-02,-6.2072035e-02
0.2508963785926426,1.0011492730941334,0.0007772224713656747,1344.23380066753,4.7403909e-03,84077,1663.22917,991.27078,2.3572572e+04,1.8206221e+01,2.2681738e+03,5.5091653e+00,2.5380793e+04,1.9703878e+01,0,nan,nan,nan,nan,1663.22917,6.3129427e-04,991.27078,6.5997656e-04,-1.9949324e-02,-6.4774930e-02
0.25228526226965187,0.9989499073081949,0.0007773119488747071,1344.235189551207,4.7403863e-03,84078,1663.21854,991.26914,2.3531920e+04,1.8208433e+01,2.2902791e+03,5.5229616e+00,2.5325197e+04,1.9706272e+01,0,nan,nan,nan,nan,1663.21854,6.3362857e-04,991.26914,6.6085201e-04,-3.2170556e-02,-6.8079934e-02
0.25367414548099987,1.0007161972233407,0.0007770075229910217,1344.2365784344183,4.7403811e-03,84079,1663.23837,991.28194,2.3546660e+04,1.8201412e+01,2.2804573e+03,5.5122399e+00,2.5370131e+04,1.9698675e+01,0,nan,nan,nan,nan,1663.23837,6.3230190e-04,991.28194,6.6060567e-04,-1.1305571e-02,-5.2345525e-02
0.2550630291566449,0.9984564997360957,0.0007771462250998167,1344.237967318094,4.7403765e-03,84080,1663.21807,991.25570,2.3521180e+04,1.8204767e+01,2.2821135e+03,5.5195575e+00,2.5312992e+04,1.9702307e+01,0,nan,nan,nan,nan,1663.21807,6.3285348e-04,991.25570,6.6154345e-04,-3.3429671e-02,-8.2843110e-02
0.2564519123670834,1.0003486532213726,0.0007774524284191597,1344.2393562013044,4.7403714e-03,84081,1663.22096,991.26918,2.3567436e+04,1.8212046e+01,2.2673740e+03,5.5103526e+00,2.5361105e+04,1.9710182e+01,0,nan,nan,nan,nan,1663.22096,6.3168176e-04,991.26918,6.6052005e-04,-3.0050095e-02,-6.6378027e-02
0.2578407960440927,0.9980622718563558,0.0007764035566911897,1344.2407450849814,4.7403667e-03,84082,1663.22926,991.28917,2.3496451e+04,1.8187574e+01,2.2804087e+03,5.5072489e+00,2.5303277e+04,1.9683697e+01,0,nan,nan,nan,nan,1663.22926,6.3303713e-04,991.28917,6.6069420e-04,-2.0262856e-02,-4.4287086e-02
0.2592296792545312,0.9995648237086527,0.0007770535197770293,1344.2421339681919,4.7403616e-03,84083,1663.22108,991.26437,2.3544236e+04,1.8202892e+01,2.2786445e+03,5.5071635e+00,2.5341500e+04,1.9700275e+01,0,nan,nan,nan,nan,1663.22108,6.3286850e-04,991.26437,6.6143181e-04,-2.9609980e-02,-7.2130032e-02
0.26061856293108576,1.0005710202589253,0.0007771726380402367,1344.2435228518684,4.7403569e-03,84084,1663.22331,991.26242,2.3561082e+04,1.8205770e+01,2.2790220e+03,5.5042057e+00,2.5367133e+04,1.9703390e+01,0,nan,nan,nan,nan,1663.22331,6.3227443e-04,991.26242,6.6090404e-04,-2.6550889e-02,-7.5590879e-02
0.26200744614152427,0.999665222645449,0.0007772050809918507,1344.2449117350789,4.7403518e-03,84085,1663.22258,991.27495,2.3548279e+04,1.8206612e+01,2.2776870e+03,5.5147147e+00,2.5344281e+04,1.9704302e+01,0,nan,nan,nan,nan,1663.22258,6.3217018e-04,991.27495,6.5946742e-04,-2.7547726e-02,-5.9573408e-02
0.26339632981762406,0.999726316086491,0.0007771032755920876,1344.246300618755,4.7403472e-03,84086,1663.22189,991.27005,2.3547223e+04,1.8204304e+01,2.2786833e+03,5.5153155e+00,2.5345936e+04,1.9701803e+01,0,nan,nan,nan,nan,1663.22189,6.3219958e-04,991.27005,6.5965194e-04,-2.6922150e-02,-6.4526021e-02
0.26478521302897207,0.9999934919009605,0.0007770501291484877,1344.2476895019663,4.7403420e-03,84087,1663.22042,991.26381,2.3553090e+04,1.8203127e+01,2.2758545e+03,5.5056667e+00,2.5352809e+04,1.9700531e+01,0,nan,nan,nan,nan,1663.22042,6.3228142e-04,991.26381,6.6092372e-04,-2.9967988e-02,-7.3072247e-02
0.26617409623963795,0.9987800221250408,0.0007764475246449214,1344.249078385177,4.7403369e-03,84088,1663.23128,991.28082,2.3517619e+04,1.8189075e+01,2.2743718e+03,5.5027041e+00,2.5322133e+04,1.9685324e+01,0,nan,nan,nan,nan,1663.23128,6.3217973e-04,991.28082,6.6040782e-04,-1.6898261e-02,-5.1797975e-02
0.2675629799159651,1.0008671241731772,0.0007773196368368597,1344.2504672688533,4.7403323e-03,84089,1663.22223,991.26959,2.3580072e+04,1.8209564e+01,2.2772412e+03,5.5063171e+00,2.5375129e+04,1.9707497e+01,0,nan,nan,nan,nan,1663.22223,6.3120906e-04,991.26959,6.5958285e-04,-2.7151363e-02,-6.7135110e-02
0.26895186312708574,1.0004030515816424,0.0007773590147750204,1344.2518561520644,4.7403271e-03,84090,1663.22209,991.27747,2.3562654e+04,1.8210537e+01,2.2794695e+03,5.5117602e+00,2.5363432e+04,1.9708549e+01,0,nan,nan,nan,nan,1663.22209,6.3176965e-04,991.27747,6.6005695e-04,-2.7652930e-02,-5.6009129e-02
0.2703407468034129,1.0010185082732532,0.0007773448312032403,1344.2532450357407,4.7403225e-03,84091,1663.22415,991.27151,2.3581158e+04,1.8210247e+01,2.2674565e+03,5.5064230e+00,2.5379096e+04,1.9708237e+01,0,nan,nan,nan,nan,1663.22415,6.3131284e-04,991.27151,6.5908674e-04,-2.5401443e-02,-6.2866554e-02
0.2717296300138514,1.0000466504345322,0.0007769374922334725,1344.2546339189512,4.7403174e-03,84092,1663.22396,991.26300,2.3544609e+04,1.8200739e+01,2.2725854e+03,5.5061378e+00,2.5354506e+04,1.9697947e+01,0,nan,nan,nan,nan,1663.22396,6.3193293e-04,991.26300,6.6143076e-04,-2.6127977e-02,-7.4354589e-02
0.2731185136901786,0.999314088084667,0.0007767715484310734,1344.2560228026275,4.7403127e-03,84093,1663.22393,991.28110,2.3532631e+04,1.8196882e+01,2.2791663e+03,5.5067768e+00,2.5335973e+04,1.9693771e+01,0,nan,nan,nan,nan,1663.22393,6.3234352e-04,991.28110,6.6016673e-04,-2.5481403e-02,-5.4942366e-02
0.27450739690084447,1.0002201997796458,0.000777108957785201,1344.2574116858382,4.7403076e-03,84094,1663.22677,991.26001,2.3557252e+04,1.8204807e+01,2.2670684e+03,5.5037255e+00,2.5358973e+04,1.9702347e+01,0,nan,nan,nan,nan,1663.22677,6.3203322e-04,991.26001,6.6061819e-04,-2.2564575e-02,-7.5879328e-02
0.275896280111283,0.9990899715131224,0.0007767019525326106,1344.2588005690486,4.7403025e-03,84095,1663.21988,991.26968,2.3537684e+04,1.8195284e+01,2.2656101e+03,5.4964437e+00,2.5330334e+04,1.9692041e+01,0,nan,nan,nan,nan,1663.21988,6.3267868e-04,991.26968,6.5993151e-04,-3.0685300e-02,-6.6054411e-02
0.27728516378761014,0.999097186630448,0.0007765661633821878,1344.260189452725,4.7402978e-03,84096,1663.22871,991.28247,2.3525758e+04,1.8192104e+01,2.2731704e+03,5.5002990e+00,2.5330521e+04,1.9688602e+01,0,nan,nan,nan,nan,1663.22871,6.3243211e-04,991.28247,6.5980642e-04,-2.0464979e-02,-5.0673001e-02
0.278674046998276,0.99949261967897,0.0007766632683044734,1344.2615783359356,4.7402927e-03,84097,1663.22582,991.27633,2.3538486e+04,1.8194374e+01,2.2672507e+03,5.4966397e+00,2.5340539e+04,1.9691057e+01,0,nan,nan,nan,nan,1663.22582,6.3172582e-04,991.27633,6.6003797e-04,-2.1109430e-02,-5.9095364e-02
0.28006293067505794,1.0003192969800792,0.0007770009017198899,1344.2629672196124,4.7402880e-03,84098,1663.22944,991.27748,2.3557396e+04,1.8202267e+01,2.2670605e+03,5.5018044e+00,2.5361479e+04,1.9699600e+01,0,nan,nan,nan,nan,1663.22944,6.3149899e-04,991.27748,6.5923802e-04,-1.8281704e-02,-5.8467824e-02
0.2814518138857238,0.9987972096984481,0.0007766689245347718,1344.264356102823,4.7402829e-03,84099,1663.21928,991.26369,2.3528459e+04,1.8194468e+01,2.2767515e+03,5.5023894e+00,2.5322854e+04,1.9691158e+01,0,nan,nan,nan,nan,1663.21928,6.3238177e-04,991.26369,6.6109304e-04,-3.0353090e-02,-7.3749907e-02
0.2828406970957076,1.000437169621013,0.000777160093647306,1344.265744986033,4.7402778e-03,84100,1663.22478,991.27417,2.3565623e+04,1.8205940e+01,2.2730632e+03,5.5031996e+00,2.5364383e+04,1.9703573e+01,0,nan,nan,nan,nan,1663.22478,6.3193939e-04,991.27417,6.5994565e-04,-2.4394680e-02,-6.1675187e-02
0.2856184639836101,0.999192056231291,0.0007767709069182505,1344.268522752921,4.7402680e-03,84102,1663.21867,991.25482,2.3545682e+04,1.8196722e+01,2.2661523e+03,5.4985590e+00,2.5332676e+04,1.9693598e+01,0,nan,nan,nan,nan,1663.21867,6.3175871e-04,991.25482,6.5992639e-04,-3.2928184e-02,-8.2667418e-02
0.2870073471935939,1.0005160405388058,0.0007771372047013195,1344.269911636131,4.7402629e-03,84103,1663.21749,991.26435,2.3559357e+04,1.8205236e+01,2.2663591e+03,5.5005040e+00,2.5366150e+04,1.9702812e+01,0,nan,nan,nan,nan,1663.21749,6.3256966e-04,991.26435,6.6137791e-04,-3.4302443e-02,-7.3122472e-02
0.2911739972923897,0.9997082746168601,0.0007768327947507583,1344.2740782862297,4.7402480e-03,84106,1663.21859,991.25378,2.3555551e+04,1.8197836e+01,2.2619807e+03,5.4971504e+00,2.5345297e+04,1.9694803e+01,0,nan,nan,nan,nan,1663.21859,6.3132081e-04,991.25378,6.5997813e-04,-3.1502981e-02,-8.5774347e-02
0.29256288096871685,0.9997278696301498,0.0007770812832480068,1344.275467169906,4.7402433e-03,84107,1663.22160,991.26536,2.3551492e+04,1.8203543e+01,2.2683271e+03,5.4999642e+00,2.5345633e+04,1.9700979e+01,0,nan,nan,nan,nan,1663.22160,6.3266256e-04,991.26536,6.6031405e-04,-2.7995387e-02,-6.9552779e-02
0.29395176417847324,1.0023095610059094,0.0007775992573511492,1344.2768560531158,4.7402382e-03,84108,1663.22739,991.27758,2.3599213e+04,1.8215549e+01,2.2641890e+03,5.5009503e+00,2.5410912e+04,1.9713974e+01,0,nan,nan,nan,nan,1663.22739,6.3026405e-04,991.27758,6.5913092e-04,-2.0310527e-02,-5.6013029e-02
0.29534064785548253,1.0015571326957025,0.0007772893381116894,1344.2782449367928,4.7402335e-03,84109,1663.22493,991.27051,2.3590633e+04,1.8208151e+01,2.2530332e+03,5.4850607e+00,2.5391639e+04,1.9705967e+01,0,nan,nan,nan,nan,1663.22493,6.3071155e-04,991.27051,6.5943360e-04,-2.5354750e-02,-6.4127296e-02
0.29672953106683053,0.9988915356851957,0.0007762517573604387,1344.2796338200042,4.7402284e-03,84110,1663.22297,991.27343,2.3529508e+04,1.8183689e+01,2.2569128e+03,5.4883180e+00,2.5323850e+04,1.9679495e+01,0,nan,nan,nan,nan,1663.22297,6.3160376e-04,991.27343,6.5990724e-04,-2.5555486e-02,-6.1665069e-02
0.2981184142768143,0.999760085400607,0.0007768343542683811,1344.2810227032141,4.7402233e-03,84111,1663.22374,991.25775,2.3548307e+04,1.8197170e+01,2.2568125e+03,5.4902620e+00,2.5345633e+04,1.9694084e+01,0,nan,nan,nan,nan,1663.22374,6.3224504e-04,991.25775,6.6055439e-04,-2.6407540e-02,-7.9002656e-02
